time,free,used
2022-07-25 09:16:40,12099.4,3909.77
2022-07-25 09:16:39,12098.8,3910.34
2022-07-25 09:16:38,12098.9,3910.29
2022-07-25 09:16:37,12098.1,3911.04
2022-07-25 09:16:36,12097.7,3911.45
2022-07-25 09:16:35,12093,3916.23
2022-07-25 09:16:34,12092.3,3916.87
2022-07-25 09:16:33,11592.6,4416.62
2022-07-25 09:16:32,10609.1,5400.12
2022-07-25 09:16:31,10180.9,5828.33
2022-07-25 09:16:30,10234.3,5774.84
2022-07-25 09:16:29,10243.2,5765.98
2022-07-25 09:16:28,10277,5732.23
2022-07-25 09:16:27,10357.7,5651.53
2022-07-25 09:16:26,10441.1,5568.04
2022-07-25 09:16:25,10020,5989.21
2022-07-25 09:16:24,10156.7,5852.45
2022-07-25 09:16:23,10205.7,5803.52
2022-07-25 09:16:22,10229.5,5779.66
2022-07-25 09:16:21,9794.41,6214.78
2022-07-25 09:16:20,9821.15,6188.04
2022-07-25 09:16:19,9898.66,6110.52
2022-07-25 09:16:18,9931.15,6078.04
2022-07-25 09:16:17,9935.83,6073.36
2022-07-25 09:16:16,9481,6528.19
2022-07-25 09:16:15,9504.16,6505.03
2022-07-25 09:16:14,9548.96,6460.22
2022-07-25 09:16:13,9627.88,6381.31
2022-07-25 09:16:12,9666.48,6342.71
2022-07-25 09:16:11,9720.72,6288.47
2022-07-25 09:16:10,9747.71,6261.48
2022-07-25 09:16:09,9796.34,6212.85
2022-07-25 09:16:08,9819.62,6189.56
2022-07-25 09:16:07,9859.87,6149.32
2022-07-25 09:16:06,9922.43,6086.76
2022-07-25 09:16:05,9992.73,6016.46
2022-07-25 09:16:04,10037.8,5971.42
2022-07-25 09:16:03,10163.6,5845.58
2022-07-25 09:16:02,9768.7,6240.49
2022-07-25 09:16:01,9829.3,6179.89
2022-07-25 09:16:00,9897.21,6111.98
2022-07-25 09:15:59,9974.64,6034.55
2022-07-25 09:15:58,10072.1,5937.12
2022-07-25 09:15:57,10149.6,5859.63
2022-07-25 09:15:56,10199,5810.23
2022-07-25 09:15:55,10312.4,5696.8
2022-07-25 09:15:54,10401.2,5607.98
2022-07-25 09:15:53,9475.53,6533.66
2022-07-25 09:15:52,9475.75,6533.44
2022-07-25 09:15:51,9547.07,6462.11
2022-07-25 09:15:50,9560.38,6448.8
2022-07-25 09:15:49,9548.08,6461.11
2022-07-25 09:15:48,9576.5,6432.69
2022-07-25 09:15:47,9578.48,6430.71
2022-07-25 09:15:46,9654.63,6354.56
2022-07-25 09:15:45,9755.72,6253.47
2022-07-25 09:15:44,9829.93,6179.25
2022-07-25 09:15:43,9839.42,6169.77
2022-07-25 09:15:42,9869.59,6139.6
2022-07-25 09:15:41,9946.98,6062.21
2022-07-25 09:15:40,9957.55,6051.64
2022-07-25 09:15:39,9977.49,6031.69
2022-07-25 09:15:38,10028.4,5980.79
2022-07-25 09:15:37,10047.7,5961.45
2022-07-25 09:15:36,10072.3,5936.91
2022-07-25 09:15:35,10099.1,5910.07
2022-07-25 09:15:34,10164.1,5845.06
2022-07-25 09:15:33,10237.7,5771.48
2022-07-25 09:15:32,10275.8,5733.35
2022-07-25 09:15:31,10308,5701.18
2022-07-25 09:15:30,10362.1,5647.11
2022-07-25 09:15:29,10426.4,5582.76
2022-07-25 09:15:28,10456.7,5552.51
2022-07-25 09:15:27,10005.1,6004.12
2022-07-25 09:15:26,10057.8,5951.37
2022-07-25 09:15:25,10107.4,5901.77
2022-07-25 09:15:24,10125.1,5884.13
2022-07-25 09:15:23,10162.9,5846.3
2022-07-25 09:15:22,10212.7,5796.47
2022-07-25 09:15:21,9985.29,6023.9
2022-07-25 09:15:20,9793.41,6215.78
2022-07-25 09:15:19,9833.46,6175.73
2022-07-25 09:15:18,9921.93,6087.25
2022-07-25 09:15:17,9946.11,6063.08
2022-07-25 09:15:16,9973.31,6035.88
2022-07-25 09:15:15,10038.9,5970.3
2022-07-25 09:15:14,10118.4,5890.81
2022-07-25 09:15:13,10164.1,5845.14
2022-07-25 09:15:12,10191.7,5817.47
2022-07-25 09:15:11,10216.8,5792.36
2022-07-25 09:15:10,9863.45,6145.74
2022-07-25 09:15:09,9959.38,6049.8
2022-07-25 09:15:08,9970.94,6038.25
2022-07-25 09:15:07,10064,5945.14
2022-07-25 09:15:06,10151.7,5857.5
2022-07-25 09:15:05,10187.1,5822.1
2022-07-25 09:15:04,10250.1,5759.05
2022-07-25 09:15:03,10304.3,5704.87
2022-07-25 09:15:02,10353.3,5655.84
2022-07-25 09:15:01,10388.5,5620.69
2022-07-25 09:15:00,10464.2,5544.96
2022-07-25 09:14:59,10524.3,5484.88
2022-07-25 09:14:58,10562.9,5446.29
2022-07-25 09:14:57,10704.7,5304.47
2022-07-25 09:14:56,10803.3,5205.86
2022-07-25 09:14:55,10393.4,5615.8
2022-07-25 09:14:54,10487.1,5522.05
2022-07-25 09:14:53,10599.7,5409.45
2022-07-25 09:14:52,10157,5852.2
2022-07-25 09:14:51,9704.05,6305.14
2022-07-25 09:14:50,9766.84,6242.35
2022-07-25 09:14:49,9801.24,6207.95
2022-07-25 09:14:48,9889.8,6119.38
2022-07-25 09:14:47,9929.26,6079.93
2022-07-25 09:14:46,9527.06,6482.13
2022-07-25 09:14:45,9546.86,6462.33
2022-07-25 09:14:44,9584.54,6424.65
2022-07-25 09:14:43,9613.94,6395.25
2022-07-25 09:14:42,9643.41,6365.78
2022-07-25 09:14:41,9644.66,6364.52
2022-07-25 09:14:40,9691.64,6317.54
2022-07-25 09:14:39,9750.1,6259.09
2022-07-25 09:14:38,9768.42,6240.77
2022-07-25 09:14:37,9845.23,6163.95
2022-07-25 09:14:36,9895.37,6113.82
2022-07-25 09:14:35,9943.65,6065.54
2022-07-25 09:14:34,10032.3,5976.86
2022-07-25 09:14:33,10112,5897.16
2022-07-25 09:14:32,9668.34,6340.85
2022-07-25 09:14:31,9662.09,6347.09
2022-07-25 09:14:30,9664.62,6344.57
2022-07-25 09:14:29,9753.69,6255.5
2022-07-25 09:14:28,9773.34,6235.85
2022-07-25 09:14:27,9769.2,6239.99
2022-07-25 09:14:26,9819.49,6189.7
2022-07-25 09:14:25,9886.26,6122.93
2022-07-25 09:14:24,9916.23,6092.95
2022-07-25 09:14:23,9926.64,6082.55
2022-07-25 09:14:22,10021.7,5987.44
2022-07-25 09:14:21,10059.8,5949.4
2022-07-25 09:14:20,10073.6,5935.56
2022-07-25 09:14:19,10138.1,5871.12
2022-07-25 09:14:18,10180.8,5828.39
2022-07-25 09:14:17,10228.2,5780.99
2022-07-25 09:14:16,10236.2,5772.97
2022-07-25 09:14:15,9779.56,6229.62
2022-07-25 09:14:14,9791.95,6217.23
2022-07-25 09:14:13,9821.52,6187.67
2022-07-25 09:14:12,9885.62,6123.57
2022-07-25 09:14:11,9915.07,6094.12
2022-07-25 09:14:10,9943.98,6065.21
2022-07-25 09:14:09,9947.21,6061.98
2022-07-25 09:14:08,9987.74,6021.45
2022-07-25 09:14:07,10025.6,5983.58
2022-07-25 09:14:06,10067.3,5941.92
2022-07-25 09:14:05,10073.5,5935.71
2022-07-25 09:14:04,10165.3,5843.87
2022-07-25 09:14:03,10218.7,5790.47
2022-07-25 09:14:02,10257.5,5751.7
2022-07-25 09:14:01,10303.7,5705.47
2022-07-25 09:14:00,10349.9,5659.29
2022-07-25 09:13:59,10356.9,5652.34
2022-07-25 09:13:58,10419,5590.14
2022-07-25 09:13:57,10437.9,5571.24
2022-07-25 09:13:56,10504.6,5504.58
2022-07-25 09:13:55,10587.6,5421.54
2022-07-25 09:13:54,10630.8,5378.43
2022-07-25 09:13:53,10691.8,5317.39
2022-07-25 09:13:52,10749.5,5259.67
2022-07-25 09:13:51,10860.7,5148.48
2022-07-25 09:13:50,10919.8,5089.39
2022-07-25 09:13:49,11092.6,4916.64
2022-07-25 09:13:48,11195.7,4813.51
2022-07-25 09:13:47,11292.1,4717.11
2022-07-25 09:13:46,10906.5,5102.71
2022-07-25 09:13:45,10524,5485.22
2022-07-25 09:13:44,10613.2,5396.03
2022-07-25 09:13:43,10184.3,5824.93
2022-07-25 09:13:42,9774.76,6234.43
2022-07-25 09:13:41,9814.44,6194.75
2022-07-25 09:13:40,9833.57,6175.61
2022-07-25 09:13:39,9400.42,6608.77
2022-07-25 09:13:38,9409.89,6599.3
2022-07-25 09:13:37,9414.88,6594.31
2022-07-25 09:13:36,9437.05,6572.13
2022-07-25 09:13:35,9464.43,6544.76
2022-07-25 09:13:34,9489.92,6519.27
2022-07-25 09:13:33,9515.04,6494.15
2022-07-25 09:13:32,9583.62,6425.57
2022-07-25 09:13:31,9614.76,6394.43
2022-07-25 09:13:30,9652.57,6356.62
2022-07-25 09:13:29,9707.61,6301.58
2022-07-25 09:13:28,9753.64,6255.55
2022-07-25 09:13:27,9818.46,6190.72
2022-07-25 09:13:26,9870.84,6138.35
2022-07-25 09:13:25,9937.36,6071.83
2022-07-25 09:13:24,9548.29,6460.9
2022-07-25 09:13:23,9551.06,6458.13
2022-07-25 09:13:22,9544.84,6464.34
2022-07-25 09:13:21,9585.84,6423.34
2022-07-25 09:13:20,9610.45,6398.74
2022-07-25 09:13:19,9623.25,6385.93
2022-07-25 09:13:18,9639.62,6369.57
2022-07-25 09:13:17,9641.7,6367.49
2022-07-25 09:13:16,9641.83,6367.36
2022-07-25 09:13:15,9642.05,6367.13
2022-07-25 09:13:14,9681.97,6327.21
2022-07-25 09:13:13,9676.17,6333.02
2022-07-25 09:13:12,9733.18,6276.01
2022-07-25 09:13:11,9774.86,6234.32
2022-07-25 09:13:10,9840.83,6168.36
2022-07-25 09:13:09,9913.25,6095.93
2022-07-25 09:13:08,10028.9,5980.33
2022-07-25 09:13:07,10094.6,5914.56
2022-07-25 09:13:06,10175.2,5834.02
2022-07-25 09:13:05,9755.12,6254.07
2022-07-25 09:13:04,9854.96,6154.23
2022-07-25 09:13:03,9876.63,6132.55
2022-07-25 09:13:02,9901.98,6107.21
2022-07-25 09:13:01,9938.2,6070.99
2022-07-25 09:13:00,9953.95,6055.24
2022-07-25 09:12:59,9993.08,6016.11
2022-07-25 09:12:58,10032.3,5976.9
2022-07-25 09:12:57,9573.75,6435.44
2022-07-25 09:12:56,9574.83,6434.36
2022-07-25 09:12:55,9568.95,6440.23
2022-07-25 09:12:54,9604.67,6404.52
2022-07-25 09:12:53,9684,6325.19
2022-07-25 09:12:52,9720.92,6288.27
2022-07-25 09:12:51,9765.29,6243.9
2022-07-25 09:12:50,9875.96,6133.22
2022-07-25 09:12:49,9919.64,6089.55
2022-07-25 09:12:48,9969.3,6039.89
2022-07-25 09:12:47,10035.8,5973.34
2022-07-25 09:12:46,10072.3,5936.86
2022-07-25 09:12:45,10132.8,5876.38
2022-07-25 09:12:44,10175.8,5833.43
2022-07-25 09:12:43,10272.5,5736.73
2022-07-25 09:12:42,10333.9,5675.24
2022-07-25 09:12:41,10386.1,5623.06
2022-07-25 09:12:40,10481.3,5527.86
2022-07-25 09:12:39,10493.3,5515.88
2022-07-25 09:12:38,10075.9,5933.27
2022-07-25 09:12:37,10109.1,5900.05
2022-07-25 09:12:36,10160.3,5848.85
2022-07-25 09:12:35,10184.8,5824.37
2022-07-25 09:12:34,10256.6,5752.6
2022-07-25 09:12:33,9842.15,6167.03
2022-07-25 09:12:32,9905.79,6103.39
2022-07-25 09:12:31,9987.61,6021.57
2022-07-25 09:12:30,10072,5937.16
2022-07-25 09:12:29,10127.1,5882.11
2022-07-25 09:12:28,10151.1,5858.08
2022-07-25 09:12:27,9684.93,6324.26
2022-07-25 09:12:26,9685.63,6323.55
2022-07-25 09:12:25,9726.3,6282.89
2022-07-25 09:12:24,9798.09,6211.1
2022-07-25 09:12:23,9844.7,6164.49
2022-07-25 09:12:22,9860.74,6148.45
2022-07-25 09:12:21,9883.32,6125.87
2022-07-25 09:12:20,9923.13,6086.06
2022-07-25 09:12:19,9950.15,6059.03
2022-07-25 09:12:18,10039.6,5969.58
2022-07-25 09:12:17,10152.7,5856.51
2022-07-25 09:12:16,9720.52,6288.67
2022-07-25 09:12:15,9760.74,6248.45
2022-07-25 09:12:14,9765.54,6243.65
2022-07-25 09:12:13,9873.55,6135.64
2022-07-25 09:12:12,9876.25,6132.94
2022-07-25 09:12:11,9949.68,6059.51
2022-07-25 09:12:10,9985.26,6023.93
2022-07-25 09:12:09,10038.4,5970.83
2022-07-25 09:12:08,10093.7,5915.5
2022-07-25 09:12:07,10157.9,5851.27
2022-07-25 09:12:06,10266.1,5743.11
2022-07-25 09:12:05,10333.6,5675.57
2022-07-25 09:12:04,10415.1,5594.06
2022-07-25 09:12:03,9485.58,6523.61
2022-07-25 09:12:02,9554.11,6455.08
2022-07-25 09:12:01,9579.69,6429.5
2022-07-25 09:12:00,9600.22,6408.97
2022-07-25 09:11:59,9674.68,6334.51
2022-07-25 09:11:58,9718.83,6290.36
2022-07-25 09:11:57,9781.86,6227.33
2022-07-25 09:11:56,9808.61,6200.58
2022-07-25 09:11:55,9834.11,6175.08
2022-07-25 09:11:54,9886.57,6122.62
2022-07-25 09:11:53,9906.6,6102.59
2022-07-25 09:11:52,9933.05,6076.13
2022-07-25 09:11:51,10060.4,5948.79
2022-07-25 09:11:50,10112.4,5896.82
2022-07-25 09:11:49,10156,5853.21
2022-07-25 09:11:48,9741.4,6267.79
2022-07-25 09:11:47,9804.8,6204.39
2022-07-25 09:11:46,9840.02,6169.17
2022-07-25 09:11:45,9883.21,6125.98
2022-07-25 09:11:44,9952.79,6056.4
2022-07-25 09:11:43,10010.6,5998.6
2022-07-25 09:11:42,9543.91,6465.28
2022-07-25 09:11:41,9591.05,6418.14
2022-07-25 09:11:40,9650.41,6358.78
2022-07-25 09:11:39,9672.75,6336.43
2022-07-25 09:11:38,9737.32,6271.87
2022-07-25 09:11:37,9791.01,6218.18
2022-07-25 09:11:36,9833.87,6175.32
2022-07-25 09:11:35,9893.04,6116.15
2022-07-25 09:11:34,9973.21,6035.98
2022-07-25 09:11:33,10006.4,6002.78
2022-07-25 09:11:32,10080.8,5928.39
2022-07-25 09:11:31,10163.5,5845.7
2022-07-25 09:11:30,10259.2,5749.98
2022-07-25 09:11:29,9860.68,6148.51
2022-07-25 09:11:28,9914.37,6094.81
2022-07-25 09:11:27,9983.83,6025.36
2022-07-25 09:11:26,9541.76,6467.43
2022-07-25 09:11:25,9553.45,6455.74
2022-07-25 09:11:24,9554.01,6455.18
2022-07-25 09:11:23,9561.68,6447.5
2022-07-25 09:11:22,9591.6,6417.59
2022-07-25 09:11:21,9611.84,6397.34
2022-07-25 09:11:20,9622.59,6386.6
2022-07-25 09:11:19,9654.41,6354.78
2022-07-25 09:11:18,9656.5,6352.69
2022-07-25 09:11:17,9721.17,6288.02
2022-07-25 09:11:16,9750.25,6258.94
2022-07-25 09:11:15,9813.65,6195.54
2022-07-25 09:11:14,9826.62,6182.57
2022-07-25 09:11:13,9949.51,6059.68
2022-07-25 09:11:12,9979.07,6030.11
2022-07-25 09:11:11,10015.4,5993.76
2022-07-25 09:11:10,10062.9,5946.26
2022-07-25 09:11:09,10177.8,5831.34
2022-07-25 09:11:08,10223.3,5785.9
2022-07-25 09:11:07,10277.8,5731.4
2022-07-25 09:11:06,9841.3,6167.88
2022-07-25 09:11:05,9865.76,6143.43
2022-07-25 09:11:04,9890.37,6118.82
2022-07-25 09:11:03,9925,6084.19
2022-07-25 09:11:02,9991.39,6017.8
2022-07-25 09:11:01,10025.6,5983.6
2022-07-25 09:11:00,10080.3,5928.89
2022-07-25 09:10:59,9694.83,6314.36
2022-07-25 09:10:58,9727.67,6281.52
2022-07-25 09:10:57,9729.7,6279.49
2022-07-25 09:10:56,9773.27,6235.91
2022-07-25 09:10:55,9793.91,6215.28
2022-07-25 09:10:54,9821.48,6187.7
2022-07-25 09:10:53,9831.25,6177.94
2022-07-25 09:10:52,9842.58,6166.61
2022-07-25 09:10:51,9904,6105.18
2022-07-25 09:10:50,9957.51,6051.68
2022-07-25 09:10:49,10017.9,5991.25
2022-07-25 09:10:48,10087.4,5921.74
2022-07-25 09:10:47,10169.3,5839.91
2022-07-25 09:10:46,10254.7,5754.49
2022-07-25 09:10:45,10285.6,5723.56
2022-07-25 09:10:44,10372.5,5636.66
2022-07-25 09:10:43,9958.92,6050.27
2022-07-25 09:10:42,9962.27,6046.91
2022-07-25 09:10:41,10036.8,5972.34
2022-07-25 09:10:40,10066.5,5942.65
2022-07-25 09:10:39,10126.1,5883.07
2022-07-25 09:10:38,10158,5851.21
2022-07-25 09:10:37,10190.8,5818.43
2022-07-25 09:10:36,10237.6,5771.54
2022-07-25 09:10:35,10341.1,5668.07
2022-07-25 09:10:34,10431.2,5578.02
2022-07-25 09:10:33,10495.1,5514.06
2022-07-25 09:10:32,10576.6,5432.63
2022-07-25 09:10:31,10276.9,5732.31
2022-07-25 09:10:30,10206.4,5802.76
2022-07-25 09:10:29,9704.52,6304.66
2022-07-25 09:10:28,9725.17,6284.02
2022-07-25 09:10:27,9749.35,6259.83
2022-07-25 09:10:26,9797.36,6211.82
2022-07-25 09:10:25,9848.02,6161.17
2022-07-25 09:10:24,9942.76,6066.43
2022-07-25 09:10:23,9537.84,6471.35
2022-07-25 09:10:22,9588.27,6420.92
2022-07-25 09:10:21,9596.5,6412.69
2022-07-25 09:10:20,9644.64,6364.55
2022-07-25 09:10:19,9647.87,6361.32
2022-07-25 09:10:18,9737.75,6271.44
2022-07-25 09:10:17,9833.61,6175.57
2022-07-25 09:10:16,9875.21,6133.98
2022-07-25 09:10:15,9939.98,6069.21
2022-07-25 09:10:14,10015.5,5993.73
2022-07-25 09:10:13,10039.7,5969.5
2022-07-25 09:10:12,9592.13,6417.06
2022-07-25 09:10:11,9582.29,6426.9
2022-07-25 09:10:10,9595.47,6413.72
2022-07-25 09:10:09,9640.5,6368.68
2022-07-25 09:10:08,9728.97,6280.22
2022-07-25 09:10:07,9752.93,6256.26
2022-07-25 09:10:06,9782.73,6226.45
2022-07-25 09:10:05,9800.44,6208.74
2022-07-25 09:10:04,9866.14,6143.05
2022-07-25 09:10:03,9913.5,6095.69
2022-07-25 09:10:02,9977.25,6031.94
2022-07-25 09:10:01,9581.45,6427.74
2022-07-25 09:10:00,9581.57,6427.61
2022-07-25 09:09:59,9582.21,6426.98
2022-07-25 09:09:58,9607.44,6401.75
2022-07-25 09:09:57,9647.58,6361.61
2022-07-25 09:09:56,9682.87,6326.32
2022-07-25 09:09:55,9738.42,6270.77
2022-07-25 09:09:54,9773.04,6236.15
2022-07-25 09:09:53,9840.17,6169.02
2022-07-25 09:09:52,9929.21,6079.97
2022-07-25 09:09:51,9994.98,6014.21
2022-07-25 09:09:50,9594.71,6414.48
2022-07-25 09:09:49,9598.09,6411.1
2022-07-25 09:09:48,9599.5,6409.68
2022-07-25 09:09:47,9662.04,6347.15
2022-07-25 09:09:46,9665,6344.18
2022-07-25 09:09:45,9663.75,6345.44
2022-07-25 09:09:44,9744.02,6265.16
2022-07-25 09:09:43,9767.32,6241.87
2022-07-25 09:09:42,9786.96,6222.23
2022-07-25 09:09:41,9825.02,6184.17
2022-07-25 09:09:40,9858.94,6150.25
2022-07-25 09:09:39,9887.73,6121.45
2022-07-25 09:09:38,10017.9,5991.34
2022-07-25 09:09:37,10049.2,5960.02
2022-07-25 09:09:36,10140.8,5868.43
2022-07-25 09:09:35,10215.7,5793.52
2022-07-25 09:09:34,10289.7,5719.44
2022-07-25 09:09:33,9867.87,6141.31
2022-07-25 09:09:32,9916.29,6092.89
2022-07-25 09:09:31,9974.49,6034.7
2022-07-25 09:09:30,9527.16,6482.03
2022-07-25 09:09:29,9537.64,6471.55
2022-07-25 09:09:28,9601.59,6407.59
2022-07-25 09:09:27,9612.2,6396.99
2022-07-25 09:09:26,9620.03,6389.15
2022-07-25 09:09:25,9622.58,6386.61
2022-07-25 09:09:24,9647.54,6361.65
2022-07-25 09:09:23,9775.81,6233.38
2022-07-25 09:09:22,9803.75,6205.44
2022-07-25 09:09:21,9845.58,6163.61
2022-07-25 09:09:20,9862.9,6146.29
2022-07-25 09:09:19,9908.66,6100.53
2022-07-25 09:09:18,9922.57,6086.61
2022-07-25 09:09:17,10043.7,5965.53
2022-07-25 09:09:16,10097.2,5911.99
2022-07-25 09:09:15,10164.7,5844.51
2022-07-25 09:09:14,10226.9,5782.24
2022-07-25 09:09:13,10317.6,5691.6
2022-07-25 09:09:12,9881.41,6127.78
2022-07-25 09:09:11,9973.16,6036.02
2022-07-25 09:09:10,10029.2,5979.94
2022-07-25 09:09:09,10082.9,5926.29
2022-07-25 09:09:08,10139.4,5869.75
2022-07-25 09:09:07,10199.8,5809.36
2022-07-25 09:09:06,10230.6,5778.6
2022-07-25 09:09:05,9822.74,6186.45
2022-07-25 09:09:04,9857.98,6151.2
2022-07-25 09:09:03,9881.99,6127.2
2022-07-25 09:09:02,9926.45,6082.73
2022-07-25 09:09:01,9990.69,6018.5
2022-07-25 09:09:00,10014.6,5994.58
2022-07-25 09:08:59,9571.7,6437.49
2022-07-25 09:08:58,9577.17,6432.02
2022-07-25 09:08:57,9590.6,6418.59
2022-07-25 09:08:56,9598.45,6410.73
2022-07-25 09:08:55,9661.1,6348.09
2022-07-25 09:08:54,9726.52,6282.67
2022-07-25 09:08:53,9775.38,6233.8
2022-07-25 09:08:52,9818.11,6191.08
2022-07-25 09:08:51,9855.31,6153.88
2022-07-25 09:08:50,9891.61,6117.58
2022-07-25 09:08:49,9925.99,6083.2
2022-07-25 09:08:48,9980.75,6028.43
2022-07-25 09:08:47,10035.1,5974.09
2022-07-25 09:08:46,9616.77,6392.42
2022-07-25 09:08:45,9635.81,6373.38
2022-07-25 09:08:44,9670.04,6339.15
2022-07-25 09:08:43,9723.39,6285.8
2022-07-25 09:08:42,9733.03,6276.16
2022-07-25 09:08:41,9740.14,6269.05
2022-07-25 09:08:40,9776.27,6232.92
2022-07-25 09:08:39,9850.61,6158.58
2022-07-25 09:08:38,9889.46,6119.72
2022-07-25 09:08:37,9965.22,6043.97
2022-07-25 09:08:36,10005,6004.18
2022-07-25 09:08:35,10084.7,5924.52
2022-07-25 09:08:34,10135.1,5874.12
2022-07-25 09:08:33,10206.7,5802.46
2022-07-25 09:08:32,10305.2,5703.94
2022-07-25 09:08:31,10252.2,5757
2022-07-25 09:08:30,9956.47,6052.72
2022-07-25 09:08:29,9490.8,6518.38
2022-07-25 09:08:28,9505.08,6504.11
2022-07-25 09:08:27,9507.62,6501.56
2022-07-25 09:08:26,9556.71,6452.48
2022-07-25 09:08:25,9573.29,6435.9
2022-07-25 09:08:24,9678.63,6330.56
2022-07-25 09:08:23,9727.04,6282.15
2022-07-25 09:08:22,9721.8,6287.39
2022-07-25 09:08:21,9744.52,6264.67
2022-07-25 09:08:20,9803.6,6205.59
2022-07-25 09:08:19,9832.64,6176.54
2022-07-25 09:08:18,9873.74,6135.45
2022-07-25 09:08:17,9899.43,6109.75
2022-07-25 09:08:16,9971,6038.19
2022-07-25 09:08:15,10004,6005.17
2022-07-25 09:08:14,10119.3,5889.84
2022-07-25 09:08:13,10209.7,5799.45
2022-07-25 09:08:12,10282.4,5726.75
2022-07-25 09:08:11,9837.16,6172.03
2022-07-25 09:08:10,9905.54,6103.64
2022-07-25 09:08:09,9957.94,6051.25
2022-07-25 09:08:08,9523.5,6485.68
2022-07-25 09:08:07,9549.73,6459.46
2022-07-25 09:08:06,9550.79,6458.4
2022-07-25 09:08:05,9641.52,6367.67
2022-07-25 09:08:04,9673.55,6335.63
2022-07-25 09:08:03,9679.89,6329.3
2022-07-25 09:08:02,9742.03,6267.16
2022-07-25 09:08:01,9790.93,6218.25
2022-07-25 09:08:00,9835.45,6173.73
2022-07-25 09:07:59,9921.55,6087.64
2022-07-25 09:07:58,9991.06,6018.13
2022-07-25 09:07:57,10062.7,5946.53
2022-07-25 09:07:56,9604.08,6405.11
2022-07-25 09:07:55,9633.94,6375.25
2022-07-25 09:07:54,9634.34,6374.84
2022-07-25 09:07:53,9643.6,6365.59
2022-07-25 09:07:52,9745.43,6263.75
2022-07-25 09:07:51,9785.18,6224.01
2022-07-25 09:07:50,9817.57,6191.62
2022-07-25 09:07:49,9850.85,6158.34
2022-07-25 09:07:48,9886.61,6122.58
2022-07-25 09:07:47,9945.92,6063.27
2022-07-25 09:07:46,10036.4,5972.8
2022-07-25 09:07:45,9557.18,6452
2022-07-25 09:07:44,9559.32,6449.87
2022-07-25 09:07:43,9540.07,6469.12
2022-07-25 09:07:42,9547.42,6461.77
2022-07-25 09:07:41,9575.55,6433.64
2022-07-25 09:07:40,9597.75,6411.43
2022-07-25 09:07:39,9654.38,6354.8
2022-07-25 09:07:38,9752.88,6256.31
2022-07-25 09:07:37,9772.09,6237.1
2022-07-25 09:07:36,9817.45,6191.74
2022-07-25 09:07:35,9889.39,6119.8
2022-07-25 09:07:34,9904.19,6105
2022-07-25 09:07:33,9965.45,6043.73
2022-07-25 09:07:32,10015.6,5993.61
2022-07-25 09:07:31,10127,5882.19
2022-07-25 09:07:30,10167.6,5841.6
2022-07-25 09:07:29,10221.7,5787.49
2022-07-25 09:07:28,10308.7,5700.52
2022-07-25 09:07:27,10329.2,5679.95
2022-07-25 09:07:26,10393.6,5615.58
2022-07-25 09:07:25,10428.5,5580.7
2022-07-25 09:07:24,10516.4,5492.77
2022-07-25 09:07:23,10579.5,5429.7
2022-07-25 09:07:22,10631.2,5377.99
2022-07-25 09:07:21,10811.9,5197.31
2022-07-25 09:07:20,10882.6,5126.59
2022-07-25 09:07:19,10478.6,5530.63
2022-07-25 09:07:18,10562.8,5446.42
2022-07-25 09:07:17,10129.9,5879.24
2022-07-25 09:07:16,9700.49,6308.7
2022-07-25 09:07:15,9714.34,6294.84
2022-07-25 09:07:14,9729.83,6279.36
2022-07-25 09:07:13,9739.56,6269.63
2022-07-25 09:07:12,9816.45,6192.74
2022-07-25 09:07:11,9853.55,6155.64
2022-07-25 09:07:10,9894.37,6114.81
2022-07-25 09:07:09,9957.69,6051.49
2022-07-25 09:07:08,9531.91,6477.28
2022-07-25 09:07:07,9556.68,6452.5
2022-07-25 09:07:06,9548.19,6461
2022-07-25 09:07:05,9567.5,6441.68
2022-07-25 09:07:04,9576.66,6432.53
2022-07-25 09:07:03,9620.9,6388.29
2022-07-25 09:07:02,9695.28,6313.91
2022-07-25 09:07:01,9765.69,6243.5
2022-07-25 09:07:00,9819.78,6189.41
2022-07-25 09:06:59,9889.39,6119.79
2022-07-25 09:06:58,9929.43,6079.76
2022-07-25 09:06:57,10004.3,6004.85
2022-07-25 09:06:56,9579.65,6429.54
2022-07-25 09:06:55,9616.15,6393.04
2022-07-25 09:06:54,9632.24,6376.95
2022-07-25 09:06:53,9684.04,6325.15
2022-07-25 09:06:52,9752.92,6256.27
2022-07-25 09:06:51,9809.12,6200.07
2022-07-25 09:06:50,9869.42,6139.77
2022-07-25 09:06:49,9901.44,6107.75
2022-07-25 09:06:48,9966.81,6042.38
2022-07-25 09:06:47,10026.7,5982.47
2022-07-25 09:06:46,9545.05,6464.13
2022-07-25 09:06:45,9547.07,6462.12
2022-07-25 09:06:44,9551.53,6457.66
2022-07-25 09:06:43,9597.93,6411.25
2022-07-25 09:06:42,9609.99,6399.2
2022-07-25 09:06:41,9610.5,6398.68
2022-07-25 09:06:40,9613.55,6395.64
2022-07-25 09:06:39,9624.69,6384.5
2022-07-25 09:06:38,9693.13,6316.06
2022-07-25 09:06:37,9718.98,6290.2
2022-07-25 09:06:36,9724.75,6284.44
2022-07-25 09:06:35,9782.9,6226.29
2022-07-25 09:06:34,9779.12,6230.06
2022-07-25 09:06:33,9933.24,6075.95
2022-07-25 09:06:32,10056.7,5952.47
2022-07-25 09:06:31,10097.1,5912.11
2022-07-25 09:06:30,10184.3,5824.85
2022-07-25 09:06:29,10252,5757.19
2022-07-25 09:06:28,10365,5644.16
2022-07-25 09:06:27,10421.5,5587.73
2022-07-25 09:06:26,10507.9,5501.3
2022-07-25 09:06:25,10562,5447.14
2022-07-25 09:06:24,10600.3,5408.92
2022-07-25 09:06:23,10281.2,5728.01
2022-07-25 09:06:22,10334,5675.22
2022-07-25 09:06:21,9909.37,6099.81
2022-07-25 09:06:20,9960.97,6048.21
2022-07-25 09:06:19,9532.98,6476.21
2022-07-25 09:06:18,9544.84,6464.34
2022-07-25 09:06:17,9617.73,6391.46
2022-07-25 09:06:16,9634.95,6374.23
2022-07-25 09:06:15,9712.48,6296.7
2022-07-25 09:06:14,9749.39,6259.8
2022-07-25 09:06:13,9803.74,6205.45
2022-07-25 09:06:12,9862.68,6146.51
2022-07-25 09:06:11,9907.02,6102.17
2022-07-25 09:06:10,9951.19,6058
2022-07-25 09:06:09,10017.4,5991.75
2022-07-25 09:06:08,10066.9,5942.27
2022-07-25 09:06:07,9591.82,6417.37
2022-07-25 09:06:06,9591.18,6418
2022-07-25 09:06:05,9594.55,6414.64
2022-07-25 09:06:04,9604.26,6404.93
2022-07-25 09:06:03,9658.95,6350.24
2022-07-25 09:06:02,9695.48,6313.71
2022-07-25 09:06:01,9719.76,6289.43
2022-07-25 09:06:00,9778.2,6230.98
2022-07-25 09:05:59,9868.64,6140.55
2022-07-25 09:05:58,9929.57,6079.61
2022-07-25 09:05:57,9971.61,6037.57
2022-07-25 09:05:56,10068.7,5940.47
2022-07-25 09:05:55,10163.9,5845.33
2022-07-25 09:05:54,10273.1,5736.11
2022-07-25 09:05:53,9851.41,6157.78
2022-07-25 09:05:52,9892.14,6117.04
2022-07-25 09:05:51,9931.53,6077.66
2022-07-25 09:05:50,9981.97,6027.21
2022-07-25 09:05:49,10031.5,5977.71
2022-07-25 09:05:48,10090.9,5918.33
2022-07-25 09:05:47,9642.1,6367.09
2022-07-25 09:05:46,9651.91,6357.28
2022-07-25 09:05:45,9654.62,6354.57
2022-07-25 09:05:44,9681.82,6327.37
2022-07-25 09:05:43,9681.71,6327.48
2022-07-25 09:05:42,9725.48,6283.71
2022-07-25 09:05:41,9726.34,6282.85
2022-07-25 09:05:40,9726.36,6282.82
2022-07-25 09:05:39,9726.1,6283.09
2022-07-25 09:05:38,9727.07,6282.12
2022-07-25 09:05:37,9739.65,6269.53
2022-07-25 09:05:36,9737.72,6271.47
2022-07-25 09:05:35,9790.57,6218.62
2022-07-25 09:05:34,9808.74,6200.44
2022-07-25 09:05:33,9835.2,6173.99
2022-07-25 09:05:32,9862.21,6146.98
2022-07-25 09:05:31,9892.64,6116.55
2022-07-25 09:05:30,9913.2,6095.99
2022-07-25 09:05:29,9969.16,6040.03
2022-07-25 09:05:28,10039,5970.18
2022-07-25 09:05:27,9595.24,6413.94
2022-07-25 09:05:26,9709.32,6299.87
2022-07-25 09:05:25,9763.6,6245.59
2022-07-25 09:05:24,9775.34,6233.84
2022-07-25 09:05:23,9853.8,6155.39
2022-07-25 09:05:22,9882.21,6126.98
2022-07-25 09:05:21,10041.6,5967.63
2022-07-25 09:05:20,10064.7,5944.5
2022-07-25 09:05:19,10153.2,5856.01
2022-07-25 09:05:18,10195.6,5813.57
2022-07-25 09:05:17,10292.1,5717.07
2022-07-25 09:05:16,10361.7,5647.52
2022-07-25 09:05:15,10408.3,5600.87
2022-07-25 09:05:14,10451,5558.19
2022-07-25 09:05:13,10512.2,5497.02
2022-07-25 09:05:12,10595.6,5413.62
2022-07-25 09:05:11,10696.6,5312.55
2022-07-25 09:05:10,10798.1,5211.12
2022-07-25 09:05:09,9348.56,6660.63
2022-07-25 09:05:08,9349.11,6660.08
2022-07-25 09:05:07,9350.02,6659.17
2022-07-25 09:05:06,9359.55,6649.64
2022-07-25 09:05:05,9360.05,6649.13
2022-07-25 09:05:04,9356.97,6652.21
2022-07-25 09:05:03,9353.63,6655.55
2022-07-25 09:05:02,9373.38,6635.81
2022-07-25 09:05:01,9444.41,6564.78
2022-07-25 09:05:00,9513.06,6496.13
2022-07-25 09:04:59,9543.03,6466.16
2022-07-25 09:04:58,9644,6365.19
2022-07-25 09:04:57,9691.45,6317.73
2022-07-25 09:04:56,9745.96,6263.23
2022-07-25 09:04:55,9801.79,6207.39
2022-07-25 09:04:54,9867.68,6141.5
2022-07-25 09:04:53,9928.6,6080.59
2022-07-25 09:04:52,10010.5,5998.66
2022-07-25 09:04:51,9571.98,6437.21
2022-07-25 09:04:50,9568,6441.19
2022-07-25 09:04:49,9580.62,6428.57
2022-07-25 09:04:48,9614.5,6394.68
2022-07-25 09:04:47,9667.82,6341.36
2022-07-25 09:04:46,9697.23,6311.96
2022-07-25 09:04:45,9766.91,6242.27
2022-07-25 09:04:44,9841.3,6167.89
2022-07-25 09:04:43,9899.92,6109.27
2022-07-25 09:04:42,9990.24,6018.94
2022-07-25 09:04:41,9529.56,6479.63
2022-07-25 09:04:40,9521.52,6487.67
2022-07-25 09:04:39,9525.05,6484.14
2022-07-25 09:04:38,9531.52,6477.66
2022-07-25 09:04:37,9576.31,6432.88
2022-07-25 09:04:36,9591.36,6417.83
2022-07-25 09:04:35,9590.01,6419.18
2022-07-25 09:04:34,9599.6,6409.59
2022-07-25 09:04:33,9610.01,6399.18
2022-07-25 09:04:32,9612.95,6396.23
2022-07-25 09:04:31,9615.43,6393.76
2022-07-25 09:04:30,9648.82,6360.37
2022-07-25 09:04:29,9650.93,6358.26
2022-07-25 09:04:28,9709.5,6299.69
2022-07-25 09:04:27,9806.99,6202.2
2022-07-25 09:04:26,9859.05,6150.13
2022-07-25 09:04:25,9926.07,6083.12
2022-07-25 09:04:24,9998.51,6010.68
2022-07-25 09:04:23,10026.6,5982.56
2022-07-25 09:04:22,9564.32,6444.87
2022-07-25 09:04:21,9565.23,6443.96
2022-07-25 09:04:20,9582.62,6426.57
2022-07-25 09:04:19,9600.35,6408.84
2022-07-25 09:04:18,9636.22,6372.97
2022-07-25 09:04:17,9703.02,6306.16
2022-07-25 09:04:16,9854.54,6154.65
2022-07-25 09:04:15,9878.49,6130.7
2022-07-25 09:04:14,9900.3,6108.89
2022-07-25 09:04:13,10008.3,6000.89
2022-07-25 09:04:12,10055.6,5953.62
2022-07-25 09:04:11,10120.3,5888.86
2022-07-25 09:04:10,10140.4,5868.75
2022-07-25 09:04:09,10205.2,5803.97
2022-07-25 09:04:08,10232.6,5776.61
2022-07-25 09:04:07,10316.4,5692.75
2022-07-25 09:04:06,10418.2,5590.96
2022-07-25 09:04:05,10514.6,5494.61
2022-07-25 09:04:04,10603.9,5405.26
2022-07-25 09:04:03,10487.1,5522.06
2022-07-25 09:04:02,9746.86,6262.32
2022-07-25 09:04:01,9764.41,6244.78
2022-07-25 09:04:00,9838.25,6170.94
2022-07-25 09:03:59,9869.64,6139.55
2022-07-25 09:03:58,9900.51,6108.68
2022-07-25 09:03:57,9943.84,6065.34
2022-07-25 09:03:56,9501.78,6507.41
2022-07-25 09:03:55,9572.91,6436.28
2022-07-25 09:03:54,9598.52,6410.67
2022-07-25 09:03:53,9622.3,6386.89
2022-07-25 09:03:52,9682.25,6326.94
2022-07-25 09:03:51,9717.64,6291.54
2022-07-25 09:03:50,9753.11,6256.07
2022-07-25 09:03:49,9787.87,6221.32
2022-07-25 09:03:48,9891.26,6117.93
2022-07-25 09:03:47,9971.68,6037.5
2022-07-25 09:03:46,10080.3,5928.93
2022-07-25 09:03:45,10128.4,5880.77
2022-07-25 09:03:44,9667.29,6341.89
2022-07-25 09:03:43,9711.52,6297.66
2022-07-25 09:03:42,9835.61,6173.57
2022-07-25 09:03:41,9900.44,6108.75
2022-07-25 09:03:40,9946.22,6062.97
2022-07-25 09:03:39,10002.7,6006.5
2022-07-25 09:03:38,10014.8,5994.43
2022-07-25 09:03:37,10094.3,5914.85
2022-07-25 09:03:36,10188.3,5820.85
2022-07-25 09:03:35,10237.1,5772.05
2022-07-25 09:03:34,10286.9,5722.29
2022-07-25 09:03:33,9798.44,6210.74
2022-07-25 09:03:32,9829.77,6179.42
2022-07-25 09:03:31,9858.53,6150.65
2022-07-25 09:03:30,9915.86,6093.32
2022-07-25 09:03:29,9966.3,6042.88
2022-07-25 09:03:28,9988.72,6020.47
2022-07-25 09:03:27,10024.7,5984.52
2022-07-25 09:03:26,10056.8,5952.35
2022-07-25 09:03:25,10146.8,5862.42
2022-07-25 09:03:24,10214.6,5794.61
2022-07-25 09:03:23,9763.55,6245.64
2022-07-25 09:03:22,9765.68,6243.51
2022-07-25 09:03:21,9797.86,6211.33
2022-07-25 09:03:20,9832.95,6176.24
2022-07-25 09:03:19,9836.59,6172.6
2022-07-25 09:03:18,9891.53,6117.65
2022-07-25 09:03:17,9952.48,6056.71
2022-07-25 09:03:16,9996.63,6012.56
2022-07-25 09:03:15,10032.4,5976.82
2022-07-25 09:03:14,10046.9,5962.33
2022-07-25 09:03:13,10084.6,5924.6
2022-07-25 09:03:12,10169.7,5839.54
2022-07-25 09:03:11,10206.4,5802.8
2022-07-25 09:03:10,10264.4,5744.84
2022-07-25 09:03:09,10303.8,5705.41
2022-07-25 09:03:08,10369.3,5639.85
2022-07-25 09:03:07,10391.2,5618.04
2022-07-25 09:03:06,10412.9,5596.34
2022-07-25 09:03:05,10470.2,5538.94
2022-07-25 09:03:04,10584,5425.21
2022-07-25 09:03:03,10598.4,5410.75
2022-07-25 09:03:02,10620.8,5388.38
2022-07-25 09:03:01,10683.2,5326
2022-07-25 09:03:00,10779.1,5230.07
2022-07-25 09:02:59,10904,5105.18
2022-07-25 09:02:58,10969.6,5039.58
2022-07-25 09:02:57,11071.1,4938.04
2022-07-25 09:02:56,11148,4861.21
2022-07-25 09:02:55,10733,5276.2
2022-07-25 09:02:54,10872.4,5136.76
2022-07-25 09:02:53,10954.8,5054.39
2022-07-25 09:02:52,10526.4,5482.82
2022-07-25 09:02:51,10577.6,5431.6
2022-07-25 09:02:50,10609.5,5399.69
2022-07-25 09:02:49,10695.4,5313.77
2022-07-25 09:02:48,10263.2,5746.04
2022-07-25 09:02:47,10311,5698.2
2022-07-25 09:02:46,10364.6,5644.58
2022-07-25 09:02:45,10429.5,5579.71
2022-07-25 09:02:44,10536.6,5472.54
2022-07-25 09:02:43,10146.8,5862.38
2022-07-25 09:02:42,10234.6,5774.6
2022-07-25 09:02:41,9828.61,6180.58
2022-07-25 09:02:40,9373.59,6635.6
2022-07-25 09:02:39,9402.71,6606.48
2022-07-25 09:02:38,9413.83,6595.36
2022-07-25 09:02:37,9423.87,6585.32
2022-07-25 09:02:36,9424.22,6584.97
2022-07-25 09:02:35,9460.94,6548.25
2022-07-25 09:02:34,9493.21,6515.98
2022-07-25 09:02:33,9507.68,6501.51
2022-07-25 09:02:32,9531.71,6477.48
2022-07-25 09:02:31,9617.85,6391.34
2022-07-25 09:02:30,9711.76,6297.43
2022-07-25 09:02:29,9746.14,6263.05
2022-07-25 09:02:28,9766.64,6242.55
2022-07-25 09:02:27,9805.94,6203.25
2022-07-25 09:02:26,9853.28,6155.91
2022-07-25 09:02:25,9887.19,6122
2022-07-25 09:02:24,9953.85,6055.34
2022-07-25 09:02:23,10062.3,5946.92
2022-07-25 09:02:22,9692.24,6316.95
2022-07-25 09:02:21,9603.77,6405.41
2022-07-25 09:02:20,9606.32,6402.87
2022-07-25 09:02:19,9649.21,6359.98
2022-07-25 09:02:18,9692.47,6316.72
2022-07-25 09:02:17,9698.39,6310.8
2022-07-25 09:02:16,9714.8,6294.39
2022-07-25 09:02:15,9761.99,6247.2
2022-07-25 09:02:14,9784.72,6224.47
2022-07-25 09:02:13,9845.77,6163.41
2022-07-25 09:02:12,9871.44,6137.74
2022-07-25 09:02:11,9904.43,6104.76
2022-07-25 09:02:10,9969.79,6039.4
2022-07-25 09:02:09,10055.9,5953.33
2022-07-25 09:02:08,10108.7,5900.51
2022-07-25 09:02:07,10175,5834.2
2022-07-25 09:02:06,10240.5,5768.72
2022-07-25 09:02:05,10293.6,5715.55
2022-07-25 09:02:04,9847.53,6161.65
2022-07-25 09:02:03,9866.36,6142.82
2022-07-25 09:02:02,9935.15,6074.04
2022-07-25 09:02:01,10067.6,5941.55
2022-07-25 09:02:00,10109.3,5899.89
2022-07-25 09:01:59,9684.12,6325.07
2022-07-25 09:01:58,9711.42,6297.77
2022-07-25 09:01:57,9766.45,6242.74
2022-07-25 09:01:56,9802.73,6206.46
2022-07-25 09:01:55,9831.7,6177.49
2022-07-25 09:01:54,9844.69,6164.5
2022-07-25 09:01:53,9886.61,6122.58
2022-07-25 09:01:52,9911.95,6097.24
2022-07-25 09:01:51,9956.78,6052.41
2022-07-25 09:01:50,10104.8,5904.39
2022-07-25 09:01:49,10138.7,5870.44
2022-07-25 09:01:48,10216.5,5792.67
2022-07-25 09:01:47,10281.3,5727.85
2022-07-25 09:01:46,10365,5644.15
2022-07-25 09:01:45,10416.9,5592.25
2022-07-25 09:01:44,10503.9,5505.31
2022-07-25 09:01:43,10564.6,5444.64
2022-07-25 09:01:42,10138.8,5870.41
2022-07-25 09:01:41,10196.4,5812.75
2022-07-25 09:01:40,10261.5,5747.68
2022-07-25 09:01:39,10343.9,5665.27
2022-07-25 09:01:38,9909.75,6099.44
2022-07-25 09:01:37,9477.52,6531.67
2022-07-25 09:01:36,9465.81,6543.38
2022-07-25 09:01:35,9453.33,6555.86
2022-07-25 09:01:34,9521.22,6487.97
2022-07-25 09:01:33,9572.4,6436.79
2022-07-25 09:01:32,9608.05,6401.14
2022-07-25 09:01:31,9671.28,6337.91
2022-07-25 09:01:30,9765.07,6244.12
2022-07-25 09:01:29,9794.86,6214.33
2022-07-25 09:01:28,9840.52,6168.67
2022-07-25 09:01:27,9901.02,6108.17
2022-07-25 09:01:26,9947.8,6061.39
2022-07-25 09:01:25,10051.5,5957.64
2022-07-25 09:01:24,9602.2,6406.98
2022-07-25 09:01:23,9619.36,6389.83
2022-07-25 09:01:22,9622.16,6387.02
2022-07-25 09:01:21,9672.45,6336.74
2022-07-25 09:01:20,9694.76,6314.43
2022-07-25 09:01:19,9724,6285.19
2022-07-25 09:01:18,9792.68,6216.51
2022-07-25 09:01:17,9788.89,6220.3
2022-07-25 09:01:16,9809.47,6199.72
2022-07-25 09:01:15,9847.27,6161.92
2022-07-25 09:01:14,9904.03,6105.16
2022-07-25 09:01:13,9916.66,6092.53
2022-07-25 09:01:12,9937.5,6071.69
2022-07-25 09:01:11,9978.65,6030.53
2022-07-25 09:01:10,10022.6,5986.62
2022-07-25 09:01:09,10087.6,5921.57
2022-07-25 09:01:08,10227.8,5781.34
2022-07-25 09:01:07,9786.98,6222.21
2022-07-25 09:01:06,9813.85,6195.34
2022-07-25 09:01:05,9843.18,6166.01
2022-07-25 09:01:04,9890.25,6118.93
2022-07-25 09:01:03,9901.39,6107.79
2022-07-25 09:01:02,9921.44,6087.74
2022-07-25 09:01:01,9946.79,6062.4
2022-07-25 09:01:00,10032.3,5976.87
2022-07-25 09:00:59,10108.3,5900.87
2022-07-25 09:00:58,10162.7,5846.47
2022-07-25 09:00:57,10243.3,5765.89
2022-07-25 09:00:56,9794.88,6214.3
2022-07-25 09:00:55,9852.67,6156.52
2022-07-25 09:00:54,9886.69,6122.5
2022-07-25 09:00:53,9898.39,6110.8
2022-07-25 09:00:52,10004.1,6005.13
2022-07-25 09:00:51,10051.9,5957.32
2022-07-25 09:00:50,10090.1,5919.09
2022-07-25 09:00:49,10192.4,5816.81
2022-07-25 09:00:48,10213.7,5795.46
2022-07-25 09:00:47,10278.9,5730.29
2022-07-25 09:00:46,10295.1,5714.11
2022-07-25 09:00:45,10337.2,5672
2022-07-25 09:00:44,10400,5609.2
2022-07-25 09:00:43,10445.7,5563.52
2022-07-25 09:00:42,10474.7,5534.48
2022-07-25 09:00:41,10509.8,5499.37
2022-07-25 09:00:40,10586.2,5422.95
2022-07-25 09:00:39,10641,5368.22
2022-07-25 09:00:38,10779.5,5229.7
2022-07-25 09:00:37,10832.7,5176.45
2022-07-25 09:00:36,10909.8,5099.43
2022-07-25 09:00:35,10837.4,5171.8
2022-07-25 09:00:34,10204.8,5804.38
2022-07-25 09:00:33,10192.5,5816.66
2022-07-25 09:00:32,10235.5,5773.67
2022-07-25 09:00:31,9817.5,6191.69
2022-07-25 09:00:30,9854.84,6154.35
2022-07-25 09:00:29,9887.61,6121.58
2022-07-25 09:00:28,9433.68,6575.51
2022-07-25 09:00:27,9456.85,6552.34
2022-07-25 09:00:26,9483.5,6525.68
2022-07-25 09:00:25,9482.86,6526.33
2022-07-25 09:00:24,9513.85,6495.34
2022-07-25 09:00:23,9595.07,6414.11
2022-07-25 09:00:22,9668.58,6340.61
2022-07-25 09:00:21,9691.57,6317.62
2022-07-25 09:00:20,9734.32,6274.87
2022-07-25 09:00:19,9804.91,6204.28
2022-07-25 09:00:18,9844.02,6165.17
2022-07-25 09:00:17,9888.53,6120.66
2022-07-25 09:00:16,9940.44,6068.75
2022-07-25 09:00:15,10019.3,5989.86
2022-07-25 09:00:14,9571.49,6437.7
2022-07-25 09:00:13,9574.34,6434.85
2022-07-25 09:00:12,9578.02,6431.17
2022-07-25 09:00:11,9612.25,6396.94
2022-07-25 09:00:10,9615.51,6393.68
2022-07-25 09:00:09,9613.83,6395.36
2022-07-25 09:00:08,9614.84,6394.35
2022-07-25 09:00:07,9615.37,6393.82
2022-07-25 09:00:06,9639.91,6369.28
2022-07-25 09:00:05,9631.12,6378.07
2022-07-25 09:00:04,9632.37,6376.82
2022-07-25 09:00:03,9664.65,6344.54
2022-07-25 09:00:02,9677,6332.19
2022-07-25 09:00:01,9734.5,6274.69
2022-07-25 09:00:00,9747.83,6261.36
2022-07-25 08:59:59,9822.23,6186.96
2022-07-25 08:59:58,9889.76,6119.43
2022-07-25 08:59:57,9937.41,6071.77
2022-07-25 08:59:56,10015.7,5993.46
2022-07-25 08:59:55,10042.5,5966.69
2022-07-25 08:59:54,9554.22,6454.97
2022-07-25 08:59:53,9553.3,6455.89
2022-07-25 08:59:52,9559.82,6449.37
2022-07-25 08:59:51,9625.75,6383.43
2022-07-25 08:59:50,9633.15,6376.04
2022-07-25 08:59:49,9635.29,6373.9
2022-07-25 08:59:48,9653.74,6355.45
2022-07-25 08:59:47,9758.23,6250.96
2022-07-25 08:59:46,9807.88,6201.3
2022-07-25 08:59:45,9828.11,6181.08
2022-07-25 08:59:44,9848.23,6160.96
2022-07-25 08:59:43,9919.82,6089.36
2022-07-25 08:59:42,9940.39,6068.79
2022-07-25 08:59:41,10029,5980.16
2022-07-25 08:59:40,10103.9,5905.26
2022-07-25 08:59:39,10149.9,5859.27
2022-07-25 08:59:38,10271.6,5737.54
2022-07-25 08:59:37,10350.1,5659.12
2022-07-25 08:59:36,10432.4,5576.8
2022-07-25 08:59:35,10556.5,5452.66
2022-07-25 08:59:34,10154,5855.16
2022-07-25 08:59:33,10260.4,5748.77
2022-07-25 08:59:32,9844.72,6164.46
2022-07-25 08:59:31,9401.72,6607.47
2022-07-25 08:59:30,9456.5,6552.69
2022-07-25 08:59:29,9485.08,6524.11
2022-07-25 08:59:28,9528.49,6480.7
2022-07-25 08:59:27,9574.19,6435
2022-07-25 08:59:26,9643.43,6365.76
2022-07-25 08:59:25,9650.25,6358.94
2022-07-25 08:59:24,9640.58,6368.61
2022-07-25 08:59:23,9652.22,6356.97
2022-07-25 08:59:22,9693.25,6315.94
2022-07-25 08:59:21,9745.25,6263.94
2022-07-25 08:59:20,9848.35,6160.84
2022-07-25 08:59:19,9974.88,6034.31
2022-07-25 08:59:18,9987.7,6021.49
2022-07-25 08:59:17,10050.3,5958.85
2022-07-25 08:59:16,10107.1,5902.09
2022-07-25 08:59:15,10177.3,5831.93
2022-07-25 08:59:14,10227.4,5781.81
2022-07-25 08:59:13,10264.5,5744.68
2022-07-25 08:59:12,10364.2,5644.98
2022-07-25 08:59:11,10464.3,5544.92
2022-07-25 08:59:10,10539,5470.15
2022-07-25 08:59:09,10120.8,5888.35
2022-07-25 08:59:08,9674.59,6334.59
2022-07-25 08:59:07,9679.13,6330.06
2022-07-25 08:59:06,9765.05,6244.14
2022-07-25 08:59:05,9763,6246.19
2022-07-25 08:59:04,9771.37,6237.82
2022-07-25 08:59:03,9789.7,6219.49
2022-07-25 08:59:02,9869.42,6139.77
2022-07-25 08:59:01,9930.7,6078.48
2022-07-25 08:59:00,9968.11,6041.07
2022-07-25 08:58:59,9991.78,6017.41
2022-07-25 08:58:58,10041.7,5967.51
2022-07-25 08:58:57,10097.8,5911.36
2022-07-25 08:58:56,10131.8,5877.4
2022-07-25 08:58:55,10147,5862.21
2022-07-25 08:58:54,10205.5,5803.7
2022-07-25 08:58:53,10237.5,5771.65
2022-07-25 08:58:52,10335.8,5673.43
2022-07-25 08:58:51,10474.1,5535.13
2022-07-25 08:58:50,10536.1,5473.06
2022-07-25 08:58:49,10554.6,5454.63
2022-07-25 08:58:48,10272,5737.23
2022-07-25 08:58:47,10144.4,5864.78
2022-07-25 08:58:46,10153.6,5855.57
2022-07-25 08:58:45,10204.9,5804.26
2022-07-25 08:58:44,10290.3,5718.91
2022-07-25 08:58:43,10338.6,5670.59
2022-07-25 08:58:42,10414.6,5594.61
2022-07-25 08:58:41,10463.7,5545.51
2022-07-25 08:58:40,10512.7,5496.5
2022-07-25 08:58:39,10103.2,5905.97
2022-07-25 08:58:38,10147.9,5861.32
2022-07-25 08:58:37,10243.2,5766.01
2022-07-25 08:58:36,10322.5,5686.7
2022-07-25 08:58:35,10381.9,5627.28
2022-07-25 08:58:34,10003,6006.16
2022-07-25 08:58:33,10029.7,5979.5
2022-07-25 08:58:32,9547.64,6461.55
2022-07-25 08:58:31,9589.2,6419.99
2022-07-25 08:58:30,9626.79,6382.39
2022-07-25 08:58:29,9687.77,6321.41
2022-07-25 08:58:28,9701.33,6307.86
2022-07-25 08:58:27,9731.94,6277.25
2022-07-25 08:58:26,9752.66,6256.53
2022-07-25 08:58:25,9803.15,6206.04
2022-07-25 08:58:24,9819.43,6189.76
2022-07-25 08:58:23,9946.06,6063.13
2022-07-25 08:58:22,9984.73,6024.46
2022-07-25 08:58:21,10045.6,5963.63
2022-07-25 08:58:20,10090.4,5918.83
2022-07-25 08:58:19,10114.4,5894.8
2022-07-25 08:58:18,10189.6,5819.61
2022-07-25 08:58:17,10215.9,5793.24
2022-07-25 08:58:16,10259.3,5749.85
2022-07-25 08:58:15,10309.2,5700
2022-07-25 08:58:14,10353.8,5655.39
2022-07-25 08:58:13,10460.7,5548.51
2022-07-25 08:58:12,10041.6,5967.64
2022-07-25 08:58:11,10167.8,5841.41
2022-07-25 08:58:10,10232.6,5776.61
2022-07-25 08:58:09,9802.22,6206.97
2022-07-25 08:58:08,9825.98,6183.21
2022-07-25 08:58:07,9871.65,6137.54
2022-07-25 08:58:06,9942.32,6066.86
2022-07-25 08:58:05,9989.77,6019.42
2022-07-25 08:58:04,9530.72,6478.46
2022-07-25 08:58:03,9556.84,6452.35
2022-07-25 08:58:02,9574.65,6434.54
2022-07-25 08:58:01,9621.24,6387.95
2022-07-25 08:58:00,9692.19,6317
2022-07-25 08:57:59,9727.94,6281.25
2022-07-25 08:57:58,9793.48,6215.71
2022-07-25 08:57:57,9859.61,6149.58
2022-07-25 08:57:56,9899.03,6110.15
2022-07-25 08:57:55,9941.71,6067.48
2022-07-25 08:57:54,10019.9,5989.25
2022-07-25 08:57:53,9559.84,6449.34
2022-07-25 08:57:52,9574.88,6434.31
2022-07-25 08:57:51,9621.62,6387.57
2022-07-25 08:57:50,9684.36,6324.83
2022-07-25 08:57:49,9738.03,6271.16
2022-07-25 08:57:48,9779.35,6229.84
2022-07-25 08:57:47,9833.99,6175.2
2022-07-25 08:57:46,9849.17,6160.02
2022-07-25 08:57:45,9872,6137.19
2022-07-25 08:57:44,9898.57,6110.62
2022-07-25 08:57:43,9996.04,6013.14
2022-07-25 08:57:42,10044.1,5965.08
2022-07-25 08:57:41,10115.1,5894.06
2022-07-25 08:57:40,10170,5839.18
2022-07-25 08:57:39,9717.39,6291.8
2022-07-25 08:57:38,9743.36,6265.82
2022-07-25 08:57:37,9773.59,6235.6
2022-07-25 08:57:36,9795.63,6213.56
2022-07-25 08:57:35,9817,6192.19
2022-07-25 08:57:34,9859.24,6149.95
2022-07-25 08:57:33,9906.39,6102.8
2022-07-25 08:57:32,10007.8,6001.41
2022-07-25 08:57:31,9559.79,6449.4
2022-07-25 08:57:30,9552.79,6456.4
2022-07-25 08:57:29,9564.47,6444.71
2022-07-25 08:57:28,9576.5,6432.68
2022-07-25 08:57:27,9599.62,6409.56
2022-07-25 08:57:26,9674.92,6334.27
2022-07-25 08:57:25,9738.22,6270.96
2022-07-25 08:57:24,9767.02,6242.16
2022-07-25 08:57:23,9771.53,6237.66
2022-07-25 08:57:22,9818.46,6190.73
2022-07-25 08:57:21,9911.01,6098.18
2022-07-25 08:57:20,9976.14,6033.05
2022-07-25 08:57:19,10016.6,5992.55
2022-07-25 08:57:18,10069,5940.18
2022-07-25 08:57:17,10140.6,5868.54
2022-07-25 08:57:16,10215.8,5793.42
2022-07-25 08:57:15,10295.1,5714.07
2022-07-25 08:57:14,9853.17,6156.02
2022-07-25 08:57:13,9898.24,6110.95
2022-07-25 08:57:12,10051,5958.16
2022-07-25 08:57:11,10073.6,5935.57
2022-07-25 08:57:10,9982.53,6026.66
2022-07-25 08:57:09,9733.63,6275.56
2022-07-25 08:57:08,9786.54,6222.65
2022-07-25 08:57:07,9838.27,6170.92
2022-07-25 08:57:06,9873.57,6135.62
2022-07-25 08:57:05,9887.06,6122.12
2022-07-25 08:57:04,9919.59,6089.6
2022-07-25 08:57:03,10033.2,5976.03
2022-07-25 08:57:02,10070.6,5938.59
2022-07-25 08:57:01,10148.1,5861.08
2022-07-25 08:57:00,10205.2,5803.96
2022-07-25 08:56:59,9773.52,6235.66
2022-07-25 08:56:58,9834.34,6174.84
2022-07-25 08:56:57,9847.67,6161.52
2022-07-25 08:56:56,9879.78,6129.41
2022-07-25 08:56:55,9924.5,6084.69
2022-07-25 08:56:54,10026.6,5982.54
2022-07-25 08:56:53,9605.07,6404.12
2022-07-25 08:56:52,9602.27,6406.92
2022-07-25 08:56:51,9626.73,6382.46
2022-07-25 08:56:50,9690.11,6319.08
2022-07-25 08:56:49,9748.39,6260.79
2022-07-25 08:56:48,9763.23,6245.95
2022-07-25 08:56:47,9764.52,6244.67
2022-07-25 08:56:46,9780.58,6228.61
2022-07-25 08:56:45,9870.62,6138.57
2022-07-25 08:56:44,9944.89,6064.29
2022-07-25 08:56:43,9980.82,6028.37
2022-07-25 08:56:42,10003.5,6005.68
2022-07-25 08:56:41,10073.2,5935.96
2022-07-25 08:56:40,10093.5,5915.68
2022-07-25 08:56:39,10154.8,5854.4
2022-07-25 08:56:38,10194,5815.19
2022-07-25 08:56:37,10240.7,5768.51
2022-07-25 08:56:36,10307,5702.15
2022-07-25 08:56:35,10318.1,5691.13
2022-07-25 08:56:34,9852.47,6156.72
2022-07-25 08:56:33,9877.85,6131.34
2022-07-25 08:56:32,9913.28,6095.91
2022-07-25 08:56:31,9935.78,6073.41
2022-07-25 08:56:30,9958.96,6050.22
2022-07-25 08:56:29,9958.25,6050.94
2022-07-25 08:56:28,9528.59,6480.6
2022-07-25 08:56:27,9618.89,6390.29
2022-07-25 08:56:26,9697.83,6311.36
2022-07-25 08:56:25,9722.48,6286.7
2022-07-25 08:56:24,9732.04,6277.15
2022-07-25 08:56:23,9768.4,6240.79
2022-07-25 08:56:22,9801.92,6207.27
2022-07-25 08:56:21,9842.95,6166.23
2022-07-25 08:56:20,9897.68,6111.51
2022-07-25 08:56:19,9907.37,6101.81
2022-07-25 08:56:18,9981.69,6027.5
2022-07-25 08:56:17,10034,5975.22
2022-07-25 08:56:16,10124.1,5885.08
2022-07-25 08:56:15,10172.4,5836.74
2022-07-25 08:56:14,10237.8,5771.38
2022-07-25 08:56:13,10287.5,5721.68
2022-07-25 08:56:12,10339.1,5670.13
2022-07-25 08:56:11,10518.1,5491.07
2022-07-25 08:56:10,10593.2,5416
2022-07-25 08:56:09,9724.26,6284.93
2022-07-25 08:56:08,9774.29,6234.9
2022-07-25 08:56:07,9789.2,6219.99
2022-07-25 08:56:06,9847.99,6161.2
2022-07-25 08:56:05,9896.13,6113.06
2022-07-25 08:56:04,9980.11,6029.08
2022-07-25 08:56:03,10006,6003.16
2022-07-25 08:56:02,10080.8,5928.39
2022-07-25 08:56:01,10133,5876.14
2022-07-25 08:56:00,10233.2,5775.99
2022-07-25 08:55:59,10308.5,5700.7
2022-07-25 08:55:58,9813.65,6195.53
2022-07-25 08:55:57,9856.59,6152.59
2022-07-25 08:55:56,9883.35,6125.84
2022-07-25 08:55:55,9714.84,6294.34
2022-07-25 08:55:54,9489.01,6520.18
2022-07-25 08:55:53,9545.77,6463.41
2022-07-25 08:55:52,9574.37,6434.82
2022-07-25 08:55:51,9564.78,6444.41
2022-07-25 08:55:50,9662.5,6346.68
2022-07-25 08:55:49,9681.73,6327.46
2022-07-25 08:55:48,9815.36,6193.82
2022-07-25 08:55:47,9887.89,6121.29
2022-07-25 08:55:46,9921.74,6087.45
2022-07-25 08:55:45,10014.1,5995.09
2022-07-25 08:55:44,10037.3,5971.85
2022-07-25 08:55:43,10096.8,5912.43
2022-07-25 08:55:42,10206.3,5802.85
2022-07-25 08:55:41,10297.9,5711.31
2022-07-25 08:55:40,9883.25,6125.94
2022-07-25 08:55:39,9944.26,6064.93
2022-07-25 08:55:38,10003.6,6005.55
2022-07-25 08:55:37,9552.96,6456.22
2022-07-25 08:55:36,9597.67,6411.52
2022-07-25 08:55:35,9611.95,6397.23
2022-07-25 08:55:34,9630.1,6379.09
2022-07-25 08:55:33,9625.09,6384.1
2022-07-25 08:55:32,9625.66,6383.53
2022-07-25 08:55:31,9678.96,6330.23
2022-07-25 08:55:30,9682.09,6327.09
2022-07-25 08:55:29,9686.75,6322.44
2022-07-25 08:55:28,9709.45,6299.74
2022-07-25 08:55:27,9811.02,6198.17
2022-07-25 08:55:26,9868.96,6140.22
2022-07-25 08:55:25,9926.73,6082.46
2022-07-25 08:55:24,9987.27,6021.92
2022-07-25 08:55:23,10053.1,5956.05
2022-07-25 08:55:22,10083.2,5925.98
2022-07-25 08:55:21,10146.6,5862.61
2022-07-25 08:55:20,10176.6,5832.57
2022-07-25 08:55:19,10236.3,5772.91
2022-07-25 08:55:18,10289,5720.16
2022-07-25 08:55:17,9848.64,6160.55
2022-07-25 08:55:16,9872.68,6136.51
2022-07-25 08:55:15,9914.9,6094.29
2022-07-25 08:55:14,9949.91,6059.27
2022-07-25 08:55:13,9992.93,6016.25
2022-07-25 08:55:12,9551.29,6457.89
2022-07-25 08:55:11,9577.67,6431.52
2022-07-25 08:55:10,9644.71,6364.47
2022-07-25 08:55:09,9711.4,6297.79
2022-07-25 08:55:08,9730.3,6278.89
2022-07-25 08:55:07,9752.33,6256.86
2022-07-25 08:55:06,9812.41,6196.77
2022-07-25 08:55:05,9843.69,6165.5
2022-07-25 08:55:04,9904.67,6104.52
2022-07-25 08:55:03,9917.75,6091.43
2022-07-25 08:55:02,10028.8,5980.35
2022-07-25 08:55:01,10057.9,5951.24
2022-07-25 08:55:00,10138.1,5871.11
2022-07-25 08:54:59,10210.1,5799.12
2022-07-25 08:54:58,10288,5721.22
2022-07-25 08:54:57,10367.8,5641.39
2022-07-25 08:54:56,10473.1,5536.07
2022-07-25 08:54:55,10547.3,5461.85
2022-07-25 08:54:54,10608.7,5400.47
2022-07-25 08:54:53,10667.9,5341.32
2022-07-25 08:54:52,10293,5716.21
2022-07-25 08:54:51,10353,5656.15
2022-07-25 08:54:50,9938.47,6070.72
2022-07-25 08:54:49,9541.86,6467.32
2022-07-25 08:54:48,9547.91,6461.27
2022-07-25 08:54:47,9605.27,6403.91
2022-07-25 08:54:46,9602.73,6406.46
2022-07-25 08:54:45,9691.95,6317.24
2022-07-25 08:54:44,9780.25,6228.93
2022-07-25 08:54:43,9806.6,6202.59
2022-07-25 08:54:42,9831.8,6177.39
2022-07-25 08:54:41,9893.77,6115.42
2022-07-25 08:54:40,9949.3,6059.89
2022-07-25 08:54:39,9998.41,6010.78
2022-07-25 08:54:38,10036.3,5972.89
2022-07-25 08:54:37,9576.3,6432.89
2022-07-25 08:54:36,9578.43,6430.76
2022-07-25 08:54:35,9582.3,6426.89
2022-07-25 08:54:34,9614.92,6394.27
2022-07-25 08:54:33,9629.73,6379.46
2022-07-25 08:54:32,9629.02,6380.16
2022-07-25 08:54:31,9629.44,6379.75
2022-07-25 08:54:30,9658.67,6350.52
2022-07-25 08:54:29,9663.15,6346.04
2022-07-25 08:54:28,9669.86,6339.33
2022-07-25 08:54:27,9690.64,6318.54
2022-07-25 08:54:26,9691.51,6317.68
2022-07-25 08:54:25,9717.07,6292.12
2022-07-25 08:54:24,9764.59,6244.59
2022-07-25 08:54:23,9790.67,6218.52
2022-07-25 08:54:22,9869.2,6139.98
2022-07-25 08:54:21,9921.88,6087.31
2022-07-25 08:54:20,10001.4,6007.78
2022-07-25 08:54:19,10013.5,5995.65
2022-07-25 08:54:18,10055,5954.16
2022-07-25 08:54:17,10129.8,5879.35
2022-07-25 08:54:16,10147.9,5861.34
2022-07-25 08:54:15,10228.3,5780.84
2022-07-25 08:54:14,10292.1,5717.04
2022-07-25 08:54:13,9990.11,6019.08
2022-07-25 08:54:12,9938.57,6070.62
2022-07-25 08:54:11,9960.89,6048.29
2022-07-25 08:54:10,9990.89,6018.3
2022-07-25 08:54:09,10087.5,5921.71
2022-07-25 08:54:08,10138.1,5871.04
2022-07-25 08:54:07,9712.75,6296.44
2022-07-25 08:54:06,9768.06,6241.13
2022-07-25 08:54:05,9760.8,6248.39
2022-07-25 08:54:04,9835.57,6173.61
2022-07-25 08:54:03,9857.42,6151.77
2022-07-25 08:54:02,9876.29,6132.9
2022-07-25 08:54:01,9887.1,6122.09
2022-07-25 08:54:00,9896.99,6112.2
2022-07-25 08:53:59,9928.99,6080.2
2022-07-25 08:53:58,9960.07,6049.12
2022-07-25 08:53:57,9990.23,6018.95
2022-07-25 08:53:56,10016.5,5992.73
2022-07-25 08:53:55,10069.7,5939.53
2022-07-25 08:53:54,10183.6,5825.58
2022-07-25 08:53:53,10230.2,5779.02
2022-07-25 08:53:52,10247.4,5761.8
2022-07-25 08:53:51,10321.5,5687.67
2022-07-25 08:53:50,10439.6,5569.56
2022-07-25 08:53:49,10499.9,5509.32
2022-07-25 08:53:48,10577.5,5431.64
2022-07-25 08:53:47,10679,5330.19
2022-07-25 08:53:46,10764.2,5245.03
2022-07-25 08:53:45,10887,5122.17
2022-07-25 08:53:44,10458.8,5550.41
2022-07-25 08:53:43,10570.7,5438.53
2022-07-25 08:53:42,10673.3,5335.84
2022-07-25 08:53:41,10785.4,5223.83
2022-07-25 08:53:40,9401.64,6607.54
2022-07-25 08:53:39,9410.39,6598.79
2022-07-25 08:53:38,9460.03,6549.16
2022-07-25 08:53:37,9474.14,6535.05
2022-07-25 08:53:36,9470.37,6538.81
2022-07-25 08:53:35,9515.64,6493.55
2022-07-25 08:53:34,9562.99,6446.2
2022-07-25 08:53:33,9587.46,6421.72
2022-07-25 08:53:32,9649.15,6360.04
2022-07-25 08:53:31,9686.45,6322.74
2022-07-25 08:53:30,9735.79,6273.4
2022-07-25 08:53:29,9740.76,6268.43
2022-07-25 08:53:28,9811.52,6197.66
2022-07-25 08:53:27,9834.16,6175.03
2022-07-25 08:53:26,9877.48,6131.7
2022-07-25 08:53:25,9913.53,6095.66
2022-07-25 08:53:24,9959.77,6049.41
2022-07-25 08:53:23,10055.2,5954.02
2022-07-25 08:53:22,9633.97,6375.22
2022-07-25 08:53:21,9635.8,6373.38
2022-07-25 08:53:20,9684.2,6324.99
2022-07-25 08:53:19,9697.4,6311.79
2022-07-25 08:53:18,9709.33,6299.86
2022-07-25 08:53:17,9709.38,6299.81
2022-07-25 08:53:16,9710.46,6298.73
2022-07-25 08:53:15,9710.06,6299.13
2022-07-25 08:53:14,9703.73,6305.46
2022-07-25 08:53:13,9709.39,6299.8
2022-07-25 08:53:12,9778,6231.19
2022-07-25 08:53:11,9798.11,6211.07
2022-07-25 08:53:10,9810.06,6199.12
2022-07-25 08:53:09,9889,6120.19
2022-07-25 08:53:08,9935.53,6073.66
2022-07-25 08:53:07,9966.21,6042.97
2022-07-25 08:53:06,10007.7,6001.48
2022-07-25 08:53:05,10089.8,5919.37
2022-07-25 08:53:04,10127.4,5881.74
2022-07-25 08:53:03,10153.5,5855.65
2022-07-25 08:53:02,10169.9,5839.27
2022-07-25 08:53:01,10299.1,5710.05
2022-07-25 08:53:00,10337.9,5671.29
2022-07-25 08:52:59,10362.8,5646.37
2022-07-25 08:52:58,10399.5,5609.67
2022-07-25 08:52:57,10002.1,6007.13
2022-07-25 08:52:56,10080.8,5928.41
2022-07-25 08:52:55,10164.3,5844.88
2022-07-25 08:52:54,10227.4,5781.74
2022-07-25 08:52:53,10286.6,5722.61
2022-07-25 08:52:52,10319.7,5689.48
2022-07-25 08:52:51,10370,5639.14
2022-07-25 08:52:50,10397.6,5611.6
2022-07-25 08:52:49,10438.5,5570.73
2022-07-25 08:52:48,10470.2,5538.95
2022-07-25 08:52:47,10483.3,5525.86
2022-07-25 08:52:46,10492.8,5516.39
2022-07-25 08:52:45,10607.5,5401.72
2022-07-25 08:52:44,10656.2,5352.95
2022-07-25 08:52:43,10676.7,5332.51
2022-07-25 08:52:42,10703.5,5305.69
2022-07-25 08:52:41,10731.5,5277.7
2022-07-25 08:52:40,10872.8,5136.42
2022-07-25 08:52:39,10927,5082.2
2022-07-25 08:52:38,10993.9,5015.25
2022-07-25 08:52:37,11033.3,4975.85
2022-07-25 08:52:36,11071.8,4937.36
2022-07-25 08:52:35,10654.3,5354.89
2022-07-25 08:52:34,10713.6,5295.54
2022-07-25 08:52:33,10766.1,5243.05
2022-07-25 08:52:32,10800.4,5208.75
2022-07-25 08:52:31,10890.4,5118.81
2022-07-25 08:52:30,10947.4,5061.82
2022-07-25 08:52:29,10985.8,5023.41
2022-07-25 08:52:28,10549.9,5459.27
2022-07-25 08:52:27,10134,5875.15
2022-07-25 08:52:26,9691.94,6317.25
2022-07-25 08:52:25,9750.23,6258.96
2022-07-25 08:52:24,9822.52,6186.66
2022-07-25 08:52:23,9855.85,6153.34
2022-07-25 08:52:22,9856.84,6152.35
2022-07-25 08:52:21,9372.53,6636.66
2022-07-25 08:52:20,9396.07,6613.11
2022-07-25 08:52:19,9475.64,6533.55
2022-07-25 08:52:18,9494.96,6514.23
2022-07-25 08:52:17,9537.59,6471.59
2022-07-25 08:52:16,9551.52,6457.67
2022-07-25 08:52:15,9560.74,6448.44
2022-07-25 08:52:14,9570.02,6439.17
2022-07-25 08:52:13,9651.75,6357.44
2022-07-25 08:52:12,9658.61,6350.57
2022-07-25 08:52:11,9667.45,6341.73
2022-07-25 08:52:10,9697.69,6311.49
2022-07-25 08:52:09,9717.71,6291.48
2022-07-25 08:52:08,9806.41,6202.77
2022-07-25 08:52:07,9875.75,6133.44
2022-07-25 08:52:06,9954.56,6054.63
2022-07-25 08:52:05,10063.7,5945.49
2022-07-25 08:52:04,10129.3,5879.87
2022-07-25 08:52:03,9678.22,6330.97
2022-07-25 08:52:02,9684.31,6324.88
2022-07-25 08:52:01,9739.39,6269.79
2022-07-25 08:52:00,9829.16,6180.03
2022-07-25 08:51:59,9843.59,6165.59
2022-07-25 08:51:58,9866.16,6143.03
2022-07-25 08:51:57,9915.47,6093.72
2022-07-25 08:51:56,9982.18,6027.01
2022-07-25 08:51:55,10037.8,5971.42
2022-07-25 08:51:54,10075.6,5933.54
2022-07-25 08:51:53,10114.2,5894.97
2022-07-25 08:51:52,10140.2,5868.99
2022-07-25 08:51:51,10217.1,5792.04
2022-07-25 08:51:50,10281.6,5727.54
2022-07-25 08:51:49,10319.4,5689.79
2022-07-25 08:51:48,10408.2,5600.95
2022-07-25 08:51:47,10512.5,5496.73
2022-07-25 08:51:46,10570.9,5438.25
2022-07-25 08:51:45,10618.6,5390.6
2022-07-25 08:51:44,10703.8,5305.34
2022-07-25 08:51:43,10767.2,5242.01
2022-07-25 08:51:42,10344.4,5664.76
2022-07-25 08:51:41,10415.4,5593.8
2022-07-25 08:51:40,10475.4,5533.8
2022-07-25 08:51:39,10527,5482.2
2022-07-25 08:51:38,10637.4,5371.79
2022-07-25 08:51:37,10699.5,5309.68
2022-07-25 08:51:36,10778.9,5230.26
2022-07-25 08:51:35,10852.8,5156.38
2022-07-25 08:51:34,10878.3,5130.93
2022-07-25 08:51:33,10431.9,5577.32
2022-07-25 08:51:32,10450.9,5558.3
2022-07-25 08:51:31,10005.3,6003.91
2022-07-25 08:51:30,10045.8,5963.36
2022-07-25 08:51:29,10063.5,5945.72
2022-07-25 08:51:28,10098.9,5910.24
2022-07-25 08:51:27,10141.8,5867.34
2022-07-25 08:51:26,10179.5,5829.66
2022-07-25 08:51:25,10209.3,5799.91
2022-07-25 08:51:24,10235.3,5773.92
2022-07-25 08:51:23,10273.3,5735.84
2022-07-25 08:51:22,10323,5686.18
2022-07-25 08:51:21,10365,5644.18
2022-07-25 08:51:20,9980.25,6028.94
2022-07-25 08:51:19,9584.85,6424.34
2022-07-25 08:51:18,9630.04,6379.15
2022-07-25 08:51:17,9659.55,6349.64
2022-07-25 08:51:16,9691.26,6317.93
2022-07-25 08:51:15,9762.92,6246.27
2022-07-25 08:51:14,9779.92,6229.27
2022-07-25 08:51:13,9917.21,6091.97
2022-07-25 08:51:12,9932.13,6077.06
2022-07-25 08:51:11,9977.32,6031.87
2022-07-25 08:51:10,10027.5,5981.73
2022-07-25 08:51:09,10051.5,5957.71
2022-07-25 08:51:08,10073.5,5935.71
2022-07-25 08:51:07,10170.6,5838.63
2022-07-25 08:51:06,10230.2,5779.01
2022-07-25 08:51:05,10299.3,5709.87
2022-07-25 08:51:04,10369.4,5639.78
2022-07-25 08:51:03,9988.39,6020.8
2022-07-25 08:51:02,10108.9,5900.32
2022-07-25 08:51:01,10184.3,5824.85
2022-07-25 08:51:00,10210.3,5798.89
2022-07-25 08:50:59,10218.2,5791.03
2022-07-25 08:50:58,9950.2,6058.98
2022-07-25 08:50:57,10013.3,5995.84
2022-07-25 08:50:56,10048.5,5960.67
2022-07-25 08:50:55,10082.2,5927
2022-07-25 08:50:54,10117.4,5891.79
2022-07-25 08:50:53,10159.3,5849.87
2022-07-25 08:50:52,10233.9,5775.28
2022-07-25 08:50:51,10304.8,5704.43
2022-07-25 08:50:50,10391.1,5618.11
2022-07-25 08:50:49,10446.6,5562.62
2022-07-25 08:50:48,9588.48,6420.7
2022-07-25 08:50:47,9588.6,6420.59
2022-07-25 08:50:46,9613.08,6396.11
2022-07-25 08:50:45,9647.29,6361.9
2022-07-25 08:50:44,9649.78,6359.41
2022-07-25 08:50:43,9709.06,6300.13
2022-07-25 08:50:42,9752.88,6256.31
2022-07-25 08:50:41,9828.78,6180.41
2022-07-25 08:50:40,9901.99,6107.2
2022-07-25 08:50:39,10014.1,5995.12
2022-07-25 08:50:38,10088,5921.15
2022-07-25 08:50:37,10100.5,5908.67
2022-07-25 08:50:36,10185.7,5823.5
2022-07-25 08:50:35,10284.3,5724.89
2022-07-25 08:50:34,10337.1,5672.14
2022-07-25 08:50:33,10378.8,5630.34
2022-07-25 08:50:32,10538.8,5470.36
2022-07-25 08:50:31,10606.3,5402.89
2022-07-25 08:50:30,10658,5351.19
2022-07-25 08:50:29,10227.9,5781.33
2022-07-25 08:50:28,10257.8,5751.4
2022-07-25 08:50:27,9815.67,6193.52
2022-07-25 08:50:26,9837.65,6171.53
2022-07-25 08:50:25,9855.99,6153.2
2022-07-25 08:50:24,9897,6112.19
2022-07-25 08:50:23,9918.93,6090.26
2022-07-25 08:50:22,9954.63,6054.56
2022-07-25 08:50:21,10024.8,5984.36
2022-07-25 08:50:20,10031.4,5977.82
2022-07-25 08:50:19,10046.7,5962.51
2022-07-25 08:50:18,10050,5959.16
2022-07-25 08:50:17,10051.2,5958
2022-07-25 08:50:16,10060.4,5948.81
2022-07-25 08:50:15,10135.8,5873.39
2022-07-25 08:50:14,10172.3,5836.89
2022-07-25 08:50:13,10232.1,5777.09
2022-07-25 08:50:12,10248.6,5760.59
2022-07-25 08:50:11,10257.8,5751.34
2022-07-25 08:50:10,10293.8,5715.44
2022-07-25 08:50:09,10306.8,5702.37
2022-07-25 08:50:08,10367.6,5641.62
2022-07-25 08:50:07,10377.9,5631.32
2022-07-25 08:50:06,10417.2,5592.03
2022-07-25 08:50:05,10453.4,5555.74
2022-07-25 08:50:04,10481.8,5527.39
2022-07-25 08:50:03,10535.5,5473.7
2022-07-25 08:50:02,10586.1,5423.12
2022-07-25 08:50:01,10607.9,5401.28
2022-07-25 08:50:00,10673.3,5335.86
2022-07-25 08:49:59,10712,5297.2
2022-07-25 08:49:58,10728.4,5280.82
2022-07-25 08:49:57,10805.7,5203.53
2022-07-25 08:49:56,10865.4,5143.74
2022-07-25 08:49:55,10953.5,5055.65
2022-07-25 08:49:54,11017.4,4991.83
2022-07-25 08:49:53,11144.7,4864.44
2022-07-25 08:49:52,11225.6,4783.61
2022-07-25 08:49:51,11364.7,4644.51
2022-07-25 08:49:50,11462.6,4546.57
2022-07-25 08:49:49,11045.5,4963.67
2022-07-25 08:49:48,10678,5331.2
2022-07-25 08:49:47,10779.7,5229.54
2022-07-25 08:49:46,10898.1,5111.13
2022-07-25 08:49:45,10581,5428.2
2022-07-25 08:49:44,10186.3,5822.86
2022-07-25 08:49:43,9673.74,6335.45
2022-07-25 08:49:42,9254.07,6755.12
2022-07-25 08:49:41,9302.17,6707.02
2022-07-25 08:49:40,9309.28,6699.9
2022-07-25 08:49:39,9310.14,6699.05
2022-07-25 08:49:38,9333.46,6675.73
2022-07-25 08:49:37,9343.17,6666.02
2022-07-25 08:49:36,9421.32,6587.86
2022-07-25 08:49:35,9448.37,6560.82
2022-07-25 08:49:34,9463.36,6545.83
2022-07-25 08:49:33,9488.27,6520.92
2022-07-25 08:49:32,9568.5,6440.68
2022-07-25 08:49:31,9589.39,6419.8
2022-07-25 08:49:30,9691.97,6317.22
2022-07-25 08:49:29,9760.06,6249.13
2022-07-25 08:49:28,9806.98,6202.21
2022-07-25 08:49:27,9854.44,6154.75
2022-07-25 08:49:26,9981.55,6027.64
2022-07-25 08:49:25,10016.6,5992.62
2022-07-25 08:49:24,10172.9,5836.3
2022-07-25 08:49:23,10224.5,5784.68
2022-07-25 08:49:22,10291.4,5717.8
2022-07-25 08:49:21,10368.8,5640.39
2022-07-25 08:49:20,10447.3,5561.93
2022-07-25 08:49:19,10509.7,5499.52
2022-07-25 08:49:18,10550.2,5458.94
2022-07-25 08:49:17,9605.13,6404.06
2022-07-25 08:49:16,9606.39,6402.8
2022-07-25 08:49:15,9607.34,6401.85
2022-07-25 08:49:14,9655.79,6353.39
2022-07-25 08:49:13,9767.5,6241.68
2022-07-25 08:49:12,9764.45,6244.74
2022-07-25 08:49:11,9772.72,6236.47
2022-07-25 08:49:10,9806.7,6202.49
2022-07-25 08:49:09,9816.97,6192.21
2022-07-25 08:49:08,9841.09,6168.1
2022-07-25 08:49:07,9925.31,6083.87
2022-07-25 08:49:06,10018.7,5990.44
2022-07-25 08:49:05,10020.6,5988.62
2022-07-25 08:49:04,10028.2,5981.02
2022-07-25 08:49:03,10047.3,5961.87
2022-07-25 08:49:02,10026.4,5982.74
2022-07-25 08:49:01,10100.6,5908.54
2022-07-25 08:49:00,10180.8,5828.39
2022-07-25 08:48:59,10253.4,5755.82
2022-07-25 08:48:58,10288.3,5720.93
2022-07-25 08:48:57,10309.7,5699.52
2022-07-25 08:48:56,10318.9,5690.29
2022-07-25 08:48:55,10343.4,5665.75
2022-07-25 08:48:54,10344.2,5664.95
2022-07-25 08:48:53,10357.7,5651.45
2022-07-25 08:48:52,10378.7,5630.46
2022-07-25 08:48:51,10395.6,5613.58
2022-07-25 08:48:50,10412.6,5596.55
2022-07-25 08:48:49,10470.8,5538.41
2022-07-25 08:48:48,10566.2,5443.04
2022-07-25 08:48:47,10628.3,5380.88
2022-07-25 08:48:46,10647.2,5361.99
2022-07-25 08:48:45,10736,5273.14
2022-07-25 08:48:44,10793.7,5215.5
2022-07-25 08:48:43,10801.5,5207.73
2022-07-25 08:48:42,10933.8,5075.4
2022-07-25 08:48:41,10996,5013.23
2022-07-25 08:48:40,11122.5,4886.69
2022-07-25 08:48:39,11210.5,4798.67
2022-07-25 08:48:38,11341.2,4668.01
2022-07-25 08:48:37,11456.1,4553.14
2022-07-25 08:48:36,11600.9,4408.31
2022-07-25 08:48:35,11723.9,4285.34
2022-07-25 08:48:34,11904.3,4104.84
2022-07-25 08:48:33,11051.6,4957.56
2022-07-25 08:48:32,9738.82,6270.36
2022-07-25 08:48:31,9401.13,6608.06
2022-07-25 08:48:30,9394.96,6614.23
2022-07-25 08:48:29,9388.66,6620.53
2022-07-25 08:48:28,9386.34,6622.85
2022-07-25 08:48:27,9395.93,6613.25
2022-07-25 08:48:26,9433.77,6575.42
2022-07-25 08:48:25,9439.89,6569.3
2022-07-25 08:48:24,9480.97,6528.21
2022-07-25 08:48:23,9587.61,6421.58
2022-07-25 08:48:22,9664.87,6344.32
2022-07-25 08:48:21,9742.03,6267.16
2022-07-25 08:48:20,9777.39,6231.79
2022-07-25 08:48:19,9787.54,6221.65
2022-07-25 08:48:18,9789.84,6219.35
2022-07-25 08:48:17,9836.15,6173.04
2022-07-25 08:48:16,9902.18,6107
2022-07-25 08:48:15,9995.52,6013.66
2022-07-25 08:48:14,10039,5970.22
2022-07-25 08:48:13,10075.5,5933.66
2022-07-25 08:48:12,10112.1,5897.08
2022-07-25 08:48:11,10148,5861.18
2022-07-25 08:48:10,10205.1,5804.04
2022-07-25 08:48:09,10241.3,5767.91
2022-07-25 08:48:08,10300.6,5708.6
2022-07-25 08:48:07,10345.4,5663.8
2022-07-25 08:48:06,10403.2,5606.02
2022-07-25 08:48:05,10508.9,5500.34
2022-07-25 08:48:04,10605.8,5403.4
2022-07-25 08:48:03,10697.2,5312.02
2022-07-25 08:48:02,10163.9,5845.28
2022-07-25 08:48:01,10251.3,5757.84
2022-07-25 08:48:00,10348.6,5660.63
2022-07-25 08:47:59,10399.6,5609.6
2022-07-25 08:47:58,9795.86,6213.33
2022-07-25 08:47:57,9891.01,6118.18
2022-07-25 08:47:56,9975.4,6033.79
2022-07-25 08:47:55,10023.3,5985.85
2022-07-25 08:47:54,9414.93,6594.26
2022-07-25 08:47:53,9428.17,6581.02
2022-07-25 08:47:52,9431.34,6577.84
2022-07-25 08:47:51,9450.77,6558.41
2022-07-25 08:47:50,9485.41,6523.78
2022-07-25 08:47:49,9486.89,6522.3
2022-07-25 08:47:48,9517.86,6491.33
2022-07-25 08:47:47,9549.78,6459.41
2022-07-25 08:47:46,9613.68,6395.51
2022-07-25 08:47:45,9669.77,6339.42
2022-07-25 08:47:44,9749.96,6259.23
2022-07-25 08:47:43,9303.74,6705.44
2022-07-25 08:47:42,9310.04,6699.14
2022-07-25 08:47:41,9307.32,6701.87
2022-07-25 08:47:40,9321.09,6688.09
2022-07-25 08:47:39,9360.33,6648.86
2022-07-25 08:47:38,9388.36,6620.82
2022-07-25 08:47:37,9415.24,6593.94
2022-07-25 08:47:36,9447.16,6562.03
2022-07-25 08:47:35,9522.23,6486.96
2022-07-25 08:47:34,9794.94,6214.25
2022-07-25 08:47:33,9915.34,6093.85
2022-07-25 08:47:32,10209.3,5799.91
2022-07-25 08:47:31,10423.1,5586.13
2022-07-25 08:47:30,10562.3,5446.85
2022-07-25 08:47:29,10093.4,5915.76
2022-07-25 08:47:28,10154.1,5855.05
2022-07-25 08:47:27,10258,5751.19
2022-07-25 08:47:26,10319.4,5689.74
2022-07-25 08:47:25,9715.14,6294.04
2022-07-25 08:47:24,9700.42,6308.77
2022-07-25 08:47:23,9350.9,6658.29
2022-07-25 08:47:22,9085.25,6923.93
2022-07-25 08:47:21,9085.7,6923.49
2022-07-25 08:47:20,9095.13,6914.05
2022-07-25 08:47:19,9094.81,6914.38
2022-07-25 08:47:18,9096.74,6912.45
2022-07-25 08:47:17,9160.53,6848.66
2022-07-25 08:47:16,9180.21,6828.97
2022-07-25 08:47:15,9194.26,6814.93
2022-07-25 08:47:14,9503.43,6505.76
2022-07-25 08:47:13,9586.47,6422.72
2022-07-25 08:47:12,9625.73,6383.46
2022-07-25 08:47:11,9650.84,6358.34
2022-07-25 08:47:10,9723.66,6285.53
2022-07-25 08:47:09,9781.36,6227.83
2022-07-25 08:47:08,9786.94,6222.24
2022-07-25 08:47:07,9192.61,6816.58
2022-07-25 08:47:06,9192.92,6816.27
2022-07-25 08:47:05,9236.85,6772.34
2022-07-25 08:47:04,9237.98,6771.21
2022-07-25 08:47:03,9395.22,6613.97
2022-07-25 08:47:02,9453.12,6556.07
2022-07-25 08:47:01,9473.38,6535.81
2022-07-25 08:47:00,9499.43,6509.76
2022-07-25 08:46:59,9563.43,6445.76
2022-07-25 08:46:58,9641.92,6367.27
2022-07-25 08:46:57,9155.02,6854.17
2022-07-25 08:46:56,9210.85,6798.34
2022-07-25 08:46:55,9224.35,6784.84
2022-07-25 08:46:54,9369.15,6640.04
2022-07-25 08:46:53,9428.2,6580.99
2022-07-25 08:46:52,9447.74,6561.45
2022-07-25 08:46:51,9519.88,6489.3
2022-07-25 08:46:50,9554.87,6454.32
2022-07-25 08:46:49,9614.93,6394.25
2022-07-25 08:46:48,9958.97,6050.22
2022-07-25 08:46:47,10091.1,5918.06
2022-07-25 08:46:46,10135,5874.23
2022-07-25 08:46:45,10468.3,5540.84
2022-07-25 08:46:44,10588.7,5420.5
2022-07-25 08:46:43,10397.9,5611.26
2022-07-25 08:46:42,10210.5,5798.64
2022-07-25 08:46:41,10267.8,5741.43
2022-07-25 08:46:40,10323.2,5685.96
2022-07-25 08:46:39,10325,5684.15
2022-07-25 08:46:38,10337.3,5671.86
2022-07-25 08:46:37,10323.7,5685.47
2022-07-25 08:46:36,9836.02,6173.17
2022-07-25 08:46:35,9836.84,6172.35
2022-07-25 08:46:34,9898.56,6110.63
2022-07-25 08:46:33,9908.65,6100.53
2022-07-25 08:46:32,10248,5761.21
2022-07-25 08:46:31,10352.9,5656.25
2022-07-25 08:46:30,10387.5,5621.68
2022-07-25 08:46:29,9925.85,6083.34
2022-07-25 08:46:28,9974.05,6035.13
2022-07-25 08:46:27,10062.9,5946.25
2022-07-25 08:46:26,10071.5,5937.69
2022-07-25 08:46:25,10243,5766.14
2022-07-25 08:46:24,10292.6,5716.61
2022-07-25 08:46:23,10349.2,5659.96
2022-07-25 08:46:22,10400.5,5608.7
2022-07-25 08:46:21,10478.1,5531.1
2022-07-25 08:46:20,9975.39,6033.79
2022-07-25 08:46:19,9992.89,6016.3
2022-07-25 08:46:18,9998.56,6010.63
2022-07-25 08:46:17,9502.71,6506.47
2022-07-25 08:46:16,9522.64,6486.54
2022-07-25 08:46:15,9526.23,6482.95
2022-07-25 08:46:14,9585.37,6423.81
2022-07-25 08:46:13,9601.1,6408.09
2022-07-25 08:46:12,9766.34,6242.85
2022-07-25 08:46:11,9825.32,6183.87
2022-07-25 08:46:10,9858.37,6150.81
2022-07-25 08:46:09,9872.44,6136.75
2022-07-25 08:46:08,9923.64,6085.54
2022-07-25 08:46:07,9995.42,6013.77
2022-07-25 08:46:06,10008.2,6000.97
2022-07-25 08:46:05,9419.24,6589.95
2022-07-25 08:46:04,9410.25,6598.93
2022-07-25 08:46:03,9411.09,6598.1
2022-07-25 08:46:02,9473.47,6535.71
2022-07-25 08:46:01,9496.64,6512.55
2022-07-25 08:46:00,9647.52,6361.67
2022-07-25 08:45:59,9709.72,6299.46
2022-07-25 08:45:58,9764.02,6245.16
2022-07-25 08:45:57,9793.32,6215.87
2022-07-25 08:45:56,9854.93,6154.26
2022-07-25 08:45:55,9953.73,6055.45
2022-07-25 08:45:54,10042.6,5966.58
2022-07-25 08:45:53,10236.9,5772.27
2022-07-25 08:45:52,10275.2,5734.03
2022-07-25 08:45:51,10327.6,5681.63
2022-07-25 08:45:50,10384.9,5624.31
2022-07-25 08:45:49,9861.29,6147.89
2022-07-25 08:45:48,9899.36,6109.83
2022-07-25 08:45:47,9937.83,6071.36
2022-07-25 08:45:46,9954.97,6054.21
2022-07-25 08:45:45,9617.4,6391.79
2022-07-25 08:45:44,9702.47,6306.72
2022-07-25 08:45:43,9728,6281.18
2022-07-25 08:45:42,9893.54,6115.65
2022-07-25 08:45:41,9987.67,6021.52
2022-07-25 08:45:40,10048,5961.16
2022-07-25 08:45:39,10122.4,5886.82
2022-07-25 08:45:38,10172.3,5836.89
2022-07-25 08:45:37,10226.6,5782.59
2022-07-25 08:45:36,10245.2,5763.97
2022-07-25 08:45:35,10247,5762.17
2022-07-25 08:45:34,10248.8,5760.4
2022-07-25 08:45:33,10252.8,5756.41
2022-07-25 08:45:32,10308.9,5700.27
2022-07-25 08:45:31,10577.1,5432.1
2022-07-25 08:45:30,10712.5,5296.71
2022-07-25 08:45:29,10764,5245.18
2022-07-25 08:45:28,10833.3,5175.88
2022-07-25 08:45:27,10877.7,5131.5
2022-07-25 08:45:26,10891.2,5118
2022-07-25 08:45:25,10887.5,5121.7
2022-07-25 08:45:24,10950.3,5058.93
2022-07-25 08:45:23,11292.9,4716.25
2022-07-25 08:45:22,11411.6,4597.55
2022-07-25 08:45:21,11513.5,4495.64
2022-07-25 08:45:20,11554.8,4454.37
2022-07-25 08:45:19,11642.6,4366.58
2022-07-25 08:45:18,11830.2,4179
2022-07-25 08:45:17,11409.5,4599.68
2022-07-25 08:45:16,11470.9,4538.27
2022-07-25 08:45:15,11470.1,4539.08
2022-07-25 08:45:14,11471.2,4538.03
2022-07-25 08:45:13,10948,5061.18
2022-07-25 08:45:12,10949,5060.18
2022-07-25 08:45:11,10951.4,5057.78
2022-07-25 08:45:10,10951.8,5057.41
2022-07-25 08:45:09,9928.14,6081.04
2022-07-25 08:45:08,9927.57,6081.62
2022-07-25 08:45:07,9937.28,6071.9
2022-07-25 08:45:06,9329.37,6679.81
2022-07-25 08:45:05,9330.61,6678.58
2022-07-25 08:45:04,9344.8,6664.39
2022-07-25 08:45:03,9346.46,6662.73
2022-07-25 08:45:02,9358.93,6650.26
2022-07-25 08:45:01,9364.61,6644.58
2022-07-25 08:45:00,9366.55,6642.64
2022-07-25 08:44:59,9374.49,6634.7
2022-07-25 08:44:58,9396.65,6612.54
2022-07-25 08:44:57,9397.21,6611.98
2022-07-25 08:44:56,9419.38,6589.81
2022-07-25 08:44:55,9421.8,6587.38
2022-07-25 08:44:54,9442.36,6566.83
2022-07-25 08:44:53,9496.61,6512.58
2022-07-25 08:44:52,9512.4,6496.79
2022-07-25 08:44:51,9687.95,6321.23
2022-07-25 08:44:50,9735.75,6273.44
2022-07-25 08:44:49,9758.33,6250.86
2022-07-25 08:44:48,9789.22,6219.97
2022-07-25 08:44:47,9871.62,6137.57
2022-07-25 08:44:46,9925.36,6083.83
2022-07-25 08:44:45,9984.87,6024.31
2022-07-25 08:44:44,9465.09,6544.09
2022-07-25 08:44:43,9503.04,6506.14
2022-07-25 08:44:42,9565.28,6443.91
2022-07-25 08:44:41,9715.44,6293.75
2022-07-25 08:44:40,9768.95,6240.24
2022-07-25 08:44:39,9824.44,6184.75
2022-07-25 08:44:38,9857.3,6151.89
2022-07-25 08:44:37,9942.41,6066.78
2022-07-25 08:44:36,10030.7,5978.46
2022-07-25 08:44:35,10217.2,5792.02
2022-07-25 08:44:34,10302.6,5706.58
2022-07-25 08:44:33,9838.23,6170.96
2022-07-25 08:44:32,9933.05,6076.13
2022-07-25 08:44:31,10150.6,5858.62
2022-07-25 08:44:30,10214.8,5794.39
2022-07-25 08:44:29,10564,5445.21
2022-07-25 08:44:28,10668,5341.15
2022-07-25 08:44:27,10753,5256.19
2022-07-25 08:44:26,10836.3,5172.92
2022-07-25 08:44:25,10923.3,5085.9
2022-07-25 08:44:24,10427.5,5581.68
2022-07-25 08:44:23,10428,5581.18
2022-07-25 08:44:22,10430.4,5578.79
2022-07-25 08:44:21,9910.15,6099.04
2022-07-25 08:44:20,9909.02,6100.17
2022-07-25 08:44:19,9926.38,6082.8
2022-07-25 08:44:18,9927.48,6081.71
2022-07-25 08:44:17,9425.41,6583.78
2022-07-25 08:44:16,9451.98,6557.2
2022-07-25 08:44:15,9453.66,6555.53
2022-07-25 08:44:14,9458.29,6550.9
2022-07-25 08:44:13,9486.9,6522.29
2022-07-25 08:44:12,9489.17,6520.02
2022-07-25 08:44:11,9526.04,6483.14
2022-07-25 08:44:10,9551.39,6457.8
2022-07-25 08:44:09,9715.16,6294.03
2022-07-25 08:44:08,9805.88,6203.31
2022-07-25 08:44:07,9823.14,6186.04
2022-07-25 08:44:06,9857.13,6152.06
2022-07-25 08:44:05,9949.69,6059.49
2022-07-25 08:44:04,9999.93,6009.25
2022-07-25 08:44:03,10030.9,5978.32
2022-07-25 08:44:02,9471.31,6537.87
2022-07-25 08:44:01,9524.26,6484.93
2022-07-25 08:44:00,9676.26,6332.93
2022-07-25 08:43:59,9709.72,6299.46
2022-07-25 08:43:58,9756.71,6252.48
2022-07-25 08:43:57,9788.06,6221.13
2022-07-25 08:43:56,9867.16,6142.03
2022-07-25 08:43:55,9889.95,6119.23
2022-07-25 08:43:54,9931.93,6077.26
2022-07-25 08:43:53,9947.77,6061.42
2022-07-25 08:43:52,10007.6,6001.57
2022-07-25 08:43:51,10038.1,5971.12
2022-07-25 08:43:50,9884.96,6124.22
2022-07-25 08:43:49,9787.94,6221.25
2022-07-25 08:43:48,9830.85,6178.34
2022-07-25 08:43:47,9863.58,6145.61
2022-07-25 08:43:46,9988.88,6020.31
2022-07-25 08:43:45,10036.8,5972.34
2022-07-25 08:43:44,10225.7,5783.48
2022-07-25 08:43:43,10277.5,5731.66
2022-07-25 08:43:42,10306,5703.22
2022-07-25 08:43:41,10407,5602.17
2022-07-25 08:43:40,10459.6,5549.61
2022-07-25 08:43:39,10668.5,5340.69
2022-07-25 08:43:38,10086,5923.2
2022-07-25 08:43:37,10117.9,5891.26
2022-07-25 08:43:36,9967.5,6041.69
2022-07-25 08:43:35,9599.34,6409.85
2022-07-25 08:43:34,9607.84,6401.34
2022-07-25 08:43:33,9609.84,6399.35
2022-07-25 08:43:32,9610.1,6399.09
2022-07-25 08:43:31,9643.2,6365.99
2022-07-25 08:43:30,9667.37,6341.82
2022-07-25 08:43:29,9910.04,6099.15
2022-07-25 08:43:28,10045.3,5963.9
2022-07-25 08:43:27,10102.6,5906.55
2022-07-25 08:43:26,10135.1,5874.13
2022-07-25 08:43:25,10213.1,5796.11
2022-07-25 08:43:24,10254.3,5754.93
2022-07-25 08:43:23,10252.7,5756.53
2022-07-25 08:43:22,10303.3,5705.86
2022-07-25 08:43:21,10319.3,5689.9
2022-07-25 08:43:20,9849.84,6159.34
2022-07-25 08:43:19,10009.8,5999.35
2022-07-25 08:43:18,10061.3,5947.92
2022-07-25 08:43:17,10094.3,5914.91
2022-07-25 08:43:16,9516.95,6492.23
2022-07-25 08:43:15,9570.02,6439.17
2022-07-25 08:43:14,9594.13,6415.05
2022-07-25 08:43:13,9594.93,6414.26
2022-07-25 08:43:12,8972.51,7036.68
2022-07-25 08:43:11,9024.28,6984.91
2022-07-25 08:43:10,9029.95,6979.24
2022-07-25 08:43:09,9155.17,6854.02
2022-07-25 08:43:08,9362.7,6646.49
2022-07-25 08:43:07,9424.39,6584.79
2022-07-25 08:43:06,9456.67,6552.52
2022-07-25 08:43:05,9507.61,6501.58
2022-07-25 08:43:04,9573.86,6435.32
2022-07-25 08:43:03,9624.37,6384.82
2022-07-25 08:43:02,9960.35,6048.84
2022-07-25 08:43:01,10045.5,5963.65
2022-07-25 08:43:00,10092.8,5916.38
2022-07-25 08:42:59,10121.2,5887.96
2022-07-25 08:42:58,10176.3,5832.88
2022-07-25 08:42:57,10215.1,5794.06
2022-07-25 08:42:56,10219.5,5789.73
2022-07-25 08:42:55,10236.3,5772.93
2022-07-25 08:42:54,9731.73,6277.46
2022-07-25 08:42:53,9759.9,6249.28
2022-07-25 08:42:52,9752.58,6256.61
2022-07-25 08:42:51,9789.36,6219.83
2022-07-25 08:42:50,9795.62,6213.57
2022-07-25 08:42:49,9816.73,6192.46
2022-07-25 08:42:48,9849.6,6159.59
2022-07-25 08:42:47,10033,5976.14
2022-07-25 08:42:46,10105.3,5903.84
2022-07-25 08:42:45,10170.3,5838.92
2022-07-25 08:42:44,10505.1,5504.07
2022-07-25 08:42:43,10635.8,5373.36
2022-07-25 08:42:42,10718.1,5291.06
2022-07-25 08:42:41,10821,5188.16
2022-07-25 08:42:40,11116.6,4892.61
2022-07-25 08:42:39,11317.7,4691.53
2022-07-25 08:42:38,11376.7,4632.48
2022-07-25 08:42:37,10948.8,5060.41
2022-07-25 08:42:36,10948.4,5060.81
2022-07-25 08:42:35,10949.9,5059.33
2022-07-25 08:42:34,10950.8,5058.38
2022-07-25 08:42:33,10959.5,5049.7
2022-07-25 08:42:32,11010.7,4998.46
2022-07-25 08:42:31,11073.3,4935.93
2022-07-25 08:42:30,11291,4718.21
2022-07-25 08:42:29,11340.1,4669.05
2022-07-25 08:42:28,11430.4,4578.74
2022-07-25 08:42:27,11456.3,4552.89
2022-07-25 08:42:26,11462.4,4546.8
2022-07-25 08:42:25,11463.4,4545.76
2022-07-25 08:42:24,11473.8,4535.4
2022-07-25 08:42:23,11488.9,4520.26
2022-07-25 08:42:22,11490,4519.16
2022-07-25 08:42:21,11506.5,4502.73
2022-07-25 08:42:20,11507.7,4501.46
2022-07-25 08:42:19,11529.2,4480.02
2022-07-25 08:42:18,11052.7,4956.48
2022-07-25 08:42:17,11090.8,4918.4
2022-07-25 08:42:16,10739.2,5269.99
2022-07-25 08:42:15,10793.3,5215.93
2022-07-25 08:42:14,10841.9,5167.25
2022-07-25 08:42:13,10917.7,5091.51
2022-07-25 08:42:12,10438.5,5570.66
2022-07-25 08:42:11,10437.5,5571.66
2022-07-25 08:42:10,10441.5,5567.66
2022-07-25 08:42:09,10444.5,5564.72
2022-07-25 08:42:08,10446.4,5562.75
2022-07-25 08:42:07,10450.2,5559.01
2022-07-25 08:42:06,10452.2,5557.03
2022-07-25 08:42:05,10455.8,5553.34
2022-07-25 08:42:04,10463.9,5545.25
2022-07-25 08:42:03,10466.5,5542.69
2022-07-25 08:42:02,10489.9,5519.29
2022-07-25 08:42:01,10490.2,5519.02
2022-07-25 08:42:00,10516.8,5492.37
2022-07-25 08:41:59,10517.1,5492.09
2022-07-25 08:41:58,10552.3,5456.93
2022-07-25 08:41:57,10592.8,5416.34
2022-07-25 08:41:56,10745.1,5264.13
2022-07-25 08:41:55,10837.9,5171.31
2022-07-25 08:41:54,10904,5105.21
2022-07-25 08:41:53,10474.1,5535.05
2022-07-25 08:41:52,10556.9,5452.34
2022-07-25 08:41:51,10554,5455.19
2022-07-25 08:41:50,10639.5,5369.74
2022-07-25 08:41:49,10284,5725.22
2022-07-25 08:41:48,10387.6,5621.61
2022-07-25 08:41:47,10447.9,5561.27
2022-07-25 08:41:46,10647.7,5361.47
2022-07-25 08:41:45,10198,5811.23
2022-07-25 08:41:44,10281.1,5728.11
2022-07-25 08:41:43,9869.07,6140.12
2022-07-25 08:41:42,9769.14,6240.04
2022-07-25 08:41:41,9791.53,6217.66
2022-07-25 08:41:40,9794.85,6214.34
2022-07-25 08:41:39,9795.91,6213.28
2022-07-25 08:41:38,9796.29,6212.9
2022-07-25 08:41:37,9168.96,6840.23
2022-07-25 08:41:36,9170.5,6838.69
2022-07-25 08:41:35,9170.53,6838.66
2022-07-25 08:41:34,9173.82,6835.37
2022-07-25 08:41:33,9174.23,6834.96
2022-07-25 08:41:32,9177.26,6831.93
2022-07-25 08:41:31,9196.88,6812.3
2022-07-25 08:41:30,9199.63,6809.56
2022-07-25 08:41:29,9199.7,6809.49
2022-07-25 08:41:28,9223.15,6786.04
2022-07-25 08:41:27,9231.27,6777.92
2022-07-25 08:41:26,9231.86,6777.33
2022-07-25 08:41:25,9256.33,6752.86
2022-07-25 08:41:24,9258.84,6750.34
2022-07-25 08:41:23,9273.62,6735.56
2022-07-25 08:41:22,9328.66,6680.53
2022-07-25 08:41:21,9361.07,6648.12
2022-07-25 08:41:20,9569.51,6439.68
2022-07-25 08:41:19,9588.38,6420.81
2022-07-25 08:41:18,9625.39,6383.8
2022-07-25 08:41:17,9701.57,6307.62
2022-07-25 08:41:16,9756.02,6253.16
2022-07-25 08:41:15,9802.4,6206.79
2022-07-25 08:41:14,9366.88,6642.31
2022-07-25 08:41:13,9393.98,6615.21
2022-07-25 08:41:12,9594.81,6414.38
2022-07-25 08:41:11,9660.31,6348.87
2022-07-25 08:41:10,9726.42,6282.77
2022-07-25 08:41:09,9911.48,6097.71
2022-07-25 08:41:08,9977.98,6031.21
2022-07-25 08:41:07,10053.2,5955.99
2022-07-25 08:41:06,10164.6,5844.64
2022-07-25 08:41:05,9714.02,6295.17
2022-07-25 08:41:04,10066.8,5942.4
2022-07-25 08:41:03,10160.4,5848.78
2022-07-25 08:41:02,10240.9,5768.29
2022-07-25 08:41:01,10279.8,5729.41
2022-07-25 08:41:00,9952.15,6057.04
2022-07-25 08:40:59,10104.5,5904.73
2022-07-25 08:40:58,10180.3,5828.91
2022-07-25 08:40:57,10225.3,5783.93
2022-07-25 08:40:56,10273.9,5735.24
2022-07-25 08:40:55,10327.9,5681.25
2022-07-25 08:40:54,10334.2,5675.01
2022-07-25 08:40:53,10334.5,5674.7
2022-07-25 08:40:52,10339.8,5669.4
2022-07-25 08:40:51,10340.1,5669.05
2022-07-25 08:40:50,10340.7,5668.45
2022-07-25 08:40:49,9840.14,6169.05
2022-07-25 08:40:48,9841.06,6168.13
2022-07-25 08:40:47,9866.48,6142.7
2022-07-25 08:40:46,9867.22,6141.97
2022-07-25 08:40:45,9873.91,6135.28
2022-07-25 08:40:44,9908.2,6100.99
2022-07-25 08:40:43,9908.17,6101.02
2022-07-25 08:40:42,9378.79,6630.39
2022-07-25 08:40:41,9404.81,6604.38
2022-07-25 08:40:40,9591.13,6418.05
2022-07-25 08:40:39,9634.92,6374.27
2022-07-25 08:40:38,9650.23,6358.96
2022-07-25 08:40:37,9676.4,6332.78
2022-07-25 08:40:36,9781.21,6227.97
2022-07-25 08:40:35,9835.03,6174.15
2022-07-25 08:40:34,9983.78,6025.41
2022-07-25 08:40:33,9436.65,6572.54
2022-07-25 08:40:32,9454.8,6554.39
2022-07-25 08:40:31,9481.83,6527.36
2022-07-25 08:40:30,9609.67,6399.52
2022-07-25 08:40:29,9657.41,6351.77
2022-07-25 08:40:28,9962.23,6046.95
2022-07-25 08:40:27,10066.5,5942.67
2022-07-25 08:40:26,10127.5,5881.65
2022-07-25 08:40:25,10153.5,5855.72
2022-07-25 08:40:24,10227.9,5781.34
2022-07-25 08:40:23,10275.4,5733.75
2022-07-25 08:40:22,9679.96,6329.23
2022-07-25 08:40:21,9663.87,6345.32
2022-07-25 08:40:20,9683.71,6325.48
2022-07-25 08:40:19,9061.07,6948.11
2022-07-25 08:40:18,9098.29,6910.9
2022-07-25 08:40:17,9119.63,6889.56
2022-07-25 08:40:16,9274.88,6734.31
2022-07-25 08:40:15,9320.09,6689.1
2022-07-25 08:40:14,9339.64,6669.55
2022-07-25 08:40:13,9366.02,6643.17
2022-07-25 08:40:12,9411.44,6597.75
2022-07-25 08:40:11,9469.48,6539.7
2022-07-25 08:40:10,9460.2,6548.99
2022-07-25 08:40:09,9255.81,6753.38
2022-07-25 08:40:08,8894.07,7115.12
2022-07-25 08:40:07,8901.87,7107.32
2022-07-25 08:40:06,9207.83,6801.36
2022-07-25 08:40:05,9282.26,6726.93
2022-07-25 08:40:04,9317.39,6691.8
2022-07-25 08:40:03,9356.04,6653.15
2022-07-25 08:40:02,9386.61,6622.58
2022-07-25 08:40:01,9431.75,6577.44
2022-07-25 08:40:00,9456.84,6552.35
2022-07-25 08:39:59,9503.99,6505.2
2022-07-25 08:39:58,9538.09,6471.1
2022-07-25 08:39:57,9844.39,6164.8
2022-07-25 08:39:56,9936.29,6072.89
2022-07-25 08:39:55,9971.45,6037.74
2022-07-25 08:39:54,9526.05,6483.14
2022-07-25 08:39:53,9578.04,6431.15
2022-07-25 08:39:52,9604.61,6404.58
2022-07-25 08:39:51,9605.38,6403.81
2022-07-25 08:39:50,9663.84,6345.35
2022-07-25 08:39:49,9672.7,6336.48
2022-07-25 08:39:48,9388.13,6621.06
2022-07-25 08:39:47,9463.15,6546.04
2022-07-25 08:39:46,9510.21,6498.97
2022-07-25 08:39:45,9542.51,6466.68
2022-07-25 08:39:44,9574.53,6434.66
2022-07-25 08:39:43,9685.46,6323.73
2022-07-25 08:39:42,9715.64,6293.55
2022-07-25 08:39:41,10014.7,5994.5
2022-07-25 08:39:40,10111.4,5897.77
2022-07-25 08:39:39,10150.5,5858.71
2022-07-25 08:39:38,10168.6,5840.61
2022-07-25 08:39:37,10235.5,5773.67
2022-07-25 08:39:36,9768.53,6240.66
2022-07-25 08:39:35,9821.43,6187.76
2022-07-25 08:39:34,10029.5,5979.73
2022-07-25 08:39:33,10197.2,5811.99
2022-07-25 08:39:32,10253.5,5755.68
2022-07-25 08:39:31,10291.5,5717.7
2022-07-25 08:39:30,10341.6,5667.56
2022-07-25 08:39:29,10406.3,5602.88
2022-07-25 08:39:28,9778.98,6230.2
2022-07-25 08:39:27,9778.77,6230.42
2022-07-25 08:39:26,9835.8,6173.39
2022-07-25 08:39:25,9839.81,6169.38
2022-07-25 08:39:24,9895.27,6113.91
2022-07-25 08:39:23,9915.48,6093.7
2022-07-25 08:39:22,10061.1,5948.11
2022-07-25 08:39:21,10094,5915.21
2022-07-25 08:39:20,10128.1,5881.09
2022-07-25 08:39:19,10187.6,5821.55
2022-07-25 08:39:18,10289.5,5719.64
2022-07-25 08:39:17,9709.43,6299.75
2022-07-25 08:39:16,10036.4,5972.83
2022-07-25 08:39:15,10105.1,5904.11
2022-07-25 08:39:14,10145.7,5863.47
2022-07-25 08:39:13,10208.4,5800.78
2022-07-25 08:39:12,10256.9,5752.28
2022-07-25 08:39:11,10297,5712.2
2022-07-25 08:39:10,10297.8,5711.35
2022-07-25 08:39:09,10323.8,5685.42
2022-07-25 08:39:08,10369.2,5639.98
2022-07-25 08:39:07,10520,5489.21
2022-07-25 08:39:06,9952.48,6056.71
2022-07-25 08:39:05,9987.71,6021.48
2022-07-25 08:39:04,10022,5987.17
2022-07-25 08:39:03,10075.5,5933.65
2022-07-25 08:39:02,10107.3,5901.87
2022-07-25 08:39:01,10109.7,5899.48
2022-07-25 08:39:00,10165.9,5843.25
2022-07-25 08:38:59,10399,5610.15
2022-07-25 08:38:58,10574,5435.23
2022-07-25 08:38:57,10093.4,5915.74
2022-07-25 08:38:56,10128.7,5880.47
2022-07-25 08:38:55,9569.03,6440.15
2022-07-25 08:38:54,9591.09,6418.1
2022-07-25 08:38:53,9231.97,6777.22
2022-07-25 08:38:52,8966.06,7043.12
2022-07-25 08:38:51,8962.41,7046.77
2022-07-25 08:38:50,9005.9,7003.29
2022-07-25 08:38:49,9017.07,6992.12
2022-07-25 08:38:48,9061.71,6947.48
2022-07-25 08:38:47,9336.89,6672.29
2022-07-25 08:38:46,9409.18,6600.01
2022-07-25 08:38:45,9438.11,6571.08
2022-07-25 08:38:44,9459.91,6549.28
2022-07-25 08:38:43,9502.93,6506.26
2022-07-25 08:38:42,9549.69,6459.5
2022-07-25 08:38:41,9574.3,6434.89
2022-07-25 08:38:40,9574.14,6435.04
2022-07-25 08:38:39,9575.27,6433.92
2022-07-25 08:38:38,9072.3,6936.89
2022-07-25 08:38:37,9067.17,6942.02
2022-07-25 08:38:36,9068.16,6941.03
2022-07-25 08:38:35,9128.15,6881.04
2022-07-25 08:38:34,9130.82,6878.37
2022-07-25 08:38:33,9383.51,6625.68
2022-07-25 08:38:32,9503.83,6505.36
2022-07-25 08:38:31,9548.16,6461.02
2022-07-25 08:38:30,9585.71,6423.48
2022-07-25 08:38:29,9620.04,6389.14
2022-07-25 08:38:28,9694.78,6314.41
2022-07-25 08:38:27,9732.51,6276.68
2022-07-25 08:38:26,9737.44,6271.75
2022-07-25 08:38:25,9780.83,6228.35
2022-07-25 08:38:24,9767.7,6241.49
2022-07-25 08:38:23,9825.76,6183.43
2022-07-25 08:38:22,9893.21,6115.98
2022-07-25 08:38:21,10064.4,5944.82
2022-07-25 08:38:20,10357.2,5651.98
2022-07-25 08:38:19,10550.6,5458.55
2022-07-25 08:38:18,10634.9,5374.31
2022-07-25 08:38:17,10742.3,5266.86
2022-07-25 08:38:16,11140.6,4868.63
2022-07-25 08:38:15,10804.9,5204.29
2022-07-25 08:38:14,10334.1,5675.08
2022-07-25 08:38:13,10396.1,5613.06
2022-07-25 08:38:12,10449.4,5559.82
2022-07-25 08:38:11,10507.4,5501.77
2022-07-25 08:38:10,9994.31,6014.88
2022-07-25 08:38:09,10006.7,6002.46
2022-07-25 08:38:08,10019.1,5990.12
2022-07-25 08:38:07,10053.5,5955.66
2022-07-25 08:38:06,9814.89,6194.3
2022-07-25 08:38:05,9705.58,6303.61
2022-07-25 08:38:04,9757.12,6252.07
2022-07-25 08:38:03,9779,6230.19
2022-07-25 08:38:02,9808,6201.19
2022-07-25 08:38:01,9856.7,6152.48
2022-07-25 08:38:00,9907.45,6101.74
2022-07-25 08:37:59,9927.71,6081.47
2022-07-25 08:37:58,9929.66,6079.52
2022-07-25 08:37:57,9931.05,6078.14
2022-07-25 08:37:56,9945.49,6063.69
2022-07-25 08:37:55,9947.07,6062.12
2022-07-25 08:37:54,9447.88,6561.3
2022-07-25 08:37:53,9462.76,6546.43
2022-07-25 08:37:52,9464.49,6544.7
2022-07-25 08:37:51,9485.81,6523.38
2022-07-25 08:37:50,9489.86,6519.33
2022-07-25 08:37:49,9494.98,6514.21
2022-07-25 08:37:48,9512.49,6496.7
2022-07-25 08:37:47,9514.53,6494.66
2022-07-25 08:37:46,9533.48,6475.7
2022-07-25 08:37:45,9648.96,6360.23
2022-07-25 08:37:44,9681.03,6328.16
2022-07-25 08:37:43,9855.21,6153.97
2022-07-25 08:37:42,9922.05,6087.13
2022-07-25 08:37:41,10003.1,6006.1
2022-07-25 08:37:40,10064.9,5944.32
2022-07-25 08:37:39,10256.9,5752.32
2022-07-25 08:37:38,10395.8,5613.38
2022-07-25 08:37:37,10456.3,5552.9
2022-07-25 08:37:36,10496.3,5512.93
2022-07-25 08:37:35,10595.2,5413.94
2022-07-25 08:37:34,10696.4,5312.79
2022-07-25 08:37:33,10385,5624.19
2022-07-25 08:37:32,10442.8,5566.34
2022-07-25 08:37:31,10628.5,5380.7
2022-07-25 08:37:30,10755,5254.2
2022-07-25 08:37:29,10826.6,5182.62
2022-07-25 08:37:28,10323.4,5685.76
2022-07-25 08:37:27,10392.2,5617
2022-07-25 08:37:26,10419.8,5589.38
2022-07-25 08:37:25,10438.7,5570.45
2022-07-25 08:37:24,10446.8,5562.37
2022-07-25 08:37:23,10467.9,5541.26
2022-07-25 08:37:22,10505.3,5503.93
2022-07-25 08:37:21,10550.4,5458.75
2022-07-25 08:37:20,10715.8,5293.34
2022-07-25 08:37:19,10754.8,5254.43
2022-07-25 08:37:18,10820.9,5188.33
2022-07-25 08:37:17,9643.45,6365.74
2022-07-25 08:37:16,9643.79,6365.4
2022-07-25 08:37:15,9652.81,6356.38
2022-07-25 08:37:14,9653.84,6355.34
2022-07-25 08:37:13,9145.41,6863.78
2022-07-25 08:37:12,9145.15,6864.04
2022-07-25 08:37:11,9144.22,6864.97
2022-07-25 08:37:10,9167.33,6841.86
2022-07-25 08:37:09,9167.09,6842.1
2022-07-25 08:37:08,9168.02,6841.16
2022-07-25 08:37:07,9190.76,6818.43
2022-07-25 08:37:06,9193.51,6815.68
2022-07-25 08:37:05,9201.89,6807.3
2022-07-25 08:37:04,9248.38,6760.8
2022-07-25 08:37:03,9376.09,6633.1
2022-07-25 08:37:02,9450.43,6558.75
2022-07-25 08:37:01,9463.04,6546.14
2022-07-25 08:37:00,9536.11,6473.07
2022-07-25 08:36:59,9607.75,6401.44
2022-07-25 08:36:58,9657.72,6351.47
2022-07-25 08:36:57,9985.93,6023.26
2022-07-25 08:36:56,9444.82,6564.37
2022-07-25 08:36:55,9476.85,6532.34
2022-07-25 08:36:54,9490.66,6518.53
2022-07-25 08:36:53,9545.46,6463.73
2022-07-25 08:36:52,9597.32,6411.86
2022-07-25 08:36:51,9097.05,6912.14
2022-07-25 08:36:50,9093.87,6915.32
2022-07-25 08:36:49,9095.09,6914.1
2022-07-25 08:36:48,9115.29,6893.9
2022-07-25 08:36:47,9115.48,6893.7
2022-07-25 08:36:46,9106.33,6902.86
2022-07-25 08:36:45,9164.96,6844.22
2022-07-25 08:36:44,9173.88,6835.3
2022-07-25 08:36:43,9331.96,6677.23
2022-07-25 08:36:42,9537.17,6472.02
2022-07-25 08:36:41,9611.96,6397.23
2022-07-25 08:36:40,9713.54,6295.64
2022-07-25 08:36:39,9758.34,6250.85
2022-07-25 08:36:38,9835.6,6173.59
2022-07-25 08:36:37,10171.3,5837.89
2022-07-25 08:36:36,10311.3,5697.9
2022-07-25 08:36:35,10377.2,5631.95
2022-07-25 08:36:34,10103.1,5906.07
2022-07-25 08:36:33,10168.1,5841.07
2022-07-25 08:36:32,10241.3,5767.89
2022-07-25 08:36:31,10288.7,5720.52
2022-07-25 08:36:30,10351.6,5657.56
2022-07-25 08:36:29,10370.5,5638.68
2022-07-25 08:36:28,10381.1,5628.12
2022-07-25 08:36:27,10382.3,5626.93
2022-07-25 08:36:26,10379.5,5629.7
2022-07-25 08:36:25,10393.6,5615.6
2022-07-25 08:36:24,10394.7,5614.44
2022-07-25 08:36:23,9925.71,6083.48
2022-07-25 08:36:22,9931.3,6077.89
2022-07-25 08:36:21,10238.4,5770.81
2022-07-25 08:36:20,10352,5657.2
2022-07-25 08:36:19,10418.9,5590.29
2022-07-25 08:36:18,10447.1,5562.11
2022-07-25 08:36:17,10547.7,5461.53
2022-07-25 08:36:16,10016.9,5992.31
2022-07-25 08:36:15,10178.3,5830.87
2022-07-25 08:36:14,10249.6,5759.59
2022-07-25 08:36:13,10291.3,5717.87
2022-07-25 08:36:12,10333.9,5675.26
2022-07-25 08:36:11,10409,5600.18
2022-07-25 08:36:10,10444.5,5564.67
2022-07-25 08:36:09,9881.68,6127.5
2022-07-25 08:36:08,9884.38,6124.81
2022-07-25 08:36:07,9933.62,6075.57
2022-07-25 08:36:06,10071.2,5937.94
2022-07-25 08:36:05,10126.4,5882.83
2022-07-25 08:36:04,10160.7,5848.49
2022-07-25 08:36:03,10203,5806.14
2022-07-25 08:36:02,10264.1,5745.05
2022-07-25 08:36:01,10310.4,5698.82
2022-07-25 08:36:00,10311.6,5697.58
2022-07-25 08:35:59,10329.1,5680.11
2022-07-25 08:35:58,10329.1,5680.14
2022-07-25 08:35:57,10351.5,5657.7
2022-07-25 08:35:56,10367.2,5641.95
2022-07-25 08:35:55,10416.1,5593.1
2022-07-25 08:35:54,10037.8,5971.34
2022-07-25 08:35:53,10009.7,5999.48
2022-07-25 08:35:52,10051,5958.22
2022-07-25 08:35:51,10106,5903.15
2022-07-25 08:35:50,10178,5831.23
2022-07-25 08:35:49,10187.5,5821.72
2022-07-25 08:35:48,10506.8,5502.34
2022-07-25 08:35:47,10602.7,5406.53
2022-07-25 08:35:46,10154,5855.19
2022-07-25 08:35:45,10238.7,5770.5
2022-07-25 08:35:44,10291.7,5717.5
2022-07-25 08:35:43,10580.2,5429.02
2022-07-25 08:35:42,10726.9,5282.29
2022-07-25 08:35:41,10160.3,5848.89
2022-07-25 08:35:40,10201.5,5807.71
2022-07-25 08:35:39,10260,5749.14
2022-07-25 08:35:38,10279.9,5729.34
2022-07-25 08:35:37,10284.3,5724.93
2022-07-25 08:35:36,10287.5,5721.64
2022-07-25 08:35:35,10291.5,5717.72
2022-07-25 08:35:34,10297.1,5712.04
2022-07-25 08:35:33,10303,5706.2
2022-07-25 08:35:32,10303.8,5705.35
2022-07-25 08:35:31,10310,5699.14
2022-07-25 08:35:30,10311.5,5697.73
2022-07-25 08:35:29,10324.2,5685.02
2022-07-25 08:35:28,10338,5671.21
2022-07-25 08:35:27,10401.8,5607.41
2022-07-25 08:35:26,10403.9,5605.31
2022-07-25 08:35:25,10746.4,5262.77
2022-07-25 08:35:24,10840.9,5168.3
2022-07-25 08:35:23,10914.3,5094.85
2022-07-25 08:35:22,11157.2,4851.98
2022-07-25 08:35:21,10613.3,5395.91
2022-07-25 08:35:20,10674.7,5334.54
2022-07-25 08:35:19,10729.3,5279.84
2022-07-25 08:35:18,10730.1,5279.06
2022-07-25 08:35:17,10782.7,5226.49
2022-07-25 08:35:16,10863.2,5146
2022-07-25 08:35:15,11188.3,4820.88
2022-07-25 08:35:14,11264.9,4744.34
2022-07-25 08:35:13,11341.8,4667.42
2022-07-25 08:35:12,10821.3,5187.88
2022-07-25 08:35:11,10821.8,5187.39
2022-07-25 08:35:10,10823.1,5186.1
2022-07-25 08:35:09,10821.9,5187.32
2022-07-25 08:35:08,10822.2,5186.96
2022-07-25 08:35:07,10824.2,5184.94
2022-07-25 08:35:06,10307.4,5701.82
2022-07-25 08:35:05,10309.3,5699.89
2022-07-25 08:35:04,10310.1,5699.07
2022-07-25 08:35:03,10355,5654.21
2022-07-25 08:35:02,10675.9,5333.29
2022-07-25 08:35:01,10255.7,5753.52
2022-07-25 08:35:00,9680.59,6328.6
2022-07-25 08:34:59,9706.65,6302.54
2022-07-25 08:34:58,9758.43,6250.76
2022-07-25 08:34:57,9808.82,6200.37
2022-07-25 08:34:56,9810.94,6198.25
2022-07-25 08:34:55,9810.71,6198.47
2022-07-25 08:34:54,9834.45,6174.74
2022-07-25 08:34:53,9836.03,6173.16
2022-07-25 08:34:52,9862.14,6147.05
2022-07-25 08:34:51,9865,6144.19
2022-07-25 08:34:50,9863.07,6146.12
2022-07-25 08:34:49,9894.01,6115.18
2022-07-25 08:34:48,9284.99,6724.2
2022-07-25 08:34:47,9334.54,6674.64
2022-07-25 08:34:46,9359.96,6649.22
2022-07-25 08:34:45,9543.5,6465.69
2022-07-25 08:34:44,9567.69,6441.5
2022-07-25 08:34:43,9605.15,6404.04
2022-07-25 08:34:42,9643.73,6365.46
2022-07-25 08:34:41,9691.88,6317.31
2022-07-25 08:34:40,9733.99,6275.2
2022-07-25 08:34:39,9765.73,6243.45
2022-07-25 08:34:38,9765.56,6243.62
2022-07-25 08:34:37,9158.06,6851.13
2022-07-25 08:34:36,9212.68,6796.5
2022-07-25 08:34:35,9205.59,6803.6
2022-07-25 08:34:34,9224.06,6785.13
2022-07-25 08:34:33,9280.76,6728.43
2022-07-25 08:34:32,9309.74,6699.45
2022-07-25 08:34:31,9513.42,6495.77
2022-07-25 08:34:30,9541.22,6467.96
2022-07-25 08:34:29,9590.5,6418.68
2022-07-25 08:34:28,9625.23,6383.96
2022-07-25 08:34:27,9820.98,6188.21
2022-07-25 08:34:26,9991.99,6017.2
2022-07-25 08:34:25,10043.6,5965.59
2022-07-25 08:34:24,10380.2,5629.01
2022-07-25 08:34:23,9910.13,6099.06
2022-07-25 08:34:22,9976.9,6032.29
2022-07-25 08:34:21,10034.7,5974.46
2022-07-25 08:34:20,10098.5,5910.71
2022-07-25 08:34:19,10130.5,5878.68
2022-07-25 08:34:18,10131.9,5877.31
2022-07-25 08:34:17,10132.5,5876.71
2022-07-25 08:34:16,10133.2,5876.03
2022-07-25 08:34:15,10133.2,5875.99
2022-07-25 08:34:14,10170.3,5838.87
2022-07-25 08:34:13,10261.8,5747.41
2022-07-25 08:34:12,10559.6,5449.59
2022-07-25 08:34:11,10639,5370.23
2022-07-25 08:34:10,10693,5316.17
2022-07-25 08:34:09,10761.3,5247.86
2022-07-25 08:34:08,10820.8,5188.38
2022-07-25 08:34:07,10849.2,5160.01
2022-07-25 08:34:06,11216.8,4792.41
2022-07-25 08:34:05,11279,4730.23
2022-07-25 08:34:04,11374,4635.22
2022-07-25 08:34:03,11374.8,4634.36
2022-07-25 08:34:02,11369.2,4639.98
2022-07-25 08:34:01,10846.4,5162.79
2022-07-25 08:34:00,10909.7,5099.53
2022-07-25 08:33:59,11281.2,4728.02
2022-07-25 08:33:58,11343.2,4666.01
2022-07-25 08:33:57,11452.3,4556.87
2022-07-25 08:33:56,11453.9,4555.29
2022-07-25 08:33:55,11453.4,4555.78
2022-07-25 08:33:54,11455.2,4553.95
2022-07-25 08:33:53,11454.6,4554.62
2022-07-25 08:33:52,11453.7,4555.53
2022-07-25 08:33:51,11453.5,4555.67
2022-07-25 08:33:50,10857.7,5151.45
2022-07-25 08:33:49,10855.3,5153.88
2022-07-25 08:33:48,10347.1,5662.14
2022-07-25 08:33:47,10348.9,5660.32
2022-07-25 08:33:46,10349.3,5659.89
2022-07-25 08:33:45,10350,5659.2
2022-07-25 08:33:44,10351.1,5658.06
2022-07-25 08:33:43,10352.2,5657
2022-07-25 08:33:42,10408.1,5601.07
2022-07-25 08:33:41,10203.1,5806.12
2022-07-25 08:33:40,9894.05,6115.14
2022-07-25 08:33:39,9916.44,6092.75
2022-07-25 08:33:38,10096.3,5912.88
2022-07-25 08:33:37,10140.8,5868.39
2022-07-25 08:33:36,10172.7,5836.5
2022-07-25 08:33:35,10216.5,5792.7
2022-07-25 08:33:34,10278,5731.21
2022-07-25 08:33:33,10304.2,5704.97
2022-07-25 08:33:32,9806.4,6202.79
2022-07-25 08:33:31,9805.61,6203.58
2022-07-25 08:33:30,9810.72,6198.47
2022-07-25 08:33:29,9305.58,6703.61
2022-07-25 08:33:28,9307.48,6701.71
2022-07-25 08:33:27,9346.93,6662.25
2022-07-25 08:33:26,9387.2,6621.99
2022-07-25 08:33:25,9597.05,6412.13
2022-07-25 08:33:24,9691.3,6317.89
2022-07-25 08:33:23,9783.82,6225.36
2022-07-25 08:33:22,9819.04,6190.14
2022-07-25 08:33:21,9880.7,6128.49
2022-07-25 08:33:20,9942.26,6066.93
2022-07-25 08:33:19,10122,5887.16
2022-07-25 08:33:18,10209.6,5799.61
2022-07-25 08:33:17,9716.71,6292.48
2022-07-25 08:33:16,9724.97,6284.21
2022-07-25 08:33:15,9772.88,6236.31
2022-07-25 08:33:14,9830.54,6178.65
2022-07-25 08:33:13,9840.23,6168.96
2022-07-25 08:33:12,9844.4,6164.78
2022-07-25 08:33:11,9331.71,6677.48
2022-07-25 08:33:10,9332.57,6676.61
2022-07-25 08:33:09,9334.48,6674.7
2022-07-25 08:33:08,9395.87,6613.32
2022-07-25 08:33:07,9399.18,6610.01
2022-07-25 08:33:06,9639.79,6369.4
2022-07-25 08:33:05,9737.64,6271.55
2022-07-25 08:33:04,9783.64,6225.55
2022-07-25 08:33:03,9853.55,6155.64
2022-07-25 08:33:02,9895.98,6113.21
2022-07-25 08:33:01,9943.41,6065.78
2022-07-25 08:33:00,9989.98,6019.2
2022-07-25 08:32:59,10005.9,6003.29
2022-07-25 08:32:58,9435.57,6573.61
2022-07-25 08:32:57,9476.7,6532.48
2022-07-25 08:32:56,9496.66,6512.53
2022-07-25 08:32:55,9698.78,6310.41
2022-07-25 08:32:54,9782.73,6226.46
2022-07-25 08:32:53,9823.36,6185.83
2022-07-25 08:32:52,10011.5,5997.65
2022-07-25 08:32:51,10127.4,5881.8
2022-07-25 08:32:50,10192.5,5816.66
2022-07-25 08:32:49,10235.5,5773.64
2022-07-25 08:32:48,9819.77,6189.41
2022-07-25 08:32:47,9863.49,6145.7
2022-07-25 08:32:46,9385.89,6623.3
2022-07-25 08:32:45,9408.05,6601.14
2022-07-25 08:32:44,9417.66,6591.53
2022-07-25 08:32:43,9464.48,6544.7
2022-07-25 08:32:42,9522.62,6486.57
2022-07-25 08:32:41,9713.08,6296.11
2022-07-25 08:32:40,9717.52,6291.67
2022-07-25 08:32:39,9749.06,6260.13
2022-07-25 08:32:38,9809.59,6199.6
2022-07-25 08:32:37,9863.23,6145.96
2022-07-25 08:32:36,9944.68,6064.5
2022-07-25 08:32:35,9971.94,6037.25
2022-07-25 08:32:34,10163.2,5845.94
2022-07-25 08:32:33,10183.6,5825.61
2022-07-25 08:32:32,10216.2,5792.96
2022-07-25 08:32:31,10270.8,5738.34
2022-07-25 08:32:30,9717.32,6291.87
2022-07-25 08:32:29,9723.18,6286.01
2022-07-25 08:32:28,9731.76,6277.43
2022-07-25 08:32:27,9226.42,6782.77
2022-07-25 08:32:26,9223.63,6785.56
2022-07-25 08:32:25,9237.28,6771.9
2022-07-25 08:32:24,9286.1,6723.09
2022-07-25 08:32:23,9288.74,6720.45
2022-07-25 08:32:22,9535.1,6474.09
2022-07-25 08:32:21,9670.65,6338.54
2022-07-25 08:32:20,9743.66,6265.53
2022-07-25 08:32:19,9799.84,6209.35
2022-07-25 08:32:18,9818.14,6191.05
2022-07-25 08:32:17,9885.63,6123.56
2022-07-25 08:32:16,9960.41,6048.77
2022-07-25 08:32:15,10027.2,5982.01
2022-07-25 08:32:14,9533.01,6476.18
2022-07-25 08:32:13,9720.66,6288.53
2022-07-25 08:32:12,9777.99,6231.2
2022-07-25 08:32:11,9836.32,6172.87
2022-07-25 08:32:10,9868.33,6140.86
2022-07-25 08:32:09,10057,5952.18
2022-07-25 08:32:08,10148.9,5860.3
2022-07-25 08:32:07,10208.6,5800.62
2022-07-25 08:32:06,10242.8,5766.41
2022-07-25 08:32:05,10301.2,5708.01
2022-07-25 08:32:04,10362.2,5647.02
2022-07-25 08:32:03,10374.6,5634.59
2022-07-25 08:32:02,10377.3,5631.92
2022-07-25 08:32:01,10397.3,5611.84
2022-07-25 08:32:00,10400.9,5608.26
2022-07-25 08:31:59,10460.7,5548.52
2022-07-25 08:31:58,10704.6,5304.54
2022-07-25 08:31:57,10875.7,5133.51
2022-07-25 08:31:56,10986.6,5022.58
2022-07-25 08:31:55,11057.3,4951.9
2022-07-25 08:31:54,11296.6,4712.6
2022-07-25 08:31:53,11367,4642.22
2022-07-25 08:31:52,10859.1,5150.04
2022-07-25 08:31:51,10884.6,5124.57
2022-07-25 08:31:50,10905.3,5103.88
2022-07-25 08:31:49,10905.3,5103.92
2022-07-25 08:31:48,10948.1,5061.07
2022-07-25 08:31:47,10359.8,5649.42
2022-07-25 08:31:46,10411.1,5598.09
2022-07-25 08:31:45,10455.9,5553.34
2022-07-25 08:31:44,10624,5385.14
2022-07-25 08:31:43,10662.2,5347.03
2022-07-25 08:31:42,10721.8,5287.43
2022-07-25 08:31:41,10780.3,5228.93
2022-07-25 08:31:40,10779.4,5229.81
2022-07-25 08:31:39,10779.4,5229.77
2022-07-25 08:31:38,10777.6,5231.62
2022-07-25 08:31:37,9729.28,6279.91
2022-07-25 08:31:36,9727.3,6281.89
2022-07-25 08:31:35,9730.45,6278.73
2022-07-25 08:31:34,9731.33,6277.86
2022-07-25 08:31:33,9732.51,6276.68
2022-07-25 08:31:32,9789.48,6219.7
2022-07-25 08:31:31,9297.55,6711.64
2022-07-25 08:31:30,9589.11,6420.07
2022-07-25 08:31:29,9652.59,6356.6
2022-07-25 08:31:28,9692.57,6316.62
2022-07-25 08:31:27,9730.64,6278.54
2022-07-25 08:31:26,9761.79,6247.4
2022-07-25 08:31:25,9813.11,6196.08
2022-07-25 08:31:24,9852.56,6156.63
2022-07-25 08:31:23,9357.51,6651.68
2022-07-25 08:31:22,9358.45,6650.74
2022-07-25 08:31:21,9351.67,6657.52
2022-07-25 08:31:20,9353.05,6656.14
2022-07-25 08:31:19,9406.5,6602.69
2022-07-25 08:31:18,9412.27,6596.91
2022-07-25 08:31:17,9658.72,6350.47
2022-07-25 08:31:16,9742.2,6266.99
2022-07-25 08:31:15,9803.24,6205.95
2022-07-25 08:31:14,9841.88,6167.31
2022-07-25 08:31:13,9865.25,6143.94
2022-07-25 08:31:12,9918.38,6090.81
2022-07-25 08:31:11,9993.31,6015.88
2022-07-25 08:31:10,10026.5,5982.72
2022-07-25 08:31:09,10032.7,5976.48
2022-07-25 08:31:08,10051.9,5957.33
2022-07-25 08:31:07,10092.4,5916.75
2022-07-25 08:31:06,10145.4,5863.79
2022-07-25 08:31:05,9717.67,6291.52
2022-07-25 08:31:04,9781.88,6227.31
2022-07-25 08:31:03,10011.5,5997.73
2022-07-25 08:31:02,10033.3,5975.86
2022-07-25 08:31:01,10182.6,5826.54
2022-07-25 08:31:00,10337,5672.16
2022-07-25 08:30:59,10395.9,5613.3
2022-07-25 08:30:58,10480.2,5529.01
2022-07-25 08:30:57,10568.9,5440.33
2022-07-25 08:30:56,10654.1,5355.09
2022-07-25 08:30:55,10848.6,5160.54
2022-07-25 08:30:54,10914.6,5094.59
2022-07-25 08:30:53,10972.3,5036.93
2022-07-25 08:30:52,11075,4934.22
2022-07-25 08:30:51,11127.5,4881.67
2022-07-25 08:30:50,11279.4,4729.8
2022-07-25 08:30:49,11356.8,4652.37
2022-07-25 08:30:48,10804.3,5204.9
2022-07-25 08:30:47,10866.9,5142.3
2022-07-25 08:30:46,10243.9,5765.25
2022-07-25 08:30:45,10241.8,5767.43
2022-07-25 08:30:44,10242,5767.16
2022-07-25 08:30:43,10244.6,5764.61
2022-07-25 08:30:42,10257.1,5752.05
2022-07-25 08:30:41,10311.3,5697.93
2022-07-25 08:30:40,10314.7,5694.5
2022-07-25 08:30:39,10383,5626.22
2022-07-25 08:30:38,10557.9,5451.31
2022-07-25 08:30:37,10602.9,5406.25
2022-07-25 08:30:36,10658.4,5350.81
2022-07-25 08:30:35,10104.8,5904.37
2022-07-25 08:30:34,10103.2,5905.98
2022-07-25 08:30:33,10105.1,5904.11
2022-07-25 08:30:32,10103,5906.14
2022-07-25 08:30:31,10103.9,5905.28
2022-07-25 08:30:30,10097.5,5911.67
2022-07-25 08:30:29,10097.4,5911.75
2022-07-25 08:30:28,9599.4,6409.79
2022-07-25 08:30:27,9598.4,6410.79
2022-07-25 08:30:26,9587.95,6421.24
2022-07-25 08:30:25,9584.27,6424.91
2022-07-25 08:30:24,9644.18,6365.01
2022-07-25 08:30:23,9647.87,6361.32
2022-07-25 08:30:22,9964.87,6044.32
2022-07-25 08:30:21,10076.3,5932.92
2022-07-25 08:30:20,10453,5556.18
2022-07-25 08:30:19,10566.9,5442.27
2022-07-25 08:30:18,10640.5,5368.7
2022-07-25 08:30:17,10728.2,5280.96
2022-07-25 08:30:16,10302.9,5706.26
2022-07-25 08:30:15,10341.2,5667.98
2022-07-25 08:30:14,10342.1,5667.11
2022-07-25 08:30:13,10342.9,5666.31
2022-07-25 08:30:12,9722.92,6286.27
2022-07-25 08:30:11,9722.91,6286.28
2022-07-25 08:30:10,9181.63,6827.56
2022-07-25 08:30:09,9188.38,6820.81
2022-07-25 08:30:08,9502.91,6506.28
2022-07-25 08:30:07,9586.41,6422.78
2022-07-25 08:30:06,9632.66,6376.53
2022-07-25 08:30:05,9676.73,6332.46
2022-07-25 08:30:04,9730.16,6279.03
2022-07-25 08:30:03,9774.62,6234.57
2022-07-25 08:30:02,9800.9,6208.29
2022-07-25 08:30:01,9806.52,6202.67
2022-07-25 08:30:00,9807.57,6201.62
2022-07-25 08:29:59,9322.37,6686.81
2022-07-25 08:29:58,9325.31,6683.87
2022-07-25 08:29:57,9375.77,6633.41
2022-07-25 08:29:56,9400.7,6608.49
2022-07-25 08:29:55,9571.5,6437.69
2022-07-25 08:29:54,9605.08,6404.11
2022-07-25 08:29:53,9627.56,6381.63
2022-07-25 08:29:52,9669.42,6339.77
2022-07-25 08:29:51,9719.56,6289.62
2022-07-25 08:29:50,9768,6241.19
2022-07-25 08:29:49,9798.73,6210.46
2022-07-25 08:29:48,9302.77,6706.42
2022-07-25 08:29:47,9312.36,6696.83
2022-07-25 08:29:46,9314.07,6695.11
2022-07-25 08:29:45,9356.04,6653.14
2022-07-25 08:29:44,9367.97,6641.22
2022-07-25 08:29:43,9525.71,6483.48
2022-07-25 08:29:42,9568.22,6440.96
2022-07-25 08:29:41,9591.15,6418.04
2022-07-25 08:29:40,9614.42,6394.77
2022-07-25 08:29:39,9666.15,6343.03
2022-07-25 08:29:38,9751.05,6258.14
2022-07-25 08:29:37,9997.82,6011.36
2022-07-25 08:29:36,10140.5,5868.7
2022-07-25 08:29:35,10218,5791.15
2022-07-25 08:29:34,10259.7,5749.45
2022-07-25 08:29:33,10360.7,5648.52
2022-07-25 08:29:32,10435.6,5573.64
2022-07-25 08:29:31,10748.9,5260.34
2022-07-25 08:29:30,10870.3,5138.86
2022-07-25 08:29:29,10922.2,5087.03
2022-07-25 08:29:28,11007.7,5001.52
2022-07-25 08:29:27,11063.8,4945.39
2022-07-25 08:29:26,11117.6,4891.63
2022-07-25 08:29:25,10802.2,5207.01
2022-07-25 08:29:24,10861.2,5147.99
2022-07-25 08:29:23,10848.1,5161.12
2022-07-25 08:29:22,10377.6,5631.6
2022-07-25 08:29:21,10451.3,5557.9
2022-07-25 08:29:20,10456.9,5552.31
2022-07-25 08:29:19,10514.1,5495.04
2022-07-25 08:29:18,10670.2,5339.02
2022-07-25 08:29:17,10736,5273.22
2022-07-25 08:29:16,10785.2,5223.98
2022-07-25 08:29:15,10856.8,5152.36
2022-07-25 08:29:14,10904.6,5104.6
2022-07-25 08:29:13,10911.2,5098.01
2022-07-25 08:29:12,10912.1,5097.13
2022-07-25 08:29:11,10921.7,5087.53
2022-07-25 08:29:10,10933.3,5075.89
2022-07-25 08:29:09,10948,5061.21
2022-07-25 08:29:08,10963.7,5045.53
2022-07-25 08:29:07,10965.5,5043.66
2022-07-25 08:29:06,10980.3,5028.9
2022-07-25 08:29:05,11063.4,4945.76
2022-07-25 08:29:04,11217.8,4791.38
2022-07-25 08:29:03,11301.7,4707.51
2022-07-25 08:29:02,11372.5,4636.66
2022-07-25 08:29:01,11366.7,4642.49
2022-07-25 08:29:00,11367.1,4642.09
2022-07-25 08:28:59,11417.2,4592.02
2022-07-25 08:28:58,11805.4,4203.82
2022-07-25 08:28:57,11885.4,4123.83
2022-07-25 08:28:56,11979.8,4029.37
2022-07-25 08:28:55,11980,4029.18
2022-07-25 08:28:54,11979.7,4029.44
2022-07-25 08:28:53,11979.1,4030.07
2022-07-25 08:28:52,11978.9,4030.27
2022-07-25 08:28:51,11979.6,4029.64
2022-07-25 08:28:50,11979.9,4029.31
2022-07-25 08:28:49,11980,4029.14
2022-07-25 08:28:48,11979.5,4029.67
2022-07-25 08:28:47,11980,4029.21
2022-07-25 08:28:46,11980.1,4029.05
2022-07-25 08:28:45,11980.5,4028.67
2022-07-25 08:28:44,11980.3,4028.93
2022-07-25 08:28:43,11980.3,4028.85
2022-07-25 08:28:42,11980,4029.18
2022-07-25 08:28:41,11980.6,4028.58
2022-07-25 08:28:40,11980,4029.17
2022-07-25 08:28:39,11980.3,4028.88
2022-07-25 08:28:38,11980.1,4029.07
2022-07-25 08:28:37,11980,4029.19
2022-07-25 08:28:36,11979,4030.16
2022-07-25 08:28:35,11978.7,4030.47
2022-07-25 08:28:34,11453.6,4555.54
2022-07-25 08:28:33,11454.4,4554.81
2022-07-25 08:28:32,11454.7,4554.45
2022-07-25 08:28:31,11455.6,4553.54
2022-07-25 08:28:30,11455.2,4554
2022-07-25 08:28:29,10830.4,5178.75
2022-07-25 08:28:28,10311.7,5697.46
2022-07-25 08:28:27,10314.3,5694.86
2022-07-25 08:28:26,10315.3,5693.85
2022-07-25 08:28:25,9726.38,6282.8
2022-07-25 08:28:24,9725.46,6283.72
2022-07-25 08:28:23,9726.94,6282.25
2022-07-25 08:28:22,9732.07,6277.11
2022-07-25 08:28:21,9120.63,6888.56
2022-07-25 08:28:20,9123.67,6885.52
2022-07-25 08:28:19,9131.31,6877.88
2022-07-25 08:28:18,9134.68,6874.51
2022-07-25 08:28:17,9133.94,6875.24
2022-07-25 08:28:16,9149.25,6859.94
2022-07-25 08:28:15,9150.59,6858.59
2022-07-25 08:28:14,9164.94,6844.25
2022-07-25 08:28:13,9166.84,6842.34
2022-07-25 08:28:12,9166.18,6843.01
2022-07-25 08:28:11,9183.57,6825.62
2022-07-25 08:28:10,9183.7,6825.49
2022-07-25 08:28:09,9185.21,6823.97
2022-07-25 08:28:08,9198.65,6810.54
2022-07-25 08:28:07,9210.38,6798.8
2022-07-25 08:28:06,9254.6,6754.59
2022-07-25 08:28:05,9280.84,6728.35
2022-07-25 08:28:04,9469.22,6539.96
2022-07-25 08:28:03,9498.01,6511.18
2022-07-25 08:28:02,9532.9,6476.29
2022-07-25 08:28:01,9580.68,6428.51
2022-07-25 08:28:00,9638.73,6370.46
2022-07-25 08:27:59,9681.55,6327.64
2022-07-25 08:27:58,9758.25,6250.94
2022-07-25 08:27:57,9795.43,6213.76
2022-07-25 08:27:56,10120.2,5888.98
2022-07-25 08:27:55,10233.2,5776.03
2022-07-25 08:27:54,9787.2,6221.99
2022-07-25 08:27:53,9975.43,6033.76
2022-07-25 08:27:52,10044.6,5964.57
2022-07-25 08:27:51,10119.5,5889.68
2022-07-25 08:27:50,10171.8,5837.4
2022-07-25 08:27:49,10291.9,5717.27
2022-07-25 08:27:48,10330.9,5678.28
2022-07-25 08:27:47,10668.1,5341.04
2022-07-25 08:27:46,10165.1,5844.06
2022-07-25 08:27:45,10413.8,5595.38
2022-07-25 08:27:44,10574.5,5434.71
2022-07-25 08:27:43,10700.1,5309.08
2022-07-25 08:27:42,10132.7,5876.46
2022-07-25 08:27:41,10189.5,5819.68
2022-07-25 08:27:40,10245.8,5763.38
2022-07-25 08:27:39,10248.3,5760.92
2022-07-25 08:27:38,10247.3,5761.88
2022-07-25 08:27:37,10247.4,5761.82
2022-07-25 08:27:36,10246.6,5762.62
2022-07-25 08:27:35,10238.3,5770.86
2022-07-25 08:27:34,10237.2,5772
2022-07-25 08:27:33,10238.6,5770.61
2022-07-25 08:27:32,9737.19,6272
2022-07-25 08:27:31,9751.25,6257.94
2022-07-25 08:27:30,9752.93,6256.26
2022-07-25 08:27:29,9795.7,6213.48
2022-07-25 08:27:28,9799.53,6209.66
2022-07-25 08:27:27,9801.4,6207.79
2022-07-25 08:27:26,9868.74,6140.45
2022-07-25 08:27:25,9905.96,6103.22
2022-07-25 08:27:24,10102,5907.14
2022-07-25 08:27:23,10123.2,5885.95
2022-07-25 08:27:22,10151.6,5857.57
2022-07-25 08:27:21,10274.9,5734.32
2022-07-25 08:27:20,10342,5667.17
2022-07-25 08:27:19,10036.2,5972.95
2022-07-25 08:27:18,10109.1,5900.12
2022-07-25 08:27:17,10157.9,5851.3
2022-07-25 08:27:16,10262.7,5746.48
2022-07-25 08:27:15,10307.6,5701.6
2022-07-25 08:27:14,10656.4,5352.76
2022-07-25 08:27:13,10753,5256.14
2022-07-25 08:27:12,10797.6,5211.54
2022-07-25 08:27:11,10893.6,5115.62
2022-07-25 08:27:10,10937.4,5071.74
2022-07-25 08:27:09,10955.4,5053.82
2022-07-25 08:27:08,10972.8,5036.41
2022-07-25 08:27:07,10361,5648.18
2022-07-25 08:27:06,10420.8,5588.38
2022-07-25 08:27:05,10605.9,5403.27
2022-07-25 08:27:04,10646.6,5362.62
2022-07-25 08:27:03,10697.5,5311.7
2022-07-25 08:27:02,10763.5,5245.73
2022-07-25 08:27:01,10762.9,5246.27
2022-07-25 08:27:00,10762.4,5246.8
2022-07-25 08:26:59,10763,5246.14
2022-07-25 08:26:58,10764,5245.15
2022-07-25 08:26:57,10820.4,5188.82
2022-07-25 08:26:56,10864.8,5144.35
2022-07-25 08:26:55,11222,4787.21
2022-07-25 08:26:54,11286.8,4722.42
2022-07-25 08:26:53,11381.8,4627.37
2022-07-25 08:26:52,11383.5,4625.7
2022-07-25 08:26:51,11372,4637.23
2022-07-25 08:26:50,11373.2,4635.96
2022-07-25 08:26:49,11419.3,4589.91
2022-07-25 08:26:48,11778.2,4230.97
2022-07-25 08:26:47,11870.9,4138.29
2022-07-25 08:26:46,11980.9,4028.24
2022-07-25 08:26:45,11980.6,4028.61
2022-07-25 08:26:44,11980.9,4028.32
2022-07-25 08:26:43,11980.1,4029.09
2022-07-25 08:26:42,11378.8,4630.38
2022-07-25 08:26:41,11378.3,4630.89
2022-07-25 08:26:40,11378.4,4630.77
2022-07-25 08:26:39,11378,4631.2
2022-07-25 08:26:38,11378.8,4630.41
2022-07-25 08:26:37,11377.9,4631.25
2022-07-25 08:26:36,11377.6,4631.61
2022-07-25 08:26:35,11377.3,4631.89
2022-07-25 08:26:34,11377.5,4631.66
2022-07-25 08:26:33,11376.1,4633.05
2022-07-25 08:26:32,10861.9,5147.28
2022-07-25 08:26:31,10862.7,5146.47
2022-07-25 08:26:30,10862.7,5146.47
2022-07-25 08:26:29,10865.1,5144.06
2022-07-25 08:26:28,10866.1,5143.13
2022-07-25 08:26:27,10534.5,5474.73
2022-07-25 08:26:26,10729.3,5279.9
2022-07-25 08:26:25,10815.3,5193.85
2022-07-25 08:26:24,10871.1,5138.04
2022-07-25 08:26:23,10961.8,5047.34
2022-07-25 08:26:22,10349.1,5660.09
2022-07-25 08:26:21,10351.9,5657.24
2022-07-25 08:26:20,10352.6,5656.63
2022-07-25 08:26:19,10370.2,5638.97
2022-07-25 08:26:18,10370.8,5638.36
2022-07-25 08:26:17,9881.39,6127.8
2022-07-25 08:26:16,9881.39,6127.8
2022-07-25 08:26:15,9902.59,6106.59
2022-07-25 08:26:14,9301.19,6708
2022-07-25 08:26:13,9292.21,6716.98
2022-07-25 08:26:12,9300.94,6708.25
2022-07-25 08:26:11,9301.99,6707.2
2022-07-25 08:26:10,9347.12,6662.06
2022-07-25 08:26:09,9356.2,6652.99
2022-07-25 08:26:08,9521.32,6487.87
2022-07-25 08:26:07,9586.52,6422.67
2022-07-25 08:26:06,9606.59,6402.6
2022-07-25 08:26:05,9636.74,6372.45
2022-07-25 08:26:04,9690.07,6319.11
2022-07-25 08:26:03,9765.96,6243.22
2022-07-25 08:26:02,9775.77,6233.42
2022-07-25 08:26:01,9775.71,6233.48
2022-07-25 08:26:00,9811.31,6197.88
2022-07-25 08:25:59,9814.27,6194.91
2022-07-25 08:25:58,9871.16,6138.02
2022-07-25 08:25:57,10016.5,5992.65
2022-07-25 08:25:56,10106.6,5902.56
2022-07-25 08:25:55,9615.39,6393.8
2022-07-25 08:25:54,9627.63,6381.56
2022-07-25 08:25:53,9684.77,6324.42
2022-07-25 08:25:52,9796.92,6212.27
2022-07-25 08:25:51,9814.28,6194.91
2022-07-25 08:25:50,10148.4,5860.84
2022-07-25 08:25:49,9742.81,6266.38
2022-07-25 08:25:48,9760.9,6248.29
2022-07-25 08:25:47,9805.26,6203.93
2022-07-25 08:25:46,9854.18,6155.01
2022-07-25 08:25:45,9958.86,6050.33
2022-07-25 08:25:44,9966.45,6042.74
2022-07-25 08:25:43,10124.5,5884.66
2022-07-25 08:25:42,10182.9,5826.34
2022-07-25 08:25:41,10216.6,5792.63
2022-07-25 08:25:40,10319.2,5689.98
2022-07-25 08:25:39,10405.9,5603.3
2022-07-25 08:25:38,10739.3,5269.91
2022-07-25 08:25:37,10310.3,5698.85
2022-07-25 08:25:36,10350.4,5658.8
2022-07-25 08:25:35,10413.2,5595.98
2022-07-25 08:25:34,10476.9,5532.27
2022-07-25 08:25:33,10018.6,5990.54
2022-07-25 08:25:32,9416.44,6592.75
2022-07-25 08:25:31,9417.69,6591.5
2022-07-25 08:25:30,9419.44,6589.75
2022-07-25 08:25:29,9436.41,6572.78
2022-07-25 08:25:28,9438.08,6571.11
2022-07-25 08:25:27,9446.27,6562.91
2022-07-25 08:25:26,9467.07,6542.12
2022-07-25 08:25:25,9469.84,6539.35
2022-07-25 08:25:24,9455.8,6553.39
2022-07-25 08:25:23,9497.86,6511.32
2022-07-25 08:25:22,9501.11,6508.08
2022-07-25 08:25:21,9546.09,6463.1
2022-07-25 08:25:20,9582,6427.18
2022-07-25 08:25:19,9744.16,6265.02
2022-07-25 08:25:18,9798.38,6210.81
2022-07-25 08:25:17,9827.77,6181.41
2022-07-25 08:25:16,9883.13,6126.06
2022-07-25 08:25:15,9933.39,6075.8
2022-07-25 08:25:14,10018.5,5990.7
2022-07-25 08:25:13,10067.9,5941.26
2022-07-25 08:25:12,10219.8,5789.38
2022-07-25 08:25:11,10267,5742.18
2022-07-25 08:25:10,10314.9,5694.26
2022-07-25 08:25:09,10362.3,5646.89
2022-07-25 08:25:08,9945.8,6063.38
2022-07-25 08:25:07,9976.8,6032.39
2022-07-25 08:25:06,10042.5,5966.69
2022-07-25 08:25:05,10082.3,5926.88
2022-07-25 08:25:04,10256.8,5752.34
2022-07-25 08:25:03,10304.4,5704.78
2022-07-25 08:25:02,10396.3,5612.85
2022-07-25 08:25:01,10427.2,5582.03
2022-07-25 08:25:00,10515.4,5493.81
2022-07-25 08:24:59,10390.2,5619.02
2022-07-25 08:24:58,10569.4,5439.83
2022-07-25 08:24:57,10664.5,5344.73
2022-07-25 08:24:56,10718.2,5291.01
2022-07-25 08:24:55,10799,5210.15
2022-07-25 08:24:54,10883.7,5125.52
2022-07-25 08:24:53,10433,5576.18
2022-07-25 08:24:52,10434.6,5574.57
2022-07-25 08:24:51,10437.8,5571.35
2022-07-25 08:24:50,10439.8,5569.41
2022-07-25 08:24:49,10453.7,5555.53
2022-07-25 08:24:48,9935,6074.18
2022-07-25 08:24:47,9937.12,6072.07
2022-07-25 08:24:46,9957.52,6051.66
2022-07-25 08:24:45,9972.34,6036.85
2022-07-25 08:24:44,9995.48,6013.71
2022-07-25 08:24:43,9997.88,6011.31
2022-07-25 08:24:42,10001.6,6007.57
2022-07-25 08:24:41,10029.5,5979.66
2022-07-25 08:24:40,9414.95,6594.23
2022-07-25 08:24:39,9462.61,6546.58
2022-07-25 08:24:38,9479.42,6529.77
2022-07-25 08:24:37,9659.98,6349.2
2022-07-25 08:24:36,9713.13,6296.06
2022-07-25 08:24:35,9736.23,6272.96
2022-07-25 08:24:34,9782.16,6227.03
2022-07-25 08:24:33,9832.48,6176.71
2022-07-25 08:24:32,9912.17,6097.02
2022-07-25 08:24:31,9958.55,6050.63
2022-07-25 08:24:30,9510.57,6498.62
2022-07-25 08:24:29,9684.76,6324.43
2022-07-25 08:24:28,9698.48,6310.7
2022-07-25 08:24:27,9730.34,6278.85
2022-07-25 08:24:26,9801.07,6208.11
2022-07-25 08:24:25,9864.05,6145.14
2022-07-25 08:24:24,9885.58,6123.61
2022-07-25 08:24:23,9940.11,6069.07
2022-07-25 08:24:22,9964.82,6044.36
2022-07-25 08:24:21,10159.8,5849.42
2022-07-25 08:24:20,10185,5824.2
2022-07-25 08:24:19,10212,5797.2
2022-07-25 08:24:18,10334.4,5674.82
2022-07-25 08:24:17,10386,5623.2
2022-07-25 08:24:16,9976.67,6032.52
2022-07-25 08:24:15,9996.76,6012.43
2022-07-25 08:24:14,10195.2,5814.01
2022-07-25 08:24:13,10235,5774.17
2022-07-25 08:24:12,10261.4,5747.78
2022-07-25 08:24:11,10320.4,5688.8
2022-07-25 08:24:10,10391.7,5617.45
2022-07-25 08:24:09,10393.9,5615.33
2022-07-25 08:24:08,10409.9,5599.34
2022-07-25 08:24:07,10461.3,5547.87
2022-07-25 08:24:06,10225.3,5783.87
2022-07-25 08:24:05,10362.2,5647.01
2022-07-25 08:24:04,10431.9,5577.33
2022-07-25 08:24:03,10472.2,5536.95
2022-07-25 08:24:02,10018.3,5990.87
2022-07-25 08:24:01,10071.9,5937.33
2022-07-25 08:24:00,9472.39,6536.8
2022-07-25 08:23:59,9511.99,6497.2
2022-07-25 08:23:58,9524.2,6484.98
2022-07-25 08:23:57,9693.11,6316.07
2022-07-25 08:23:56,9750.75,6258.44
2022-07-25 08:23:55,9772.07,6237.12
2022-07-25 08:23:54,9803.22,6205.97
2022-07-25 08:23:53,9854.04,6155.15
2022-07-25 08:23:52,9907.21,6101.98
2022-07-25 08:23:51,9934.16,6075.03
2022-07-25 08:23:50,9930.2,6078.98
2022-07-25 08:23:49,9944.31,6064.88
2022-07-25 08:23:48,9954.09,6055.09
2022-07-25 08:23:47,9958,6051.18
2022-07-25 08:23:46,9993.9,6015.29
2022-07-25 08:23:45,10017.3,5991.88
2022-07-25 08:23:44,10218.2,5791.02
2022-07-25 08:23:43,10232.8,5776.39
2022-07-25 08:23:42,10263.4,5745.83
2022-07-25 08:23:41,10334.9,5674.3
2022-07-25 08:23:40,10393.3,5615.93
2022-07-25 08:23:39,9914.09,6095.1
2022-07-25 08:23:38,9919.25,6089.94
2022-07-25 08:23:37,9952.59,6056.6
2022-07-25 08:23:36,9980.47,6028.72
2022-07-25 08:23:35,10024.1,5985.06
2022-07-25 08:23:34,10047.8,5961.39
2022-07-25 08:23:33,10272.5,5736.72
2022-07-25 08:23:32,10288.1,5721.11
2022-07-25 08:23:31,10374.2,5634.98
2022-07-25 08:23:30,10490.7,5518.5
2022-07-25 08:23:29,10692.4,5316.81
2022-07-25 08:23:28,10962.1,5047.12
2022-07-25 08:23:27,11174.4,4834.82
2022-07-25 08:23:26,11290.8,4718.44
2022-07-25 08:23:25,10838.3,5170.84
2022-07-25 08:23:24,10408,5601.17
2022-07-25 08:23:23,10454.3,5554.86
2022-07-25 08:23:22,10455.6,5553.57
2022-07-25 08:23:21,10469.2,5540
2022-07-25 08:23:20,9849.48,6159.71
2022-07-25 08:23:19,9863.16,6146.02
2022-07-25 08:23:18,9395.75,6613.44
2022-07-25 08:23:17,9243.3,6765.89
2022-07-25 08:23:16,9258.22,6750.97
2022-07-25 08:23:15,9263.57,6745.61
2022-07-25 08:23:14,9278.77,6730.41
2022-07-25 08:23:13,9279.58,6729.61
2022-07-25 08:23:12,9272.22,6736.97
2022-07-25 08:23:11,9284.48,6724.71
2022-07-25 08:23:10,9285.27,6723.92
2022-07-25 08:23:09,9330.11,6679.08
2022-07-25 08:23:08,9490.52,6518.66
2022-07-25 08:23:07,9560.08,6449.11
2022-07-25 08:23:06,9576.45,6432.74
2022-07-25 08:23:05,9628.31,6380.88
2022-07-25 08:23:04,9667.9,6341.29
2022-07-25 08:23:03,9716.12,6293.07
2022-07-25 08:23:02,9775.7,6233.49
2022-07-25 08:23:01,9778.76,6230.43
2022-07-25 08:23:00,9264.93,6744.26
2022-07-25 08:22:59,9298.95,6710.23
2022-07-25 08:22:58,9303.46,6705.73
2022-07-25 08:22:57,9328.55,6680.63
2022-07-25 08:22:56,9351.2,6657.99
2022-07-25 08:22:55,9353.28,6655.91
2022-07-25 08:22:54,9417.11,6592.07
2022-07-25 08:22:53,9436.13,6573.05
2022-07-25 08:22:52,9632.32,6376.87
2022-07-25 08:22:51,9684.36,6324.83
2022-07-25 08:22:50,9782.55,6226.63
2022-07-25 08:22:49,9930.42,6078.77
2022-07-25 08:22:48,10001.4,6007.77
2022-07-25 08:22:47,10077.8,5931.36
2022-07-25 08:22:46,10180.2,5829.02
2022-07-25 08:22:45,10244.3,5764.87
2022-07-25 08:22:44,10078.7,5930.52
2022-07-25 08:22:43,10167.6,5841.55
2022-07-25 08:22:42,10207.3,5801.84
2022-07-25 08:22:41,10319.3,5689.88
2022-07-25 08:22:40,10386,5623.23
2022-07-25 08:22:39,10115.4,5893.74
2022-07-25 08:22:38,10186.8,5822.41
2022-07-25 08:22:37,10232.2,5777
2022-07-25 08:22:36,10273.1,5736.06
2022-07-25 08:22:35,10325.3,5683.9
2022-07-25 08:22:34,10371.1,5638.04
2022-07-25 08:22:33,9852.68,6156.5
2022-07-25 08:22:32,9873.36,6135.83
2022-07-25 08:22:31,9363.64,6645.54
2022-07-25 08:22:30,9362.42,6646.77
2022-07-25 08:22:29,9385.1,6624.09
2022-07-25 08:22:28,9387.1,6622.09
2022-07-25 08:22:27,9414.98,6594.21
2022-07-25 08:22:26,9439.78,6569.41
2022-07-25 08:22:25,9568.62,6440.57
2022-07-25 08:22:24,9665.91,6343.27
2022-07-25 08:22:23,9689.76,6319.43
2022-07-25 08:22:22,9712,6297.18
2022-07-25 08:22:21,9757.82,6251.37
2022-07-25 08:22:20,9805.69,6203.5
2022-07-25 08:22:19,9832.18,6177.01
2022-07-25 08:22:18,9241.48,6767.71
2022-07-25 08:22:17,9239.09,6770.1
2022-07-25 08:22:16,9239.58,6769.61
2022-07-25 08:22:15,9288.36,6720.83
2022-07-25 08:22:14,9292.03,6717.16
2022-07-25 08:22:13,9305.36,6703.82
2022-07-25 08:22:12,9339.73,6669.45
2022-07-25 08:22:11,9371.68,6637.51
2022-07-25 08:22:10,9534.53,6474.66
2022-07-25 08:22:09,9550.33,6458.86
2022-07-25 08:22:08,9583.2,6425.98
2022-07-25 08:22:07,9624.92,6384.27
2022-07-25 08:22:06,9703.32,6305.87
2022-07-25 08:22:05,9760.16,6249.03
2022-07-25 08:22:04,10120,5889.15
2022-07-25 08:22:03,9735.09,6274.1
2022-07-25 08:22:02,9776.63,6232.55
2022-07-25 08:22:01,9835.7,6173.49
2022-07-25 08:22:00,9900.77,6108.41
2022-07-25 08:21:59,9952.49,6056.7
2022-07-25 08:21:58,10032.7,5976.46
2022-07-25 08:21:57,10092.9,5916.33
2022-07-25 08:21:56,10289.6,5719.61
2022-07-25 08:21:55,10354.6,5654.62
2022-07-25 08:21:54,10390,5619.2
2022-07-25 08:21:53,10089.5,5919.72
2022-07-25 08:21:52,10193.5,5815.69
2022-07-25 08:21:51,10243,5766.23
2022-07-25 08:21:50,10270.6,5738.61
2022-07-25 08:21:49,10310.6,5698.57
2022-07-25 08:21:48,9848.32,6160.87
2022-07-25 08:21:47,9849.75,6159.44
2022-07-25 08:21:46,9887.69,6121.5
2022-07-25 08:21:45,9893.72,6115.47
2022-07-25 08:21:44,10232.8,5776.43
2022-07-25 08:21:43,10323.4,5685.82
2022-07-25 08:21:42,10373.4,5635.83
2022-07-25 08:21:41,10412.6,5596.61
2022-07-25 08:21:40,10468.2,5541.02
2022-07-25 08:21:39,10497.7,5511.49
2022-07-25 08:21:38,10501.7,5507.5
2022-07-25 08:21:37,10520.8,5488.4
2022-07-25 08:21:36,10015.8,5993.41
2022-07-25 08:21:35,10046.2,5962.99
2022-07-25 08:21:34,10046.2,5962.94
2022-07-25 08:21:33,9580.91,6428.27
2022-07-25 08:21:32,9612.91,6396.27
2022-07-25 08:21:31,9738.33,6270.86
2022-07-25 08:21:30,9809.39,6199.79
2022-07-25 08:21:29,9850.93,6158.26
2022-07-25 08:21:28,9887.4,6121.79
2022-07-25 08:21:27,9941.52,6067.67
2022-07-25 08:21:26,10009.8,5999.41
2022-07-25 08:21:25,10039.1,5970.13
2022-07-25 08:21:24,10050.4,5958.82
2022-07-25 08:21:23,10076.3,5932.87
2022-07-25 08:21:22,10103.9,5905.26
2022-07-25 08:21:21,9651.55,6357.64
2022-07-25 08:21:20,9801.32,6207.87
2022-07-25 08:21:19,9902.86,6106.33
2022-07-25 08:21:18,9950.73,6058.46
2022-07-25 08:21:17,10024,5985.18
2022-07-25 08:21:16,10236.2,5773.04
2022-07-25 08:21:15,10302.5,5706.64
2022-07-25 08:21:14,10370.1,5639.07
2022-07-25 08:21:13,10129.3,5879.84
2022-07-25 08:21:12,9842.6,6166.59
2022-07-25 08:21:11,9887.96,6121.23
2022-07-25 08:21:10,9900.41,6108.78
2022-07-25 08:21:09,9915.39,6093.79
2022-07-25 08:21:08,9917.5,6091.68
2022-07-25 08:21:07,9932.05,6077.13
2022-07-25 08:21:06,9945.95,6063.23
2022-07-25 08:21:05,9448.07,6561.12
2022-07-25 08:21:04,9451.36,6557.82
2022-07-25 08:21:03,9520.27,6488.92
2022-07-25 08:21:02,9566.78,6442.41
2022-07-25 08:21:01,9729.94,6279.25
2022-07-25 08:21:00,9762.5,6246.69
2022-07-25 08:20:59,9854.89,6154.3
2022-07-25 08:20:58,9903,6106.18
2022-07-25 08:20:57,10094.3,5914.92
2022-07-25 08:20:56,10201.2,5808.03
2022-07-25 08:20:55,10261.4,5747.77
2022-07-25 08:20:54,10298.6,5710.64
2022-07-25 08:20:53,10364.2,5644.95
2022-07-25 08:20:52,10413.2,5596
2022-07-25 08:20:51,9917.01,6092.18
2022-07-25 08:20:50,9920.5,6088.68
2022-07-25 08:20:49,9937.92,6071.27
2022-07-25 08:20:48,9947.17,6062.02
2022-07-25 08:20:47,9987.22,6021.97
2022-07-25 08:20:46,10153.6,5855.62
2022-07-25 08:20:45,10205.7,5803.51
2022-07-25 08:20:44,9611.16,6398.03
2022-07-25 08:20:43,9624.22,6384.96
2022-07-25 08:20:42,9668.87,6340.32
2022-07-25 08:20:41,9724.24,6284.95
2022-07-25 08:20:40,9770.44,6238.75
2022-07-25 08:20:39,10004.4,6004.77
2022-07-25 08:20:38,10165.8,5843.42
2022-07-25 08:20:37,10235.7,5773.54
2022-07-25 08:20:36,10312,5697.16
2022-07-25 08:20:35,10359.1,5650.07
2022-07-25 08:20:34,10426.7,5582.48
2022-07-25 08:20:33,10486.3,5522.85
2022-07-25 08:20:32,10696.9,5312.25
2022-07-25 08:20:31,10214.6,5794.61
2022-07-25 08:20:30,9644.02,6365.17
2022-07-25 08:20:29,9692.08,6317.11
2022-07-25 08:20:28,9742.54,6266.65
2022-07-25 08:20:27,9777.91,6231.28
2022-07-25 08:20:26,9777.87,6231.31
2022-07-25 08:20:25,9780.47,6228.72
2022-07-25 08:20:24,9214.34,6794.85
2022-07-25 08:20:23,9215.11,6794.08
2022-07-25 08:20:22,9271.32,6737.87
2022-07-25 08:20:21,9277.59,6731.6
2022-07-25 08:20:20,9437.72,6571.47
2022-07-25 08:20:19,9487.56,6521.62
2022-07-25 08:20:18,9508.7,6500.49
2022-07-25 08:20:17,9530.57,6478.62
2022-07-25 08:20:16,9582.74,6426.45
2022-07-25 08:20:15,9624.8,6384.39
2022-07-25 08:20:14,9641.33,6367.86
2022-07-25 08:20:13,9696.02,6313.17
2022-07-25 08:20:12,9106.26,6902.93
2022-07-25 08:20:11,9420.03,6589.16
2022-07-25 08:20:10,9488.05,6521.14
2022-07-25 08:20:09,9528.07,6481.12
2022-07-25 08:20:08,9563.07,6446.12
2022-07-25 08:20:07,9592.05,6417.14
2022-07-25 08:20:06,9643.21,6365.97
2022-07-25 08:20:05,9670.84,6338.35
2022-07-25 08:20:04,9693.68,6315.51
2022-07-25 08:20:03,9694.35,6314.84
2022-07-25 08:20:02,9083.98,6925.2
2022-07-25 08:20:01,9128.44,6880.75
2022-07-25 08:20:00,9129.47,6879.71
2022-07-25 08:19:59,9130.32,6878.87
2022-07-25 08:19:58,9180.1,6829.09
2022-07-25 08:19:57,9215.55,6793.63
2022-07-25 08:19:56,9436.06,6573.12
2022-07-25 08:19:55,9455.57,6553.61
2022-07-25 08:19:54,9600.08,6409.11
2022-07-25 08:19:53,9837.29,6171.89
2022-07-25 08:19:52,9949.41,6059.77
2022-07-25 08:19:51,10034,5975.18
2022-07-25 08:19:50,10080.7,5928.52
2022-07-25 08:19:49,10138.2,5871.03
2022-07-25 08:19:48,10222.8,5786.38
2022-07-25 08:19:47,10461.3,5547.84
2022-07-25 08:19:46,10601.9,5407.28
2022-07-25 08:19:45,10657.5,5351.71
2022-07-25 08:19:44,10725,5284.14
2022-07-25 08:19:43,10771.8,5237.41
2022-07-25 08:19:42,10766.8,5242.4
2022-07-25 08:19:41,10831.2,5177.96
2022-07-25 08:19:40,11117.4,4891.74
2022-07-25 08:19:39,11218.8,4790.43
2022-07-25 08:19:38,11304.6,4704.62
2022-07-25 08:19:37,11373.2,4635.97
2022-07-25 08:19:36,11424.9,4584.32
2022-07-25 08:19:35,11807.6,4201.54
2022-07-25 08:19:34,11889.5,4119.72
2022-07-25 08:19:33,11983.6,4025.6
2022-07-25 08:19:32,11983.4,4025.78
2022-07-25 08:19:31,11983,4026.18
2022-07-25 08:19:30,11982,4027.18
2022-07-25 08:19:29,11361.4,4647.83
2022-07-25 08:19:28,11360.8,4648.41
2022-07-25 08:19:27,11360.9,4648.29
2022-07-25 08:19:26,11361.3,4647.87
2022-07-25 08:19:25,11360.7,4648.5
2022-07-25 08:19:24,11360.7,4648.5
2022-07-25 08:19:23,11360.2,4649.01
2022-07-25 08:19:22,11361.2,4647.99
2022-07-25 08:19:21,11360.7,4648.51
2022-07-25 08:19:20,11360.3,4648.93
2022-07-25 08:19:19,11359.1,4650.14
2022-07-25 08:19:18,11357.7,4651.48
2022-07-25 08:19:17,11356.3,4652.91
2022-07-25 08:19:16,10360.8,5648.4
2022-07-25 08:19:15,10359.4,5649.76
2022-07-25 08:19:14,10362.5,5646.69
2022-07-25 08:19:13,10361.4,5647.84
2022-07-25 08:19:12,10363.4,5645.83
2022-07-25 08:19:11,9739.29,6269.9
2022-07-25 08:19:10,9737.28,6271.91
2022-07-25 08:19:09,9724.61,6284.57
2022-07-25 08:19:08,9727.07,6282.11
2022-07-25 08:19:07,9141.26,6867.93
2022-07-25 08:19:06,9149.07,6860.11
2022-07-25 08:19:05,9472.75,6536.43
2022-07-25 08:19:04,9560.31,6448.88
2022-07-25 08:19:03,9595.12,6414.07
2022-07-25 08:19:02,9622.22,6386.97
2022-07-25 08:19:01,9672.48,6336.71
2022-07-25 08:19:00,9722.47,6286.72
2022-07-25 08:18:59,9738.35,6270.84
2022-07-25 08:18:58,9744.72,6264.47
2022-07-25 08:18:57,9745.13,6264.06
2022-07-25 08:18:56,9755.99,6253.2
2022-07-25 08:18:55,9763.53,6245.66
2022-07-25 08:18:54,9763.79,6245.4
2022-07-25 08:18:53,9784.92,6224.27
2022-07-25 08:18:52,9785.97,6223.22
2022-07-25 08:18:51,9805.56,6203.63
2022-07-25 08:18:50,9294.82,6714.36
2022-07-25 08:18:49,9297.31,6711.87
2022-07-25 08:18:48,9347.23,6661.96
2022-07-25 08:18:47,9382.68,6626.5
2022-07-25 08:18:46,9582.54,6426.64
2022-07-25 08:18:45,9599.46,6409.73
2022-07-25 08:18:44,9632.82,6376.36
2022-07-25 08:18:43,9720.78,6288.41
2022-07-25 08:18:42,9773.78,6235.41
2022-07-25 08:18:41,9844.92,6164.27
2022-07-25 08:18:40,10047.2,5962.01
2022-07-25 08:18:39,10064,5945.21
2022-07-25 08:18:38,10125.8,5883.38
2022-07-25 08:18:37,10177.8,5831.41
2022-07-25 08:18:36,9981.39,6027.8
2022-07-25 08:18:35,10111.3,5897.92
2022-07-25 08:18:34,10198.3,5810.92
2022-07-25 08:18:33,10229,5780.23
2022-07-25 08:18:32,10276.9,5732.29
2022-07-25 08:18:31,10386.3,5622.9
2022-07-25 08:18:30,10416.6,5592.62
2022-07-25 08:18:29,10479.9,5529.33
2022-07-25 08:18:28,10343,5666.17
2022-07-25 08:18:27,10385,5624.18
2022-07-25 08:18:26,10432.1,5577.07
2022-07-25 08:18:25,10486.9,5522.29
2022-07-25 08:18:24,9888.11,6121.07
2022-07-25 08:18:23,9890.24,6118.95
2022-07-25 08:18:22,9891.49,6117.7
2022-07-25 08:18:21,9877.96,6131.23
2022-07-25 08:18:20,9928.93,6080.25
2022-07-25 08:18:19,9930.16,6079.03
2022-07-25 08:18:18,9980.45,6028.74
2022-07-25 08:18:17,10009.8,5999.36
2022-07-25 08:18:16,10168.3,5840.92
2022-07-25 08:18:15,10245.4,5763.83
2022-07-25 08:18:14,10295.1,5714.05
2022-07-25 08:18:13,10340.8,5668.35
2022-07-25 08:18:12,10414,5595.2
2022-07-25 08:18:11,9921.89,6087.29
2022-07-25 08:18:10,9956.98,6052.21
2022-07-25 08:18:09,9973.41,6035.78
2022-07-25 08:18:08,10028.1,5981.1
2022-07-25 08:18:07,10063.9,5945.27
2022-07-25 08:18:06,10265.6,5743.54
2022-07-25 08:18:05,10285.2,5724.03
2022-07-25 08:18:04,10317.6,5691.54
2022-07-25 08:18:03,9745.75,6263.44
2022-07-25 08:18:02,9793.58,6215.61
2022-07-25 08:18:01,9838.58,6170.61
2022-07-25 08:18:00,9839.53,6169.66
2022-07-25 08:17:59,9883.73,6125.46
2022-07-25 08:17:58,10034.4,5974.75
2022-07-25 08:17:57,10069.6,5939.58
2022-07-25 08:17:56,10105,5904.18
2022-07-25 08:17:55,9629.55,6379.63
2022-07-25 08:17:54,9679.82,6329.37
2022-07-25 08:17:53,9744.5,6264.69
2022-07-25 08:17:52,9246.66,6762.53
2022-07-25 08:17:51,9565.32,6443.87
2022-07-25 08:17:50,9624.09,6385.1
2022-07-25 08:17:49,9673.02,6336.17
2022-07-25 08:17:48,9722.88,6286.3
2022-07-25 08:17:47,9751.84,6257.35
2022-07-25 08:17:46,9804.84,6204.34
2022-07-25 08:17:45,9848.12,6161.07
2022-07-25 08:17:44,9869.51,6139.68
2022-07-25 08:17:43,9354.69,6654.5
2022-07-25 08:17:42,9355.66,6653.52
2022-07-25 08:17:41,9382.63,6626.56
2022-07-25 08:17:40,9384.83,6624.36
2022-07-25 08:17:39,9380.39,6628.79
2022-07-25 08:17:38,9397.54,6611.65
2022-07-25 08:17:37,9404.24,6604.95
2022-07-25 08:17:36,9452.47,6556.72
2022-07-25 08:17:35,9460.34,6548.85
2022-07-25 08:17:34,9653.87,6355.32
2022-07-25 08:17:33,9691.98,6317.2
2022-07-25 08:17:32,9728.26,6280.93
2022-07-25 08:17:31,9762.93,6246.26
2022-07-25 08:17:30,9857.66,6151.52
2022-07-25 08:17:29,9908.55,6100.64
2022-07-25 08:17:28,10173.3,5835.88
2022-07-25 08:17:27,10337.3,5671.87
2022-07-25 08:17:26,10396.3,5612.89
2022-07-25 08:17:25,10433.4,5575.77
2022-07-25 08:17:24,10511.6,5497.56
2022-07-25 08:17:23,9958.06,6051.12
2022-07-25 08:17:22,9990.61,6018.57
2022-07-25 08:17:21,10008.7,6000.44
2022-07-25 08:17:20,10054.4,5954.81
2022-07-25 08:17:19,10093.9,5915.3
2022-07-25 08:17:18,10284.8,5724.42
2022-07-25 08:17:17,10340.6,5668.58
2022-07-25 08:17:16,10405.6,5603.54
2022-07-25 08:17:15,10631.5,5377.65
2022-07-25 08:17:14,10071,5938.17
2022-07-25 08:17:13,10152.8,5856.43
2022-07-25 08:17:12,10187.7,5821.53
2022-07-25 08:17:11,10231.5,5777.72
2022-07-25 08:17:10,9683.05,6326.14
2022-07-25 08:17:09,9709.85,6299.34
2022-07-25 08:17:08,9222.41,6786.78
2022-07-25 08:17:07,9243.81,6765.37
2022-07-25 08:17:06,9430.94,6578.25
2022-07-25 08:17:05,9444.66,6564.53
2022-07-25 08:17:04,9477.84,6531.34
2022-07-25 08:17:03,9501.71,6507.48
2022-07-25 08:17:02,9556.41,6452.78
2022-07-25 08:17:01,9596.59,6412.6
2022-07-25 08:17:00,9596.39,6412.8
2022-07-25 08:16:59,9596.4,6412.79
2022-07-25 08:16:58,9595.75,6413.43
2022-07-25 08:16:57,9105.84,6903.34
2022-07-25 08:16:56,9104.11,6905.08
2022-07-25 08:16:55,9104.09,6905.1
2022-07-25 08:16:54,9106.6,6902.59
2022-07-25 08:16:53,9093.29,6915.89
2022-07-25 08:16:52,9095.49,6913.7
2022-07-25 08:16:51,9096.72,6912.47
2022-07-25 08:16:50,9147.71,6861.47
2022-07-25 08:16:49,9154.32,6854.87
2022-07-25 08:16:48,9473.33,6535.86
2022-07-25 08:16:47,9566.66,6442.52
2022-07-25 08:16:46,9595.84,6413.35
2022-07-25 08:16:45,9622.75,6386.44
2022-07-25 08:16:44,9663.52,6345.66
2022-07-25 08:16:43,9732.44,6276.75
2022-07-25 08:16:42,9768.02,6241.17
2022-07-25 08:16:41,9774.99,6234.19
2022-07-25 08:16:40,10060.1,5949.07
2022-07-25 08:16:39,10189,5820.22
2022-07-25 08:16:38,10257.2,5752.01
2022-07-25 08:16:37,10351.4,5657.81
2022-07-25 08:16:36,9895.24,6113.95
2022-07-25 08:16:35,10257.6,5751.6
2022-07-25 08:16:34,10377.6,5631.56
2022-07-25 08:16:33,10413.8,5595.38
2022-07-25 08:16:32,10451,5558.18
2022-07-25 08:16:31,10545.6,5463.61
2022-07-25 08:16:30,10579.4,5429.75
2022-07-25 08:16:29,10001.6,6007.54
2022-07-25 08:16:28,10170,5839.23
2022-07-25 08:16:27,10240.6,5768.56
2022-07-25 08:16:26,10277.4,5731.79
2022-07-25 08:16:25,9803.6,6205.59
2022-07-25 08:16:24,9866,6143.18
2022-07-25 08:16:23,9906.27,6102.91
2022-07-25 08:16:22,9939.34,6069.84
2022-07-25 08:16:21,9971.31,6037.88
2022-07-25 08:16:20,9598.36,6410.82
2022-07-25 08:16:19,9651.53,6357.65
2022-07-25 08:16:18,9672.14,6337.04
2022-07-25 08:16:17,9699.3,6309.88
2022-07-25 08:16:16,9753.99,6255.2
2022-07-25 08:16:15,9809.05,6200.14
2022-07-25 08:16:14,9814.63,6194.56
2022-07-25 08:16:13,9834.48,6174.7
2022-07-25 08:16:12,9836.41,6172.78
2022-07-25 08:16:11,9838.88,6170.31
2022-07-25 08:16:10,9858.21,6150.98
2022-07-25 08:16:09,9862.7,6146.49
2022-07-25 08:16:08,9885.22,6123.97
2022-07-25 08:16:07,9886.6,6122.59
2022-07-25 08:16:06,9886.41,6122.78
2022-07-25 08:16:05,9908.53,6100.65
2022-07-25 08:16:04,9921.15,6088.03
2022-07-25 08:16:03,9957.97,6051.22
2022-07-25 08:16:02,9523.25,6485.94
2022-07-25 08:16:01,9580.54,6428.64
2022-07-25 08:16:00,9615.14,6394.05
2022-07-25 08:15:59,9633.12,6376.07
2022-07-25 08:15:58,9717.75,6291.43
2022-07-25 08:15:57,9792.02,6217.17
2022-07-25 08:15:56,10062.6,5946.58
2022-07-25 08:15:55,10189.8,5819.39
2022-07-25 08:15:54,10275.6,5733.55
2022-07-25 08:15:53,9700.27,6308.91
2022-07-25 08:15:52,9781.84,6227.35
2022-07-25 08:15:51,9863.13,6146.06
2022-07-25 08:15:50,9961.57,6047.62
2022-07-25 08:15:49,9486.14,6523.04
2022-07-25 08:15:48,9538.62,6470.57
2022-07-25 08:15:47,9572.46,6436.72
2022-07-25 08:15:46,9633.88,6375.31
2022-07-25 08:15:45,9714.92,6294.27
2022-07-25 08:15:44,9823.01,6186.18
2022-07-25 08:15:43,9968.78,6040.41
2022-07-25 08:15:42,9983.19,6026
2022-07-25 08:15:41,10017.2,5992
2022-07-25 08:15:40,10062.9,5946.26
2022-07-25 08:15:39,10121.8,5887.36
2022-07-25 08:15:38,10129.2,5880.01
2022-07-25 08:15:37,10130.1,5879.13
2022-07-25 08:15:36,10127.2,5882.01
2022-07-25 08:15:35,10127.9,5881.32
2022-07-25 08:15:34,10129.1,5880.08
2022-07-25 08:15:33,10129.8,5879.42
2022-07-25 08:15:32,10160.6,5848.62
2022-07-25 08:15:31,10395.6,5613.6
2022-07-25 08:15:30,10558.7,5450.46
2022-07-25 08:15:29,10624.5,5384.64
2022-07-25 08:15:28,10699,5310.23
2022-07-25 08:15:27,10738.4,5270.79
2022-07-25 08:15:26,10735.3,5273.84
2022-07-25 08:15:25,10144.8,5864.36
2022-07-25 08:15:24,10184.2,5824.99
2022-07-25 08:15:23,10411.4,5597.75
2022-07-25 08:15:22,10606.4,5402.79
2022-07-25 08:15:21,10691.6,5317.59
2022-07-25 08:15:20,11026.1,4983.06
2022-07-25 08:15:19,11192.6,4816.58
2022-07-25 08:15:18,10672.3,5336.9
2022-07-25 08:15:17,10743,5266.16
2022-07-25 08:15:16,10782.7,5226.5
2022-07-25 08:15:15,10782.9,5226.33
2022-07-25 08:15:14,10783.4,5225.77
2022-07-25 08:15:13,10783.2,5226
2022-07-25 08:15:12,10783.2,5226.02
2022-07-25 08:15:11,10783.3,5225.9
2022-07-25 08:15:10,10782.6,5226.6
2022-07-25 08:15:09,10781.8,5227.36
2022-07-25 08:15:08,10143.9,5865.34
2022-07-25 08:15:07,10144.2,5864.98
2022-07-25 08:15:06,10144.5,5864.73
2022-07-25 08:15:05,10145.4,5863.84
2022-07-25 08:15:04,10145.8,5863.41
2022-07-25 08:15:03,10180.3,5828.86
2022-07-25 08:15:02,10398.7,5610.46
2022-07-25 08:15:01,10558.3,5450.87
2022-07-25 08:15:00,10618.1,5391.05
2022-07-25 08:14:59,10672.4,5336.82
2022-07-25 08:14:58,10730.6,5278.58
2022-07-25 08:14:57,10786.2,5222.99
2022-07-25 08:14:56,11090.9,4918.28
2022-07-25 08:14:55,11191.6,4817.56
2022-07-25 08:14:54,11273.9,4735.25
2022-07-25 08:14:53,11340.6,4668.59
2022-07-25 08:14:52,10816.3,5192.93
2022-07-25 08:14:51,10817,5192.23
2022-07-25 08:14:50,10819.2,5189.98
2022-07-25 08:14:49,10820.4,5188.8
2022-07-25 08:14:48,10859.8,5149.37
2022-07-25 08:14:47,10919.1,5090.1
2022-07-25 08:14:46,10744.6,5264.61
2022-07-25 08:14:45,10820.1,5189.11
2022-07-25 08:14:44,10875,5134.17
2022-07-25 08:14:43,10949.3,5059.9
2022-07-25 08:14:42,10949.8,5059.4
2022-07-25 08:14:41,10950.6,5058.61
2022-07-25 08:14:40,10955.7,5053.44
2022-07-25 08:14:39,10955,5054.2
2022-07-25 08:14:38,10968.1,5041.1
2022-07-25 08:14:37,10969.5,5039.66
2022-07-25 08:14:36,10364.9,5644.33
2022-07-25 08:14:35,10365.4,5643.8
2022-07-25 08:14:34,10390.3,5618.91
2022-07-25 08:14:33,10398,5611.23
2022-07-25 08:14:32,10430.7,5578.5
2022-07-25 08:14:31,10449.7,5559.47
2022-07-25 08:14:30,10508.2,5500.95
2022-07-25 08:14:29,10687.2,5322.02
2022-07-25 08:14:28,10756.3,5252.89
2022-07-25 08:14:27,10806.2,5202.96
2022-07-25 08:14:26,10915.3,5093.89
2022-07-25 08:14:25,10334.6,5674.54
2022-07-25 08:14:24,10366.6,5642.64
2022-07-25 08:14:23,10559.2,5449.95
2022-07-25 08:14:22,10599.7,5409.5
2022-07-25 08:14:21,10140.9,5868.25
2022-07-25 08:14:20,10193.8,5815.37
2022-07-25 08:14:19,10205.7,5803.48
2022-07-25 08:14:18,10208.9,5800.28
2022-07-25 08:14:17,10210.8,5798.41
2022-07-25 08:14:16,10208.4,5800.82
2022-07-25 08:14:15,10202.8,5806.41
2022-07-25 08:14:14,10205.7,5803.5
2022-07-25 08:14:13,10206.2,5802.94
2022-07-25 08:14:12,10258.2,5751.01
2022-07-25 08:14:11,10270.8,5738.41
2022-07-25 08:14:10,10088.4,5920.8
2022-07-25 08:14:09,9641.97,6367.22
2022-07-25 08:14:08,9665.96,6343.23
2022-07-25 08:14:07,9691.42,6317.77
2022-07-25 08:14:06,9743.59,6265.6
2022-07-25 08:14:05,9799.49,6209.7
2022-07-25 08:14:04,9808.13,6201.06
2022-07-25 08:14:03,9816.43,6192.76
2022-07-25 08:14:02,9818.73,6190.46
2022-07-25 08:14:01,9836.37,6172.82
2022-07-25 08:14:00,9838.69,6170.49
2022-07-25 08:13:59,9840.63,6168.55
2022-07-25 08:13:58,9366.09,6643.1
2022-07-25 08:13:57,9369.76,6639.43
2022-07-25 08:13:56,9441.39,6567.8
2022-07-25 08:13:55,9447.47,6561.72
2022-07-25 08:13:54,9766.07,6243.12
2022-07-25 08:13:53,9890.44,6118.75
2022-07-25 08:13:52,9963.11,6046.08
2022-07-25 08:13:51,10138.7,5870.45
2022-07-25 08:13:50,10226.8,5782.42
2022-07-25 08:13:49,10289.1,5720.11
2022-07-25 08:13:48,10350.8,5658.37
2022-07-25 08:13:47,10408,5601.23
2022-07-25 08:13:46,10473.7,5535.5
2022-07-25 08:13:45,10476.1,5533.1
2022-07-25 08:13:44,10513.2,5496
2022-07-25 08:13:43,10514.5,5494.66
2022-07-25 08:13:42,10459.1,5550.13
2022-07-25 08:13:41,10030.6,5978.59
2022-07-25 08:13:40,10063.6,5945.61
2022-07-25 08:13:39,10106.5,5902.65
2022-07-25 08:13:38,10158.7,5850.5
2022-07-25 08:13:37,10256.3,5752.88
2022-07-25 08:13:36,9952.19,6057
2022-07-25 08:13:35,10133.3,5875.88
2022-07-25 08:13:34,10226.3,5782.88
2022-07-25 08:13:33,10267.4,5741.81
2022-07-25 08:13:32,10352.5,5656.72
2022-07-25 08:13:31,10434.8,5574.43
2022-07-25 08:13:30,10485.6,5523.61
2022-07-25 08:13:29,10530.6,5478.59
2022-07-25 08:13:28,10556.3,5452.86
2022-07-25 08:13:27,10558.2,5451.02
2022-07-25 08:13:26,10636.3,5372.86
2022-07-25 08:13:25,10812.9,5196.3
2022-07-25 08:13:24,10340.6,5668.56
2022-07-25 08:13:23,9879.07,6130.12
2022-07-25 08:13:22,9923.52,6085.67
2022-07-25 08:13:21,9977.26,6031.93
2022-07-25 08:13:20,9990.57,6018.61
2022-07-25 08:13:19,9365.26,6643.93
2022-07-25 08:13:18,9368.88,6640.31
2022-07-25 08:13:17,9383.74,6625.45
2022-07-25 08:13:16,9377.84,6631.35
2022-07-25 08:13:15,9377.34,6631.85
2022-07-25 08:13:14,9391.45,6617.73
2022-07-25 08:13:13,9406,6603.18
2022-07-25 08:13:12,9408.3,6600.89
2022-07-25 08:13:11,9443.43,6565.76
2022-07-25 08:13:10,9446.17,6563.02
2022-07-25 08:13:09,9464.33,6544.86
2022-07-25 08:13:08,9506.79,6502.39
2022-07-25 08:13:07,9539.43,6469.75
2022-07-25 08:13:06,9708.47,6300.72
2022-07-25 08:13:05,9743.14,6266.05
2022-07-25 08:13:04,9827.32,6181.86
2022-07-25 08:13:03,9842.39,6166.8
2022-07-25 08:13:02,9893.59,6115.59
2022-07-25 08:13:01,9976.24,6032.95
2022-07-25 08:13:00,10005.9,6003.31
2022-07-25 08:12:59,9532.67,6476.52
2022-07-25 08:12:58,9588.23,6420.95
2022-07-25 08:12:57,9608.6,6400.58
2022-07-25 08:12:56,9651.29,6357.9
2022-07-25 08:12:55,9702.39,6306.8
2022-07-25 08:12:54,9757.54,6251.65
2022-07-25 08:12:53,9794.69,6214.5
2022-07-25 08:12:52,9311,6698.19
2022-07-25 08:12:51,9310.63,6698.56
2022-07-25 08:12:50,9345.41,6663.78
2022-07-25 08:12:49,9380.95,6628.23
2022-07-25 08:12:48,9428.62,6580.57
2022-07-25 08:12:47,9441.11,6568.07
2022-07-25 08:12:46,9645.57,6363.61
2022-07-25 08:12:45,9708.57,6300.62
2022-07-25 08:12:44,9864.86,6144.32
2022-07-25 08:12:43,9934.31,6074.88
2022-07-25 08:12:42,10026.9,5982.3
2022-07-25 08:12:41,10104.7,5904.46
2022-07-25 08:12:40,10459.2,5550.03
2022-07-25 08:12:39,10587.7,5421.51
2022-07-25 08:12:38,10707.7,5301.46
2022-07-25 08:12:37,9861.15,6148.04
2022-07-25 08:12:36,9541.23,6467.96
2022-07-25 08:12:35,9595.45,6413.73
2022-07-25 08:12:34,9598.8,6410.39
2022-07-25 08:12:33,9600.61,6408.58
2022-07-25 08:12:32,9598.07,6411.12
2022-07-25 08:12:31,8974.84,7034.34
2022-07-25 08:12:30,8967.34,7041.84
2022-07-25 08:12:29,8967.54,7041.64
2022-07-25 08:12:28,8966.81,7042.37
2022-07-25 08:12:27,8968.16,7041.03
2022-07-25 08:12:26,8969.4,7039.79
2022-07-25 08:12:25,8970.45,7038.74
2022-07-25 08:12:24,8971.29,7037.9
2022-07-25 08:12:23,9019.44,6989.74
2022-07-25 08:12:22,9035.51,6973.68
2022-07-25 08:12:21,9086.72,6922.47
2022-07-25 08:12:20,9389.75,6619.44
2022-07-25 08:12:19,9478.09,6531.1
2022-07-25 08:12:18,9531.48,6477.7
2022-07-25 08:12:17,9570.69,6438.5
2022-07-25 08:12:16,9616.84,6392.35
2022-07-25 08:12:15,9711.25,6297.94
2022-07-25 08:12:14,9750.69,6258.5
2022-07-25 08:12:13,9900.95,6108.24
2022-07-25 08:12:12,9952.61,6056.57
2022-07-25 08:12:11,9986.31,6022.88
2022-07-25 08:12:10,10017.8,5991.38
2022-07-25 08:12:09,9578.53,6430.66
2022-07-25 08:12:08,9615.41,6393.78
2022-07-25 08:12:07,9616.02,6393.17
2022-07-25 08:12:06,9617,6392.18
2022-07-25 08:12:05,9080.66,6928.53
2022-07-25 08:12:04,9110.71,6898.48
2022-07-25 08:12:03,9124.08,6885.11
2022-07-25 08:12:02,9172.66,6836.53
2022-07-25 08:12:01,9495.24,6513.95
2022-07-25 08:12:00,9573.8,6435.39
2022-07-25 08:11:59,9924.16,6085.03
2022-07-25 08:11:58,10024.9,5984.26
2022-07-25 08:11:57,10159.4,5849.81
2022-07-25 08:11:56,10244.3,5764.87
2022-07-25 08:11:55,10461.2,5547.97
2022-07-25 08:11:54,10691.4,5317.79
2022-07-25 08:11:53,10199.2,5810.02
2022-07-25 08:11:52,10240.6,5768.59
2022-07-25 08:11:51,10269.9,5739.3
2022-07-25 08:11:50,10335.6,5673.55
2022-07-25 08:11:49,10362.9,5646.24
2022-07-25 08:11:48,10362.6,5646.55
2022-07-25 08:11:47,10365.3,5643.91
2022-07-25 08:11:46,9849.54,6159.65
2022-07-25 08:11:45,9848.06,6161.13
2022-07-25 08:11:44,9850.17,6159.02
2022-07-25 08:11:43,9870.65,6138.54
2022-07-25 08:11:42,9874.71,6134.47
2022-07-25 08:11:41,9902.11,6107.08
2022-07-25 08:11:40,9903.86,6105.32
2022-07-25 08:11:39,9927.27,6081.92
2022-07-25 08:11:38,9942.86,6066.32
2022-07-25 08:11:37,9342.68,6666.5
2022-07-25 08:11:36,9408.77,6600.42
2022-07-25 08:11:35,9439.92,6569.27
2022-07-25 08:11:34,9595.98,6413.2
2022-07-25 08:11:33,9656.89,6352.29
2022-07-25 08:11:32,9678.63,6330.56
2022-07-25 08:11:31,9744.66,6264.53
2022-07-25 08:11:30,9801.76,6207.43
2022-07-25 08:11:29,9897.45,6111.73
2022-07-25 08:11:28,10084.8,5924.37
2022-07-25 08:11:27,9602.65,6406.54
2022-07-25 08:11:26,9629.69,6379.5
2022-07-25 08:11:25,9663.32,6345.87
2022-07-25 08:11:24,9697.11,6312.08
2022-07-25 08:11:23,9744.16,6265.03
2022-07-25 08:11:22,9751.49,6257.7
2022-07-25 08:11:21,9799.58,6209.61
2022-07-25 08:11:20,9835.2,6173.98
2022-07-25 08:11:19,10181.4,5827.78
2022-07-25 08:11:18,10260.5,5748.72
2022-07-25 08:11:17,10321,5688.2
2022-07-25 08:11:16,10375.3,5633.93
2022-07-25 08:11:15,10428.2,5581.02
2022-07-25 08:11:14,10486.3,5522.88
2022-07-25 08:11:13,10523.3,5485.89
2022-07-25 08:11:12,10567.4,5441.8
2022-07-25 08:11:11,10760.5,5248.71
2022-07-25 08:11:10,10806,5203.23
2022-07-25 08:11:09,10880.5,5128.64
2022-07-25 08:11:08,10934.1,5075.07
2022-07-25 08:11:07,10936.3,5072.89
2022-07-25 08:11:06,10942,5067.2
2022-07-25 08:11:05,11005.6,5003.61
2022-07-25 08:11:04,11326,4683.18
2022-07-25 08:11:03,11444,4565.22
2022-07-25 08:11:02,11536.1,4473.04
2022-07-25 08:11:01,10480.7,5528.53
2022-07-25 08:11:00,10520.9,5488.26
2022-07-25 08:10:59,10712.3,5296.88
2022-07-25 08:10:58,10748.8,5260.39
2022-07-25 08:10:57,10808.5,5200.72
2022-07-25 08:10:56,10879.8,5129.37
2022-07-25 08:10:55,10880.8,5128.35
2022-07-25 08:10:54,10884.8,5124.41
2022-07-25 08:10:53,10405.3,5603.88
2022-07-25 08:10:52,10403.7,5605.53
2022-07-25 08:10:51,10409.9,5599.31
2022-07-25 08:10:50,10412.6,5596.59
2022-07-25 08:10:49,10419.7,5589.52
2022-07-25 08:10:48,10435.2,5573.99
2022-07-25 08:10:47,10434.8,5574.41
2022-07-25 08:10:46,10435.4,5573.79
2022-07-25 08:10:45,10446.8,5562.38
2022-07-25 08:10:44,10461.5,5547.73
2022-07-25 08:10:43,10482.3,5526.86
2022-07-25 08:10:42,10483.6,5525.55
2022-07-25 08:10:41,10505.6,5503.6
2022-07-25 08:10:40,10507.2,5501.97
2022-07-25 08:10:39,10547.8,5461.39
2022-07-25 08:10:38,10724.5,5284.73
2022-07-25 08:10:37,10754.9,5254.33
2022-07-25 08:10:36,10847.6,5161.54
2022-07-25 08:10:35,10514.3,5494.93
2022-07-25 08:10:34,10505.6,5503.58
2022-07-25 08:10:33,10241.4,5767.75
2022-07-25 08:10:32,10269,5740.15
2022-07-25 08:10:31,10334.3,5674.93
2022-07-25 08:10:30,10394.5,5614.69
2022-07-25 08:10:29,10395.9,5613.29
2022-07-25 08:10:28,10444.1,5565.04
2022-07-25 08:10:27,10454.1,5555.08
2022-07-25 08:10:26,10513.7,5495.48
2022-07-25 08:10:25,10641.2,5368.01
2022-07-25 08:10:24,10123.7,5885.47
2022-07-25 08:10:23,10153.7,5855.44
2022-07-25 08:10:22,10202.3,5806.87
2022-07-25 08:10:21,10262.5,5746.71
2022-07-25 08:10:20,10278.1,5731.04
2022-07-25 08:10:19,10285.3,5723.92
2022-07-25 08:10:18,10292.1,5717.08
2022-07-25 08:10:17,10293.3,5715.87
2022-07-25 08:10:16,10303.4,5705.79
2022-07-25 08:10:15,9788.33,6220.86
2022-07-25 08:10:14,9799.89,6209.3
2022-07-25 08:10:13,9799.57,6209.62
2022-07-25 08:10:12,9187.9,6821.29
2022-07-25 08:10:11,9199.55,6809.64
2022-07-25 08:10:10,9189.7,6819.49
2022-07-25 08:10:09,9220.27,6788.92
2022-07-25 08:10:08,9256.68,6752.51
2022-07-25 08:10:07,9278.44,6730.75
2022-07-25 08:10:06,9596.16,6413.03
2022-07-25 08:10:05,9689.04,6320.14
2022-07-25 08:10:04,9747.02,6262.17
2022-07-25 08:10:03,9781.48,6227.71
2022-07-25 08:10:02,9964.01,6045.18
2022-07-25 08:10:01,10081.1,5928.13
2022-07-25 08:10:00,10127.6,5881.54
2022-07-25 08:09:59,10154.8,5854.39
2022-07-25 08:09:58,10221.1,5788.12
2022-07-25 08:09:57,10266.8,5742.44
2022-07-25 08:09:56,10267.9,5741.32
2022-07-25 08:09:55,10270.5,5738.69
2022-07-25 08:09:54,10314.3,5694.85
2022-07-25 08:09:53,10329.4,5679.82
2022-07-25 08:09:52,10642.9,5366.31
2022-07-25 08:09:51,10740.9,5268.25
2022-07-25 08:09:50,10787.4,5221.79
2022-07-25 08:09:49,10329.1,5680.06
2022-07-25 08:09:48,10344.3,5664.91
2022-07-25 08:09:47,10345.3,5663.93
2022-07-25 08:09:46,9769.54,6239.65
2022-07-25 08:09:45,9768.38,6240.81
2022-07-25 08:09:44,9826.42,6182.77
2022-07-25 08:09:43,9971.25,6037.93
2022-07-25 08:09:42,10102.1,5907.05
2022-07-25 08:09:41,10128,5881.18
2022-07-25 08:09:40,10402,5607.14
2022-07-25 08:09:39,10552.5,5456.71
2022-07-25 08:09:38,10680.6,5328.58
2022-07-25 08:09:37,10731.6,5277.54
2022-07-25 08:09:36,10810.5,5198.68
2022-07-25 08:09:35,10843.4,5165.75
2022-07-25 08:09:34,10327.9,5681.31
2022-07-25 08:09:33,10328.5,5680.65
2022-07-25 08:09:32,10336.4,5672.75
2022-07-25 08:09:31,10337.9,5671.32
2022-07-25 08:09:30,9216.56,6792.63
2022-07-25 08:09:29,9216.87,6792.32
2022-07-25 08:09:28,9218.32,6790.86
2022-07-25 08:09:27,9240.68,6768.51
2022-07-25 08:09:26,9241.98,6767.2
2022-07-25 08:09:25,9240.81,6768.38
2022-07-25 08:09:24,9264.26,6744.93
2022-07-25 08:09:23,9266.67,6742.52
2022-07-25 08:09:22,9272.5,6736.69
2022-07-25 08:09:21,9280.4,6728.79
2022-07-25 08:09:20,9300,6709.18
2022-07-25 08:09:19,9339.33,6669.86
2022-07-25 08:09:18,9371.61,6637.58
2022-07-25 08:09:17,9555.46,6453.73
2022-07-25 08:09:16,9576.24,6432.95
2022-07-25 08:09:15,9619.67,6389.52
2022-07-25 08:09:14,9707.34,6301.84
2022-07-25 08:09:13,9767.93,6241.25
2022-07-25 08:09:12,10064.5,5944.7
2022-07-25 08:09:11,10185,5824.2
2022-07-25 08:09:10,10250.1,5759.1
2022-07-25 08:09:09,10303.7,5705.5
2022-07-25 08:09:08,10360.3,5648.9
2022-07-25 08:09:07,9813.39,6195.8
2022-07-25 08:09:06,9823.95,6185.24
2022-07-25 08:09:05,9843.86,6165.33
2022-07-25 08:09:04,9874.13,6135.05
2022-07-25 08:09:03,9875.4,6133.78
2022-07-25 08:09:02,9902.1,6107.09
2022-07-25 08:09:01,10055.5,5953.68
2022-07-25 08:09:00,10123.1,5886.09
2022-07-25 08:08:59,9622.58,6386.61
2022-07-25 08:08:58,9663.48,6345.7
2022-07-25 08:08:57,9714.07,6295.11
2022-07-25 08:08:56,9774,6235.19
2022-07-25 08:08:55,9843.15,6166.04
2022-07-25 08:08:54,10024.5,5984.71
2022-07-25 08:08:53,9593.07,6416.11
2022-07-25 08:08:52,9684.41,6324.77
2022-07-25 08:08:51,9857.93,6151.26
2022-07-25 08:08:50,9950.24,6058.95
2022-07-25 08:08:49,10024.2,5984.98
2022-07-25 08:08:48,10101.8,5907.36
2022-07-25 08:08:47,10159.6,5849.6
2022-07-25 08:08:46,10208.9,5800.29
2022-07-25 08:08:45,10229.3,5779.89
2022-07-25 08:08:44,10235.4,5773.75
2022-07-25 08:08:43,10237.8,5771.39
2022-07-25 08:08:42,10244.6,5764.58
2022-07-25 08:08:41,9757.57,6251.62
2022-07-25 08:08:40,9758.21,6250.97
2022-07-25 08:08:39,9761.24,6247.95
2022-07-25 08:08:38,9776.93,6232.26
2022-07-25 08:08:37,9820.56,6188.63
2022-07-25 08:08:36,10013,5996.18
2022-07-25 08:08:35,10209.7,5799.47
2022-07-25 08:08:34,9789.93,6219.25
2022-07-25 08:08:33,9823.91,6185.27
2022-07-25 08:08:32,9884.16,6125.03
2022-07-25 08:08:31,9931.17,6078.02
2022-07-25 08:08:30,9962.73,6046.46
2022-07-25 08:08:29,9971.29,6037.9
2022-07-25 08:08:28,9976.77,6032.42
2022-07-25 08:08:27,9499.98,6509.2
2022-07-25 08:08:26,9534.18,6475.01
2022-07-25 08:08:25,9715.71,6293.48
2022-07-25 08:08:24,9731.91,6277.27
2022-07-25 08:08:23,9757.29,6251.9
2022-07-25 08:08:22,9772.6,6236.59
2022-07-25 08:08:21,9820.54,6188.64
2022-07-25 08:08:20,9868.28,6140.91
2022-07-25 08:08:19,9927.92,6081.27
2022-07-25 08:08:18,9337.29,6671.9
2022-07-25 08:08:17,9656.68,6352.51
2022-07-25 08:08:16,9736.16,6273.03
2022-07-25 08:08:15,9767.95,6241.24
2022-07-25 08:08:14,9794.69,6214.5
2022-07-25 08:08:13,9850.73,6158.46
2022-07-25 08:08:12,9902.41,6106.78
2022-07-25 08:08:11,9912,6097.19
2022-07-25 08:08:10,9965.12,6044.07
2022-07-25 08:08:09,9967.51,6041.68
2022-07-25 08:08:08,9992.17,6017.02
2022-07-25 08:08:07,10043.2,5966.03
2022-07-25 08:08:06,10166.5,5842.68
2022-07-25 08:08:05,10246.3,5762.93
2022-07-25 08:08:04,10274.4,5734.75
2022-07-25 08:08:03,10318.7,5690.46
2022-07-25 08:08:02,10402.1,5607.13
2022-07-25 08:08:01,10450.4,5558.8
2022-07-25 08:08:00,10505.7,5503.51
2022-07-25 08:07:59,10528.9,5480.28
2022-07-25 08:07:58,10583.6,5425.55
2022-07-25 08:07:57,10514.3,5494.86
2022-07-25 08:07:56,10178,5831.15
2022-07-25 08:07:55,10241.5,5767.7
2022-07-25 08:07:54,10304.8,5704.34
2022-07-25 08:07:53,10527,5482.16
2022-07-25 08:07:52,10608,5401.14
2022-07-25 08:07:51,10654,5355.21
2022-07-25 08:07:50,10739.1,5270.07
2022-07-25 08:07:49,10238.6,5770.64
2022-07-25 08:07:48,10277,5732.19
2022-07-25 08:07:47,10276.6,5732.64
2022-07-25 08:07:46,10603.8,5405.37
2022-07-25 08:07:45,10697.2,5311.99
2022-07-25 08:07:44,10753.9,5255.3
2022-07-25 08:07:43,10836,5173.21
2022-07-25 08:07:42,10855.6,5153.55
2022-07-25 08:07:41,10856.3,5152.89
2022-07-25 08:07:40,10858,5151.16
2022-07-25 08:07:39,10859.3,5149.93
2022-07-25 08:07:38,10859,5150.21
2022-07-25 08:07:37,10862.1,5147.12
2022-07-25 08:07:36,10863.5,5145.65
2022-07-25 08:07:35,10867.5,5141.65
2022-07-25 08:07:34,10870.2,5138.99
2022-07-25 08:07:33,10886.1,5123.07
2022-07-25 08:07:32,10934.1,5075.04
2022-07-25 08:07:31,10635.3,5373.86
2022-07-25 08:07:30,10747.8,5261.4
2022-07-25 08:07:29,10814.3,5194.86
2022-07-25 08:07:28,10892,5117.19
2022-07-25 08:07:27,10958.3,5050.87
2022-07-25 08:07:26,10997,5012.16
2022-07-25 08:07:25,11165.1,4844.04
2022-07-25 08:07:24,11230.5,4778.68
2022-07-25 08:07:23,11304.7,4704.52
2022-07-25 08:07:22,11363.5,4645.71
2022-07-25 08:07:21,10848.3,5160.91
2022-07-25 08:07:20,10850.6,5158.64
2022-07-25 08:07:19,10850.3,5158.88
2022-07-25 08:07:18,10851.8,5157.43
2022-07-25 08:07:17,10852.2,5156.96
2022-07-25 08:07:16,10853.5,5155.73
2022-07-25 08:07:15,10850.9,5158.25
2022-07-25 08:07:14,10852.5,5156.66
2022-07-25 08:07:13,10339.9,5669.33
2022-07-25 08:07:12,9729.07,6280.12
2022-07-25 08:07:11,9725.74,6283.45
2022-07-25 08:07:10,9726.7,6282.48
2022-07-25 08:07:09,9260.93,6748.26
2022-07-25 08:07:08,9263.95,6745.23
2022-07-25 08:07:07,9523.46,6485.73
2022-07-25 08:07:06,9647.45,6361.74
2022-07-25 08:07:05,9703.93,6305.26
2022-07-25 08:07:04,9747.54,6261.65
2022-07-25 08:07:03,9789.76,6219.43
2022-07-25 08:07:02,9838.77,6170.42
2022-07-25 08:07:01,9882.33,6126.86
2022-07-25 08:07:00,9884.37,6124.82
2022-07-25 08:06:59,9290.41,6718.77
2022-07-25 08:06:58,9296.27,6712.91
2022-07-25 08:06:57,9299.05,6710.14
2022-07-25 08:06:56,9314,6695.19
2022-07-25 08:06:55,9323.52,6685.66
2022-07-25 08:06:54,9343.03,6666.16
2022-07-25 08:06:53,9335.21,6673.98
2022-07-25 08:06:52,9351.79,6657.4
2022-07-25 08:06:51,9398.15,6611.04
2022-07-25 08:06:50,9420.37,6588.82
2022-07-25 08:06:49,9565.6,6443.59
2022-07-25 08:06:48,9637.07,6372.12
2022-07-25 08:06:47,9657.93,6351.26
2022-07-25 08:06:46,9681.61,6327.58
2022-07-25 08:06:45,9745.93,6263.25
2022-07-25 08:06:44,9797.81,6211.38
2022-07-25 08:06:43,9829.43,6179.75
2022-07-25 08:06:42,9815.11,6194.08
2022-07-25 08:06:41,9833.13,6176.05
2022-07-25 08:06:40,9841.13,6168.06
2022-07-25 08:06:39,9879.25,6129.94
2022-07-25 08:06:38,10041.7,5967.48
2022-07-25 08:06:37,9842.85,6166.34
2022-07-25 08:06:36,9573.83,6435.36
2022-07-25 08:06:35,9821.93,6187.26
2022-07-25 08:06:34,9994.01,6015.18
2022-07-25 08:06:33,10113.8,5895.39
2022-07-25 08:06:32,10236.1,5773.11
2022-07-25 08:06:31,10291,5718.23
2022-07-25 08:06:30,10534.7,5474.52
2022-07-25 08:06:29,10611.2,5397.97
2022-07-25 08:06:28,10664.8,5344.42
2022-07-25 08:06:27,10750.5,5258.71
2022-07-25 08:06:26,10756,5253.14
2022-07-25 08:06:25,10810.7,5198.5
2022-07-25 08:06:24,11173.4,4835.82
2022-07-25 08:06:23,11258.2,4751.01
2022-07-25 08:06:22,11358.5,4650.65
2022-07-25 08:06:21,11372.6,4636.61
2022-07-25 08:06:20,11372.5,4636.68
2022-07-25 08:06:19,11371.2,4637.99
2022-07-25 08:06:18,11371.1,4638.04
2022-07-25 08:06:17,11371.8,4637.34
2022-07-25 08:06:16,10849.9,5159.3
2022-07-25 08:06:15,10848.9,5160.24
2022-07-25 08:06:14,10336,5673.19
2022-07-25 08:06:13,10337,5672.16
2022-07-25 08:06:12,10336.4,5672.78
2022-07-25 08:06:11,9905.04,6104.15
2022-07-25 08:06:10,9911.24,6097.94
2022-07-25 08:06:09,10229.3,5779.91
2022-07-25 08:06:08,10316.8,5692.38
2022-07-25 08:06:07,10362.2,5646.98
2022-07-25 08:06:06,10401.8,5607.36
2022-07-25 08:06:05,10455.7,5553.51
2022-07-25 08:06:04,10505.6,5503.59
2022-07-25 08:06:03,9996.19,6012.99
2022-07-25 08:06:02,10001.9,6007.3
2022-07-25 08:06:01,10003.2,6006.04
2022-07-25 08:06:00,10008.1,6001.14
2022-07-25 08:05:59,10013.6,5995.63
2022-07-25 08:05:58,9421.93,6587.26
2022-07-25 08:05:57,9424.71,6584.48
2022-07-25 08:05:56,9434.76,6574.43
2022-07-25 08:05:55,9437.72,6571.47
2022-07-25 08:05:54,9459.93,6549.25
2022-07-25 08:05:53,9469.71,6539.48
2022-07-25 08:05:52,9472.68,6536.5
2022-07-25 08:05:51,9525.03,6484.16
2022-07-25 08:05:50,9540.17,6469.02
2022-07-25 08:05:49,9542.28,6466.9
2022-07-25 08:05:48,9627.41,6381.77
2022-07-25 08:05:47,9636.34,6372.85
2022-07-25 08:05:46,9791.07,6218.11
2022-07-25 08:05:45,9885.06,6124.13
2022-07-25 08:05:44,9898.02,6111.16
2022-07-25 08:05:43,9931.2,6077.99
2022-07-25 08:05:42,10014.2,5995.01
2022-07-25 08:05:41,10091.8,5917.44
2022-07-25 08:05:40,10280.8,5728.39
2022-07-25 08:05:39,9697.25,6311.93
2022-07-25 08:05:38,9741.39,6267.8
2022-07-25 08:05:37,9768.77,6240.42
2022-07-25 08:05:36,9879.86,6129.33
2022-07-25 08:05:35,9944.46,6064.72
2022-07-25 08:05:34,10088.1,5921.1
2022-07-25 08:05:33,10164.2,5845.02
2022-07-25 08:05:32,10174.3,5834.93
2022-07-25 08:05:31,10218.2,5790.95
2022-07-25 08:05:30,10307.9,5701.33
2022-07-25 08:05:29,10334.9,5674.29
2022-07-25 08:05:28,10380.8,5628.4
2022-07-25 08:05:27,10545.9,5463.24
2022-07-25 08:05:26,10097.2,5912.03
2022-07-25 08:05:25,10130.6,5878.64
2022-07-25 08:05:24,10175.9,5833.33
2022-07-25 08:05:23,10295.9,5713.26
2022-07-25 08:05:22,10431.9,5577.31
2022-07-25 08:05:21,10667.8,5341.37
2022-07-25 08:05:20,10734.2,5275.02
2022-07-25 08:05:19,10788,5221.22
2022-07-25 08:05:18,10853.2,5156.03
2022-07-25 08:05:17,10854.3,5154.86
2022-07-25 08:05:16,10856.4,5152.75
2022-07-25 08:05:15,10857.5,5151.65
2022-07-25 08:05:14,10231.8,5777.35
2022-07-25 08:05:13,10280.2,5728.96
2022-07-25 08:05:12,10298.9,5710.32
2022-07-25 08:05:11,10628.5,5380.68
2022-07-25 08:05:10,10273.2,5736.02
2022-07-25 08:05:09,10231.8,5777.43
2022-07-25 08:05:08,10286.4,5722.83
2022-07-25 08:05:07,10361.4,5647.82
2022-07-25 08:05:06,10362.2,5646.98
2022-07-25 08:05:05,10385.2,5624
2022-07-25 08:05:04,10385.7,5623.48
2022-07-25 08:05:03,10375,5634.15
2022-07-25 08:05:02,9790.05,6219.14
2022-07-25 08:05:01,9791.76,6217.43
2022-07-25 08:05:00,9348.19,6661
2022-07-25 08:04:59,9392.09,6617.09
2022-07-25 08:04:58,9571.11,6438.08
2022-07-25 08:04:57,9584.84,6424.34
2022-07-25 08:04:56,9611.48,6397.7
2022-07-25 08:04:55,9648.48,6360.7
2022-07-25 08:04:54,9697.89,6311.29
2022-07-25 08:04:53,9739.65,6269.54
2022-07-25 08:04:52,9738.19,6271
2022-07-25 08:04:51,9741.58,6267.61
2022-07-25 08:04:50,9741.6,6267.59
2022-07-25 08:04:49,9747.17,6262.02
2022-07-25 08:04:48,9226.77,6782.41
2022-07-25 08:04:47,9227.31,6781.88
2022-07-25 08:04:46,9227.62,6781.57
2022-07-25 08:04:45,9305.61,6703.58
2022-07-25 08:04:44,9333.96,6675.23
2022-07-25 08:04:43,9634.66,6374.52
2022-07-25 08:04:42,9721.42,6287.77
2022-07-25 08:04:41,9761.11,6248.08
2022-07-25 08:04:40,9807.48,6201.71
2022-07-25 08:04:39,9873.69,6135.49
2022-07-25 08:04:38,9942.12,6067.07
2022-07-25 08:04:37,10011.2,5998.03
2022-07-25 08:04:36,10034.5,5974.73
2022-07-25 08:04:35,10220.8,5788.35
2022-07-25 08:04:34,10266.2,5742.97
2022-07-25 08:04:33,10313.1,5696.09
2022-07-25 08:04:32,9745.06,6264.13
2022-07-25 08:04:31,9797.57,6211.61
2022-07-25 08:04:30,9815.92,6193.27
2022-07-25 08:04:29,9817.89,6191.3
2022-07-25 08:04:28,9870.8,6138.38
2022-07-25 08:04:27,9884.32,6124.87
2022-07-25 08:04:26,9711.7,6297.49
2022-07-25 08:04:25,9774.57,6234.61
2022-07-25 08:04:24,9817.97,6191.22
2022-07-25 08:04:23,9878.03,6131.15
2022-07-25 08:04:22,9960.19,6049
2022-07-25 08:04:21,10148.8,5860.35
2022-07-25 08:04:20,10221.3,5787.88
2022-07-25 08:04:19,10275.8,5733.38
2022-07-25 08:04:18,9690.22,6318.97
2022-07-25 08:04:17,9733.47,6275.72
2022-07-25 08:04:16,9799.32,6209.87
2022-07-25 08:04:15,9800.75,6208.44
2022-07-25 08:04:14,9840.31,6168.88
2022-07-25 08:04:13,9868.71,6140.48
2022-07-25 08:04:12,10039.5,5969.67
2022-07-25 08:04:11,9589.91,6419.27
2022-07-25 08:04:10,9614.66,6394.52
2022-07-25 08:04:09,9631.15,6378.04
2022-07-25 08:04:08,9683.27,6325.91
2022-07-25 08:04:07,9731.71,6277.48
2022-07-25 08:04:06,9736.76,6272.43
2022-07-25 08:04:05,9737.55,6271.64
2022-07-25 08:04:04,9738.87,6270.32
2022-07-25 08:04:03,9221.27,6787.92
2022-07-25 08:04:02,9223.96,6785.23
2022-07-25 08:04:01,9225.45,6783.73
2022-07-25 08:04:00,9227.02,6782.16
2022-07-25 08:03:59,9230.43,6778.75
2022-07-25 08:03:58,9293.82,6715.36
2022-07-25 08:03:57,9308.18,6701.01
2022-07-25 08:03:56,9622.64,6386.55
2022-07-25 08:03:55,9696.86,6312.33
2022-07-25 08:03:54,9763.61,6245.58
2022-07-25 08:03:53,9789.47,6219.71
2022-07-25 08:03:52,9875.84,6133.34
2022-07-25 08:03:51,9944.95,6064.24
2022-07-25 08:03:50,9941.07,6068.12
2022-07-25 08:03:49,9612.27,6396.92
2022-07-25 08:03:48,9626.48,6382.7
2022-07-25 08:03:47,9669.13,6340.06
2022-07-25 08:03:46,9701.04,6308.15
2022-07-25 08:03:45,9747.72,6261.47
2022-07-25 08:03:44,9793.48,6215.71
2022-07-25 08:03:43,9796.56,6212.63
2022-07-25 08:03:42,9845.27,6163.92
2022-07-25 08:03:41,9871.11,6138.08
2022-07-25 08:03:40,10190.3,5818.86
2022-07-25 08:03:39,10300.1,5709.11
2022-07-25 08:03:38,10361.9,5647.25
2022-07-25 08:03:37,10420.1,5589.13
2022-07-25 08:03:36,10491.2,5517.97
2022-07-25 08:03:35,10712.9,5296.28
2022-07-25 08:03:34,10763.8,5245.4
2022-07-25 08:03:33,10816.8,5192.4
2022-07-25 08:03:32,10924.6,5084.63
2022-07-25 08:03:31,10965.7,5043.44
2022-07-25 08:03:30,10369.6,5639.58
2022-07-25 08:03:29,10418.9,5590.24
2022-07-25 08:03:28,10583.7,5425.46
2022-07-25 08:03:27,10650.4,5358.82
2022-07-25 08:03:26,10691.2,5317.96
2022-07-25 08:03:25,10778.3,5230.84
2022-07-25 08:03:24,10799.6,5209.55
2022-07-25 08:03:23,10800.4,5208.82
2022-07-25 08:03:22,10802.5,5206.7
2022-07-25 08:03:21,10802.7,5206.48
2022-07-25 08:03:20,10860.1,5149.1
2022-07-25 08:03:19,11154.5,4854.73
2022-07-25 08:03:18,11263.3,4745.91
2022-07-25 08:03:17,11345.3,4663.93
2022-07-25 08:03:16,11386.5,4622.71
2022-07-25 08:03:15,11386.4,4622.8
2022-07-25 08:03:14,11387.4,4621.79
2022-07-25 08:03:13,11381.6,4627.58
2022-07-25 08:03:12,11411.1,4598.13
2022-07-25 08:03:11,11586.4,4422.83
2022-07-25 08:03:10,11841.7,4167.51
2022-07-25 08:03:09,11942.7,4066.49
2022-07-25 08:03:08,11393,4616.18
2022-07-25 08:03:07,11391.7,4617.48
2022-07-25 08:03:06,11392.9,4616.27
2022-07-25 08:03:05,11392.5,4616.66
2022-07-25 08:03:04,11391,4618.2
2022-07-25 08:03:03,11390.3,4618.84
2022-07-25 08:03:02,11390.7,4618.47
2022-07-25 08:03:01,10881.4,5127.78
2022-07-25 08:03:00,10255.2,5753.95
2022-07-25 08:02:59,10254.9,5754.3
2022-07-25 08:02:58,9632.37,6376.82
2022-07-25 08:02:57,9034.7,6974.48
2022-07-25 08:02:56,9032.9,6976.29
2022-07-25 08:02:55,9031.78,6977.41
2022-07-25 08:02:54,9032.58,6976.61
2022-07-25 08:02:53,9033.2,6975.98
2022-07-25 08:02:52,9033.89,6975.3
2022-07-25 08:02:51,9033.46,6975.72
2022-07-25 08:02:50,9034.65,6974.54
2022-07-25 08:02:49,9033.86,6975.33
2022-07-25 08:02:48,9036.1,6973.09
2022-07-25 08:02:47,9035.58,6973.61
2022-07-25 08:02:46,9040.83,6968.36
2022-07-25 08:02:45,9046.16,6963.03
2022-07-25 08:02:44,9093.73,6915.46
2022-07-25 08:02:43,9099.66,6909.52
2022-07-25 08:02:42,9384.73,6624.45
2022-07-25 08:02:41,9448.63,6560.56
2022-07-25 08:02:40,9488.17,6521.02
2022-07-25 08:02:39,9525.78,6483.41
2022-07-25 08:02:38,9559.11,6450.08
2022-07-25 08:02:37,9610.34,6398.85
2022-07-25 08:02:36,9639.97,6369.22
2022-07-25 08:02:35,9656.3,6352.88
2022-07-25 08:02:34,9657.19,6352
2022-07-25 08:02:33,9684.72,6324.47
2022-07-25 08:02:32,9684.99,6324.2
2022-07-25 08:02:31,9695.68,6313.51
2022-07-25 08:02:30,9701.87,6307.32
2022-07-25 08:02:29,9718.5,6290.69
2022-07-25 08:02:28,9772.82,6236.37
2022-07-25 08:02:27,9961.8,6047.39
2022-07-25 08:02:26,10020.8,5988.4
2022-07-25 08:02:25,9937.17,6072.02
2022-07-25 08:02:24,9878.25,6130.94
2022-07-25 08:02:23,9945.31,6063.88
2022-07-25 08:02:22,10379.7,5629.46
2022-07-25 08:02:21,10506.7,5502.47
2022-07-25 08:02:20,10613.8,5395.41
2022-07-25 08:02:19,10561.8,5447.41
2022-07-25 08:02:18,10603,5406.21
2022-07-25 08:02:17,10705.7,5303.45
2022-07-25 08:02:16,10245.9,5763.33
2022-07-25 08:02:15,10307.6,5701.59
2022-07-25 08:02:14,10338.9,5670.25
2022-07-25 08:02:13,9823.72,6185.46
2022-07-25 08:02:12,9209.96,6799.23
2022-07-25 08:02:11,9211.32,6797.86
2022-07-25 08:02:10,9213.64,6795.55
2022-07-25 08:02:09,9216.5,6792.69
2022-07-25 08:02:08,9215.91,6793.28
2022-07-25 08:02:07,9217.91,6791.28
2022-07-25 08:02:06,9219.09,6790.09
2022-07-25 08:02:05,9221.33,6787.86
2022-07-25 08:02:04,9221.45,6787.74
2022-07-25 08:02:03,9223.48,6785.71
2022-07-25 08:02:02,9224.77,6784.42
2022-07-25 08:02:01,9225.36,6783.82
2022-07-25 08:02:00,9227.96,6781.23
2022-07-25 08:01:59,9229.64,6779.55
2022-07-25 08:01:58,9229.73,6779.46
2022-07-25 08:01:57,9230.65,6778.54
2022-07-25 08:01:56,9231.62,6777.56
2022-07-25 08:01:55,9233.12,6776.06
2022-07-25 08:01:54,9233.65,6775.54
2022-07-25 08:01:53,9233.56,6775.62
2022-07-25 08:01:52,9235.64,6773.55
2022-07-25 08:01:51,9237.52,6771.67
2022-07-25 08:01:50,9241.6,6767.59
2022-07-25 08:01:49,9247.81,6761.37
2022-07-25 08:01:48,9303.34,6705.84
2022-07-25 08:01:47,9319.35,6689.84
2022-07-25 08:01:46,9642.37,6366.82
2022-07-25 08:01:45,9773.16,6236.03
2022-07-25 08:01:44,9821.64,6187.54
2022-07-25 08:01:43,9908.02,6101.17
2022-07-25 08:01:42,9988.38,6020.81
2022-07-25 08:01:41,10095.5,5913.66
2022-07-25 08:01:40,10315.3,5693.91
2022-07-25 08:01:39,10386.9,5622.3
2022-07-25 08:01:38,10511,5498.15
2022-07-25 08:01:37,10770.8,5238.37
2022-07-25 08:01:36,10960,5049.23
2022-07-25 08:01:35,11188,4821.18
2022-07-25 08:01:34,11499.8,4509.35
2022-07-25 08:01:33,11145.3,4863.92
2022-07-25 08:01:32,11278.1,4731.09
2022-07-25 08:01:31,10892.7,5116.5
2022-07-25 08:01:30,10349.8,5659.4
2022-07-25 08:01:29,9864.26,6144.93
2022-07-25 08:01:28,9368,6641.18
2022-07-25 08:01:27,9370.9,6638.29
2022-07-25 08:01:26,9373.07,6636.11
2022-07-25 08:01:25,9371.97,6637.22
2022-07-25 08:01:24,9373.78,6635.41
2022-07-25 08:01:23,9375.05,6634.14
2022-07-25 08:01:22,9376.55,6632.64
2022-07-25 08:01:21,9377.54,6631.65
2022-07-25 08:01:20,9380.5,6628.69
2022-07-25 08:01:19,9385.23,6623.96
2022-07-25 08:01:18,9386.16,6623.03
2022-07-25 08:01:17,9387.36,6621.82
2022-07-25 08:01:16,9402.21,6606.98
2022-07-25 08:01:15,9404.99,6604.2
2022-07-25 08:01:14,9407.22,6601.97
2022-07-25 08:01:13,9409.85,6599.34
2022-07-25 08:01:12,9421.86,6587.32
2022-07-25 08:01:11,9423.44,6585.75
2022-07-25 08:01:10,9425.53,6583.66
2022-07-25 08:01:09,9426.27,6582.91
2022-07-25 08:01:08,9441.5,6567.69
2022-07-25 08:01:07,9442.42,6566.77
2022-07-25 08:01:06,9446,6563.19
2022-07-25 08:01:05,9486.48,6522.71
2022-07-25 08:01:04,9486.43,6522.76
2022-07-25 08:01:03,9524.29,6484.89
2022-07-25 08:01:02,9555.57,6453.62
2022-07-25 08:01:01,9556.16,6453.02
2022-07-25 08:01:00,9576.72,6432.46
2022-07-25 08:00:59,9623.73,6385.45
2022-07-25 08:00:58,9660.02,6349.17
2022-07-25 08:00:57,9703.6,6305.59
2022-07-25 08:00:56,9910.98,6098.21
2022-07-25 08:00:55,10288.6,5720.57
2022-07-25 08:00:54,10556.2,5453
2022-07-25 08:00:53,10668.7,5340.5
2022-07-25 08:00:52,10794.6,5214.56
2022-07-25 08:00:51,11052.2,4957.02
2022-07-25 08:00:50,11174.8,4834.35
2022-07-25 08:00:49,11335.2,4674
2022-07-25 08:00:48,11598.2,4410.94
2022-07-25 08:00:47,11220.8,4788.37
2022-07-25 08:00:46,10273.3,5735.89
2022-07-25 08:00:45,10347,5662.17
2022-07-25 08:00:44,9880.36,6128.83
2022-07-25 08:00:43,9919.95,6089.23
2022-07-25 08:00:42,9290.31,6718.88
2022-07-25 08:00:41,9292.02,6717.17
2022-07-25 08:00:40,9295.58,6713.61
2022-07-25 08:00:39,9296.47,6712.71
2022-07-25 08:00:38,9296.15,6713.04
2022-07-25 08:00:37,9299.05,6710.13
2022-07-25 08:00:36,9301.78,6707.41
2022-07-25 08:00:35,9303.64,6705.54
2022-07-25 08:00:34,9307.96,6701.23
2022-07-25 08:00:33,9308.94,6700.24
2022-07-25 08:00:32,9312.7,6696.49
2022-07-25 08:00:31,9315.57,6693.62
2022-07-25 08:00:30,9320.21,6688.98
2022-07-25 08:00:29,9324.37,6684.82
2022-07-25 08:00:28,9323.92,6685.27
2022-07-25 08:00:27,9327.34,6681.85
2022-07-25 08:00:26,9342.39,6666.8
2022-07-25 08:00:25,9355.4,6653.79
2022-07-25 08:00:24,9373.94,6635.25
2022-07-25 08:00:23,9390.54,6618.64
2022-07-25 08:00:22,9407.85,6601.33
2022-07-25 08:00:21,9408.3,6600.88
2022-07-25 08:00:20,9442.4,6566.79
2022-07-25 08:00:19,9464.4,6544.79
2022-07-25 08:00:18,9464.17,6545.02
2022-07-25 08:00:17,9502.25,6506.93
2022-07-25 08:00:16,9530.07,6479.12
2022-07-25 08:00:15,9542.37,6466.82
2022-07-25 08:00:14,9576,6433.19
2022-07-25 08:00:13,9613.9,6395.29
2022-07-25 08:00:12,9700.43,6308.76
2022-07-25 08:00:11,9752.36,6256.83
2022-07-25 08:00:10,9962.48,6046.71
2022-07-25 08:00:09,10171.8,5837.38
2022-07-25 08:00:08,10331.9,5677.34
2022-07-25 08:00:07,10546.8,5462.44
2022-07-25 08:00:06,10654.8,5354.39
2022-07-25 08:00:05,10859.5,5149.68
2022-07-25 08:00:04,11210.8,4798.41
2022-07-25 08:00:03,11391.4,4617.76
2022-07-25 08:00:02,11608,4401.22
2022-07-25 08:00:01,11220.3,4788.86
2022-07-25 08:00:00,10821,5188.16
2022-07-25 07:59:59,10299.6,5709.59
2022-07-25 07:59:58,9743.22,6265.97
2022-07-25 07:59:57,9121.45,6887.73
2022-07-25 07:59:56,9122.75,6886.44
2022-07-25 07:59:55,9123.38,6885.81
2022-07-25 07:59:54,9124.22,6884.97
2022-07-25 07:59:53,9127.21,6881.98
2022-07-25 07:59:52,9127.93,6881.26
2022-07-25 07:59:51,9127.86,6881.33
2022-07-25 07:59:50,9128.72,6880.47
2022-07-25 07:59:49,9132.95,6876.24
2022-07-25 07:59:48,9130.63,6878.56
2022-07-25 07:59:47,9132.57,6876.62
2022-07-25 07:59:46,9134.31,6874.88
2022-07-25 07:59:45,9134.59,6874.6
2022-07-25 07:59:44,9136.22,6872.96
2022-07-25 07:59:43,9135.86,6873.33
2022-07-25 07:59:42,9148.66,6860.52
2022-07-25 07:59:41,9150.61,6858.58
2022-07-25 07:59:40,9151.14,6858.05
2022-07-25 07:59:39,9165.2,6843.99
2022-07-25 07:59:38,9165.46,6843.73
2022-07-25 07:59:37,9166.4,6842.79
2022-07-25 07:59:36,9186.42,6822.77
2022-07-25 07:59:35,9194.23,6814.95
2022-07-25 07:59:34,9196.16,6813.03
2022-07-25 07:59:33,9212.21,6796.98
2022-07-25 07:59:32,9248.14,6761.04
2022-07-25 07:59:31,9249.11,6760.08
2022-07-25 07:59:30,9267.88,6741.31
2022-07-25 07:59:29,9311.77,6697.41
2022-07-25 07:59:28,9304.6,6704.59
2022-07-25 07:59:27,9303.97,6705.21
2022-07-25 07:59:26,9368.74,6640.45
2022-07-25 07:59:25,9418.89,6590.29
2022-07-25 07:59:24,9651.96,6357.22
2022-07-25 07:59:23,9838.77,6170.42
2022-07-25 07:59:22,9913.73,6095.46
2022-07-25 07:59:21,10273.2,5736.03
2022-07-25 07:59:20,10461.9,5547.27
2022-07-25 07:59:19,10847.1,5162.11
2022-07-25 07:59:18,10988.4,5020.79
2022-07-25 07:59:17,11420.7,4588.44
2022-07-25 07:59:16,11085.9,4923.26
2022-07-25 07:59:15,10685.6,5323.56
2022-07-25 07:59:14,10810.9,5198.24
2022-07-25 07:59:13,10397.2,5611.97
2022-07-25 07:59:12,9803.69,6205.49
2022-07-25 07:59:11,9832.95,6176.24
2022-07-25 07:59:10,9329.01,6680.18
2022-07-25 07:59:09,9330.17,6679.02
2022-07-25 07:59:08,9332.43,6676.76
2022-07-25 07:59:07,9337.62,6671.57
2022-07-25 07:59:06,9338.4,6670.79
2022-07-25 07:59:05,9338.91,6670.28
2022-07-25 07:59:04,9344.89,6664.29
2022-07-25 07:59:03,9353.23,6655.96
2022-07-25 07:59:02,9353.77,6655.42
2022-07-25 07:59:01,9359.96,6649.23
2022-07-25 07:59:00,9367.64,6641.55
2022-07-25 07:58:59,9368,6641.19
2022-07-25 07:58:58,9376.23,6632.96
2022-07-25 07:58:57,9378.75,6630.44
2022-07-25 07:58:56,9387.85,6621.34
2022-07-25 07:58:55,9388.87,6620.32
2022-07-25 07:58:54,9395.67,6613.52
2022-07-25 07:58:53,9407.53,6601.66
2022-07-25 07:58:52,9412.5,6596.69
2022-07-25 07:58:51,9421.75,6587.43
2022-07-25 07:58:50,9441.05,6568.14
2022-07-25 07:58:49,9443.88,6565.31
2022-07-25 07:58:48,9477.59,6531.6
2022-07-25 07:58:47,9493.46,6515.73
2022-07-25 07:58:46,9522.99,6486.19
2022-07-25 07:58:45,9555.28,6453.91
2022-07-25 07:58:44,9571.98,6437.21
2022-07-25 07:58:43,9600.48,6408.71
2022-07-25 07:58:42,9677.56,6331.63
2022-07-25 07:58:41,9679.82,6329.37
2022-07-25 07:58:40,9755.93,6253.26
2022-07-25 07:58:39,9816.47,6192.71
2022-07-25 07:58:38,9872.02,6137.16
2022-07-25 07:58:37,10202.1,5807.04
2022-07-25 07:58:36,10332.4,5676.79
2022-07-25 07:58:35,10417.7,5591.52
2022-07-25 07:58:34,10608.2,5400.98
2022-07-25 07:58:33,10956.5,5052.7
2022-07-25 07:58:32,11125.4,4883.84
2022-07-25 07:58:31,11292.7,4716.5
2022-07-25 07:58:30,11548.4,4460.81
2022-07-25 07:58:29,11693,4316.21
2022-07-25 07:58:28,10798.8,5210.4
2022-07-25 07:58:27,10361.1,5648.04
2022-07-25 07:58:26,9782.23,6226.96
2022-07-25 07:58:25,9806.71,6202.47
2022-07-25 07:58:24,9175.82,6833.37
2022-07-25 07:58:23,9174.47,6834.72
2022-07-25 07:58:22,9180.3,6828.89
2022-07-25 07:58:21,9180.96,6828.23
2022-07-25 07:58:20,9180.96,6828.23
2022-07-25 07:58:19,9182.96,6826.22
2022-07-25 07:58:18,9184.2,6824.99
2022-07-25 07:58:17,9184.86,6824.33
2022-07-25 07:58:16,9187.6,6821.59
2022-07-25 07:58:15,9188.35,6820.83
2022-07-25 07:58:14,9190.93,6818.26
2022-07-25 07:58:13,9191.17,6818.02
2022-07-25 07:58:12,9193.01,6816.18
2022-07-25 07:58:11,9200.17,6809.02
2022-07-25 07:58:10,9202.2,6806.99
2022-07-25 07:58:09,9204.63,6804.56
2022-07-25 07:58:08,9224.01,6785.18
2022-07-25 07:58:07,9222.59,6786.59
2022-07-25 07:58:06,9227.74,6781.45
2022-07-25 07:58:05,9250.21,6758.98
2022-07-25 07:58:04,9272.66,6736.52
2022-07-25 07:58:03,9276.28,6732.91
2022-07-25 07:58:02,9293.1,6716.09
2022-07-25 07:58:01,9325.72,6683.47
2022-07-25 07:58:00,9329.39,6679.8
2022-07-25 07:57:59,9348.16,6661.03
2022-07-25 07:57:58,9383.17,6626.02
2022-07-25 07:57:57,9387.09,6622.1
2022-07-25 07:57:56,9427.61,6581.58
2022-07-25 07:57:55,9454.68,6554.51
2022-07-25 07:57:54,9501.84,6507.34
2022-07-25 07:57:53,9555.23,6453.96
2022-07-25 07:57:52,9752.23,6256.95
2022-07-25 07:57:51,9889.84,6119.34
2022-07-25 07:57:50,10084.7,5924.45
2022-07-25 07:57:49,10282.2,5726.98
2022-07-25 07:57:48,10560.2,5449
2022-07-25 07:57:47,10794.8,5214.38
2022-07-25 07:57:46,10935.5,5073.64
2022-07-25 07:57:45,11171.8,4837.39
2022-07-25 07:57:44,11159.4,4849.8
2022-07-25 07:57:43,11136.5,4872.65
2022-07-25 07:57:42,10632.6,5376.56
2022-07-25 07:57:41,10715.9,5293.26
2022-07-25 07:57:40,10192.1,5817.05
2022-07-25 07:57:39,9722.03,6287.15
2022-07-25 07:57:38,9210.16,6799.03
2022-07-25 07:57:37,9211.73,6797.45
2022-07-25 07:57:36,9213.25,6795.93
2022-07-25 07:57:35,9215.22,6793.96
2022-07-25 07:57:34,9216.46,6792.72
2022-07-25 07:57:33,9220.16,6789.02
2022-07-25 07:57:32,9222.43,6786.76
2022-07-25 07:57:31,9224.01,6785.18
2022-07-25 07:57:30,9230.75,6778.44
2022-07-25 07:57:29,9231.57,6777.61
2022-07-25 07:57:28,9231.45,6777.73
2022-07-25 07:57:27,9242.74,6766.45
2022-07-25 07:57:26,9243.45,6765.74
2022-07-25 07:57:25,9243.67,6765.52
2022-07-25 07:57:24,9252.56,6756.63
2022-07-25 07:57:23,9255.43,6753.76
2022-07-25 07:57:22,9257,6752.19
2022-07-25 07:57:21,9255.96,6753.22
2022-07-25 07:57:20,9264.7,6744.48
2022-07-25 07:57:19,9265.49,6743.7
2022-07-25 07:57:18,9275.7,6733.49
2022-07-25 07:57:17,9276.51,6732.68
2022-07-25 07:57:16,9278.57,6730.61
2022-07-25 07:57:15,9308.27,6700.91
2022-07-25 07:57:14,9310.52,6698.67
2022-07-25 07:57:13,9321.59,6687.59
2022-07-25 07:57:12,9381.07,6628.12
2022-07-25 07:57:11,9380.09,6629.1
2022-07-25 07:57:10,9432.67,6576.52
2022-07-25 07:57:09,9480.68,6528.5
2022-07-25 07:57:08,9527.57,6481.61
2022-07-25 07:57:07,9734.99,6274.2
2022-07-25 07:57:06,9848.08,6161.11
2022-07-25 07:57:05,9895.17,6114.02
2022-07-25 07:57:04,10271.1,5738.13
2022-07-25 07:57:03,10630.4,5378.77
2022-07-25 07:57:02,10850.6,5158.63
2022-07-25 07:57:01,11079.4,4929.79
2022-07-25 07:57:00,11226.7,4782.52
2022-07-25 07:56:59,10897.2,5111.95
2022-07-25 07:56:58,11046.4,4962.84
2022-07-25 07:56:57,11155.3,4853.89
2022-07-25 07:56:56,11028.2,4980.96
2022-07-25 07:56:55,10274.9,5734.3
2022-07-25 07:56:54,9739.36,6269.83
2022-07-25 07:56:53,9766.41,6242.78
2022-07-25 07:56:52,9137.23,6871.95
2022-07-25 07:56:51,9138.64,6870.55
2022-07-25 07:56:50,9139.91,6869.27
2022-07-25 07:56:49,9141.54,6867.65
2022-07-25 07:56:48,9141.03,6868.16
2022-07-25 07:56:47,9141.18,6868.01
2022-07-25 07:56:46,9141.66,6867.52
2022-07-25 07:56:45,9141.75,6867.43
2022-07-25 07:56:44,9142.93,6866.26
2022-07-25 07:56:43,9146.39,6862.79
2022-07-25 07:56:42,9145.3,6863.89
2022-07-25 07:56:41,9147.58,6861.61
2022-07-25 07:56:40,9147.66,6861.53
2022-07-25 07:56:39,9151.35,6857.84
2022-07-25 07:56:38,9156.88,6852.31
2022-07-25 07:56:37,9158.69,6850.5
2022-07-25 07:56:36,9170.34,6838.85
2022-07-25 07:56:35,9171.04,6838.14
2022-07-25 07:56:34,9173.48,6835.71
2022-07-25 07:56:33,9196.25,6812.93
2022-07-25 07:56:32,9213.81,6795.37
2022-07-25 07:56:31,9215.4,6793.79
2022-07-25 07:56:30,9216.09,6793.1
2022-07-25 07:56:29,9241.36,6767.82
2022-07-25 07:56:28,9243.37,6765.82
2022-07-25 07:56:27,9244.3,6764.89
2022-07-25 07:56:26,9281.47,6727.72
2022-07-25 07:56:25,9283.53,6725.65
2022-07-25 07:56:24,9308.95,6700.23
2022-07-25 07:56:23,9327.23,6681.95
2022-07-25 07:56:22,9348.95,6660.24
2022-07-25 07:56:21,9386.35,6622.84
2022-07-25 07:56:20,9508.51,6500.68
2022-07-25 07:56:19,9513.33,6495.86
2022-07-25 07:56:18,9695.09,6314.1
2022-07-25 07:56:17,10447.7,5561.52
2022-07-25 07:56:16,10657.1,5352.07
2022-07-25 07:56:15,10824.8,5184.41
2022-07-25 07:56:14,11036.2,4973.01
2022-07-25 07:56:13,11299.9,4709.24
2022-07-25 07:56:12,11423.3,4585.88
2022-07-25 07:56:11,11625.2,4384.04
2022-07-25 07:56:10,11799.6,4209.6
2022-07-25 07:56:09,11316.7,4692.48
2022-07-25 07:56:08,9210.94,6798.25
2022-07-25 07:56:07,9211.67,6797.52
2022-07-25 07:56:06,9216.23,6792.96
2022-07-25 07:56:05,9217.59,6791.6
2022-07-25 07:56:04,9217.99,6791.2
2022-07-25 07:56:03,9219.65,6789.54
2022-07-25 07:56:02,9224.52,6784.67
2022-07-25 07:56:01,9226.28,6782.91
2022-07-25 07:56:00,9228.22,6780.97
2022-07-25 07:55:59,9232.87,6776.32
2022-07-25 07:55:58,9234.58,6774.61
2022-07-25 07:55:57,9248.87,6760.32
2022-07-25 07:55:56,9249.2,6759.98
2022-07-25 07:55:55,9255.74,6753.45
2022-07-25 07:55:54,9262.81,6746.38
2022-07-25 07:55:53,9270.01,6739.18
2022-07-25 07:55:52,9277.38,6731.81
2022-07-25 07:55:51,9285.64,6723.55
2022-07-25 07:55:50,9287.79,6721.39
2022-07-25 07:55:49,9304.4,6704.79
2022-07-25 07:55:48,9304.96,6704.23
2022-07-25 07:55:47,9323.77,6685.41
2022-07-25 07:55:46,9341.92,6667.27
2022-07-25 07:55:45,9344.07,6665.12
2022-07-25 07:55:44,9370.78,6638.41
2022-07-25 07:55:43,9387.92,6621.27
2022-07-25 07:55:42,9389.67,6619.52
2022-07-25 07:55:41,9433.23,6575.95
2022-07-25 07:55:40,9436.68,6572.5
2022-07-25 07:55:39,9439.06,6570.12
2022-07-25 07:55:38,9485.58,6523.61
2022-07-25 07:55:37,9447.62,6561.57
2022-07-25 07:55:36,9481.64,6527.55
2022-07-25 07:55:35,9505.16,6504.02
2022-07-25 07:55:34,9563,6446.18
2022-07-25 07:55:33,9728.04,6281.14
2022-07-25 07:55:32,9937.83,6071.36
2022-07-25 07:55:31,10166.6,5842.61
2022-07-25 07:55:30,10617.1,5392.09
2022-07-25 07:55:29,10994.2,5015.02
2022-07-25 07:55:28,11189,4820.15
2022-07-25 07:55:27,11323.7,4685.51
2022-07-25 07:55:26,11456.8,4552.43
2022-07-25 07:55:25,11573.3,4435.86
2022-07-25 07:55:24,11214.6,4794.59
2022-07-25 07:55:23,11381.2,4627.97
2022-07-25 07:55:22,10970.3,5038.84
2022-07-25 07:55:21,9107.3,6901.88
2022-07-25 07:55:20,9109.63,6899.56
2022-07-25 07:55:19,9111.41,6897.77
2022-07-25 07:55:18,9110.5,6898.69
2022-07-25 07:55:17,9110.44,6898.75
2022-07-25 07:55:16,9111.59,6897.6
2022-07-25 07:55:15,9113.34,6895.84
2022-07-25 07:55:14,9113.05,6896.14
2022-07-25 07:55:13,9114.8,6894.39
2022-07-25 07:55:12,9116.54,6892.65
2022-07-25 07:55:11,9119.07,6890.12
2022-07-25 07:55:10,9118,6891.19
2022-07-25 07:55:09,9120.14,6889.05
2022-07-25 07:55:08,9121.41,6887.78
2022-07-25 07:55:07,9121.15,6888.03
2022-07-25 07:55:06,9121.61,6887.58
2022-07-25 07:55:05,9123.59,6885.59
2022-07-25 07:55:04,9127,6882.19
2022-07-25 07:55:03,9126.3,6882.89
2022-07-25 07:55:02,9128.69,6880.5
2022-07-25 07:55:01,9129.76,6879.43
2022-07-25 07:55:00,9131.25,6877.94
2022-07-25 07:54:59,9128.7,6880.49
2022-07-25 07:54:58,9134.23,6874.96
2022-07-25 07:54:57,9158.3,6850.89
2022-07-25 07:54:56,9157.26,6851.93
2022-07-25 07:54:55,9183.57,6825.61
2022-07-25 07:54:54,9188.54,6820.65
2022-07-25 07:54:53,9211.7,6797.49
2022-07-25 07:54:52,9235.11,6774.08
2022-07-25 07:54:51,9238.44,6770.74
2022-07-25 07:54:50,9273,6736.18
2022-07-25 07:54:49,9303.75,6705.44
2022-07-25 07:54:48,9323.55,6685.64
2022-07-25 07:54:47,9478.3,6530.89
2022-07-25 07:54:46,9561.4,6447.78
2022-07-25 07:54:45,9759.61,6249.57
2022-07-25 07:54:44,9966.51,6042.68
2022-07-25 07:54:43,10608.4,5400.75
2022-07-25 07:54:42,11002.3,5006.88
2022-07-25 07:54:41,11224.9,4784.25
2022-07-25 07:54:40,11343.7,4665.52
2022-07-25 07:54:39,11465.7,4543.5
2022-07-25 07:54:38,11581.5,4427.74
2022-07-25 07:54:37,11768.3,4240.91
2022-07-25 07:54:36,11479.2,4530.02
2022-07-25 07:54:35,9104.49,6904.7
2022-07-25 07:54:34,9106.75,6902.43
2022-07-25 07:54:33,9106.84,6902.35
2022-07-25 07:54:32,9108.89,6900.3
2022-07-25 07:54:31,9110.79,6898.4
2022-07-25 07:54:30,9111.14,6898.04
2022-07-25 07:54:29,9110.64,6898.55
2022-07-25 07:54:28,9113.09,6896.1
2022-07-25 07:54:27,9113.07,6896.11
2022-07-25 07:54:26,9112.25,6896.93
2022-07-25 07:54:25,9114.77,6894.41
2022-07-25 07:54:24,9114.9,6894.29
2022-07-25 07:54:23,9117.3,6891.89
2022-07-25 07:54:22,9116.57,6892.62
2022-07-25 07:54:21,9120,6889.19
2022-07-25 07:54:20,9119.98,6889.21
2022-07-25 07:54:19,9118.95,6890.24
2022-07-25 07:54:18,9121.3,6887.89
2022-07-25 07:54:17,9122.67,6886.52
2022-07-25 07:54:16,9122.34,6886.85
2022-07-25 07:54:15,9124.25,6884.93
2022-07-25 07:54:14,9135.77,6873.41
2022-07-25 07:54:13,9145.94,6863.25
2022-07-25 07:54:12,9147.86,6861.33
2022-07-25 07:54:11,9147.74,6861.45
2022-07-25 07:54:10,9179.84,6829.34
2022-07-25 07:54:09,9181.24,6827.95
2022-07-25 07:54:08,9184.25,6824.94
2022-07-25 07:54:07,9219.09,6790.1
2022-07-25 07:54:06,9220.27,6788.91
2022-07-25 07:54:05,9222.42,6786.77
2022-07-25 07:54:04,9249.54,6759.65
2022-07-25 07:54:03,9254.56,6754.63
2022-07-25 07:54:02,9287.51,6721.68
2022-07-25 07:54:01,9441.95,6567.24
2022-07-25 07:54:00,9544.2,6464.98
2022-07-25 07:53:59,9568.46,6440.73
2022-07-25 07:53:58,10010.6,5998.55
2022-07-25 07:53:57,10657.6,5351.54
2022-07-25 07:53:56,10973.1,5036.08
2022-07-25 07:53:55,11204.3,4804.89
2022-07-25 07:53:54,11323.5,4685.7
2022-07-25 07:53:53,11411.6,4597.62
2022-07-25 07:53:52,11524,4485.17
2022-07-25 07:53:51,11692.5,4316.66
2022-07-25 07:53:50,11902.8,4106.4
2022-07-25 07:53:49,9641.12,6368.07
2022-07-25 07:53:48,9128.28,6880.91
2022-07-25 07:53:47,9129.81,6879.37
2022-07-25 07:53:46,9130.61,6878.58
2022-07-25 07:53:45,9130.36,6878.83
2022-07-25 07:53:44,9132.95,6876.23
2022-07-25 07:53:43,9131.97,6877.21
2022-07-25 07:53:42,9131.22,6877.97
2022-07-25 07:53:41,9132.92,6876.27
2022-07-25 07:53:40,9134.05,6875.13
2022-07-25 07:53:39,9135.44,6873.75
2022-07-25 07:53:38,9135.63,6873.56
2022-07-25 07:53:37,9137.24,6871.94
2022-07-25 07:53:36,9136.74,6872.44
2022-07-25 07:53:35,9137.15,6872.03
2022-07-25 07:53:34,9139.96,6869.23
2022-07-25 07:53:33,9138.14,6871.05
2022-07-25 07:53:32,9138.92,6870.27
2022-07-25 07:53:31,9139.9,6869.29
2022-07-25 07:53:30,9141.8,6867.39
2022-07-25 07:53:29,9141.98,6867.2
2022-07-25 07:53:28,9142.22,6866.97
2022-07-25 07:53:27,9140.71,6868.47
2022-07-25 07:53:26,9140.33,6868.86
2022-07-25 07:53:25,9141.48,6867.7
2022-07-25 07:53:24,9141.21,6867.97
2022-07-25 07:53:23,9140.7,6868.49
2022-07-25 07:53:22,9142.64,6866.55
2022-07-25 07:53:21,9143.22,6865.96
2022-07-25 07:53:20,9158.86,6850.33
2022-07-25 07:53:19,9159.34,6849.85
2022-07-25 07:53:18,9159.5,6849.68
2022-07-25 07:53:17,9165.09,6844.1
2022-07-25 07:53:16,9210.91,6798.28
2022-07-25 07:53:15,9266.91,6742.27
2022-07-25 07:53:14,9441.6,6567.59
2022-07-25 07:53:13,9789.36,6219.82
2022-07-25 07:53:12,9833.19,6176
2022-07-25 07:53:11,10178,5831.21
2022-07-25 07:53:10,10638.8,5370.35
2022-07-25 07:53:09,11006,5003.23
2022-07-25 07:53:08,11184.3,4824.93
2022-07-25 07:53:07,11323.1,4686.05
2022-07-25 07:53:06,11453.2,4556
2022-07-25 07:53:05,11558.6,4450.6
2022-07-25 07:53:04,11740.9,4268.3
2022-07-25 07:53:03,11423.5,4585.69
2022-07-25 07:53:02,9728.08,6281.11
2022-07-25 07:53:01,9205.15,6804.04
2022-07-25 07:53:00,9206.49,6802.7
2022-07-25 07:52:59,9207.73,6801.46
2022-07-25 07:52:58,9207.66,6801.53
2022-07-25 07:52:57,9209.12,6800.07
2022-07-25 07:52:56,9213.23,6795.95
2022-07-25 07:52:55,9215.24,6793.95
2022-07-25 07:52:54,9215.2,6793.99
2022-07-25 07:52:53,9216.48,6792.7
2022-07-25 07:52:52,9218.88,6790.3
2022-07-25 07:52:51,9223.88,6785.3
2022-07-25 07:52:50,9228.02,6781.16
2022-07-25 07:52:49,9228.22,6780.97
2022-07-25 07:52:48,9236.95,6772.24
2022-07-25 07:52:47,9239.12,6770.07
2022-07-25 07:52:46,9242.59,6766.6
2022-07-25 07:52:45,9241.08,6768.11
2022-07-25 07:52:44,9250.2,6758.99
2022-07-25 07:52:43,9250.41,6758.77
2022-07-25 07:52:42,9250.99,6758.2
2022-07-25 07:52:41,9258.97,6750.22
2022-07-25 07:52:40,9260.7,6748.49
2022-07-25 07:52:39,9260.81,6748.38
2022-07-25 07:52:38,9270.82,6738.37
2022-07-25 07:52:37,9269.81,6739.38
2022-07-25 07:52:36,9274.21,6734.98
2022-07-25 07:52:35,9302.55,6706.64
2022-07-25 07:52:34,9302.5,6706.68
2022-07-25 07:52:33,9296.3,6712.89
2022-07-25 07:52:32,9292.93,6716.26
2022-07-25 07:52:31,9366.68,6642.5
2022-07-25 07:52:30,9368.33,6640.86
2022-07-25 07:52:29,9386.31,6622.88
2022-07-25 07:52:28,9521.2,6487.99
2022-07-25 07:52:27,9605.89,6403.3
2022-07-25 07:52:26,9769.21,6239.98
2022-07-25 07:52:25,10234.1,5775.07
2022-07-25 07:52:24,10554.6,5454.63
2022-07-25 07:52:23,10761.5,5247.72
2022-07-25 07:52:22,10835.9,5173.25
2022-07-25 07:52:21,11078.8,4930.41
2022-07-25 07:52:20,11332.4,4676.83
2022-07-25 07:52:19,11486.7,4522.49
2022-07-25 07:52:18,11628.6,4380.59
2022-07-25 07:52:17,11246.4,4762.74
2022-07-25 07:52:16,10656.5,5352.71
2022-07-25 07:52:15,10352.1,5657.11
2022-07-25 07:52:14,9368.19,6641
2022-07-25 07:52:13,9369.16,6640.02
2022-07-25 07:52:12,9372.87,6636.32
2022-07-25 07:52:11,9374.75,6634.44
2022-07-25 07:52:10,9376.25,6632.93
2022-07-25 07:52:09,9375.51,6633.68
2022-07-25 07:52:08,9383.23,6625.95
2022-07-25 07:52:07,9383.46,6625.73
2022-07-25 07:52:06,9385.34,6623.85
2022-07-25 07:52:05,9387.48,6621.71
2022-07-25 07:52:04,9394.46,6614.73
2022-07-25 07:52:03,9396.26,6612.93
2022-07-25 07:52:02,9399.69,6609.5
2022-07-25 07:52:01,9409.76,6599.43
2022-07-25 07:52:00,9411.82,6597.36
2022-07-25 07:51:59,9412.62,6596.57
2022-07-25 07:51:58,9426.73,6582.46
2022-07-25 07:51:57,9427.34,6581.85
2022-07-25 07:51:56,9428.69,6580.5
2022-07-25 07:51:55,9429.5,6579.69
2022-07-25 07:51:54,9437.22,6571.96
2022-07-25 07:51:53,9438.15,6571.04
2022-07-25 07:51:52,9451.64,6557.55
2022-07-25 07:51:51,9463.67,6545.52
2022-07-25 07:51:50,9458.53,6550.65
2022-07-25 07:51:49,9464.72,6544.47
2022-07-25 07:51:48,9507.38,6501.81
2022-07-25 07:51:47,9531.63,6477.55
2022-07-25 07:51:46,9553.25,6455.93
2022-07-25 07:51:45,9552.49,6456.7
2022-07-25 07:51:44,9646.1,6363.09
2022-07-25 07:51:43,9688.41,6320.78
2022-07-25 07:51:42,9690.88,6318.31
2022-07-25 07:51:41,9834.37,6174.82
2022-07-25 07:51:40,9940.79,6068.4
2022-07-25 07:51:39,10199.6,5809.6
2022-07-25 07:51:38,10360.5,5648.67
2022-07-25 07:51:37,10800.9,5208.32
2022-07-25 07:51:36,10963.3,5045.92
2022-07-25 07:51:35,11096.7,4912.46
2022-07-25 07:51:34,11319.8,4689.4
2022-07-25 07:51:33,11471,4538.22
2022-07-25 07:51:32,11621.4,4387.79
2022-07-25 07:51:31,11791.9,4217.3
2022-07-25 07:51:30,10881.4,5127.75
2022-07-25 07:51:29,9705.65,6303.54
2022-07-25 07:51:28,9192.52,6816.67
2022-07-25 07:51:27,9193.82,6815.36
2022-07-25 07:51:26,9194.51,6814.68
2022-07-25 07:51:25,9196.96,6812.22
2022-07-25 07:51:24,9197.92,6811.27
2022-07-25 07:51:23,9198.34,6810.85
2022-07-25 07:51:22,9200.89,6808.3
2022-07-25 07:51:21,9200.3,6808.89
2022-07-25 07:51:20,9202,6807.18
2022-07-25 07:51:19,9202.36,6806.82
2022-07-25 07:51:18,9206.91,6802.28
2022-07-25 07:51:17,9208.23,6800.96
2022-07-25 07:51:16,9207.66,6801.53
2022-07-25 07:51:15,9209.22,6799.96
2022-07-25 07:51:14,9212.23,6796.96
2022-07-25 07:51:13,9214.93,6794.25
2022-07-25 07:51:12,9214.97,6794.21
2022-07-25 07:51:11,9218.04,6791.15
2022-07-25 07:51:10,9219.54,6789.65
2022-07-25 07:51:09,9219.84,6789.34
2022-07-25 07:51:08,9228.07,6781.11
2022-07-25 07:51:07,9229.05,6780.14
2022-07-25 07:51:06,9229.24,6779.95
2022-07-25 07:51:05,9231.23,6777.96
2022-07-25 07:51:04,9292.09,6717.1
2022-07-25 07:51:03,9293.75,6715.43
2022-07-25 07:51:02,9304.76,6704.43
2022-07-25 07:51:01,9366.54,6642.65
2022-07-25 07:51:00,9363.46,6645.73
2022-07-25 07:50:59,9384.48,6624.71
2022-07-25 07:50:58,9457.05,6552.14
2022-07-25 07:50:57,9461.46,6547.73
2022-07-25 07:50:56,9512.44,6496.75
2022-07-25 07:50:55,9629.91,6379.28
2022-07-25 07:50:54,9685.89,6323.3
2022-07-25 07:50:53,10026.9,5982.27
2022-07-25 07:50:52,10251.4,5757.81
2022-07-25 07:50:51,10590.5,5418.66
2022-07-25 07:50:50,10781.8,5227.41
2022-07-25 07:50:49,10905.5,5103.72
2022-07-25 07:50:48,11285.9,4723.31
2022-07-25 07:50:47,11436.7,4572.48
2022-07-25 07:50:46,11614.9,4394.27
2022-07-25 07:50:45,11782.4,4226.74
2022-07-25 07:50:44,10665.8,5343.38
2022-07-25 07:50:43,10069.8,5939.35
2022-07-25 07:50:42,9612.72,6396.47
2022-07-25 07:50:41,9121.74,6887.45
2022-07-25 07:50:40,9124.53,6884.66
2022-07-25 07:50:39,9125.95,6883.24
2022-07-25 07:50:38,9125.14,6884.04
2022-07-25 07:50:37,9126.93,6882.26
2022-07-25 07:50:36,9127.55,6881.63
2022-07-25 07:50:35,9125.52,6883.67
2022-07-25 07:50:34,9125.93,6883.26
2022-07-25 07:50:33,9129.46,6879.73
2022-07-25 07:50:32,9129.54,6879.65
2022-07-25 07:50:31,9135.48,6873.7
2022-07-25 07:50:30,9134.33,6874.86
2022-07-25 07:50:29,9135.44,6873.75
2022-07-25 07:50:28,9137.47,6871.72
2022-07-25 07:50:27,9145.98,6863.21
2022-07-25 07:50:26,9146.57,6862.62
2022-07-25 07:50:25,9148.53,6860.66
2022-07-25 07:50:24,9152.9,6856.28
2022-07-25 07:50:23,9158.2,6850.99
2022-07-25 07:50:22,9170.18,6839.01
2022-07-25 07:50:21,9170.95,6838.23
2022-07-25 07:50:20,9188.37,6820.81
2022-07-25 07:50:19,9211.91,6797.28
2022-07-25 07:50:18,9211.54,6797.64
2022-07-25 07:50:17,9226.33,6782.86
2022-07-25 07:50:16,9254.21,6754.98
2022-07-25 07:50:15,9248.51,6760.68
2022-07-25 07:50:14,9269,6740.19
2022-07-25 07:50:13,9289.36,6719.82
2022-07-25 07:50:12,9306.66,6702.53
2022-07-25 07:50:11,9332.56,6676.63
2022-07-25 07:50:10,9403.67,6605.52
2022-07-25 07:50:09,9488.14,6521.05
2022-07-25 07:50:08,9782.55,6226.64
2022-07-25 07:50:07,9941.19,6068
2022-07-25 07:50:06,10439.5,5569.66
2022-07-25 07:50:05,10549.9,5459.31
2022-07-25 07:50:04,10691.3,5317.92
2022-07-25 07:50:03,11164.5,4844.64
2022-07-25 07:50:02,11328.3,4680.93
2022-07-25 07:50:01,11463.1,4546.13
2022-07-25 07:50:00,11619.5,4389.66
2022-07-25 07:49:59,11259.8,4749.37
2022-07-25 07:49:58,11404.2,4605
2022-07-25 07:49:57,10457.3,5551.91
2022-07-25 07:49:56,9213.4,6795.79
2022-07-25 07:49:55,9213.99,6795.2
2022-07-25 07:49:54,9216.38,6792.81
2022-07-25 07:49:53,9217.41,6791.77
2022-07-25 07:49:52,9219.33,6789.86
2022-07-25 07:49:51,9219.58,6789.61
2022-07-25 07:49:50,9221.97,6787.22
2022-07-25 07:49:49,9221.74,6787.45
2022-07-25 07:49:48,9223.87,6785.32
2022-07-25 07:49:47,9227.91,6781.27
2022-07-25 07:49:46,9227.56,6781.63
2022-07-25 07:49:45,9231.85,6777.34
2022-07-25 07:49:44,9234.48,6774.71
2022-07-25 07:49:43,9241.27,6767.92
2022-07-25 07:49:42,9241.51,6767.68
2022-07-25 07:49:41,9245.6,6763.59
2022-07-25 07:49:40,9256.99,6752.2
2022-07-25 07:49:39,9257.12,6752.07
2022-07-25 07:49:38,9272.25,6736.94
2022-07-25 07:49:37,9283.56,6725.62
2022-07-25 07:49:36,9284.95,6724.24
2022-07-25 07:49:35,9320.94,6688.25
2022-07-25 07:49:34,9321.79,6687.39
2022-07-25 07:49:33,9335.96,6673.22
2022-07-25 07:49:32,9371.4,6637.79
2022-07-25 07:49:31,9370.66,6638.52
2022-07-25 07:49:30,9375.84,6633.35
2022-07-25 07:49:29,9418.35,6590.84
2022-07-25 07:49:28,9445.02,6564.17
2022-07-25 07:49:27,9473.46,6535.73
2022-07-25 07:49:26,9500.35,6508.84
2022-07-25 07:49:25,9536.72,6472.47
2022-07-25 07:49:24,9623.92,6385.27
2022-07-25 07:49:23,9798.28,6210.91
2022-07-25 07:49:22,9964.03,6045.16
2022-07-25 07:49:21,10064.7,5944.49
2022-07-25 07:49:20,10181.3,5827.93
2022-07-25 07:49:19,10387.2,5621.99
2022-07-25 07:49:18,10530.2,5479.03
2022-07-25 07:49:17,10860.2,5148.94
2022-07-25 07:49:16,11031.7,4977.53
2022-07-25 07:49:15,10930.1,5079.07
2022-07-25 07:49:14,11058.5,4950.66
2022-07-25 07:49:13,10590.1,5419.11
2022-07-25 07:49:12,10682.5,5326.66
2022-07-25 07:49:11,10173.6,5835.55
2022-07-25 07:49:10,10247.9,5761.25
2022-07-25 07:49:09,9773.27,6235.92
2022-07-25 07:49:08,9274.47,6734.71
2022-07-25 07:49:07,9273.48,6735.7
2022-07-25 07:49:06,9276.62,6732.57
2022-07-25 07:49:05,9275.86,6733.33
2022-07-25 07:49:04,9278.3,6730.89
2022-07-25 07:49:03,9278.84,6730.35
2022-07-25 07:49:02,9279.67,6729.52
2022-07-25 07:49:01,9283.68,6725.51
2022-07-25 07:49:00,9283.73,6725.46
2022-07-25 07:48:59,9285.14,6724.05
2022-07-25 07:48:58,9287.85,6721.34
2022-07-25 07:48:57,9288.36,6720.82
2022-07-25 07:48:56,9290.11,6719.07
2022-07-25 07:48:55,9291,6718.19
2022-07-25 07:48:54,9294.54,6714.65
2022-07-25 07:48:53,9294.62,6714.57
2022-07-25 07:48:52,9297.28,6711.91
2022-07-25 07:48:51,9304.83,6704.36
2022-07-25 07:48:50,9305.4,6703.79
2022-07-25 07:48:49,9307.73,6701.45
2022-07-25 07:48:48,9310.46,6698.72
2022-07-25 07:48:47,9321.05,6688.13
2022-07-25 07:48:46,9330.81,6678.38
2022-07-25 07:48:45,9340.5,6668.69
2022-07-25 07:48:44,9363.9,6645.29
2022-07-25 07:48:43,9387.58,6621.61
2022-07-25 07:48:42,9389.99,6619.2
2022-07-25 07:48:41,9420.72,6588.46
2022-07-25 07:48:40,9465.09,6544.1
2022-07-25 07:48:39,9464.51,6544.68
2022-07-25 07:48:38,9506.95,6502.24
2022-07-25 07:48:37,9681.77,6327.42
2022-07-25 07:48:36,9859.86,6149.33
2022-07-25 07:48:35,10216.4,5792.83
2022-07-25 07:48:34,10529.3,5479.91
2022-07-25 07:48:33,10732.5,5276.73
2022-07-25 07:48:32,10849,5160.16
2022-07-25 07:48:31,10963.1,5046.07
2022-07-25 07:48:30,11180.1,4829.06
2022-07-25 07:48:29,11462.9,4546.3
2022-07-25 07:48:28,11633,4376.16
2022-07-25 07:48:27,11138.8,4870.43
2022-07-25 07:48:26,10783.9,5225.29
2022-07-25 07:48:25,10216.8,5792.37
2022-07-25 07:48:24,9617.92,6391.27
2022-07-25 07:48:23,9102.04,6907.15
2022-07-25 07:48:22,9102.76,6906.43
2022-07-25 07:48:21,9105.5,6903.69
2022-07-25 07:48:20,9105.72,6903.47
2022-07-25 07:48:19,9105.9,6903.29
2022-07-25 07:48:18,9104.95,6904.23
2022-07-25 07:48:17,9106.05,6903.14
2022-07-25 07:48:16,9105.85,6903.34
2022-07-25 07:48:15,9107.02,6902.16
2022-07-25 07:48:14,9106.7,6902.48
2022-07-25 07:48:13,9108.92,6900.27
2022-07-25 07:48:12,9111.52,6897.67
2022-07-25 07:48:11,9110.61,6898.58
2022-07-25 07:48:10,9114.08,6895.11
2022-07-25 07:48:09,9114.05,6895.14
2022-07-25 07:48:08,9114.64,6894.55
2022-07-25 07:48:07,9116.4,6892.79
2022-07-25 07:48:06,9117.22,6891.96
2022-07-25 07:48:05,9117.61,6891.58
2022-07-25 07:48:04,9118.64,6890.55
2022-07-25 07:48:03,9122.1,6887.09
2022-07-25 07:48:02,9123.16,6886.03
2022-07-25 07:48:01,9122.81,6886.38
2022-07-25 07:48:00,9143.1,6866.09
2022-07-25 07:47:59,9160.25,6848.93
2022-07-25 07:47:58,9140.58,6868.6
2022-07-25 07:47:57,9149.57,6859.61
2022-07-25 07:47:56,9172.66,6836.53
2022-07-25 07:47:55,9175.95,6833.23
2022-07-25 07:47:54,9226.11,6783.08
2022-07-25 07:47:53,9283.16,6726.03
2022-07-25 07:47:52,9286.92,6722.27
2022-07-25 07:47:51,9624.3,6384.88
2022-07-25 07:47:50,9766.66,6242.53
2022-07-25 07:47:49,9999.48,6009.7
2022-07-25 07:47:48,10316,5693.2
2022-07-25 07:47:47,10506.2,5502.98
2022-07-25 07:47:46,10707.1,5302.12
2022-07-25 07:47:45,11049,4960.21
2022-07-25 07:47:44,11296.9,4712.29
2022-07-25 07:47:43,11507.4,4501.74
2022-07-25 07:47:42,11021.4,4987.8
2022-07-25 07:47:41,10479.7,5529.46
2022-07-25 07:47:40,10615.3,5393.85
2022-07-25 07:47:39,10214.9,5794.33
2022-07-25 07:47:38,9722.89,6286.3
2022-07-25 07:47:37,9089.56,6919.63
2022-07-25 07:47:36,9091.74,6917.45
2022-07-25 07:47:35,9089.65,6919.54
2022-07-25 07:47:34,9090.87,6918.32
2022-07-25 07:47:33,9093.4,6915.79
2022-07-25 07:47:32,9095.22,6913.97
2022-07-25 07:47:31,9095.3,6913.89
2022-07-25 07:47:30,9093.21,6915.98
2022-07-25 07:47:29,9099.1,6910.08
2022-07-25 07:47:28,9097.37,6911.82
2022-07-25 07:47:27,9099.61,6909.57
2022-07-25 07:47:26,9108.11,6901.08
2022-07-25 07:47:25,9114.03,6895.16
2022-07-25 07:47:24,9113.76,6895.43
2022-07-25 07:47:23,9114.48,6894.71
2022-07-25 07:47:22,9129.69,6879.5
2022-07-25 07:47:21,9129.73,6879.46
2022-07-25 07:47:20,9130.57,6878.61
2022-07-25 07:47:19,9143.2,6865.99
2022-07-25 07:47:18,9144.92,6864.27
2022-07-25 07:47:17,9146.41,6862.77
2022-07-25 07:47:16,9163.77,6845.42
2022-07-25 07:47:15,9168.2,6840.99
2022-07-25 07:47:14,9169.49,6839.7
2022-07-25 07:47:13,9186.14,6823.05
2022-07-25 07:47:12,9206.24,6802.95
2022-07-25 07:47:11,9222,6787.18
2022-07-25 07:47:10,9224.06,6785.12
2022-07-25 07:47:09,9226.98,6782.2
2022-07-25 07:47:08,9268.83,6740.36
2022-07-25 07:47:07,9287.7,6721.48
2022-07-25 07:47:06,9381.66,6627.53
2022-07-25 07:47:05,9715.53,6293.66
2022-07-25 07:47:04,9991.79,6017.39
2022-07-25 07:47:03,10164.6,5844.54
2022-07-25 07:47:02,10418.6,5590.59
2022-07-25 07:47:01,10598.3,5410.92
2022-07-25 07:47:00,10712.2,5297.02
2022-07-25 07:46:59,10957.9,5051.27
2022-07-25 07:46:58,11354.3,4654.88
2022-07-25 07:46:57,11513.4,4495.81
2022-07-25 07:46:56,11035.7,4973.48
2022-07-25 07:46:55,10601.2,5408.03
2022-07-25 07:46:54,10735.2,5273.99
2022-07-25 07:46:53,10344.5,5664.68
2022-07-25 07:46:52,9119.91,6889.27
2022-07-25 07:46:51,9121.75,6887.43
2022-07-25 07:46:50,9122.18,6887.01
2022-07-25 07:46:49,9121.53,6887.65
2022-07-25 07:46:48,9121.94,6887.25
2022-07-25 07:46:47,9124.55,6884.64
2022-07-25 07:46:46,9122.86,6886.33
2022-07-25 07:46:45,9124.45,6884.73
2022-07-25 07:46:44,9123.74,6885.45
2022-07-25 07:46:43,9126.3,6882.89
2022-07-25 07:46:42,9125.83,6883.36
2022-07-25 07:46:41,9127.25,6881.94
2022-07-25 07:46:40,9131.59,6877.6
2022-07-25 07:46:39,9130.01,6879.18
2022-07-25 07:46:38,9131.59,6877.6
2022-07-25 07:46:37,9132.21,6876.98
2022-07-25 07:46:36,9132.18,6877.01
2022-07-25 07:46:35,9133.86,6875.32
2022-07-25 07:46:34,9135.11,6874.08
2022-07-25 07:46:33,9141.04,6868.15
2022-07-25 07:46:32,9140.34,6868.85
2022-07-25 07:46:31,9140.87,6868.32
2022-07-25 07:46:30,9141.34,6867.85
2022-07-25 07:46:29,9163.74,6845.45
2022-07-25 07:46:28,9163.61,6845.58
2022-07-25 07:46:27,9165.11,6844.07
2022-07-25 07:46:26,9189.26,6819.93
2022-07-25 07:46:25,9199.6,6809.59
2022-07-25 07:46:24,9222.86,6786.32
2022-07-25 07:46:23,9224.27,6784.92
2022-07-25 07:46:22,9301.95,6707.23
2022-07-25 07:46:21,9343.83,6665.36
2022-07-25 07:46:20,9345.04,6664.15
2022-07-25 07:46:19,9419.43,6589.75
2022-07-25 07:46:18,9739.26,6269.93
2022-07-25 07:46:17,10056.1,5953.11
2022-07-25 07:46:16,10285.5,5723.69
2022-07-25 07:46:15,10402.8,5606.37
2022-07-25 07:46:14,10780.8,5228.37
2022-07-25 07:46:13,11131.7,4877.53
2022-07-25 07:46:12,11328.2,4680.98
2022-07-25 07:46:11,11491,4518.2
2022-07-25 07:46:10,11664.9,4344.24
2022-07-25 07:46:09,11805,4204.17
2022-07-25 07:46:08,10882,5127.2
2022-07-25 07:46:07,10040.8,5968.43
2022-07-25 07:46:06,9322.11,6687.07
2022-07-25 07:46:05,9325.83,6683.36
2022-07-25 07:46:04,9325.15,6684.04
2022-07-25 07:46:03,9325.57,6683.62
2022-07-25 07:46:02,9327.95,6681.23
2022-07-25 07:46:01,9331.26,6677.93
2022-07-25 07:46:00,9331.73,6677.45
2022-07-25 07:45:59,9334.06,6675.13
2022-07-25 07:45:58,9335.88,6673.31
2022-07-25 07:45:57,9338.1,6671.09
2022-07-25 07:45:56,9338.01,6671.18
2022-07-25 07:45:55,9340.82,6668.36
2022-07-25 07:45:54,9344.8,6664.39
2022-07-25 07:45:53,9347.06,6662.12
2022-07-25 07:45:52,9348.43,6660.76
2022-07-25 07:45:51,9351.62,6657.56
2022-07-25 07:45:50,9355.87,6653.32
2022-07-25 07:45:49,9355.61,6653.57
2022-07-25 07:45:48,9368.03,6641.16
2022-07-25 07:45:47,9375,6634.18
2022-07-25 07:45:46,9401.63,6607.55
2022-07-25 07:45:45,9404.85,6604.34
2022-07-25 07:45:44,9420.61,6588.57
2022-07-25 07:45:43,9461.67,6547.52
2022-07-25 07:45:42,9462.98,6546.21
2022-07-25 07:45:41,9482.92,6526.27
2022-07-25 07:45:40,9549.48,6459.71
2022-07-25 07:45:39,9551.17,6458.02
2022-07-25 07:45:38,9586.82,6422.36
2022-07-25 07:45:37,9632.08,6377.11
2022-07-25 07:45:36,9658.6,6350.59
2022-07-25 07:45:35,9675.5,6333.69
2022-07-25 07:45:34,9750.85,6258.34
2022-07-25 07:45:33,9823.39,6185.79
2022-07-25 07:45:32,10004.2,6004.97
2022-07-25 07:45:31,10158.5,5850.73
2022-07-25 07:45:30,10338.6,5670.57
2022-07-25 07:45:29,10540.9,5468.29
2022-07-25 07:45:28,10674.2,5334.97
2022-07-25 07:45:27,11141,4868.23
2022-07-25 07:45:26,11305.6,4703.56
2022-07-25 07:45:25,11460,4549.23
2022-07-25 07:45:24,11039.6,4969.54
2022-07-25 07:45:23,11176.3,4832.84
2022-07-25 07:45:22,11318.8,4690.38
2022-07-25 07:45:21,10291.8,5717.36
2022-07-25 07:45:20,10332.5,5676.69
2022-07-25 07:45:19,9094.52,6914.67
2022-07-25 07:45:18,9095.78,6913.41
2022-07-25 07:45:17,9096.78,6912.41
2022-07-25 07:45:16,9097.54,6911.65
2022-07-25 07:45:15,9097.83,6911.36
2022-07-25 07:45:14,9099.34,6909.85
2022-07-25 07:45:13,9100.83,6908.36
2022-07-25 07:45:12,9100.75,6908.43
2022-07-25 07:45:11,9099.62,6909.56
2022-07-25 07:45:10,9100.64,6908.55
2022-07-25 07:45:09,9105.61,6903.58
2022-07-25 07:45:08,9108.88,6900.31
2022-07-25 07:45:07,9105.52,6903.66
2022-07-25 07:45:06,9117.52,6891.67
2022-07-25 07:45:05,9117.01,6892.18
2022-07-25 07:45:04,9118.53,6890.66
2022-07-25 07:45:03,9131.03,6878.15
2022-07-25 07:45:02,9130.05,6879.14
2022-07-25 07:45:01,9132.42,6876.77
2022-07-25 07:45:00,9133.13,6876.06
2022-07-25 07:44:59,9150.55,6858.64
2022-07-25 07:44:58,9151.89,6857.3
2022-07-25 07:44:57,9168.79,6840.39
2022-07-25 07:44:56,9186.59,6822.6
2022-07-25 07:44:55,9190.02,6819.16
2022-07-25 07:44:54,9207.34,6801.85
2022-07-25 07:44:53,9226.84,6782.35
2022-07-25 07:44:52,9228.4,6780.79
2022-07-25 07:44:51,9249.31,6759.88
2022-07-25 07:44:50,9279.42,6729.77
2022-07-25 07:44:49,9286.27,6722.92
2022-07-25 07:44:48,9333.95,6675.24
2022-07-25 07:44:47,9348.26,6660.93
2022-07-25 07:44:46,9469.02,6540.17
2022-07-25 07:44:45,9723.91,6285.28
2022-07-25 07:44:44,9899.52,6109.66
2022-07-25 07:44:43,10013.4,5995.79
2022-07-25 07:44:42,10523.9,5485.29
2022-07-25 07:44:41,10958.7,5050.52
2022-07-25 07:44:40,11177.3,4831.92
2022-07-25 07:44:39,11389.4,4619.82
2022-07-25 07:44:38,11533.9,4475.28
2022-07-25 07:44:37,11159.3,4849.92
2022-07-25 07:44:36,11294.3,4714.87
2022-07-25 07:44:35,10792.3,5216.88
2022-07-25 07:44:34,10227.2,5782.02
2022-07-25 07:44:33,8999.55,7009.64
2022-07-25 07:44:32,8998.95,7010.24
2022-07-25 07:44:31,8998.96,7010.22
2022-07-25 07:44:30,8999.63,7009.56
2022-07-25 07:44:29,8999.68,7009.51
2022-07-25 07:44:28,9001.2,7007.98
2022-07-25 07:44:27,9002.24,7006.95
2022-07-25 07:44:26,9003.9,7005.29
2022-07-25 07:44:25,9001.93,7007.26
2022-07-25 07:44:24,9004.21,7004.97
2022-07-25 07:44:23,9004.68,7004.51
2022-07-25 07:44:22,9003.91,7005.28
2022-07-25 07:44:21,9005.82,7003.37
2022-07-25 07:44:20,9006.97,7002.22
2022-07-25 07:44:19,9005.2,7003.98
2022-07-25 07:44:18,9004.82,7004.37
2022-07-25 07:44:17,9012.32,6996.87
2022-07-25 07:44:16,9012.89,6996.3
2022-07-25 07:44:15,9014.94,6994.25
2022-07-25 07:44:14,9030.59,6978.6
2022-07-25 07:44:13,9032.48,6976.71
2022-07-25 07:44:12,9030.93,6978.26
2022-07-25 07:44:11,9050.88,6958.31
2022-07-25 07:44:10,9051.14,6958.05
2022-07-25 07:44:09,9048.89,6960.29
2022-07-25 07:44:08,9062.34,6946.85
2022-07-25 07:44:07,9063.5,6945.69
2022-07-25 07:44:06,9064.47,6944.72
2022-07-25 07:44:05,9087.03,6922.16
2022-07-25 07:44:04,9088.65,6920.54
2022-07-25 07:44:03,9118.31,6890.88
2022-07-25 07:44:02,9143.83,6865.36
2022-07-25 07:44:01,9293.75,6715.44
2022-07-25 07:44:00,9433.74,6575.45
2022-07-25 07:43:59,9746.97,6262.21
2022-07-25 07:43:58,9898.48,6110.71
2022-07-25 07:43:57,10051.6,5957.61
2022-07-25 07:43:56,10377.6,5631.56
2022-07-25 07:43:55,10727.2,5281.96
2022-07-25 07:43:54,11153.7,4855.5
2022-07-25 07:43:53,11387.8,4621.43
2022-07-25 07:43:52,11031.3,4977.93
2022-07-25 07:43:51,11165.3,4843.89
2022-07-25 07:43:50,10622.4,5386.81
2022-07-25 07:43:49,10760.4,5248.75
2022-07-25 07:43:48,10241.1,5768.12
2022-07-25 07:43:47,8982.54,7026.65
2022-07-25 07:43:46,8983.23,7025.96
2022-07-25 07:43:45,8985,7024.18
2022-07-25 07:43:44,8985.33,7023.86
2022-07-25 07:43:43,8987.04,7022.15
2022-07-25 07:43:42,8987.39,7021.79
2022-07-25 07:43:41,8985.09,7024.1
2022-07-25 07:43:40,8988.62,7020.56
2022-07-25 07:43:39,8987.64,7021.54
2022-07-25 07:43:38,8988.66,7020.52
2022-07-25 07:43:37,8987.76,7021.43
2022-07-25 07:43:36,8990.05,7019.13
2022-07-25 07:43:35,8989.87,7019.32
2022-07-25 07:43:34,8989.1,7020.09
2022-07-25 07:43:33,8988.51,7020.68
2022-07-25 07:43:32,8989.2,7019.98
2022-07-25 07:43:31,8991.19,7018
2022-07-25 07:43:30,8989.5,7019.68
2022-07-25 07:43:29,8990.23,7018.96
2022-07-25 07:43:28,8989.95,7019.24
2022-07-25 07:43:27,8989.02,7020.17
2022-07-25 07:43:26,9011.43,6997.76
2022-07-25 07:43:25,9010.47,6998.72
2022-07-25 07:43:24,9010.73,6998.46
2022-07-25 07:43:23,9037.58,6971.61
2022-07-25 07:43:22,9037.89,6971.3
2022-07-25 07:43:21,9037.19,6971.99
2022-07-25 07:43:20,9066.52,6942.67
2022-07-25 07:43:19,9059.03,6950.16
2022-07-25 07:43:18,9054.18,6955
2022-07-25 07:43:17,9114.7,6894.48
2022-07-25 07:43:16,9136.89,6872.29
2022-07-25 07:43:15,9333.74,6675.45
2022-07-25 07:43:14,9428.02,6581.16
2022-07-25 07:43:13,9497.32,6511.86
2022-07-25 07:43:12,9919.18,6090
2022-07-25 07:43:11,10261,5748.14
2022-07-25 07:43:10,10651.1,5358.04
2022-07-25 07:43:09,10859.1,5150.07
2022-07-25 07:43:08,10852.6,5156.61
2022-07-25 07:43:07,10851.4,5157.75
2022-07-25 07:43:06,11002.1,5007.05
2022-07-25 07:43:05,11125.3,4883.91
2022-07-25 07:43:04,11281.8,4727.39
2022-07-25 07:43:03,10358.4,5650.76
2022-07-25 07:43:02,10433.3,5575.84
2022-07-25 07:43:01,9936.27,6072.91
2022-07-25 07:43:00,9314.03,6695.16
2022-07-25 07:42:59,9321.4,6687.79
2022-07-25 07:42:58,9320.99,6688.2
2022-07-25 07:42:57,9322.91,6686.28
2022-07-25 07:42:56,9330.73,6678.46
2022-07-25 07:42:55,9331.49,6677.7
2022-07-25 07:42:54,9333.14,6676.05
2022-07-25 07:42:53,9342.43,6666.76
2022-07-25 07:42:52,9341.8,6667.38
2022-07-25 07:42:51,9347.5,6661.69
2022-07-25 07:42:50,9350.63,6658.56
2022-07-25 07:42:49,9359.7,6649.48
2022-07-25 07:42:48,9367.11,6642.07
2022-07-25 07:42:47,9365.71,6643.47
2022-07-25 07:42:46,9383.13,6626.05
2022-07-25 07:42:45,9382.57,6626.62
2022-07-25 07:42:44,9392.37,6616.81
2022-07-25 07:42:43,9403.38,6605.8
2022-07-25 07:42:42,9407.35,6601.84
2022-07-25 07:42:41,9418.79,6590.39
2022-07-25 07:42:40,9432.25,6576.94
2022-07-25 07:42:39,9433,6576.19
2022-07-25 07:42:38,9454.87,6554.32
2022-07-25 07:42:37,9468,6541.18
2022-07-25 07:42:36,9484.72,6524.47
2022-07-25 07:42:35,9516.05,6493.14
2022-07-25 07:42:34,9501.97,6507.22
2022-07-25 07:42:33,9515.44,6493.75
2022-07-25 07:42:32,9627.48,6381.7
2022-07-25 07:42:31,9666.99,6342.2
2022-07-25 07:42:30,9840.93,6168.26
2022-07-25 07:42:29,9937.98,6071.2
2022-07-25 07:42:28,10012.4,5996.83
2022-07-25 07:42:27,10100.8,5908.39
2022-07-25 07:42:26,10279.7,5729.53
2022-07-25 07:42:25,10415,5594.18
2022-07-25 07:42:24,10705,5304.14
2022-07-25 07:42:23,10139.3,5869.91
2022-07-25 07:42:22,10532.2,5477.02
2022-07-25 07:42:21,10749.3,5259.91
2022-07-25 07:42:20,10910.9,5098.31
2022-07-25 07:42:19,11059,4950.22
2022-07-25 07:42:18,10639.5,5369.73
2022-07-25 07:42:17,10099.9,5909.33
2022-07-25 07:42:16,10188.8,5820.4
2022-07-25 07:42:15,9635.41,6373.77
2022-07-25 07:42:14,9130.9,6878.29
2022-07-25 07:42:13,9134.25,6874.94
2022-07-25 07:42:12,9134.66,6874.53
2022-07-25 07:42:11,9134.98,6874.2
2022-07-25 07:42:10,9136.2,6872.99
2022-07-25 07:42:09,9137.67,6871.52
2022-07-25 07:42:08,9138.12,6871.07
2022-07-25 07:42:07,9138.63,6870.56
2022-07-25 07:42:06,9139.02,6870.16
2022-07-25 07:42:05,9138.83,6870.36
2022-07-25 07:42:04,9141.21,6867.98
2022-07-25 07:42:03,9140.1,6869.09
2022-07-25 07:42:02,9141.1,6868.09
2022-07-25 07:42:01,9142.12,6867.06
2022-07-25 07:42:00,9143.36,6865.83
2022-07-25 07:41:59,9144.8,6864.39
2022-07-25 07:41:58,9145.65,6863.54
2022-07-25 07:41:57,9146,6863.18
2022-07-25 07:41:56,9146.14,6863.04
2022-07-25 07:41:55,9160.95,6848.23
2022-07-25 07:41:54,9161.58,6847.61
2022-07-25 07:41:53,9162.37,6846.82
2022-07-25 07:41:52,9184.71,6824.47
2022-07-25 07:41:51,9184.53,6824.65
2022-07-25 07:41:50,9187.64,6821.55
2022-07-25 07:41:49,9210.03,6799.16
2022-07-25 07:41:48,9210.29,6798.9
2022-07-25 07:41:47,9261.65,6747.54
2022-07-25 07:41:46,9289.18,6720
2022-07-25 07:41:45,9549.55,6459.64
2022-07-25 07:41:44,9684.5,6324.69
2022-07-25 07:41:43,9796.34,6212.84
2022-07-25 07:41:42,9847.05,6162.14
2022-07-25 07:41:41,9987.68,6021.5
2022-07-25 07:41:40,10246.1,5763.06
2022-07-25 07:41:39,10575.4,5433.78
2022-07-25 07:41:38,10701.3,5307.86
2022-07-25 07:41:37,11053.1,4956.11
2022-07-25 07:41:36,10734.4,5274.75
2022-07-25 07:41:35,10815.7,5193.45
2022-07-25 07:41:34,10963.7,5045.51
2022-07-25 07:41:33,11212.8,4796.35
2022-07-25 07:41:32,10155.4,5853.82
2022-07-25 07:41:31,10215.9,5793.26
2022-07-25 07:41:30,9647.77,6361.41
2022-07-25 07:41:29,9694,6315.19
2022-07-25 07:41:28,9715.24,6293.95
2022-07-25 07:41:27,9357.88,6651.31
2022-07-25 07:41:26,9102.03,6907.16
2022-07-25 07:41:25,9104.11,6905.08
2022-07-25 07:41:24,9103.63,6905.55
2022-07-25 07:41:23,9114.16,6895.03
2022-07-25 07:41:22,9115.89,6893.29
2022-07-25 07:41:21,9115.38,6893.8
2022-07-25 07:41:20,9126.02,6883.17
2022-07-25 07:41:19,9126.38,6882.81
2022-07-25 07:41:18,9127.39,6881.8
2022-07-25 07:41:17,9128.04,6881.15
2022-07-25 07:41:16,9139.66,6869.53
2022-07-25 07:41:15,9144.23,6864.96
2022-07-25 07:41:14,9145.2,6863.99
2022-07-25 07:41:13,9160.91,6848.28
2022-07-25 07:41:12,9161.72,6847.47
2022-07-25 07:41:11,9176.2,6832.99
2022-07-25 07:41:10,9188.18,6821.01
2022-07-25 07:41:09,9189.37,6819.82
2022-07-25 07:41:08,9217.82,6791.36
2022-07-25 07:41:07,9212.11,6797.08
2022-07-25 07:41:06,9210.73,6798.46
2022-07-25 07:41:05,9243.27,6765.92
2022-07-25 07:41:04,9243.19,6766
2022-07-25 07:41:03,9268.54,6740.64
2022-07-25 07:41:02,9275.64,6733.54
2022-07-25 07:41:01,9303.81,6705.38
2022-07-25 07:41:00,9338.5,6670.69
2022-07-25 07:40:59,9496.54,6512.65
2022-07-25 07:40:58,9608,6401.18
2022-07-25 07:40:57,9658.91,6350.28
2022-07-25 07:40:56,9935.4,6073.79
2022-07-25 07:40:55,10124.7,5884.44
2022-07-25 07:40:54,10368.6,5640.59
2022-07-25 07:40:53,10492.9,5516.24
2022-07-25 07:40:52,10840.8,5168.37
2022-07-25 07:40:51,10352.8,5656.43
2022-07-25 07:40:50,10513.9,5495.28
2022-07-25 07:40:49,10634.4,5374.8
2022-07-25 07:40:48,10309.2,5700.03
2022-07-25 07:40:47,10482.8,5526.38
2022-07-25 07:40:46,10080.4,5928.84
2022-07-25 07:40:45,10121.5,5887.68
2022-07-25 07:40:44,9544.07,6465.12
2022-07-25 07:40:43,9594.72,6414.46
2022-07-25 07:40:42,9635.75,6373.43
2022-07-25 07:40:41,9123.32,6885.87
2022-07-25 07:40:40,9125.42,6883.77
2022-07-25 07:40:39,9126.7,6882.49
2022-07-25 07:40:38,9126.4,6882.79
2022-07-25 07:40:37,9125.47,6883.72
2022-07-25 07:40:36,9126.57,6882.61
2022-07-25 07:40:35,9128.71,6880.48
2022-07-25 07:40:34,9128.27,6880.92
2022-07-25 07:40:33,9129.32,6879.87
2022-07-25 07:40:32,9133.93,6875.26
2022-07-25 07:40:31,9132.92,6876.27
2022-07-25 07:40:30,9136.41,6872.77
2022-07-25 07:40:29,9136.26,6872.93
2022-07-25 07:40:28,9137.12,6872.07
2022-07-25 07:40:27,9138.12,6871.07
2022-07-25 07:40:26,9139.52,6869.67
2022-07-25 07:40:25,9152.65,6856.54
2022-07-25 07:40:24,9154.21,6854.98
2022-07-25 07:40:23,9152.7,6856.49
2022-07-25 07:40:22,9166.47,6842.72
2022-07-25 07:40:21,9166.57,6842.62
2022-07-25 07:40:20,9169.06,6840.13
2022-07-25 07:40:19,9186.76,6822.43
2022-07-25 07:40:18,9188.85,6820.34
2022-07-25 07:40:17,9191.62,6817.57
2022-07-25 07:40:16,9204.24,6804.94
2022-07-25 07:40:15,9242.91,6766.27
2022-07-25 07:40:14,9227.71,6781.48
2022-07-25 07:40:13,9325.32,6683.86
2022-07-25 07:40:12,9669.21,6339.98
2022-07-25 07:40:11,9783.2,6225.98
2022-07-25 07:40:10,10169,5840.17
2022-07-25 07:40:09,10365.8,5643.34
2022-07-25 07:40:08,10654.6,5354.58
2022-07-25 07:40:07,10933.6,5075.59
2022-07-25 07:40:06,11059.4,4949.84
2022-07-25 07:40:05,11178.2,4831.02
2022-07-25 07:40:04,11344,4665.14
2022-07-25 07:40:03,11487.1,4522.07
2022-07-25 07:40:02,10479.8,5529.41
2022-07-25 07:40:01,10064.3,5944.87
2022-07-25 07:40:00,9488.59,6520.59
2022-07-25 07:39:59,9505.93,6503.26
2022-07-25 07:39:58,9560.4,6448.79
2022-07-25 07:39:57,9611.48,6397.71
2022-07-25 07:39:56,9088.86,6920.32
2022-07-25 07:39:55,9089.8,6919.39
2022-07-25 07:39:54,9088.81,6920.38
2022-07-25 07:39:53,9088.23,6920.96
2022-07-25 07:39:52,9089.36,6919.82
2022-07-25 07:39:51,9089.27,6919.92
2022-07-25 07:39:50,9090.33,6918.86
2022-07-25 07:39:49,9089.57,6919.61
2022-07-25 07:39:48,9093.23,6915.96
2022-07-25 07:39:47,9093.83,6915.36
2022-07-25 07:39:46,9094.71,6914.48
2022-07-25 07:39:45,9096.7,6912.48
2022-07-25 07:39:44,9097.55,6911.64
2022-07-25 07:39:43,9097.21,6911.98
2022-07-25 07:39:42,9103.14,6906.04
2022-07-25 07:39:41,9103.9,6905.29
2022-07-25 07:39:40,9105.18,6904.01
2022-07-25 07:39:39,9104.98,6904.2
2022-07-25 07:39:38,9114.61,6894.58
2022-07-25 07:39:37,9127.66,6881.52
2022-07-25 07:39:36,9128.03,6881.16
2022-07-25 07:39:35,9140.8,6868.39
2022-07-25 07:39:34,9149.77,6859.42
2022-07-25 07:39:33,9149.87,6859.32
2022-07-25 07:39:32,9166.91,6842.27
2022-07-25 07:39:31,9167.24,6841.94
2022-07-25 07:39:30,9189.69,6819.5
2022-07-25 07:39:29,9251.14,6758.05
2022-07-25 07:39:28,9255.72,6753.47
2022-07-25 07:39:27,9494.05,6515.14
2022-07-25 07:39:26,9730.4,6278.79
2022-07-25 07:39:25,9802.74,6206.45
2022-07-25 07:39:24,10151.6,5857.55
2022-07-25 07:39:23,10528.9,5480.27
2022-07-25 07:39:22,10697.8,5311.35
2022-07-25 07:39:21,10854.1,5155.14
2022-07-25 07:39:20,11095.9,4913.28
2022-07-25 07:39:19,11258,4751.22
2022-07-25 07:39:18,11370.2,4638.99
2022-07-25 07:39:17,10992.3,5016.93
2022-07-25 07:39:16,10621.5,5387.68
2022-07-25 07:39:15,10183.7,5825.46
2022-07-25 07:39:14,10250,5759.19
2022-07-25 07:39:13,9789.4,6219.78
2022-07-25 07:39:12,9836.09,6173.1
2022-07-25 07:39:11,9846.18,6163.01
2022-07-25 07:39:10,9375.31,6633.88
2022-07-25 07:39:09,9378.05,6631.14
2022-07-25 07:39:08,9378.07,6631.12
2022-07-25 07:39:07,9376.45,6632.74
2022-07-25 07:39:06,9381.53,6627.66
2022-07-25 07:39:05,9382.77,6626.42
2022-07-25 07:39:04,9385.6,6623.59
2022-07-25 07:39:03,9386.73,6622.46
2022-07-25 07:39:02,9388.71,6620.48
2022-07-25 07:39:01,9390.74,6618.45
2022-07-25 07:39:00,9392.94,6616.25
2022-07-25 07:38:59,9396.56,6612.63
2022-07-25 07:38:58,9398.14,6611.05
2022-07-25 07:38:57,9400.03,6609.16
2022-07-25 07:38:56,9403.05,6606.14
2022-07-25 07:38:55,9411.88,6597.3
2022-07-25 07:38:54,9414.08,6595.11
2022-07-25 07:38:53,9417.09,6592.1
2022-07-25 07:38:52,9418.19,6591
2022-07-25 07:38:51,9433.34,6575.85
2022-07-25 07:38:50,9434.09,6575.09
2022-07-25 07:38:49,9450.55,6558.64
2022-07-25 07:38:48,9452.08,6557.11
2022-07-25 07:38:47,9472.65,6536.54
2022-07-25 07:38:46,9487.33,6521.86
2022-07-25 07:38:45,9492.23,6516.95
2022-07-25 07:38:44,9520.46,6488.73
2022-07-25 07:38:43,9585.39,6423.79
2022-07-25 07:38:42,9672.36,6336.83
2022-07-25 07:38:41,9725.8,6283.38
2022-07-25 07:38:40,10061.5,5947.73
2022-07-25 07:38:39,10194.4,5814.75
2022-07-25 07:38:38,10452.9,5556.33
2022-07-25 07:38:37,10576.5,5432.71
2022-07-25 07:38:36,10893,5116.16
2022-07-25 07:38:35,11032.9,4976.3
2022-07-25 07:38:34,11155.7,4853.45
2022-07-25 07:38:33,11299.4,4709.74
2022-07-25 07:38:32,11408.3,4600.91
2022-07-25 07:38:31,11171.4,4837.77
2022-07-25 07:38:30,10802,5207.2
2022-07-25 07:38:29,10365.9,5643.27
2022-07-25 07:38:28,9784.83,6224.36
2022-07-25 07:38:27,9835.7,6173.49
2022-07-25 07:38:26,9852.11,6157.08
2022-07-25 07:38:25,9351.9,6657.28
2022-07-25 07:38:24,9356.84,6652.34
2022-07-25 07:38:23,9357.13,6652.06
2022-07-25 07:38:22,9359.33,6649.86
2022-07-25 07:38:21,9364.77,6644.41
2022-07-25 07:38:20,9369.26,6639.93
2022-07-25 07:38:19,9369.65,6639.54
2022-07-25 07:38:18,9375.41,6633.78
2022-07-25 07:38:17,9379.08,6630.11
2022-07-25 07:38:16,9379.55,6629.64
2022-07-25 07:38:15,9386.77,6622.42
2022-07-25 07:38:14,9389.05,6620.14
2022-07-25 07:38:13,9393.18,6616.01
2022-07-25 07:38:12,9400.98,6608.21
2022-07-25 07:38:11,9402.1,6607.09
2022-07-25 07:38:10,9405.12,6604.07
2022-07-25 07:38:09,9416.4,6592.79
2022-07-25 07:38:08,9417.79,6591.4
2022-07-25 07:38:07,9438.06,6571.13
2022-07-25 07:38:06,9450.1,6559.09
2022-07-25 07:38:05,9452.98,6556.21
2022-07-25 07:38:04,9471.8,6537.38
2022-07-25 07:38:03,9504.25,6504.94
2022-07-25 07:38:02,9506.9,6502.29
2022-07-25 07:38:01,9544.76,6464.43
2022-07-25 07:38:00,9541.51,6467.68
2022-07-25 07:37:59,9604.82,6404.36
2022-07-25 07:37:58,9608.18,6401
2022-07-25 07:37:57,9655.6,6353.59
2022-07-25 07:37:56,9715.21,6293.98
2022-07-25 07:37:55,9752.1,6257.09
2022-07-25 07:37:54,9947.33,6061.86
2022-07-25 07:37:53,10113.3,5895.9
2022-07-25 07:37:52,10448.6,5560.62
2022-07-25 07:37:51,10576.9,5432.29
2022-07-25 07:37:50,10894.9,5114.27
2022-07-25 07:37:49,11015.4,4993.75
2022-07-25 07:37:48,11184.5,4824.67
2022-07-25 07:37:47,11352.8,4656.39
2022-07-25 07:37:46,10850.9,5158.28
2022-07-25 07:37:45,11105,4904.14
2022-07-25 07:37:44,10729.5,5279.73
2022-07-25 07:37:43,9661.82,6347.37
2022-07-25 07:37:42,9706.45,6302.74
2022-07-25 07:37:41,9759.43,6249.76
2022-07-25 07:37:40,9775.47,6233.72
2022-07-25 07:37:39,9272.11,6737.08
2022-07-25 07:37:38,9271.72,6737.47
2022-07-25 07:37:37,9275.18,6734.01
2022-07-25 07:37:36,9274.59,6734.6
2022-07-25 07:37:35,9275.66,6733.53
2022-07-25 07:37:34,9277.85,6731.34
2022-07-25 07:37:33,9278.24,6730.95
2022-07-25 07:37:32,9280.25,6728.93
2022-07-25 07:37:31,9281.59,6727.6
2022-07-25 07:37:30,9284.64,6724.54
2022-07-25 07:37:29,9285.56,6723.63
2022-07-25 07:37:28,9288.43,6720.75
2022-07-25 07:37:27,9290.41,6718.78
2022-07-25 07:37:26,9291.86,6717.33
2022-07-25 07:37:25,9293.77,6715.42
2022-07-25 07:37:24,9293.08,6716.11
2022-07-25 07:37:23,9311.56,6697.63
2022-07-25 07:37:22,9311.78,6697.4
2022-07-25 07:37:21,9311.16,6698.03
2022-07-25 07:37:20,9313.41,6695.78
2022-07-25 07:37:19,9327.41,6681.78
2022-07-25 07:37:18,9329.41,6679.78
2022-07-25 07:37:17,9333.63,6675.56
2022-07-25 07:37:16,9346.08,6663.11
2022-07-25 07:37:15,9366.34,6642.85
2022-07-25 07:37:14,9374.71,6634.47
2022-07-25 07:37:13,9376.91,6632.28
2022-07-25 07:37:12,9475.05,6534.14
2022-07-25 07:37:11,9514.43,6494.76
2022-07-25 07:37:10,9795.3,6213.89
2022-07-25 07:37:09,9871.19,6138
2022-07-25 07:37:08,10064.1,5945.05
2022-07-25 07:37:07,10172.1,5837.09
2022-07-25 07:37:06,10358.2,5650.94
2022-07-25 07:37:05,10599.3,5409.89
2022-07-25 07:37:04,10918.9,5090.26
2022-07-25 07:37:03,11114.2,4895.03
2022-07-25 07:37:02,10984.6,5024.59
2022-07-25 07:37:01,10850.2,5159.03
2022-07-25 07:37:00,11104.8,4904.41
2022-07-25 07:36:59,11252.2,4756.98
2022-07-25 07:36:58,11356.8,4652.38
2022-07-25 07:36:57,10200.1,5809.05
2022-07-25 07:36:56,9743.65,6265.54
2022-07-25 07:36:55,9139.04,6870.14
2022-07-25 07:36:54,9139.3,6869.89
2022-07-25 07:36:53,9141.29,6867.9
2022-07-25 07:36:52,9143.86,6865.33
2022-07-25 07:36:51,9144.29,6864.9
2022-07-25 07:36:50,9145.24,6863.95
2022-07-25 07:36:49,9144.86,6864.32
2022-07-25 07:36:48,9147.62,6861.57
2022-07-25 07:36:47,9147.34,6861.84
2022-07-25 07:36:46,9153.42,6855.77
2022-07-25 07:36:45,9156.02,6853.17
2022-07-25 07:36:44,9156.56,6852.63
2022-07-25 07:36:43,9158.46,6850.72
2022-07-25 07:36:42,9168.01,6841.18
2022-07-25 07:36:41,9169.3,6839.89
2022-07-25 07:36:40,9170.63,6838.56
2022-07-25 07:36:39,9180.53,6828.66
2022-07-25 07:36:38,9180.88,6828.31
2022-07-25 07:36:37,9181.57,6827.62
2022-07-25 07:36:36,9196.94,6812.25
2022-07-25 07:36:35,9196.09,6813.09
2022-07-25 07:36:34,9197.77,6811.42
2022-07-25 07:36:33,9212.82,6796.36
2022-07-25 07:36:32,9214.84,6794.34
2022-07-25 07:36:31,9215.73,6793.45
2022-07-25 07:36:30,9235.4,6773.79
2022-07-25 07:36:29,9225.07,6784.11
2022-07-25 07:36:28,9247.24,6761.94
2022-07-25 07:36:27,9261.55,6747.64
2022-07-25 07:36:26,9252.94,6756.25
2022-07-25 07:36:25,9289.93,6719.25
2022-07-25 07:36:24,9344.93,6664.25
2022-07-25 07:36:23,9618.07,6391.12
2022-07-25 07:36:22,9650.04,6359.14
2022-07-25 07:36:21,10018.4,5990.79
2022-07-25 07:36:20,10321.4,5687.79
2022-07-25 07:36:19,10567.8,5441.35
2022-07-25 07:36:18,10860.4,5148.81
2022-07-25 07:36:17,11115.6,4893.64
2022-07-25 07:36:16,11367,4642.16
2022-07-25 07:36:15,11013.5,4995.65
2022-07-25 07:36:14,11153,4856.18
2022-07-25 07:36:13,11269.9,4739.25
2022-07-25 07:36:12,10869.9,5139.32
2022-07-25 07:36:11,9834.14,6175.05
2022-07-25 07:36:10,9336.79,6672.4
2022-07-25 07:36:09,9338.13,6671.05
2022-07-25 07:36:08,9340.1,6669.09
2022-07-25 07:36:07,9340.76,6668.43
2022-07-25 07:36:06,9340.49,6668.7
2022-07-25 07:36:05,9344.56,6664.63
2022-07-25 07:36:04,9345.58,6663.61
2022-07-25 07:36:03,9348.86,6660.33
2022-07-25 07:36:02,9350.26,6658.93
2022-07-25 07:36:01,9353.24,6655.95
2022-07-25 07:36:00,9355.94,6653.25
2022-07-25 07:35:59,9354.76,6654.43
2022-07-25 07:35:58,9360.73,6648.45
2022-07-25 07:35:57,9359.17,6650.02
2022-07-25 07:35:56,9363.78,6645.41
2022-07-25 07:35:55,9365.04,6644.15
2022-07-25 07:35:54,9371.51,6637.68
2022-07-25 07:35:53,9374.1,6635.09
2022-07-25 07:35:52,9387.05,6622.14
2022-07-25 07:35:51,9406.02,6603.17
2022-07-25 07:35:50,9407.76,6601.43
2022-07-25 07:35:49,9438.28,6570.91
2022-07-25 07:35:48,9459.94,6549.25
2022-07-25 07:35:47,9460.29,6548.9
2022-07-25 07:35:46,9503.33,6505.86
2022-07-25 07:35:45,9509.25,6499.93
2022-07-25 07:35:44,9512.62,6496.57
2022-07-25 07:35:43,9551.49,6457.7
2022-07-25 07:35:42,9581.88,6427.31
2022-07-25 07:35:41,9620.37,6388.82
2022-07-25 07:35:40,9666.5,6342.68
2022-07-25 07:35:39,9704.2,6304.99
2022-07-25 07:35:38,9761.25,6247.94
2022-07-25 07:35:37,9996.77,6012.41
2022-07-25 07:35:36,10085.2,5923.97
2022-07-25 07:35:35,10161.8,5847.4
2022-07-25 07:35:34,10466.3,5542.86
2022-07-25 07:35:33,10843.9,5165.32
2022-07-25 07:35:32,11007.7,5001.45
2022-07-25 07:35:31,11173,4836.23
2022-07-25 07:35:30,11398.5,4610.66
2022-07-25 07:35:29,11045.2,4964.02
2022-07-25 07:35:28,11152.6,4856.61
2022-07-25 07:35:27,11297.7,4711.47
2022-07-25 07:35:26,10382.1,5627.08
2022-07-25 07:35:25,10339.1,5670.11
2022-07-25 07:35:24,9219.33,6789.86
2022-07-25 07:35:23,9220.34,6788.85
2022-07-25 07:35:22,9222.36,6786.83
2022-07-25 07:35:21,9221.97,6787.22
2022-07-25 07:35:20,9225.34,6783.85
2022-07-25 07:35:19,9227.46,6781.73
2022-07-25 07:35:18,9227.31,6781.87
2022-07-25 07:35:17,9229.38,6779.8
2022-07-25 07:35:16,9231.23,6777.96
2022-07-25 07:35:15,9233.3,6775.88
2022-07-25 07:35:14,9232.56,6776.63
2022-07-25 07:35:13,9234.57,6774.62
2022-07-25 07:35:12,9234.75,6774.43
2022-07-25 07:35:11,9242.97,6766.22
2022-07-25 07:35:10,9246.32,6762.87
2022-07-25 07:35:09,9245.73,6763.46
2022-07-25 07:35:08,9257.97,6751.22
2022-07-25 07:35:07,9259.16,6750.03
2022-07-25 07:35:06,9262.36,6746.83
2022-07-25 07:35:05,9285.01,6724.18
2022-07-25 07:35:04,9285.94,6723.25
2022-07-25 07:35:03,9285.61,6723.57
2022-07-25 07:35:02,9335.34,6673.85
2022-07-25 07:35:01,9346.99,6662.2
2022-07-25 07:35:00,9348.77,6660.42
2022-07-25 07:34:59,9391.75,6617.44
2022-07-25 07:34:58,9409.91,6599.27
2022-07-25 07:34:57,9411.43,6597.76
2022-07-25 07:34:56,9471.86,6537.33
2022-07-25 07:34:55,9463.45,6545.73
2022-07-25 07:34:54,9473.62,6535.57
2022-07-25 07:34:53,9541.94,6467.25
2022-07-25 07:34:52,9588.93,6420.26
2022-07-25 07:34:51,9798.93,6210.26
2022-07-25 07:34:50,9924.05,6085.14
2022-07-25 07:34:49,10188.7,5820.45
2022-07-25 07:34:48,10327.4,5681.77
2022-07-25 07:34:47,10538.3,5470.92
2022-07-25 07:34:46,10951,5058.2
2022-07-25 07:34:45,11218.1,4791.09
2022-07-25 07:34:44,11396.3,4612.88
2022-07-25 07:34:43,11512.6,4496.62
2022-07-25 07:34:42,11110.2,4899.03
2022-07-25 07:34:41,11240.7,4768.48
2022-07-25 07:34:40,10754.3,5254.88
2022-07-25 07:34:39,10324.5,5684.64
2022-07-25 07:34:38,9080.47,6928.72
2022-07-25 07:34:37,9079.36,6929.83
2022-07-25 07:34:36,9081.14,6928.05
2022-07-25 07:34:35,9082.62,6926.57
2022-07-25 07:34:34,9083.14,6926.05
2022-07-25 07:34:33,9084.64,6924.55
2022-07-25 07:34:32,9084.5,6924.69
2022-07-25 07:34:31,9088.91,6920.28
2022-07-25 07:34:30,9087.96,6921.22
2022-07-25 07:34:29,9088.93,6920.26
2022-07-25 07:34:28,9089.98,6919.21
2022-07-25 07:34:27,9092.12,6917.07
2022-07-25 07:34:26,9094.04,6915.15
2022-07-25 07:34:25,9093.13,6916.05
2022-07-25 07:34:24,9104.49,6904.7
2022-07-25 07:34:23,9103.32,6905.87
2022-07-25 07:34:22,9102.17,6907.02
2022-07-25 07:34:21,9104.53,6904.66
2022-07-25 07:34:20,9114,6895.19
2022-07-25 07:34:19,9114.82,6894.37
2022-07-25 07:34:18,9117.14,6892.04
2022-07-25 07:34:17,9152.01,6857.18
2022-07-25 07:34:16,9152.01,6857.18
2022-07-25 07:34:15,9153.38,6855.8
2022-07-25 07:34:14,9167.68,6841.51
2022-07-25 07:34:13,9192.79,6816.4
2022-07-25 07:34:12,9194.31,6814.88
2022-07-25 07:34:11,9208.57,6800.61
2022-07-25 07:34:10,9239.41,6769.78
2022-07-25 07:34:09,9240.34,6768.85
2022-07-25 07:34:08,9305,6704.19
2022-07-25 07:34:07,9349.74,6659.45
2022-07-25 07:34:06,9499.76,6509.43
2022-07-25 07:34:05,9557.05,6452.14
2022-07-25 07:34:04,9693.07,6316.12
2022-07-25 07:34:03,9768.66,6240.53
2022-07-25 07:34:02,9861.36,6147.83
2022-07-25 07:34:01,10464.3,5544.92
2022-07-25 07:34:00,10711.6,5297.54
2022-07-25 07:33:59,11004.6,5004.62
2022-07-25 07:33:58,10782.1,5227.04
2022-07-25 07:33:57,10934.4,5074.83
2022-07-25 07:33:56,11016.5,4992.69
2022-07-25 07:33:55,11175.8,4833.44
2022-07-25 07:33:54,11319.6,4689.59
2022-07-25 07:33:53,10346.8,5662.35
2022-07-25 07:33:52,9855.63,6153.55
2022-07-25 07:33:51,9342.92,6666.27
2022-07-25 07:33:50,9342.98,6666.21
2022-07-25 07:33:49,9341.41,6667.78
2022-07-25 07:33:48,9350.08,6659.11
2022-07-25 07:33:47,9352.39,6656.8
2022-07-25 07:33:46,9353.05,6656.14
2022-07-25 07:33:45,9363.27,6645.91
2022-07-25 07:33:44,9367.83,6641.36
2022-07-25 07:33:43,9367.42,6641.77
2022-07-25 07:33:42,9368.72,6640.47
2022-07-25 07:33:41,9379.99,6629.2
2022-07-25 07:33:40,9383.8,6625.38
2022-07-25 07:33:39,9386.5,6622.68
2022-07-25 07:33:38,9395.94,6613.25
2022-07-25 07:33:37,9407.63,6601.55
2022-07-25 07:33:36,9410.61,6598.57
2022-07-25 07:33:35,9421.6,6587.59
2022-07-25 07:33:34,9429.11,6580.08
2022-07-25 07:33:33,9448.33,6560.86
2022-07-25 07:33:32,9459.74,6549.45
2022-07-25 07:33:31,9475.06,6534.13
2022-07-25 07:33:30,9498.43,6510.75
2022-07-25 07:33:29,9511.81,6497.38
2022-07-25 07:33:28,9526.04,6483.15
2022-07-25 07:33:27,9552.35,6456.84
2022-07-25 07:33:26,9572.81,6436.38
2022-07-25 07:33:25,9606.73,6402.45
2022-07-25 07:33:24,9618.09,6391.1
2022-07-25 07:33:23,9649.45,6359.74
2022-07-25 07:33:22,9683.37,6325.82
2022-07-25 07:33:21,9692.66,6316.52
2022-07-25 07:33:20,9785.63,6223.56
2022-07-25 07:33:19,9835.4,6173.79
2022-07-25 07:33:18,10063.4,5945.78
2022-07-25 07:33:17,10375.7,5633.48
2022-07-25 07:33:16,10609.8,5399.43
2022-07-25 07:33:15,10807.5,5201.73
2022-07-25 07:33:14,10869,5140.23
2022-07-25 07:33:13,11007.8,5001.39
2022-07-25 07:33:12,11340.1,4669.08
2022-07-25 07:33:11,11513.5,4495.71
2022-07-25 07:33:10,11135.2,4873.98
2022-07-25 07:33:09,11246.1,4763.11
2022-07-25 07:33:08,10224.2,5785.02
2022-07-25 07:33:07,10328.3,5680.9
2022-07-25 07:33:06,9838.46,6170.73
2022-07-25 07:33:05,9322.98,6686.21
2022-07-25 07:33:04,9326.02,6683.16
2022-07-25 07:33:03,9331.14,6678.04
2022-07-25 07:33:02,9331.28,6677.9
2022-07-25 07:33:01,9332.76,6676.43
2022-07-25 07:33:00,9336.65,6672.54
2022-07-25 07:32:59,9338.15,6671.04
2022-07-25 07:32:58,9339.57,6669.62
2022-07-25 07:32:57,9343.16,6666.02
2022-07-25 07:32:56,9350.51,6658.68
2022-07-25 07:32:55,9351.35,6657.84
2022-07-25 07:32:54,9355.4,6653.79
2022-07-25 07:32:53,9366.22,6642.96
2022-07-25 07:32:52,9366.25,6642.93
2022-07-25 07:32:51,9371.06,6638.13
2022-07-25 07:32:50,9372.88,6636.3
2022-07-25 07:32:49,9384.61,6624.57
2022-07-25 07:32:48,9385.03,6624.16
2022-07-25 07:32:47,9398.86,6610.33
2022-07-25 07:32:46,9405.14,6604.05
2022-07-25 07:32:45,9406.07,6603.12
2022-07-25 07:32:44,9419.41,6589.78
2022-07-25 07:32:43,9431.5,6577.68
2022-07-25 07:32:42,9452.91,6556.28
2022-07-25 07:32:41,9469.75,6539.44
2022-07-25 07:32:40,9490.92,6518.27
2022-07-25 07:32:39,9536.43,6472.76
2022-07-25 07:32:38,9539.52,6469.66
2022-07-25 07:32:37,9578.35,6430.84
2022-07-25 07:32:36,9634.55,6374.63
2022-07-25 07:32:35,9649.91,6359.27
2022-07-25 07:32:34,9804.43,6204.76
2022-07-25 07:32:33,9854.77,6154.42
2022-07-25 07:32:32,9983.89,6025.3
2022-07-25 07:32:31,10298.5,5710.68
2022-07-25 07:32:30,10609.8,5399.43
2022-07-25 07:32:29,10770.7,5238.47
2022-07-25 07:32:28,10865.2,5143.98
2022-07-25 07:32:27,11166.2,4843.03
2022-07-25 07:32:26,11329.1,4680.05
2022-07-25 07:32:25,11482.3,4526.88
2022-07-25 07:32:24,11634.9,4374.31
2022-07-25 07:32:23,11252.1,4757.13
2022-07-25 07:32:22,10344.7,5664.46
2022-07-25 07:32:21,10435.2,5573.96
2022-07-25 07:32:20,9310.29,6698.89
2022-07-25 07:32:19,9311.52,6697.67
2022-07-25 07:32:18,9315.75,6693.44
2022-07-25 07:32:17,9320.11,6689.07
2022-07-25 07:32:16,9320.33,6688.86
2022-07-25 07:32:15,9319.85,6689.34
2022-07-25 07:32:14,9322.08,6687.11
2022-07-25 07:32:13,9326.26,6682.93
2022-07-25 07:32:12,9326.96,6682.23
2022-07-25 07:32:11,9330.43,6678.75
2022-07-25 07:32:10,9335.13,6674.05
2022-07-25 07:32:09,9339.18,6670.01
2022-07-25 07:32:08,9344.07,6665.11
2022-07-25 07:32:07,9349.09,6660.09
2022-07-25 07:32:06,9352.46,6656.73
2022-07-25 07:32:05,9354.25,6654.93
2022-07-25 07:32:04,9358.18,6651.01
2022-07-25 07:32:03,9374,6635.19
2022-07-25 07:32:02,9376.29,6632.89
2022-07-25 07:32:01,9377.24,6631.95
2022-07-25 07:32:00,9397,6612.19
2022-07-25 07:31:59,9409.1,6600.09
2022-07-25 07:31:58,9409.32,6599.87
2022-07-25 07:31:57,9445.45,6563.74
2022-07-25 07:31:56,9452.86,6556.32
2022-07-25 07:31:55,9476.84,6532.35
2022-07-25 07:31:54,9523.16,6486.02
2022-07-25 07:31:53,9536.06,6473.13
2022-07-25 07:31:52,9589.06,6420.13
2022-07-25 07:31:51,9586.31,6422.87
2022-07-25 07:31:50,9624.15,6385.03
2022-07-25 07:31:49,9678.89,6330.3
2022-07-25 07:31:48,9734,6275.19
2022-07-25 07:31:47,9765.87,6243.32
2022-07-25 07:31:46,9879.54,6129.65
2022-07-25 07:31:45,10134.9,5874.31
2022-07-25 07:31:44,10403.9,5605.32
2022-07-25 07:31:43,10592.9,5416.33
2022-07-25 07:31:42,10932.7,5076.5
2022-07-25 07:31:41,11150.8,4858.36
2022-07-25 07:31:40,11351.8,4657.36
2022-07-25 07:31:39,11450.1,4559.07
2022-07-25 07:31:38,11622.2,4386.97
2022-07-25 07:31:37,11738.5,4270.66
2022-07-25 07:31:36,10868.5,5140.68
2022-07-25 07:31:35,10364.1,5645.13
2022-07-25 07:31:34,9311.7,6697.49
2022-07-25 07:31:33,9314.89,6694.3
2022-07-25 07:31:32,9318.84,6690.34
2022-07-25 07:31:31,9322.54,6686.65
2022-07-25 07:31:30,9322.39,6686.8
2022-07-25 07:31:29,9324.33,6684.86
2022-07-25 07:31:28,9326.32,6682.87
2022-07-25 07:31:27,9327.68,6681.5
2022-07-25 07:31:26,9333.94,6675.25
2022-07-25 07:31:25,9335.38,6673.81
2022-07-25 07:31:24,9337.83,6671.36
2022-07-25 07:31:23,9340.23,6668.96
2022-07-25 07:31:22,9346.75,6662.44
2022-07-25 07:31:21,9349.7,6659.49
2022-07-25 07:31:20,9349.34,6659.85
2022-07-25 07:31:19,9359.11,6650.08
2022-07-25 07:31:18,9359.52,6649.66
2022-07-25 07:31:17,9363.66,6645.52
2022-07-25 07:31:16,9374.47,6634.72
2022-07-25 07:31:15,9375.41,6633.77
2022-07-25 07:31:14,9381.71,6627.48
2022-07-25 07:31:13,9407.54,6601.64
2022-07-25 07:31:12,9409.64,6599.55
2022-07-25 07:31:11,9424.9,6584.29
2022-07-25 07:31:10,9452.17,6557.02
2022-07-25 07:31:09,9467.58,6541.6
2022-07-25 07:31:08,9483.09,6526.1
2022-07-25 07:31:07,9514.83,6494.36
2022-07-25 07:31:06,9549.26,6459.93
2022-07-25 07:31:05,9578.74,6430.45
2022-07-25 07:31:04,9618.38,6390.81
2022-07-25 07:31:03,9640.59,6368.59
2022-07-25 07:31:02,9718.37,6290.81
2022-07-25 07:31:01,9853.07,6156.12
2022-07-25 07:31:00,10007.2,6001.98
2022-07-25 07:30:59,10330.4,5678.8
2022-07-25 07:30:58,10588.5,5420.66
2022-07-25 07:30:57,10774.5,5234.72
2022-07-25 07:30:56,10845.3,5163.85
2022-07-25 07:30:55,11022.6,4986.55
2022-07-25 07:30:54,11320.3,4688.89
2022-07-25 07:30:53,11497.8,4511.37
2022-07-25 07:30:52,11649.8,4359.38
2022-07-25 07:30:51,11262.6,4746.63
2022-07-25 07:30:50,10245.6,5763.58
2022-07-25 07:30:49,10330.8,5678.39
2022-07-25 07:30:48,9216.88,6792.31
2022-07-25 07:30:47,9218.59,6790.6
2022-07-25 07:30:46,9218.16,6791.02
2022-07-25 07:30:45,9222.34,6786.84
2022-07-25 07:30:44,9220.05,6789.14
2022-07-25 07:30:43,9223.66,6785.53
2022-07-25 07:30:42,9230.95,6778.24
2022-07-25 07:30:41,9230.77,6778.42
2022-07-25 07:30:40,9232.19,6777
2022-07-25 07:30:39,9232.31,6776.88
2022-07-25 07:30:38,9244.18,6765.01
2022-07-25 07:30:37,9246.15,6763.04
2022-07-25 07:30:36,9246.13,6763.06
2022-07-25 07:30:35,9249.92,6759.27
2022-07-25 07:30:34,9258.63,6750.56
2022-07-25 07:30:33,9270.52,6738.67
2022-07-25 07:30:32,9272.58,6736.61
2022-07-25 07:30:31,9285.34,6723.85
2022-07-25 07:30:30,9299.09,6710.1
2022-07-25 07:30:29,9300.64,6708.55
2022-07-25 07:30:28,9329.78,6679.4
2022-07-25 07:30:27,9349.58,6659.61
2022-07-25 07:30:26,9349.12,6660.07
2022-07-25 07:30:25,9382.15,6627.04
2022-07-25 07:30:24,9399.45,6609.74
2022-07-25 07:30:23,9407.09,6602.09
2022-07-25 07:30:22,9440.05,6569.14
2022-07-25 07:30:21,9463.16,6546.03
2022-07-25 07:30:20,9476.58,6532.61
2022-07-25 07:30:19,9494.46,6514.73
2022-07-25 07:30:18,9542.55,6466.64
2022-07-25 07:30:17,9544.25,6464.93
2022-07-25 07:30:16,9603.92,6405.27
2022-07-25 07:30:15,9669.84,6339.34
2022-07-25 07:30:14,9845.46,6163.73
2022-07-25 07:30:13,10232.2,5777
2022-07-25 07:30:12,10353.6,5655.61
2022-07-25 07:30:11,10588.5,5420.65
2022-07-25 07:30:10,10822,5187.16
2022-07-25 07:30:09,11200.4,4808.77
2022-07-25 07:30:08,11332,4677.16
2022-07-25 07:30:07,11497.7,4511.53
2022-07-25 07:30:06,11636.2,4373.03
2022-07-25 07:30:05,10800.2,5209
2022-07-25 07:30:04,10889.8,5119.38
2022-07-25 07:30:03,9808.8,6200.38
2022-07-25 07:30:02,9295.28,6713.91
2022-07-25 07:30:01,9298.35,6710.84
2022-07-25 07:30:00,9300.93,6708.26
2022-07-25 07:29:59,9300.15,6709.04
2022-07-25 07:29:58,9302.89,6706.29
2022-07-25 07:29:57,9304.33,6704.86
2022-07-25 07:29:56,9310.15,6699.04
2022-07-25 07:29:55,9311.27,6697.92
2022-07-25 07:29:54,9316.34,6692.84
2022-07-25 07:29:53,9315.09,6694.1
2022-07-25 07:29:52,9323.81,6685.38
2022-07-25 07:29:51,9324.77,6684.42
2022-07-25 07:29:50,9327.36,6681.83
2022-07-25 07:29:49,9332.15,6677.03
2022-07-25 07:29:48,9332.49,6676.7
2022-07-25 07:29:47,9337.4,6671.79
2022-07-25 07:29:46,9337.99,6671.2
2022-07-25 07:29:45,9352.7,6656.49
2022-07-25 07:29:44,9353.33,6655.86
2022-07-25 07:29:43,9355.23,6653.95
2022-07-25 07:29:42,9357.09,6652.1
2022-07-25 07:29:41,9378.96,6630.22
2022-07-25 07:29:40,9385.39,6623.8
2022-07-25 07:29:39,9386.64,6622.55
2022-07-25 07:29:38,9416.77,6592.42
2022-07-25 07:29:37,9446.34,6562.84
2022-07-25 07:29:36,9467.81,6541.38
2022-07-25 07:29:35,9498.38,6510.81
2022-07-25 07:29:34,9535.1,6474.09
2022-07-25 07:29:33,9559.86,6449.33
2022-07-25 07:29:32,9617.45,6391.73
2022-07-25 07:29:31,9649.18,6360.01
2022-07-25 07:29:30,9740.12,6269.07
2022-07-25 07:29:29,9955.64,6053.55
2022-07-25 07:29:28,10180.4,5828.83
2022-07-25 07:29:27,10262.1,5747.08
2022-07-25 07:29:26,10341.9,5667.32
2022-07-25 07:29:25,10713.3,5295.92
2022-07-25 07:29:24,10862.1,5147.05
2022-07-25 07:29:23,11118.7,4890.5
2022-07-25 07:29:22,10747.2,5262
2022-07-25 07:29:21,10854.9,5154.29
2022-07-25 07:29:20,10859.5,5149.68
2022-07-25 07:29:19,10573.2,5435.98
2022-07-25 07:29:18,10569.4,5439.74
2022-07-25 07:29:17,10222,5787.16
2022-07-25 07:29:16,9752.06,6257.12
2022-07-25 07:29:15,9805,6204.19
2022-07-25 07:29:14,9854.54,6154.65
2022-07-25 07:29:13,9352.47,6656.72
2022-07-25 07:29:12,9354.45,6654.73
2022-07-25 07:29:11,9355.5,6653.69
2022-07-25 07:29:10,9356.71,6652.47
2022-07-25 07:29:09,9356.64,6652.54
2022-07-25 07:29:08,9359.9,6649.29
2022-07-25 07:29:07,9360.74,6648.45
2022-07-25 07:29:06,9364.06,6645.13
2022-07-25 07:29:05,9371.01,6638.18
2022-07-25 07:29:04,9378.87,6630.32
2022-07-25 07:29:03,9379.37,6629.81
2022-07-25 07:29:02,9400.91,6608.27
2022-07-25 07:29:01,9414.22,6594.97
2022-07-25 07:29:00,9415.55,6593.64
2022-07-25 07:28:59,9420.47,6588.72
2022-07-25 07:28:58,9438.36,6570.82
2022-07-25 07:28:57,9464.62,6544.57
2022-07-25 07:28:56,9463.48,6545.71
2022-07-25 07:28:55,9498.03,6511.16
2022-07-25 07:28:54,9515.82,6493.37
2022-07-25 07:28:53,9515.33,6493.86
2022-07-25 07:28:52,9552.61,6456.57
2022-07-25 07:28:51,9568,6441.18
2022-07-25 07:28:50,9571.08,6438.11
2022-07-25 07:28:49,9601.74,6407.45
2022-07-25 07:28:48,9630.34,6378.85
2022-07-25 07:28:47,9648.59,6360.59
2022-07-25 07:28:46,9695.61,6313.58
2022-07-25 07:28:45,9698.02,6311.16
2022-07-25 07:28:44,9780.9,6228.29
2022-07-25 07:28:43,9802.73,6206.45
2022-07-25 07:28:42,9987.65,6021.54
2022-07-25 07:28:41,10369,5640.17
2022-07-25 07:28:40,10457.1,5552.04
2022-07-25 07:28:39,10744.3,5264.86
2022-07-25 07:28:38,10818.2,5191.02
2022-07-25 07:28:37,10913.4,5095.8
2022-07-25 07:28:36,11199.2,4810.03
2022-07-25 07:28:35,11300.3,4708.89
2022-07-25 07:28:34,11562.1,4447.12
2022-07-25 07:28:33,11707.9,4301.24
2022-07-25 07:28:32,10647.6,5361.58
2022-07-25 07:28:31,10348.9,5660.26
2022-07-25 07:28:30,9888.02,6121.17
2022-07-25 07:28:29,9934.39,6074.8
2022-07-25 07:28:28,9938.41,6070.78
2022-07-25 07:28:27,9442.61,6566.58
2022-07-25 07:28:26,9443.41,6565.77
2022-07-25 07:28:25,9444.09,6565.09
2022-07-25 07:28:24,9448.01,6561.18
2022-07-25 07:28:23,9451.19,6558
2022-07-25 07:28:22,9455.26,6553.93
2022-07-25 07:28:21,9458.71,6550.47
2022-07-25 07:28:20,9460.67,6548.52
2022-07-25 07:28:19,9464.14,6545.05
2022-07-25 07:28:18,9464.06,6545.13
2022-07-25 07:28:17,9468.35,6540.84
2022-07-25 07:28:16,9470.75,6538.44
2022-07-25 07:28:15,9474.51,6534.68
2022-07-25 07:28:14,9482.67,6526.52
2022-07-25 07:28:13,9482.32,6526.87
2022-07-25 07:28:12,9486.43,6522.76
2022-07-25 07:28:11,9487.01,6522.18
2022-07-25 07:28:10,9510.59,6498.6
2022-07-25 07:28:09,9526.52,6482.67
2022-07-25 07:28:08,9527.82,6481.37
2022-07-25 07:28:07,9561.47,6447.72
2022-07-25 07:28:06,9578.07,6431.12
2022-07-25 07:28:05,9590.57,6418.62
2022-07-25 07:28:04,9613.83,6395.36
2022-07-25 07:28:03,9658.47,6350.72
2022-07-25 07:28:02,9689.23,6319.96
2022-07-25 07:28:01,9714.02,6295.17
2022-07-25 07:28:00,9759.48,6249.71
2022-07-25 07:27:59,9797.52,6211.67
2022-07-25 07:27:58,9872.82,6136.37
2022-07-25 07:27:57,9965.8,6043.39
2022-07-25 07:27:56,10148.5,5860.68
2022-07-25 07:27:55,10280.4,5728.79
2022-07-25 07:27:54,10616.5,5392.73
2022-07-25 07:27:53,10761.2,5247.95
2022-07-25 07:27:52,10937.3,5071.88
2022-07-25 07:27:51,11082.1,4927.05
2022-07-25 07:27:50,11218,4791.2
2022-07-25 07:27:49,11350.4,4658.75
2022-07-25 07:27:48,11533.1,4476.12
2022-07-25 07:27:47,10628.6,5380.55
2022-07-25 07:27:46,10109.2,5900.02
2022-07-25 07:27:45,10154.2,5855
2022-07-25 07:27:44,9576.53,6432.66
2022-07-25 07:27:43,9625.59,6383.6
2022-07-25 07:27:42,9636.11,6373.08
2022-07-25 07:27:41,9114.14,6895.04
2022-07-25 07:27:40,9115.56,6893.63
2022-07-25 07:27:39,9116.4,6892.79
2022-07-25 07:27:38,9116.97,6892.22
2022-07-25 07:27:37,9118.39,6890.8
2022-07-25 07:27:36,9120.14,6889.04
2022-07-25 07:27:35,9119.27,6889.92
2022-07-25 07:27:34,9119.88,6889.31
2022-07-25 07:27:33,9123.74,6885.45
2022-07-25 07:27:32,9124.62,6884.57
2022-07-25 07:27:31,9126.03,6883.16
2022-07-25 07:27:30,9126.9,6882.28
2022-07-25 07:27:29,9139.17,6870.02
2022-07-25 07:27:28,9140.19,6869
2022-07-25 07:27:27,9141.62,6867.56
2022-07-25 07:27:26,9155.99,6853.2
2022-07-25 07:27:25,9155.04,6854.15
2022-07-25 07:27:24,9156.93,6852.26
2022-07-25 07:27:23,9157.55,6851.64
2022-07-25 07:27:22,9171.64,6837.54
2022-07-25 07:27:21,9173.18,6836.01
2022-07-25 07:27:20,9172.77,6836.42
2022-07-25 07:27:19,9190.23,6818.95
2022-07-25 07:27:18,9188.05,6821.14
2022-07-25 07:27:17,9189.89,6819.3
2022-07-25 07:27:16,9210.13,6799.06
2022-07-25 07:27:15,9212.93,6796.25
2022-07-25 07:27:14,9211.84,6797.35
2022-07-25 07:27:13,9264.89,6744.3
2022-07-25 07:27:12,9272.58,6736.61
2022-07-25 07:27:11,9406.05,6603.13
2022-07-25 07:27:10,9735.46,6273.73
2022-07-25 07:27:09,9876.87,6132.32
2022-07-25 07:27:08,10074.4,5934.77
2022-07-25 07:27:07,10412.1,5597.09
2022-07-25 07:27:06,10800.2,5209.04
2022-07-25 07:27:05,11000.2,5008.99
2022-07-25 07:27:04,11161.7,4847.46
2022-07-25 07:27:03,11305.4,4703.75
2022-07-25 07:27:02,11208.1,4801.12
2022-07-25 07:27:01,11188.1,4821.06
2022-07-25 07:27:00,11309.1,4700.04
2022-07-25 07:26:59,10342.7,5666.48
2022-07-25 07:26:58,9775.9,6233.29
2022-07-25 07:26:57,9827.21,6181.97
2022-07-25 07:26:56,9458.84,6550.34
2022-07-25 07:26:55,9309.45,6699.74
2022-07-25 07:26:54,9310.58,6698.61
2022-07-25 07:26:53,9312.62,6696.57
2022-07-25 07:26:52,9314.27,6694.92
2022-07-25 07:26:51,9314.06,6695.13
2022-07-25 07:26:50,9315.3,6693.89
2022-07-25 07:26:49,9319.12,6690.07
2022-07-25 07:26:48,9321.26,6687.93
2022-07-25 07:26:47,9323.16,6686.02
2022-07-25 07:26:46,9327.9,6681.29
2022-07-25 07:26:45,9328,6681.19
2022-07-25 07:26:44,9332.62,6676.57
2022-07-25 07:26:43,9333.79,6675.4
2022-07-25 07:26:42,9340.38,6668.8
2022-07-25 07:26:41,9343.38,6665.81
2022-07-25 07:26:40,9344.83,6664.36
2022-07-25 07:26:39,9359.88,6649.3
2022-07-25 07:26:38,9358.21,6650.97
2022-07-25 07:26:37,9364.44,6644.75
2022-07-25 07:26:36,9363.35,6645.84
2022-07-25 07:26:35,9401.43,6607.75
2022-07-25 07:26:34,9408.05,6601.14
2022-07-25 07:26:33,9424.18,6585
2022-07-25 07:26:32,9452.48,6556.71
2022-07-25 07:26:31,9453.47,6555.71
2022-07-25 07:26:30,9515.39,6493.8
2022-07-25 07:26:29,9525.78,6483.41
2022-07-25 07:26:28,9526.05,6483.14
2022-07-25 07:26:27,9652.16,6357.03
2022-07-25 07:26:26,9663.75,6345.43
2022-07-25 07:26:25,9867.19,6142
2022-07-25 07:26:24,9945.67,6063.52
2022-07-25 07:26:23,10168.8,5840.41
2022-07-25 07:26:22,10336.6,5672.59
2022-07-25 07:26:21,10506.6,5502.61
2022-07-25 07:26:20,10862.2,5146.98
2022-07-25 07:26:19,10990,5019.2
2022-07-25 07:26:18,11193.2,4816
2022-07-25 07:26:17,11265.4,4743.83
2022-07-25 07:26:16,10917,5092.15
2022-07-25 07:26:15,11181.2,4827.94
2022-07-25 07:26:14,10782.2,5227
2022-07-25 07:26:13,9906.12,6103.06
2022-07-25 07:26:12,9767.57,6241.62
2022-07-25 07:26:11,9821.53,6187.66
2022-07-25 07:26:10,9699.41,6309.77
2022-07-25 07:26:09,9322.46,6686.73
2022-07-25 07:26:08,9326.32,6682.87
2022-07-25 07:26:07,9327.47,6681.72
2022-07-25 07:26:06,9329.6,6679.59
2022-07-25 07:26:05,9331,6678.19
2022-07-25 07:26:04,9332.48,6676.71
2022-07-25 07:26:03,9335.32,6673.86
2022-07-25 07:26:02,9335.45,6673.73
2022-07-25 07:26:01,9339.98,6669.21
2022-07-25 07:26:00,9341,6668.19
2022-07-25 07:25:59,9344.49,6664.7
2022-07-25 07:25:58,9346.77,6662.41
2022-07-25 07:25:57,9349.59,6659.6
2022-07-25 07:25:56,9353.05,6656.13
2022-07-25 07:25:55,9352.8,6656.39
2022-07-25 07:25:54,9363.06,6646.13
2022-07-25 07:25:53,9380.22,6628.97
2022-07-25 07:25:52,9381.54,6627.65
2022-07-25 07:25:51,9382.48,6626.71
2022-07-25 07:25:50,9424.89,6584.3
2022-07-25 07:25:49,9441.12,6568.07
2022-07-25 07:25:48,9441.14,6568.05
2022-07-25 07:25:47,9488.62,6520.57
2022-07-25 07:25:46,9504.17,6505.02
2022-07-25 07:25:45,9516.35,6492.84
2022-07-25 07:25:44,9565.91,6443.28
2022-07-25 07:25:43,9586.49,6422.69
2022-07-25 07:25:42,9634.02,6375.16
2022-07-25 07:25:41,9665.94,6343.25
2022-07-25 07:25:40,9745.75,6263.44
2022-07-25 07:25:39,9952.29,6056.9
2022-07-25 07:25:38,9983.73,6025.46
2022-07-25 07:25:37,10244.6,5764.54
2022-07-25 07:25:36,10322.3,5686.93
2022-07-25 07:25:35,10518.4,5490.8
2022-07-25 07:25:34,10884.1,5125.04
2022-07-25 07:25:33,11050.3,4958.86
2022-07-25 07:25:32,11254.4,4754.78
2022-07-25 07:25:31,10836,5173.18
2022-07-25 07:25:30,11040.5,4968.66
2022-07-25 07:25:29,10599.9,5409.24
2022-07-25 07:25:28,10697.6,5311.58
2022-07-25 07:25:27,10138.9,5870.34
2022-07-25 07:25:26,9584.74,6424.45
2022-07-25 07:25:25,9631.54,6377.64
2022-07-25 07:25:24,9660.39,6348.79
2022-07-25 07:25:23,9163.39,6845.8
2022-07-25 07:25:22,9164.71,6844.48
2022-07-25 07:25:21,9165.28,6843.91
2022-07-25 07:25:20,9164.77,6844.42
2022-07-25 07:25:19,9166.79,6842.39
2022-07-25 07:25:18,9167.34,6841.84
2022-07-25 07:25:17,9166.38,6842.8
2022-07-25 07:25:16,9169.85,6839.34
2022-07-25 07:25:15,9169.65,6839.54
2022-07-25 07:25:14,9170.11,6839.08
2022-07-25 07:25:13,9172.5,6836.68
2022-07-25 07:25:12,9171.06,6838.13
2022-07-25 07:25:11,9172.86,6836.32
2022-07-25 07:25:10,9172.28,6836.91
2022-07-25 07:25:09,9173.58,6835.61
2022-07-25 07:25:08,9174.19,6835
2022-07-25 07:25:07,9175.09,6834.1
2022-07-25 07:25:06,9175.75,6833.44
2022-07-25 07:25:05,9196.55,6812.63
2022-07-25 07:25:04,9198.33,6810.86
2022-07-25 07:25:03,9197.88,6811.31
2022-07-25 07:25:02,9236.28,6772.91
2022-07-25 07:25:01,9237.7,6771.49
2022-07-25 07:25:00,9238.1,6771.09
2022-07-25 07:24:59,9285.04,6724.14
2022-07-25 07:24:58,9287.72,6721.46
2022-07-25 07:24:57,9278.73,6730.45
2022-07-25 07:24:56,9333.01,6676.18
2022-07-25 07:24:55,9410.06,6599.13
2022-07-25 07:24:54,9566.16,6443.02
2022-07-25 07:24:53,9680.26,6328.93
2022-07-25 07:24:52,10008.4,6000.83
2022-07-25 07:24:51,10098.2,5910.94
2022-07-25 07:24:50,10540.3,5468.84
2022-07-25 07:24:49,10673.8,5335.35
2022-07-25 07:24:48,10779.4,5229.77
2022-07-25 07:24:47,11170.3,4838.9
2022-07-25 07:24:46,10821.4,5187.77
2022-07-25 07:24:45,10940.6,5068.61
2022-07-25 07:24:44,10668.9,5340.28
2022-07-25 07:24:43,10757.3,5251.94
2022-07-25 07:24:42,10342.5,5666.73
2022-07-25 07:24:41,10406.8,5602.39
2022-07-25 07:24:40,9838.86,6170.32
2022-07-25 07:24:39,9866.81,6142.37
2022-07-25 07:24:38,9241.77,6767.42
2022-07-25 07:24:37,9240.91,6768.27
2022-07-25 07:24:36,9243.57,6765.61
2022-07-25 07:24:35,9241.59,6767.6
2022-07-25 07:24:34,9246.68,6762.5
2022-07-25 07:24:33,9248.01,6761.18
2022-07-25 07:24:32,9249.87,6759.32
2022-07-25 07:24:31,9250.4,6758.79
2022-07-25 07:24:30,9252.63,6756.56
2022-07-25 07:24:29,9256.41,6752.78
2022-07-25 07:24:28,9255.31,6753.88
2022-07-25 07:24:27,9266.32,6742.87
2022-07-25 07:24:26,9268.76,6740.43
2022-07-25 07:24:25,9270.38,6738.8
2022-07-25 07:24:24,9273.37,6735.82
2022-07-25 07:24:23,9282.51,6726.68
2022-07-25 07:24:22,9292.18,6717
2022-07-25 07:24:21,9294.56,6714.62
2022-07-25 07:24:20,9322.08,6687.11
2022-07-25 07:24:19,9324.71,6684.47
2022-07-25 07:24:18,9344.42,6664.77
2022-07-25 07:24:17,9382.39,6626.8
2022-07-25 07:24:16,9385.15,6624.04
2022-07-25 07:24:15,9403.57,6605.62
2022-07-25 07:24:14,9441.17,6568.02
2022-07-25 07:24:13,9442.98,6566.21
2022-07-25 07:24:12,9502.98,6506.21
2022-07-25 07:24:11,9523.5,6485.68
2022-07-25 07:24:10,9556.64,6452.55
2022-07-25 07:24:09,9642.33,6366.86
2022-07-25 07:24:08,9690.77,6318.41
2022-07-25 07:24:07,9989.64,6019.54
2022-07-25 07:24:06,10065.3,5943.93
2022-07-25 07:24:05,10132,5877.2
2022-07-25 07:24:04,10346.8,5662.34
2022-07-25 07:24:03,10493.9,5515.27
2022-07-25 07:24:02,10591.3,5417.93
2022-07-25 07:24:01,10859.7,5149.52
2022-07-25 07:24:00,11385.2,4623.98
2022-07-25 07:23:59,10621.1,5388.13
2022-07-25 07:23:58,10731.5,5277.69
2022-07-25 07:23:57,10780,5229.23
2022-07-25 07:23:56,10366.3,5642.89
2022-07-25 07:23:55,10469,5540.16
2022-07-25 07:23:54,9331.61,6677.58
2022-07-25 07:23:53,9332.61,6676.58
2022-07-25 07:23:52,9334.96,6674.22
2022-07-25 07:23:51,9334.41,6674.77
2022-07-25 07:23:50,9337.45,6671.74
2022-07-25 07:23:49,9339.18,6670.01
2022-07-25 07:23:48,9339.72,6669.47
2022-07-25 07:23:47,9342.19,6667
2022-07-25 07:23:46,9343.23,6665.96
2022-07-25 07:23:45,9346.05,6663.14
2022-07-25 07:23:44,9346.89,6662.3
2022-07-25 07:23:43,9358.46,6650.72
2022-07-25 07:23:42,9359.31,6649.88
2022-07-25 07:23:41,9363.22,6645.96
2022-07-25 07:23:40,9365.38,6643.81
2022-07-25 07:23:39,9377.77,6631.42
2022-07-25 07:23:38,9383.22,6625.96
2022-07-25 07:23:37,9384.36,6624.82
2022-07-25 07:23:36,9407.69,6601.5
2022-07-25 07:23:35,9408.03,6601.16
2022-07-25 07:23:34,9428.8,6580.39
2022-07-25 07:23:33,9448.36,6560.83
2022-07-25 07:23:32,9463.86,6545.33
2022-07-25 07:23:31,9484.34,6524.85
2022-07-25 07:23:30,9511.38,6497.81
2022-07-25 07:23:29,9556.66,6452.52
2022-07-25 07:23:28,9577.04,6432.15
2022-07-25 07:23:27,9597.38,6411.81
2022-07-25 07:23:26,9663.65,6345.53
2022-07-25 07:23:25,9704.48,6304.7
2022-07-25 07:23:24,9713.06,6296.13
2022-07-25 07:23:23,9771.32,6237.87
2022-07-25 07:23:22,9822.48,6186.7
2022-07-25 07:23:21,10047.9,5961.3
2022-07-25 07:23:20,10273.7,5735.48
2022-07-25 07:23:19,10349,5660.23
2022-07-25 07:23:18,10768.4,5240.78
2022-07-25 07:23:17,10954.7,5054.45
2022-07-25 07:23:16,11073.4,4935.84
2022-07-25 07:23:15,11363,4646.2
2022-07-25 07:23:14,11516.5,4492.7
2022-07-25 07:23:13,11144.3,4864.88
2022-07-25 07:23:12,11279.1,4730.12
2022-07-25 07:23:11,10229.1,5780.07
2022-07-25 07:23:10,10304.1,5705.08
2022-07-25 07:23:09,9812.62,6196.57
2022-07-25 07:23:08,9295.64,6713.55
2022-07-25 07:23:07,9298.43,6710.76
2022-07-25 07:23:06,9299.27,6709.91
2022-07-25 07:23:05,9300.7,6708.49
2022-07-25 07:23:04,9304.01,6705.18
2022-07-25 07:23:03,9303.54,6705.65
2022-07-25 07:23:02,9305,6704.19
2022-07-25 07:23:01,9309.77,6699.42
2022-07-25 07:23:00,9310.66,6698.53
2022-07-25 07:22:59,9311.57,6697.62
2022-07-25 07:22:58,9313.58,6695.61
2022-07-25 07:22:57,9318,6691.18
2022-07-25 07:22:56,9321.21,6687.98
2022-07-25 07:22:55,9322.24,6686.95
2022-07-25 07:22:54,9326.5,6682.69
2022-07-25 07:22:53,9336.13,6673.06
2022-07-25 07:22:52,9338.49,6670.7
2022-07-25 07:22:51,9344.84,6664.35
2022-07-25 07:22:50,9346.13,6663.06
2022-07-25 07:22:49,9367.04,6642.15
2022-07-25 07:22:48,9368.01,6641.18
2022-07-25 07:22:47,9386.44,6622.75
2022-07-25 07:22:46,9403.75,6605.43
2022-07-25 07:22:45,9405.22,6603.96
2022-07-25 07:22:44,9457.57,6551.62
2022-07-25 07:22:43,9478.59,6530.59
2022-07-25 07:22:42,9480.3,6528.89
2022-07-25 07:22:41,9549.94,6459.25
2022-07-25 07:22:40,9576.19,6433
2022-07-25 07:22:39,9606.63,6402.55
2022-07-25 07:22:38,9706.22,6302.97
2022-07-25 07:22:37,9720.33,6288.86
2022-07-25 07:22:36,9902.95,6106.24
2022-07-25 07:22:35,10062.6,5946.57
2022-07-25 07:22:34,10272.8,5736.39
2022-07-25 07:22:33,10373.8,5635.43
2022-07-25 07:22:32,10676.9,5332.31
2022-07-25 07:22:31,10955,5054.22
2022-07-25 07:22:30,11124.9,4884.27
2022-07-25 07:22:29,11355.9,4653.32
2022-07-25 07:22:28,11527.7,4481.48
2022-07-25 07:22:27,11104.8,4904.39
2022-07-25 07:22:26,11255.8,4753.34
2022-07-25 07:22:25,11395.1,4614.07
2022-07-25 07:22:24,9942.66,6066.53
2022-07-25 07:22:23,9444.52,6564.67
2022-07-25 07:22:22,9447.52,6561.67
2022-07-25 07:22:21,9446.66,6562.53
2022-07-25 07:22:20,9451.09,6558.1
2022-07-25 07:22:19,9452.01,6557.18
2022-07-25 07:22:18,9454.86,6554.33
2022-07-25 07:22:17,9455.49,6553.7
2022-07-25 07:22:16,9464.33,6544.86
2022-07-25 07:22:15,9468.59,6540.6
2022-07-25 07:22:14,9470,6539.19
2022-07-25 07:22:13,9491.03,6518.16
2022-07-25 07:22:12,9491.64,6517.55
2022-07-25 07:22:11,9496.29,6512.9
2022-07-25 07:22:10,9497.96,6511.22
2022-07-25 07:22:09,9515.6,6493.59
2022-07-25 07:22:08,9519.7,6489.49
2022-07-25 07:22:07,9521.34,6487.84
2022-07-25 07:22:06,9553.33,6455.86
2022-07-25 07:22:05,9559.26,6449.93
2022-07-25 07:22:04,9562.22,6446.97
2022-07-25 07:22:03,9595.56,6413.63
2022-07-25 07:22:02,9606.02,6403.16
2022-07-25 07:22:01,9621.91,6387.27
2022-07-25 07:22:00,9655.63,6353.55
2022-07-25 07:21:59,9662.57,6346.61
2022-07-25 07:21:58,9677.77,6331.41
2022-07-25 07:21:57,9739.2,6269.98
2022-07-25 07:21:56,9752.64,6256.54
2022-07-25 07:21:55,9811.55,6197.63
2022-07-25 07:21:54,9853.27,6155.92
2022-07-25 07:21:53,9834.59,6174.6
2022-07-25 07:21:52,9923.65,6085.54
2022-07-25 07:21:51,10019.9,5989.32
2022-07-25 07:21:50,10217.5,5791.73
2022-07-25 07:21:49,10284.1,5725.11
2022-07-25 07:21:48,10404.6,5604.64
2022-07-25 07:21:47,10588.6,5420.55
2022-07-25 07:21:46,10922,5087.18
2022-07-25 07:21:45,11082.4,4926.82
2022-07-25 07:21:44,11261.8,4747.36
2022-07-25 07:21:43,11451.6,4557.54
2022-07-25 07:21:42,11010.4,4998.77
2022-07-25 07:21:41,11158.4,4850.82
2022-07-25 07:21:40,11307.8,4701.41
2022-07-25 07:21:39,10438.3,5570.89
2022-07-25 07:21:38,9862.2,6146.99
2022-07-25 07:21:37,9353.41,6655.78
2022-07-25 07:21:36,9354.64,6654.54
2022-07-25 07:21:35,9357.98,6651.2
2022-07-25 07:21:34,9359.75,6649.44
2022-07-25 07:21:33,9359.3,6649.89
2022-07-25 07:21:32,9363.28,6645.91
2022-07-25 07:21:31,9363.29,6645.89
2022-07-25 07:21:30,9366.34,6642.84
2022-07-25 07:21:29,9367.11,6642.07
2022-07-25 07:21:28,9368.92,6640.27
2022-07-25 07:21:27,9372.98,6636.21
2022-07-25 07:21:26,9377.01,6632.18
2022-07-25 07:21:25,9376.73,6632.46
2022-07-25 07:21:24,9382.15,6627.04
2022-07-25 07:21:23,9387.35,6621.84
2022-07-25 07:21:22,9388.92,6620.27
2022-07-25 07:21:21,9391.77,6617.42
2022-07-25 07:21:20,9415.67,6593.52
2022-07-25 07:21:19,9415.67,6593.52
2022-07-25 07:21:18,9419.5,6589.69
2022-07-25 07:21:17,9435.65,6573.54
2022-07-25 07:21:16,9453.76,6555.43
2022-07-25 07:21:15,9455.56,6553.63
2022-07-25 07:21:14,9468.34,6540.85
2022-07-25 07:21:13,9491.27,6517.91
2022-07-25 07:21:12,9518.36,6490.83
2022-07-25 07:21:11,9531.77,6477.42
2022-07-25 07:21:10,9552.84,6456.35
2022-07-25 07:21:09,9583.8,6425.39
2022-07-25 07:21:08,9664.13,6345.06
2022-07-25 07:21:07,9673.87,6335.32
2022-07-25 07:21:06,9732.43,6276.76
2022-07-25 07:21:05,9851.76,6157.43
2022-07-25 07:21:04,9874.76,6134.43
2022-07-25 07:21:03,10072.7,5936.49
2022-07-25 07:21:02,10452.6,5556.61
2022-07-25 07:21:01,10575.2,5433.99
2022-07-25 07:21:00,10646.2,5363.03
2022-07-25 07:20:59,11072.9,4936.27
2022-07-25 07:20:58,11291.5,4717.66
2022-07-25 07:20:57,11425.8,4583.44
2022-07-25 07:20:56,11584.8,4424.38
2022-07-25 07:20:55,11225.9,4783.3
2022-07-25 07:20:54,10840,5169.16
2022-07-25 07:20:53,10426.8,5582.43
2022-07-25 07:20:52,9218.66,6790.53
2022-07-25 07:20:51,9219.92,6789.27
2022-07-25 07:20:50,9221.35,6787.84
2022-07-25 07:20:49,9219.4,6789.79
2022-07-25 07:20:48,9220.86,6788.33
2022-07-25 07:20:47,9223.96,6785.22
2022-07-25 07:20:46,9224.07,6785.12
2022-07-25 07:20:45,9225.67,6783.52
2022-07-25 07:20:44,9224.75,6784.44
2022-07-25 07:20:43,9227.98,6781.21
2022-07-25 07:20:42,9234.55,6774.64
2022-07-25 07:20:41,9235.24,6773.95
2022-07-25 07:20:40,9236.49,6772.7
2022-07-25 07:20:39,9243.71,6765.48
2022-07-25 07:20:38,9253.91,6755.27
2022-07-25 07:20:37,9255.6,6753.59
2022-07-25 07:20:36,9269.37,6739.82
2022-07-25 07:20:35,9279.32,6729.86
2022-07-25 07:20:34,9281.4,6727.79
2022-07-25 07:20:33,9281.17,6728.02
2022-07-25 07:20:32,9315.75,6693.44
2022-07-25 07:20:31,9315.26,6693.93
2022-07-25 07:20:30,9316.71,6692.47
2022-07-25 07:20:29,9372.23,6636.96
2022-07-25 07:20:28,9374.19,6635
2022-07-25 07:20:27,9390.16,6619.02
2022-07-25 07:20:26,9431.64,6577.54
2022-07-25 07:20:25,9433.83,6575.36
2022-07-25 07:20:24,9449.38,6559.81
2022-07-25 07:20:23,9490.63,6518.55
2022-07-25 07:20:22,9504.63,6504.56
2022-07-25 07:20:21,9523.03,6486.15
2022-07-25 07:20:20,9574.62,6434.57
2022-07-25 07:20:19,9591.76,6417.43
2022-07-25 07:20:18,9792.83,6216.36
2022-07-25 07:20:17,9972.76,6036.43
2022-07-25 07:20:16,10135.8,5873.35
2022-07-25 07:20:15,10349.9,5659.3
2022-07-25 07:20:14,10715.8,5293.38
2022-07-25 07:20:13,11113,4896.15
2022-07-25 07:20:12,11265.4,4743.8
2022-07-25 07:20:11,11433.5,4575.68
2022-07-25 07:20:10,11554.7,4454.47
2022-07-25 07:20:09,11739.4,4269.76
2022-07-25 07:20:08,10771.8,5237.44
2022-07-25 07:20:07,9748.21,6260.98
2022-07-25 07:20:06,9758.48,6250.71
2022-07-25 07:20:05,9254.55,6754.64
2022-07-25 07:20:04,9254.12,6755.07
2022-07-25 07:20:03,9257.51,6751.68
2022-07-25 07:20:02,9257.64,6751.55
2022-07-25 07:20:01,9260.94,6748.25
2022-07-25 07:20:00,9260.08,6749.11
2022-07-25 07:19:59,9248.22,6760.96
2022-07-25 07:19:58,9249.02,6760.17
2022-07-25 07:19:57,9250.83,6758.36
2022-07-25 07:19:56,9253.88,6755.3
2022-07-25 07:19:55,9266.65,6742.53
2022-07-25 07:19:54,9266.92,6742.27
2022-07-25 07:19:53,9273.57,6735.62
2022-07-25 07:19:52,9273.4,6735.79
2022-07-25 07:19:51,9276.71,6732.48
2022-07-25 07:19:50,9274.32,6734.87
2022-07-25 07:19:49,9288.88,6720.31
2022-07-25 07:19:48,9289.36,6719.83
2022-07-25 07:19:47,9290.39,6718.8
2022-07-25 07:19:46,9308.45,6700.74
2022-07-25 07:19:45,9314.88,6694.31
2022-07-25 07:19:44,9316.56,6692.63
2022-07-25 07:19:43,9333.26,6675.93
2022-07-25 07:19:42,9357.62,6651.57
2022-07-25 07:19:41,9358.74,6650.45
2022-07-25 07:19:40,9377,6632.19
2022-07-25 07:19:39,9429.23,6579.96
2022-07-25 07:19:38,9429.63,6579.55
2022-07-25 07:19:37,9430.98,6578.2
2022-07-25 07:19:36,9483.71,6525.48
2022-07-25 07:19:35,9509.18,6500
2022-07-25 07:19:34,9539.71,6469.48
2022-07-25 07:19:33,9626.29,6382.89
2022-07-25 07:19:32,9828.61,6180.57
2022-07-25 07:19:31,9933.85,6075.34
2022-07-25 07:19:30,10252.9,5756.24
2022-07-25 07:19:29,10509,5500.2
2022-07-25 07:19:28,10871.7,5137.45
2022-07-25 07:19:27,11012.9,4996.3
2022-07-25 07:19:26,11191.6,4817.59
2022-07-25 07:19:25,11425.9,4583.33
2022-07-25 07:19:24,11581.4,4427.83
2022-07-25 07:19:23,11195,4814.16
2022-07-25 07:19:22,11322.9,4686.32
2022-07-25 07:19:21,10306.4,5702.75
2022-07-25 07:19:20,9828.28,6180.9
2022-07-25 07:19:19,9309.93,6699.25
2022-07-25 07:19:18,9313.69,6695.5
2022-07-25 07:19:17,9316.89,6692.3
2022-07-25 07:19:16,9317.46,6691.73
2022-07-25 07:19:15,9318.72,6690.47
2022-07-25 07:19:14,9321.44,6687.75
2022-07-25 07:19:13,9323.63,6685.56
2022-07-25 07:19:12,9324.73,6684.46
2022-07-25 07:19:11,9326.44,6682.75
2022-07-25 07:19:10,9329.03,6680.16
2022-07-25 07:19:09,9329.04,6680.15
2022-07-25 07:19:08,9332.2,6676.99
2022-07-25 07:19:07,9332.82,6676.37
2022-07-25 07:19:06,9334.24,6674.95
2022-07-25 07:19:05,9335.49,6673.7
2022-07-25 07:19:04,9337.9,6671.29
2022-07-25 07:19:03,9339.57,6669.62
2022-07-25 07:19:02,9341.32,6667.87
2022-07-25 07:19:01,9342.5,6666.69
2022-07-25 07:19:00,9348.16,6661.03
2022-07-25 07:18:59,9358.79,6650.4
2022-07-25 07:18:58,9362.38,6646.81
2022-07-25 07:18:57,9372.9,6636.29
2022-07-25 07:18:56,9374.48,6634.71
2022-07-25 07:18:55,9408.2,6600.99
2022-07-25 07:18:54,9419.45,6589.74
2022-07-25 07:18:53,9452.46,6556.73
2022-07-25 07:18:52,9470.45,6538.74
2022-07-25 07:18:51,9517.81,6491.38
2022-07-25 07:18:50,9538.95,6470.24
2022-07-25 07:18:49,9621.7,6387.49
2022-07-25 07:18:48,9657.67,6351.52
2022-07-25 07:18:47,9821.14,6188.05
2022-07-25 07:18:46,10009.3,5999.91
2022-07-25 07:18:45,10051.2,5957.99
2022-07-25 07:18:44,10266.5,5742.7
2022-07-25 07:18:43,10597.6,5411.63
2022-07-25 07:18:42,10753.2,5255.94
2022-07-25 07:18:41,11051,4958.15
2022-07-25 07:18:40,11181.7,4827.47
2022-07-25 07:18:39,11422.3,4586.9
2022-07-25 07:18:38,11066.8,4942.41
2022-07-25 07:18:37,11185,4824.16
2022-07-25 07:18:36,10784.4,5224.8
2022-07-25 07:18:35,10230.5,5778.66
2022-07-25 07:18:34,10307.6,5701.56
2022-07-25 07:18:33,9810.81,6198.38
2022-07-25 07:18:32,9189.44,6819.75
2022-07-25 07:18:31,9190.86,6818.32
2022-07-25 07:18:30,9192.59,6816.6
2022-07-25 07:18:29,9193.37,6815.82
2022-07-25 07:18:28,9191.88,6817.31
2022-07-25 07:18:27,9194.39,6814.8
2022-07-25 07:18:26,9198.58,6810.61
2022-07-25 07:18:25,9198.84,6810.35
2022-07-25 07:18:24,9202.34,6806.84
2022-07-25 07:18:23,9201.76,6807.43
2022-07-25 07:18:22,9203.34,6805.85
2022-07-25 07:18:21,9202.25,6806.93
2022-07-25 07:18:20,9209.43,6799.75
2022-07-25 07:18:19,9212.3,6796.89
2022-07-25 07:18:18,9216.59,6792.6
2022-07-25 07:18:17,9217.81,6791.37
2022-07-25 07:18:16,9228.24,6780.95
2022-07-25 07:18:15,9235.75,6773.44
2022-07-25 07:18:14,9237.13,6772.05
2022-07-25 07:18:13,9267.93,6741.26
2022-07-25 07:18:12,9269.11,6740.07
2022-07-25 07:18:11,9293.61,6715.57
2022-07-25 07:18:10,9309.34,6699.85
2022-07-25 07:18:09,9329.96,6679.23
2022-07-25 07:18:08,9353.36,6655.83
2022-07-25 07:18:07,9355.05,6654.14
2022-07-25 07:18:06,9395.78,6613.41
2022-07-25 07:18:05,9416.75,6592.43
2022-07-25 07:18:04,9422.91,6586.27
2022-07-25 07:18:03,9488.48,6520.71
2022-07-25 07:18:02,9490.96,6518.22
2022-07-25 07:18:01,9529.67,6479.52
2022-07-25 07:18:00,9642.18,6367.01
2022-07-25 07:17:59,9714.35,6294.84
2022-07-25 07:17:58,10066,5943.18
2022-07-25 07:17:57,10411,5598.2
2022-07-25 07:17:56,10529.4,5479.75
2022-07-25 07:17:55,10770.5,5238.66
2022-07-25 07:17:54,10894.2,5115.03
2022-07-25 07:17:53,11283.2,4725.98
2022-07-25 07:17:52,11448.2,4561.03
2022-07-25 07:17:51,11630.8,4378.41
2022-07-25 07:17:50,11280.2,4728.97
2022-07-25 07:17:49,10769.3,5239.93
2022-07-25 07:17:48,10325.1,5684.09
2022-07-25 07:17:47,9740.53,6268.66
2022-07-25 07:17:46,9217.73,6791.46
2022-07-25 07:17:45,9220.82,6788.37
2022-07-25 07:17:44,9220,6789.18
2022-07-25 07:17:43,9220.52,6788.66
2022-07-25 07:17:42,9224.73,6784.45
2022-07-25 07:17:41,9225.84,6783.35
2022-07-25 07:17:40,9226.92,6782.27
2022-07-25 07:17:39,9228.37,6780.82
2022-07-25 07:17:38,9230.66,6778.53
2022-07-25 07:17:37,9233.39,6775.8
2022-07-25 07:17:36,9233.77,6775.41
2022-07-25 07:17:35,9237.87,6771.32
2022-07-25 07:17:34,9239.04,6770.15
2022-07-25 07:17:33,9239.21,6769.98
2022-07-25 07:17:32,9240.82,6768.37
2022-07-25 07:17:31,9244.51,6764.68
2022-07-25 07:17:30,9244.5,6764.69
2022-07-25 07:17:29,9244.07,6765.11
2022-07-25 07:17:28,9262.87,6746.32
2022-07-25 07:17:27,9263.03,6746.16
2022-07-25 07:17:26,9263.78,6745.41
2022-07-25 07:17:25,9283.06,6726.13
2022-07-25 07:17:24,9306.6,6702.59
2022-07-25 07:17:23,9307.27,6701.91
2022-07-25 07:17:22,9323.04,6686.15
2022-07-25 07:17:21,9341.31,6667.88
2022-07-25 07:17:20,9343.14,6666.05
2022-07-25 07:17:19,9363.51,6645.68
2022-07-25 07:17:18,9399.12,6610.07
2022-07-25 07:17:17,9402.09,6607.1
2022-07-25 07:17:16,9431.1,6578.09
2022-07-25 07:17:15,9532.96,6476.23
2022-07-25 07:17:14,9582.89,6426.3
2022-07-25 07:17:13,9863.2,6145.99
2022-07-25 07:17:12,10166.9,5842.34
2022-07-25 07:17:11,10378.5,5630.65
2022-07-25 07:17:10,10728.7,5280.53
2022-07-25 07:17:09,10903.9,5105.3
2022-07-25 07:17:08,11055.8,4953.4
2022-07-25 07:17:07,11234,4775.17
2022-07-25 07:17:06,11379.9,4629.29
2022-07-25 07:17:05,11121.8,4887.35
2022-07-25 07:17:04,10649.9,5359.31
2022-07-25 07:17:03,10208.3,5800.93
2022-07-25 07:17:02,9643.1,6366.09
2022-07-25 07:17:01,9695.06,6314.13
2022-07-25 07:17:00,9735.53,6273.66
2022-07-25 07:16:59,9133.51,6875.68
2022-07-25 07:16:58,9137.39,6871.8
2022-07-25 07:16:57,9136.27,6872.92
2022-07-25 07:16:56,9137.85,6871.34
2022-07-25 07:16:55,9139.93,6869.26
2022-07-25 07:16:54,9139.77,6869.42
2022-07-25 07:16:53,9140.73,6868.45
2022-07-25 07:16:52,9148.04,6861.15
2022-07-25 07:16:51,9149.33,6859.86
2022-07-25 07:16:50,9150.74,6858.45
2022-07-25 07:16:49,9156.54,6852.65
2022-07-25 07:16:48,9158.98,6850.2
2022-07-25 07:16:47,9158.46,6850.73
2022-07-25 07:16:46,9163.95,6845.23
2022-07-25 07:16:45,9166.3,6842.89
2022-07-25 07:16:44,9168.31,6840.88
2022-07-25 07:16:43,9171.32,6837.87
2022-07-25 07:16:42,9171.63,6837.56
2022-07-25 07:16:41,9177.69,6831.49
2022-07-25 07:16:40,9189.88,6819.31
2022-07-25 07:16:39,9192.15,6817.04
2022-07-25 07:16:38,9203.94,6805.25
2022-07-25 07:16:37,9217.85,6791.34
2022-07-25 07:16:36,9217.11,6792.08
2022-07-25 07:16:35,9219.02,6790.16
2022-07-25 07:16:34,9252.26,6756.93
2022-07-25 07:16:33,9254.56,6754.63
2022-07-25 07:16:32,9269.49,6739.7
2022-07-25 07:16:31,9297.2,6711.99
2022-07-25 07:16:30,9299.91,6709.27
2022-07-25 07:16:29,9393.7,6615.48
2022-07-25 07:16:28,9473.16,6536.03
2022-07-25 07:16:27,9736.7,6272.48
2022-07-25 07:16:26,9972.41,6036.77
2022-07-25 07:16:25,10154.8,5854.35
2022-07-25 07:16:24,10689.2,5320
2022-07-25 07:16:23,10806.7,5202.51
2022-07-25 07:16:22,10917.1,5092.08
2022-07-25 07:16:21,11283,4726.14
2022-07-25 07:16:20,11404.2,4604.95
2022-07-25 07:16:19,11607.8,4401.39
2022-07-25 07:16:18,11784.4,4224.77
2022-07-25 07:16:17,10885.8,5123.43
2022-07-25 07:16:16,9835.79,6173.39
2022-07-25 07:16:15,9857.62,6151.57
2022-07-25 07:16:14,9241,6768.18
2022-07-25 07:16:13,9242.82,6766.37
2022-07-25 07:16:12,9243.03,6766.16
2022-07-25 07:16:11,9242.21,6766.98
2022-07-25 07:16:10,9245.45,6763.73
2022-07-25 07:16:09,9246.65,6762.54
2022-07-25 07:16:08,9246.74,6762.45
2022-07-25 07:16:07,9252.5,6756.68
2022-07-25 07:16:06,9254.2,6754.99
2022-07-25 07:16:05,9257.34,6751.85
2022-07-25 07:16:04,9263.66,6745.53
2022-07-25 07:16:03,9266.39,6742.79
2022-07-25 07:16:02,9267.39,6741.8
2022-07-25 07:16:01,9268.51,6740.68
2022-07-25 07:16:00,9282.45,6726.74
2022-07-25 07:15:59,9283.4,6725.79
2022-07-25 07:15:58,9284.58,6724.61
2022-07-25 07:15:57,9296.84,6712.35
2022-07-25 07:15:56,9295.98,6713.2
2022-07-25 07:15:55,9295.88,6713.31
2022-07-25 07:15:54,9316.39,6692.8
2022-07-25 07:15:53,9302.02,6707.17
2022-07-25 07:15:52,9316.99,6692.2
2022-07-25 07:15:51,9351.96,6657.23
2022-07-25 07:15:50,9353.72,6655.47
2022-07-25 07:15:49,9364.89,6644.3
2022-07-25 07:15:48,9420.04,6589.14
2022-07-25 07:15:47,9422.21,6586.97
2022-07-25 07:15:46,9448.97,6560.22
2022-07-25 07:15:45,9505.25,6503.94
2022-07-25 07:15:44,9508.79,6500.39
2022-07-25 07:15:43,9591.85,6417.34
2022-07-25 07:15:42,9672.03,6337.16
2022-07-25 07:15:41,9800.01,6209.18
2022-07-25 07:15:40,10062.6,5946.56
2022-07-25 07:15:39,10437.1,5572.13
2022-07-25 07:15:38,10580.1,5429.14
2022-07-25 07:15:37,10816.3,5192.85
2022-07-25 07:15:36,11078.1,4931.12
2022-07-25 07:15:35,11319.5,4689.64
2022-07-25 07:15:34,11464,4545.18
2022-07-25 07:15:33,11645.2,4364.03
2022-07-25 07:15:32,11291.3,4717.89
2022-07-25 07:15:31,10900.4,5108.79
2022-07-25 07:15:30,10359.9,5649.29
2022-07-25 07:15:29,9116.5,6892.69
2022-07-25 07:15:28,9119.14,6890.04
2022-07-25 07:15:27,9119.13,6890.06
2022-07-25 07:15:26,9118.74,6890.45
2022-07-25 07:15:25,9122,6887.19
2022-07-25 07:15:24,9122,6887.19
2022-07-25 07:15:23,9117.81,6891.38
2022-07-25 07:15:22,9120.92,6888.27
2022-07-25 07:15:21,9123.55,6885.64
2022-07-25 07:15:20,9125.04,6884.15
2022-07-25 07:15:19,9126.93,6882.26
2022-07-25 07:15:18,9126.93,6882.26
2022-07-25 07:15:17,9127.55,6881.63
2022-07-25 07:15:16,9133.36,6875.83
2022-07-25 07:15:15,9133.73,6875.46
2022-07-25 07:15:14,9134.76,6874.43
2022-07-25 07:15:13,9141.77,6867.42
2022-07-25 07:15:12,9142.85,6866.34
2022-07-25 07:15:11,9145.86,6863.33
2022-07-25 07:15:10,9146.9,6862.29
2022-07-25 07:15:09,9151.91,6857.28
2022-07-25 07:15:08,9164.92,6844.27
2022-07-25 07:15:07,9168.89,6840.3
2022-07-25 07:15:06,9177.3,6831.89
2022-07-25 07:15:05,9176.14,6833.04
2022-07-25 07:15:04,9206.44,6802.74
2022-07-25 07:15:03,9245.7,6763.48
2022-07-25 07:15:02,9245.24,6763.95
2022-07-25 07:15:01,9281.62,6727.56
2022-07-25 07:15:00,9315.84,6693.35
2022-07-25 07:14:59,9323.2,6685.98
2022-07-25 07:14:58,9341.09,6668.1
2022-07-25 07:14:57,9373.25,6635.94
2022-07-25 07:14:56,9420.38,6588.81
2022-07-25 07:14:55,9630.7,6378.48
2022-07-25 07:14:54,9818.74,6190.44
2022-07-25 07:14:53,0,0
2022-07-25 07:14:52,0,0
2022-07-25 07:14:51,0,0
2022-07-25 07:14:50,0,0
2022-07-25 07:14:49,0,0
2022-07-25 07:14:48,0,0
2022-07-25 07:14:47,0,0
2022-07-25 07:14:46,0,0
2022-07-25 07:14:45,0,0
2022-07-25 07:14:44,0,0
2022-07-25 07:14:43,11550.6,4458.57
2022-07-25 07:14:42,11140.7,4868.45
2022-07-25 07:14:41,10688.5,5320.73
2022-07-25 07:14:40,10243.6,5765.63
2022-07-25 07:14:39,9680.01,6329.18
2022-07-25 07:14:38,9175.5,6833.68
2022-07-25 07:14:37,9207.06,6802.12
2022-07-25 07:14:36,9212.17,6797.02
2022-07-25 07:14:35,9224.7,6784.48
2022-07-25 07:14:34,9195.09,6814.09
2022-07-25 07:14:33,9234.34,6774.85
2022-07-25 07:14:32,9222.87,6786.32
2022-07-25 07:14:31,9230.32,6778.87
2022-07-25 07:14:30,9222.4,6786.78
2022-07-25 07:14:29,9227.68,6781.51
2022-07-25 07:14:28,9205.07,6804.12
2022-07-25 07:14:27,9213.15,6796.04
2022-07-25 07:14:26,9246.25,6762.94
2022-07-25 07:14:25,9254.25,6754.94
2022-07-25 07:14:24,9256.11,6753.07
2022-07-25 07:14:23,9257.66,6751.53
2022-07-25 07:14:22,9273.32,6735.87
2022-07-25 07:14:21,9282.81,6726.38
2022-07-25 07:14:20,9291.71,6717.48
2022-07-25 07:14:19,9292.98,6716.21
2022-07-25 07:14:18,9301.43,6707.76
2022-07-25 07:14:17,9321.83,6687.36
2022-07-25 07:14:16,9320.75,6688.44
2022-07-25 07:14:15,9329.93,6679.25
2022-07-25 07:14:14,9353.09,6656.09
2022-07-25 07:14:13,9352.83,6656.36
2022-07-25 07:14:12,9364.39,6644.8
2022-07-25 07:14:11,9386.39,6622.79
2022-07-25 07:14:10,9397.19,6612
2022-07-25 07:14:09,9401.48,6607.71
2022-07-25 07:14:08,9428.38,6580.81
2022-07-25 07:14:07,9443.35,6565.84
2022-07-25 07:14:06,9514.01,6495.18
2022-07-25 07:14:05,9517.1,6492.09
2022-07-25 07:14:04,9559.88,6449.31
2022-07-25 07:14:03,9637.8,6371.39
2022-07-25 07:14:02,9829.02,6180.17
2022-07-25 07:14:01,9963.36,6045.83
2022-07-25 07:14:00,10196.3,5812.87
2022-07-25 07:13:59,10448.1,5561.13
2022-07-25 07:13:58,10612.3,5396.87
2022-07-25 07:13:57,10898.5,5110.69
2022-07-25 07:13:56,11056.5,4952.68
2022-07-25 07:13:55,11290.1,4719.13
2022-07-25 07:13:54,10881.3,5127.9
2022-07-25 07:13:53,11009.6,4999.54
2022-07-25 07:13:52,11138.7,4870.49
2022-07-25 07:13:51,10111.8,5897.37
2022-07-25 07:13:50,9326.92,6682.27
2022-07-25 07:13:49,9025.25,6983.94
2022-07-25 07:13:48,9025.7,6983.49
2022-07-25 07:13:47,9025.33,6983.86
2022-07-25 07:13:46,9026.94,6982.25
2022-07-25 07:13:45,9028.2,6980.99
2022-07-25 07:13:44,9027.39,6981.8
2022-07-25 07:13:43,9026.36,6982.83
2022-07-25 07:13:42,9027.74,6981.45
2022-07-25 07:13:41,9030.65,6978.54
2022-07-25 07:13:40,9031.2,6977.98
2022-07-25 07:13:39,9032.62,6976.57
2022-07-25 07:13:38,9033.71,6975.47
2022-07-25 07:13:37,9036.07,6973.12
2022-07-25 07:13:36,9035.69,6973.49
2022-07-25 07:13:35,9044.75,6964.43
2022-07-25 07:13:34,9046.38,6962.81
2022-07-25 07:13:33,9044.82,6964.36
2022-07-25 07:13:32,9053.07,6956.12
2022-07-25 07:13:31,9060.68,6948.51
2022-07-25 07:13:30,9061.85,6947.34
2022-07-25 07:13:29,9062.82,6946.37
2022-07-25 07:13:28,9095.02,6914.17
2022-07-25 07:13:27,9094.73,6914.45
2022-07-25 07:13:26,9095.38,6913.81
2022-07-25 07:13:25,9130.13,6879.06
2022-07-25 07:13:24,9130.45,6878.73
2022-07-25 07:13:23,9132.12,6877.07
2022-07-25 07:13:22,9171.94,6837.25
2022-07-25 07:13:21,9154.59,6854.6
2022-07-25 07:13:20,9164.62,6844.57
2022-07-25 07:13:19,9203.93,6805.26
2022-07-25 07:13:18,9252.32,6756.86
2022-07-25 07:13:17,9297.5,6711.69
2022-07-25 07:13:16,9483.13,6526.06
2022-07-25 07:13:15,9842.03,6167.16
2022-07-25 07:13:14,9963.54,6045.65
2022-07-25 07:13:13,10368.8,5640.41
2022-07-25 07:13:12,10476.9,5532.3
2022-07-25 07:13:11,10835,5174.14
2022-07-25 07:13:10,11124.9,4884.27
2022-07-25 07:13:09,11302.9,4706.29
2022-07-25 07:13:08,11455.7,4553.52
2022-07-25 07:13:07,11090.7,4918.51
2022-07-25 07:13:06,10698.3,5310.9
2022-07-25 07:13:05,10796.8,5212.39
2022-07-25 07:13:04,10014,5995.15
2022-07-25 07:13:03,9181.62,6827.57
2022-07-25 07:13:02,9183.79,6825.39
2022-07-25 07:13:01,9184.21,6824.98
2022-07-25 07:13:00,9184.01,6825.18
2022-07-25 07:12:59,9187.23,6821.95
2022-07-25 07:12:58,9188.03,6821.16
2022-07-25 07:12:57,9191.33,6817.86
2022-07-25 07:12:56,9193.98,6815.2
2022-07-25 07:12:55,9194.15,6815.04
2022-07-25 07:12:54,9195.17,6814.02
2022-07-25 07:12:53,9196.9,6812.29
2022-07-25 07:12:52,9200.29,6808.89
2022-07-25 07:12:51,9200.02,6809.17
2022-07-25 07:12:50,9200.47,6808.72
2022-07-25 07:12:49,9204.14,6805.05
2022-07-25 07:12:48,9204.99,6804.2
2022-07-25 07:12:47,9205.97,6803.22
2022-07-25 07:12:46,9205.01,6804.18
2022-07-25 07:12:45,9209.78,6799.41
2022-07-25 07:12:44,9209.79,6799.4
2022-07-25 07:12:43,9210.62,6798.57
2022-07-25 07:12:42,9229.8,6779.38
2022-07-25 07:12:41,9230.04,6779.14
2022-07-25 07:12:40,9229.75,6779.44
2022-07-25 07:12:39,9250.04,6759.14
2022-07-25 07:12:38,9270.91,6738.28
2022-07-25 07:12:37,9295.19,6714
2022-07-25 07:12:36,9296.31,6712.88
2022-07-25 07:12:35,9334.13,6675.05
2022-07-25 07:12:34,9375.77,6633.42
2022-07-25 07:12:33,9384.26,6624.93
2022-07-25 07:12:32,9433.13,6576.06
2022-07-25 07:12:31,9474.17,6535.02
2022-07-25 07:12:30,9495.31,6513.87
2022-07-25 07:12:29,9602.43,6406.76
2022-07-25 07:12:28,9862.83,6146.36
2022-07-25 07:12:27,10063.7,5945.48
2022-07-25 07:12:26,10333.6,5675.55
2022-07-25 07:12:25,10641.8,5367.36
2022-07-25 07:12:24,10736.6,5272.61
2022-07-25 07:12:23,11119.6,4889.59
2022-07-25 07:12:22,11291.3,4717.93
2022-07-25 07:12:21,11487.3,4521.87
2022-07-25 07:12:20,11674.4,4334.77
2022-07-25 07:12:19,11278.3,4730.84
2022-07-25 07:12:18,10240,5769.14
2022-07-25 07:12:17,9158.65,6850.54
2022-07-25 07:12:16,9160.63,6848.55
2022-07-25 07:12:15,9161.92,6847.27
2022-07-25 07:12:14,9164.73,6844.46
2022-07-25 07:12:13,9166.2,6842.99
2022-07-25 07:12:12,9166.17,6843.02
2022-07-25 07:12:11,9169.24,6839.95
2022-07-25 07:12:10,9172.11,6837.08
2022-07-25 07:12:09,9174.75,6834.44
2022-07-25 07:12:08,9175.67,6833.52
2022-07-25 07:12:07,9176.06,6833.13
2022-07-25 07:12:06,9186,6823.19
2022-07-25 07:12:05,9191.25,6817.94
2022-07-25 07:12:04,9191.59,6817.59
2022-07-25 07:12:03,9199.61,6809.58
2022-07-25 07:12:02,9200.22,6808.97
2022-07-25 07:12:01,9206.09,6803.1
2022-07-25 07:12:00,9207.65,6801.53
2022-07-25 07:11:59,9237.63,6771.55
2022-07-25 07:11:58,9238.72,6770.47
2022-07-25 07:11:57,9244.58,6764.61
2022-07-25 07:11:56,9255.65,6753.54
2022-07-25 07:11:55,9279.38,6729.81
2022-07-25 07:11:54,9281.22,6727.97
2022-07-25 07:11:53,9292.1,6717.09
2022-07-25 07:11:52,9320.97,6688.22
2022-07-25 07:11:51,9324.27,6684.92
2022-07-25 07:11:50,9349.75,6659.44
2022-07-25 07:11:49,9378.78,6630.4
2022-07-25 07:11:48,9389.78,6619.41
2022-07-25 07:11:47,9397.56,6611.62
2022-07-25 07:11:46,9414.36,6594.82
2022-07-25 07:11:45,9446.37,6562.82
2022-07-25 07:11:44,9507.45,6501.73
2022-07-25 07:11:43,9645.53,6363.65
2022-07-25 07:11:42,9790.4,6218.79
2022-07-25 07:11:41,10088.6,5920.62
2022-07-25 07:11:40,10561.4,5447.76
2022-07-25 07:11:39,10777.7,5231.51
2022-07-25 07:11:38,10963.9,5045.25
2022-07-25 07:11:37,11164.2,4844.98
2022-07-25 07:11:36,11312.9,4696.3
2022-07-25 07:11:35,11409,4600.23
2022-07-25 07:11:34,11580.6,4428.57
2022-07-25 07:11:33,11752.2,4256.98
2022-07-25 07:11:32,9879.41,6129.78
2022-07-25 07:11:31,9767.81,6241.38
2022-07-25 07:11:30,9360.45,6648.74
2022-07-25 07:11:29,9361.67,6647.52
2022-07-25 07:11:28,9362.67,6646.52
2022-07-25 07:11:27,9365,6644.19
2022-07-25 07:11:26,9367.3,6641.89
2022-07-25 07:11:25,9368.41,6640.77
2022-07-25 07:11:24,9370.9,6638.28
2022-07-25 07:11:23,9372.56,6636.63
2022-07-25 07:11:22,9374.7,6634.49
2022-07-25 07:11:21,9381.75,6627.44
2022-07-25 07:11:20,9380.96,6628.23
2022-07-25 07:11:19,9387.19,6622
2022-07-25 07:11:18,9389.5,6619.69
2022-07-25 07:11:17,9398.57,6610.61
2022-07-25 07:11:16,9399.66,6609.53
2022-07-25 07:11:15,9403.77,6605.41
2022-07-25 07:11:14,9406.56,6602.63
2022-07-25 07:11:13,9420.22,6588.97
2022-07-25 07:11:12,9423.58,6585.61
2022-07-25 07:11:11,9426.14,6583.05
2022-07-25 07:11:10,9440.57,6568.62
2022-07-25 07:11:09,9461.88,6547.3
2022-07-25 07:11:08,9472.53,6536.65
2022-07-25 07:11:07,9497.04,6512.15
2022-07-25 07:11:06,9517.9,6491.29
2022-07-25 07:11:05,9564.93,6444.25
2022-07-25 07:11:04,9599.95,6409.24
2022-07-25 07:11:03,9613.79,6395.4
2022-07-25 07:11:02,9659.55,6349.64
2022-07-25 07:11:01,9694.99,6314.2
2022-07-25 07:11:00,9724.9,6284.29
2022-07-25 07:10:59,9785.59,6223.6
2022-07-25 07:10:58,9877.36,6131.82
2022-07-25 07:10:57,9942.75,6066.44
2022-07-25 07:10:56,10020.1,5989.07
2022-07-25 07:10:55,10276.9,5732.25
2022-07-25 07:10:54,10499.9,5509.27
2022-07-25 07:10:53,10730.9,5278.24
2022-07-25 07:10:52,10955.9,5053.26
2022-07-25 07:10:51,11160,4849.18
2022-07-25 07:10:50,11290.6,4718.57
2022-07-25 07:10:49,11418.9,4590.32
2022-07-25 07:10:48,11569.6,4439.57
2022-07-25 07:10:47,11125.5,4883.73
2022-07-25 07:10:46,10184.9,5824.33
2022-07-25 07:10:45,9729.07,6280.12
2022-07-25 07:10:44,9106.49,6902.7
2022-07-25 07:10:43,9110.31,6898.88
2022-07-25 07:10:42,9111.44,6897.75
2022-07-25 07:10:41,9110.99,6898.2
2022-07-25 07:10:40,9116.03,6893.16
2022-07-25 07:10:39,9116.16,6893.02
2022-07-25 07:10:38,9118.77,6890.41
2022-07-25 07:10:37,9116.96,6892.23
2022-07-25 07:10:36,9121.23,6887.95
2022-07-25 07:10:35,9120.87,6888.32
2022-07-25 07:10:34,9122.41,6886.78
2022-07-25 07:10:33,9128.87,6880.32
2022-07-25 07:10:32,9128.84,6880.34
2022-07-25 07:10:31,9132.02,6877.17
2022-07-25 07:10:30,9141.54,6867.64
2022-07-25 07:10:29,9142.6,6866.59
2022-07-25 07:10:28,9145.22,6863.97
2022-07-25 07:10:27,9153.9,6855.28
2022-07-25 07:10:26,9159.37,6849.81
2022-07-25 07:10:25,9161.14,6848.05
2022-07-25 07:10:24,9161.46,6847.73
2022-07-25 07:10:23,9188.57,6820.61
2022-07-25 07:10:22,9190.83,6818.36
2022-07-25 07:10:21,9205.56,6803.63
2022-07-25 07:10:20,9221.66,6787.53
2022-07-25 07:10:19,9223.54,6785.64
2022-07-25 07:10:18,9241.17,6768.02
2022-07-25 07:10:17,9262.05,6747.14
2022-07-25 07:10:16,9278.2,6730.98
2022-07-25 07:10:15,9297.48,6711.71
2022-07-25 07:10:14,9302.18,6707.01
2022-07-25 07:10:13,9317.03,6692.16
2022-07-25 07:10:12,9407.05,6602.13
2022-07-25 07:10:11,9429.46,6579.73
2022-07-25 07:10:10,9859.27,6149.91
2022-07-25 07:10:09,10045.4,5963.77
2022-07-25 07:10:08,10156.7,5852.46
2022-07-25 07:10:07,10779,5230.15
2022-07-25 07:10:06,10998.6,5010.56
2022-07-25 07:10:05,11158.5,4850.73
2022-07-25 07:10:04,11326.1,4683.07
2022-07-25 07:10:03,11474.3,4534.9
2022-07-25 07:10:02,10988.5,5020.68
2022-07-25 07:10:01,11143.4,4865.79
2022-07-25 07:10:00,10014,5995.21
2022-07-25 07:09:59,9529.94,6479.25
2022-07-25 07:09:58,8906.77,7102.42
2022-07-25 07:09:57,8907.03,7102.15
2022-07-25 07:09:56,8908.33,7100.86
2022-07-25 07:09:55,8907.47,7101.72
2022-07-25 07:09:54,8908.95,7100.23
2022-07-25 07:09:53,8909.95,7099.23
2022-07-25 07:09:52,8910.09,7099.1
2022-07-25 07:09:51,8910.32,7098.87
2022-07-25 07:09:50,8910.85,7098.34
2022-07-25 07:09:49,8910.97,7098.22
2022-07-25 07:09:48,8910.16,7099.03
2022-07-25 07:09:47,8913.44,7095.75
2022-07-25 07:09:46,8913.22,7095.97
2022-07-25 07:09:45,8915.44,7093.75
2022-07-25 07:09:44,8921.42,7087.77
2022-07-25 07:09:43,8920.95,7088.23
2022-07-25 07:09:42,8921.92,7087.27
2022-07-25 07:09:41,8921.95,7087.23
2022-07-25 07:09:40,8930.45,7078.74
2022-07-25 07:09:39,8931.2,7077.99
2022-07-25 07:09:38,8931.9,7077.29
2022-07-25 07:09:37,8948.25,7060.93
2022-07-25 07:09:36,8946.16,7063.02
2022-07-25 07:09:35,8945.96,7063.23
2022-07-25 07:09:34,8963.22,7045.96
2022-07-25 07:09:33,8963.98,7045.2
2022-07-25 07:09:32,8963.73,7045.46
2022-07-25 07:09:31,8985.74,7023.45
2022-07-25 07:09:30,8989.34,7019.84
2022-07-25 07:09:29,8989.25,7019.94
2022-07-25 07:09:28,9007.78,7001.41
2022-07-25 07:09:27,9027.8,6981.39
2022-07-25 07:09:26,9149.23,6859.96
2022-07-25 07:09:25,9379.33,6629.86
2022-07-25 07:09:24,9509.54,6499.65
2022-07-25 07:09:23,10173.8,5835.34
2022-07-25 07:09:22,10348.3,5660.94
2022-07-25 07:09:21,10524.9,5484.29
2022-07-25 07:09:20,10706.7,5302.52
2022-07-25 07:09:19,10956.7,5052.51
2022-07-25 07:09:18,11235.2,4774.01
2022-07-25 07:09:17,11402.2,4607.03
2022-07-25 07:09:16,11607.8,4401.39
2022-07-25 07:09:15,10692.3,5316.91
2022-07-25 07:09:14,10300.4,5708.78
2022-07-25 07:09:13,10369.4,5639.8
2022-07-25 07:09:12,9770.77,6238.42
2022-07-25 07:09:11,9261.52,6747.66
2022-07-25 07:09:10,9263.61,6745.58
2022-07-25 07:09:09,9262.79,6746.4
2022-07-25 07:09:08,9264.48,6744.7
2022-07-25 07:09:07,9267.17,6742.02
2022-07-25 07:09:06,9268.86,6740.33
2022-07-25 07:09:05,9270.65,6738.53
2022-07-25 07:09:04,9275.5,6733.68
2022-07-25 07:09:03,9277.13,6732.06
2022-07-25 07:09:02,9276.78,6732.41
2022-07-25 07:09:01,9290.86,6718.32
2022-07-25 07:09:00,9297.44,6711.75
2022-07-25 07:08:59,9301,6708.19
2022-07-25 07:08:58,9302.67,6706.52
2022-07-25 07:08:57,9317.95,6691.24
2022-07-25 07:08:56,9319.51,6689.68
2022-07-25 07:08:55,9322.64,6686.54
2022-07-25 07:08:54,9344.34,6664.85
2022-07-25 07:08:53,9343.85,6665.34
2022-07-25 07:08:52,9349.75,6659.43
2022-07-25 07:08:51,9374.65,6634.54
2022-07-25 07:08:50,9389.27,6619.91
2022-07-25 07:08:49,9393.1,6616.09
2022-07-25 07:08:48,9429.93,6579.25
2022-07-25 07:08:47,9447.98,6561.2
2022-07-25 07:08:46,9466.54,6542.65
2022-07-25 07:08:45,9519.07,6490.12
2022-07-25 07:08:44,9530.84,6478.34
2022-07-25 07:08:43,9574.65,6434.54
2022-07-25 07:08:42,9621.1,6388.09
2022-07-25 07:08:41,9666.73,6342.46
2022-07-25 07:08:40,9723.35,6285.84
2022-07-25 07:08:39,9883.89,6125.3
2022-07-25 07:08:38,9997.31,6011.87
2022-07-25 07:08:37,10197.1,5812.13
2022-07-25 07:08:36,10319.1,5690.09
2022-07-25 07:08:35,10544.5,5464.68
2022-07-25 07:08:34,10635,5374.18
2022-07-25 07:08:33,10929.2,5079.94
2022-07-25 07:08:32,11289,4720.22
2022-07-25 07:08:31,11443.8,4565.43
2022-07-25 07:08:30,11057.1,4952.14
2022-07-25 07:08:29,10637.1,5372.13
2022-07-25 07:08:28,10225.3,5783.84
2022-07-25 07:08:27,10321.1,5688.05
2022-07-25 07:08:26,9879.16,6130.03
2022-07-25 07:08:25,9381.96,6627.23
2022-07-25 07:08:24,9384.19,6625
2022-07-25 07:08:23,9390.44,6618.75
2022-07-25 07:08:22,9388.87,6620.32
2022-07-25 07:08:21,9393.04,6616.15
2022-07-25 07:08:20,9397.17,6612.02
2022-07-25 07:08:19,9399.73,6609.46
2022-07-25 07:08:18,9401.03,6608.16
2022-07-25 07:08:17,9410.9,6598.29
2022-07-25 07:08:16,9412.69,6596.5
2022-07-25 07:08:15,9415.43,6593.75
2022-07-25 07:08:14,9419.6,6589.59
2022-07-25 07:08:13,9424.82,6584.37
2022-07-25 07:08:12,9428.94,6580.25
2022-07-25 07:08:11,9429.86,6579.33
2022-07-25 07:08:10,9439.27,6569.92
2022-07-25 07:08:09,9440.13,6569.06
2022-07-25 07:08:08,9439.95,6569.24
2022-07-25 07:08:07,9444.15,6565.04
2022-07-25 07:08:06,9460.81,6548.38
2022-07-25 07:08:05,9471.98,6537.21
2022-07-25 07:08:04,9473.67,6535.52
2022-07-25 07:08:03,9495.67,6513.52
2022-07-25 07:08:02,9532.17,6477.02
2022-07-25 07:08:01,9533.77,6475.42
2022-07-25 07:08:00,9574.62,6434.57
2022-07-25 07:07:59,9618.09,6391.09
2022-07-25 07:07:58,9637.55,6371.63
2022-07-25 07:07:57,9663.68,6345.51
2022-07-25 07:07:56,9740.73,6268.46
2022-07-25 07:07:55,9754.36,6254.82
2022-07-25 07:07:54,9877.74,6131.44
2022-07-25 07:07:53,9911.79,6097.4
2022-07-25 07:07:52,10157.8,5851.41
2022-07-25 07:07:51,10390.1,5619.04
2022-07-25 07:07:50,10601,5408.17
2022-07-25 07:07:49,10723.6,5285.63
2022-07-25 07:07:48,10905.8,5103.37
2022-07-25 07:07:47,11042.7,4966.46
2022-07-25 07:07:46,11180.9,4828.25
2022-07-25 07:07:45,11323.6,4685.61
2022-07-25 07:07:44,11023.3,4985.91
2022-07-25 07:07:43,10571.3,5437.85
2022-07-25 07:07:42,10648.2,5360.94
2022-07-25 07:07:41,9667.56,6341.63
2022-07-25 07:07:40,9716.98,6292.21
2022-07-25 07:07:39,9761.72,6247.47
2022-07-25 07:07:38,9253.95,6755.24
2022-07-25 07:07:37,9263.3,6745.89
2022-07-25 07:07:36,9262.51,6746.68
2022-07-25 07:07:35,9264.3,6744.89
2022-07-25 07:07:34,9268.81,6740.38
2022-07-25 07:07:33,9272.91,6736.28
2022-07-25 07:07:32,9274.8,6734.38
2022-07-25 07:07:31,9276.09,6733.1
2022-07-25 07:07:30,9283.77,6725.42
2022-07-25 07:07:29,9284.34,6724.85
2022-07-25 07:07:28,9284.83,6724.36
2022-07-25 07:07:27,9297.53,6711.65
2022-07-25 07:07:26,9300.68,6708.51
2022-07-25 07:07:25,9301.95,6707.23
2022-07-25 07:07:24,9314.75,6694.44
2022-07-25 07:07:23,9316.14,6693.05
2022-07-25 07:07:22,9317.1,6692.09
2022-07-25 07:07:21,9331.97,6677.22
2022-07-25 07:07:20,9333.28,6675.91
2022-07-25 07:07:19,9348.36,6660.83
2022-07-25 07:07:18,9369.55,6639.64
2022-07-25 07:07:17,9371.82,6637.36
2022-07-25 07:07:16,9373.13,6636.06
2022-07-25 07:07:15,9433.62,6575.57
2022-07-25 07:07:14,9436.46,6572.73
2022-07-25 07:07:13,9451.5,6557.68
2022-07-25 07:07:12,9488.3,6520.89
2022-07-25 07:07:11,9533.97,6475.22
2022-07-25 07:07:10,9549.79,6459.39
2022-07-25 07:07:09,9611.78,6397.41
2022-07-25 07:07:08,9661.32,6347.87
2022-07-25 07:07:07,9732.98,6276.2
2022-07-25 07:07:06,9960.32,6048.87
2022-07-25 07:07:05,10020.3,5988.84
2022-07-25 07:07:04,10429.5,5579.69
2022-07-25 07:07:03,10645,5364.14
2022-07-25 07:07:02,10738.3,5270.89
2022-07-25 07:07:01,10982,5027.14
2022-07-25 07:07:00,11242.9,4766.3
2022-07-25 07:06:59,11375.1,4634.11
2022-07-25 07:06:58,11509.6,4499.54
2022-07-25 07:06:57,11124.9,4884.31
2022-07-25 07:06:56,10747.4,5261.75
2022-07-25 07:06:55,10228,5781.21
2022-07-25 07:06:54,10268.8,5740.36
2022-07-25 07:06:53,9151.83,6857.36
2022-07-25 07:06:52,9152.28,6856.9
2022-07-25 07:06:51,9153.2,6855.99
2022-07-25 07:06:50,9154.42,6854.77
2022-07-25 07:06:49,9156.21,6852.98
2022-07-25 07:06:48,9156.71,6852.48
2022-07-25 07:06:47,9158.95,6850.24
2022-07-25 07:06:46,9159.89,6849.29
2022-07-25 07:06:45,9161.73,6847.46
2022-07-25 07:06:44,9166.08,6843.11
2022-07-25 07:06:43,9166.4,6842.79
2022-07-25 07:06:42,9167.89,6841.3
2022-07-25 07:06:41,9166.75,6842.44
2022-07-25 07:06:40,9173.15,6836.04
2022-07-25 07:06:39,9172.75,6836.43
2022-07-25 07:06:38,9176.78,6832.41
2022-07-25 07:06:37,9177.14,6832.05
2022-07-25 07:06:36,9182.82,6826.37
2022-07-25 07:06:35,9183.1,6826.09
2022-07-25 07:06:34,9186.88,6822.31
2022-07-25 07:06:33,9209.44,6799.75
2022-07-25 07:06:32,9207.46,6801.72
2022-07-25 07:06:31,9208.42,6800.77
2022-07-25 07:06:30,9226.18,6783.01
2022-07-25 07:06:29,9244.77,6764.42
2022-07-25 07:06:28,9275.8,6733.39
2022-07-25 07:06:27,9296.11,6713.07
2022-07-25 07:06:26,9302.8,6706.39
2022-07-25 07:06:25,9343.24,6665.95
2022-07-25 07:06:24,9365.97,6643.22
2022-07-25 07:06:23,9395.98,6613.21
2022-07-25 07:06:22,9481.93,6527.26
2022-07-25 07:06:21,9566.44,6442.74
2022-07-25 07:06:20,9738.61,6270.58
2022-07-25 07:06:19,10064.9,5944.28
2022-07-25 07:06:18,10329.9,5679.27
2022-07-25 07:06:17,10515.2,5493.95
2022-07-25 07:06:16,10568.5,5440.66
2022-07-25 07:06:15,10796.3,5212.84
2022-07-25 07:06:14,11135.2,4873.97
2022-07-25 07:06:13,11365,4644.22
2022-07-25 07:06:12,11550.1,4459.09
2022-07-25 07:06:11,11194,4815.23
2022-07-25 07:06:10,10153.7,5855.51
2022-07-25 07:06:09,10230.4,5778.74
2022-07-25 07:06:08,9760.52,6248.67
2022-07-25 07:06:07,9160.08,6849.11
2022-07-25 07:06:06,9158.96,6850.23
2022-07-25 07:06:05,9160.7,6848.49
2022-07-25 07:06:04,9163.63,6845.56
2022-07-25 07:06:03,9161.32,6847.86
2022-07-25 07:06:02,9164.79,6844.4
2022-07-25 07:06:01,9164.19,6844.99
2022-07-25 07:06:00,9167.48,6841.71
2022-07-25 07:05:59,9168.76,6840.43
2022-07-25 07:05:58,9168.58,6840.61
2022-07-25 07:05:57,9168.46,6840.73
2022-07-25 07:05:56,9173.14,6836.05
2022-07-25 07:05:55,9186.81,6822.38
2022-07-25 07:05:54,9187.39,6821.8
2022-07-25 07:05:53,9188.59,6820.6
2022-07-25 07:05:52,9190.21,6818.97
2022-07-25 07:05:51,9208.33,6800.86
2022-07-25 07:05:50,9211.72,6797.47
2022-07-25 07:05:49,9210.86,6798.33
2022-07-25 07:05:48,9233.11,6776.08
2022-07-25 07:05:47,9252.58,6756.61
2022-07-25 07:05:46,9253.63,6755.56
2022-07-25 07:05:45,9264.28,6744.91
2022-07-25 07:05:44,9284.23,6724.95
2022-07-25 07:05:43,9282.97,6726.22
2022-07-25 07:05:42,9305.22,6703.97
2022-07-25 07:05:41,9317.33,6691.86
2022-07-25 07:05:40,9323.37,6685.82
2022-07-25 07:05:39,9323.77,6685.42
2022-07-25 07:05:38,9353.61,6655.58
2022-07-25 07:05:37,9355.59,6653.6
2022-07-25 07:05:36,9468.32,6540.87
2022-07-25 07:05:35,9486.3,6522.88
2022-07-25 07:05:34,9845.81,6163.38
2022-07-25 07:05:33,10207.6,5801.59
2022-07-25 07:05:32,10334.7,5674.5
2022-07-25 07:05:31,10541.3,5467.84
2022-07-25 07:05:30,10699.8,5309.41
2022-07-25 07:05:29,10866.4,5142.82
2022-07-25 07:05:28,10955.6,5053.58
2022-07-25 07:05:27,11100.1,4909.05
2022-07-25 07:05:26,11531,4478.19
2022-07-25 07:05:25,10565.6,5443.6
2022-07-25 07:05:24,10038.8,5970.39
2022-07-25 07:05:23,9445.95,6563.24
2022-07-25 07:05:22,9501.38,6507.81
2022-07-25 07:05:21,9541.89,6467.3
2022-07-25 07:05:20,8922.75,7086.44
2022-07-25 07:05:19,8922.18,7087.01
2022-07-25 07:05:18,8923.7,7085.49
2022-07-25 07:05:17,8922.87,7086.32
2022-07-25 07:05:16,8924.32,7084.87
2022-07-25 07:05:15,8924.25,7084.94
2022-07-25 07:05:14,8923.27,7085.92
2022-07-25 07:05:13,8924.34,7084.84
2022-07-25 07:05:12,8922.41,7086.78
2022-07-25 07:05:11,8924.46,7084.72
2022-07-25 07:05:10,8925.4,7083.79
2022-07-25 07:05:09,8924.82,7084.37
2022-07-25 07:05:08,8924.68,7084.51
2022-07-25 07:05:07,8924.65,7084.54
2022-07-25 07:05:06,8927.69,7081.5
2022-07-25 07:05:05,8933.45,7075.73
2022-07-25 07:05:04,8934.13,7075.06
2022-07-25 07:05:03,8934.55,7074.64
2022-07-25 07:05:02,8933.37,7075.81
2022-07-25 07:05:01,8956.59,7052.6
2022-07-25 07:05:00,8954.81,7054.38
2022-07-25 07:04:59,8955.88,7053.3
2022-07-25 07:04:58,8979.98,7029.21
2022-07-25 07:04:57,8979.39,7029.79
2022-07-25 07:04:56,8978.09,7031.1
2022-07-25 07:04:55,8994.53,7014.66
2022-07-25 07:04:54,8995.71,7013.48
2022-07-25 07:04:53,9016.66,6992.53
2022-07-25 07:04:52,9024.26,6984.93
2022-07-25 07:04:51,9026.69,6982.5
2022-07-25 07:04:50,9091.43,6917.75
2022-07-25 07:04:49,9142.11,6867.07
2022-07-25 07:04:48,9310.06,6699.13
2022-07-25 07:04:47,9696.59,6312.6
2022-07-25 07:04:46,9817.08,6192.11
2022-07-25 07:04:45,10223.6,5785.54
2022-07-25 07:04:44,10486.7,5522.46
2022-07-25 07:04:43,10729.7,5279.48
2022-07-25 07:04:42,11049.3,4959.86
2022-07-25 07:04:41,11295.4,4713.77
2022-07-25 07:04:40,11473.7,4535.52
2022-07-25 07:04:39,11136.8,4872.37
2022-07-25 07:04:38,10733.2,5275.95
2022-07-25 07:04:37,10830.4,5178.81
2022-07-25 07:04:36,9639.41,6369.78
2022-07-25 07:04:35,9044.5,6964.68
2022-07-25 07:04:34,9046.09,6963.1
2022-07-25 07:04:33,9045.7,6963.48
2022-07-25 07:04:32,9046.51,6962.68
2022-07-25 07:04:31,9047.18,6962.01
2022-07-25 07:04:30,9047.1,6962.09
2022-07-25 07:04:29,9049.18,6960.01
2022-07-25 07:04:28,9048.3,6960.89
2022-07-25 07:04:27,9049.52,6959.67
2022-07-25 07:04:26,9049.85,6959.34
2022-07-25 07:04:25,9053.18,6956.01
2022-07-25 07:04:24,9054.89,6954.3
2022-07-25 07:04:23,9056.48,6952.7
2022-07-25 07:04:22,9055.61,6953.57
2022-07-25 07:04:21,9055.35,6953.84
2022-07-25 07:04:20,9056.91,6952.28
2022-07-25 07:04:19,9059.14,6950.04
2022-07-25 07:04:18,9060.21,6948.98
2022-07-25 07:04:17,9062.36,6946.83
2022-07-25 07:04:16,9081.68,6927.51
2022-07-25 07:04:15,9082.03,6927.15
2022-07-25 07:04:14,9092.54,6916.65
2022-07-25 07:04:13,9113.37,6895.82
2022-07-25 07:04:12,9113.42,6895.77
2022-07-25 07:04:11,9143.28,6865.91
2022-07-25 07:04:10,9163.35,6845.84
2022-07-25 07:04:09,9164.62,6844.57
2022-07-25 07:04:08,9188.54,6820.64
2022-07-25 07:04:07,9206.41,6802.78
2022-07-25 07:04:06,9209.23,6799.96
2022-07-25 07:04:05,9264.02,6745.17
2022-07-25 07:04:04,9268.11,6741.08
2022-07-25 07:04:03,9322.48,6686.71
2022-07-25 07:04:02,9391.71,6617.47
2022-07-25 07:04:01,9689.82,6319.37
2022-07-25 07:04:00,9853.55,6155.63
2022-07-25 07:03:59,10083.2,5925.96
2022-07-25 07:03:58,10546.1,5463.09
2022-07-25 07:03:57,10683.4,5325.79
2022-07-25 07:03:56,11069.8,4939.4
2022-07-25 07:03:55,11259.6,4749.63
2022-07-25 07:03:54,11428.2,4580.99
2022-07-25 07:03:53,11604.5,4404.73
2022-07-25 07:03:52,11569,4440.14
2022-07-25 07:03:51,10835,5174.17
2022-07-25 07:03:50,9669.31,6339.88
2022-07-25 07:03:49,9048.22,6960.97
2022-07-25 07:03:48,9049.83,6959.36
2022-07-25 07:03:47,9050.66,6958.52
2022-07-25 07:03:46,9051.71,6957.48
2022-07-25 07:03:45,9053.21,6955.98
2022-07-25 07:03:44,9051.21,6957.98
2022-07-25 07:03:43,9057.28,6951.9
2022-07-25 07:03:42,9058.69,6950.49
2022-07-25 07:03:41,9057.43,6951.75
2022-07-25 07:03:40,9061.65,6947.54
2022-07-25 07:03:39,9060.41,6948.78
2022-07-25 07:03:38,9061.93,6947.26
2022-07-25 07:03:37,9063.75,6945.44
2022-07-25 07:03:36,9064.85,6944.34
2022-07-25 07:03:35,9063.98,6945.21
2022-07-25 07:03:34,9064.63,6944.55
2022-07-25 07:03:33,9066.02,6943.17
2022-07-25 07:03:32,9068.75,6940.44
2022-07-25 07:03:31,9068.92,6940.27
2022-07-25 07:03:30,9069.69,6939.5
2022-07-25 07:03:29,9091.04,6918.15
2022-07-25 07:03:28,9091.69,6917.5
2022-07-25 07:03:27,9109.07,6900.12
2022-07-25 07:03:26,9114.81,6894.38
2022-07-25 07:03:25,9129.66,6879.53
2022-07-25 07:03:24,9131.98,6877.21
2022-07-25 07:03:23,9157.77,6851.41
2022-07-25 07:03:22,9177.67,6831.52
2022-07-25 07:03:21,9165.97,6843.22
2022-07-25 07:03:20,9229.24,6779.95
2022-07-25 07:03:19,9232.89,6776.29
2022-07-25 07:03:18,9263.51,6745.68
2022-07-25 07:03:17,9311.68,6697.51
2022-07-25 07:03:16,9413.58,6595.61
2022-07-25 07:03:15,9663.25,6345.93
2022-07-25 07:03:14,9844.18,6165
2022-07-25 07:03:13,10176.4,5832.77
2022-07-25 07:03:12,10536.1,5473.13
2022-07-25 07:03:11,10732,5277.2
2022-07-25 07:03:10,10987.1,5022.05
2022-07-25 07:03:09,11289.5,4719.68
2022-07-25 07:03:08,11482.5,4526.7
2022-07-25 07:03:07,10986.2,5023.03
2022-07-25 07:03:06,10514.9,5494.27
2022-07-25 07:03:05,10611.2,5397.94
2022-07-25 07:03:04,9656.23,6352.96
2022-07-25 07:03:03,9156.47,6852.71
2022-07-25 07:03:02,9157.61,6851.57
2022-07-25 07:03:01,9162.2,6846.98
2022-07-25 07:03:00,9162.12,6847.07
2022-07-25 07:02:59,9162.71,6846.48
2022-07-25 07:02:58,9170.11,6839.07
2022-07-25 07:02:57,9169.27,6839.92
2022-07-25 07:02:56,9171.64,6837.55
2022-07-25 07:02:55,9170.82,6838.36
2022-07-25 07:02:54,9176.39,6832.79
2022-07-25 07:02:53,9179.98,6829.21
2022-07-25 07:02:52,9182.68,6826.51
2022-07-25 07:02:51,9188.31,6820.88
2022-07-25 07:02:50,9187.27,6821.91
2022-07-25 07:02:49,9190.2,6818.98
2022-07-25 07:02:48,9198.21,6810.98
2022-07-25 07:02:47,9199.39,6809.79
2022-07-25 07:02:46,9200.61,6808.58
2022-07-25 07:02:45,9209.39,6799.79
2022-07-25 07:02:44,9212.48,6796.71
2022-07-25 07:02:43,9214.63,6794.55
2022-07-25 07:02:42,9225.74,6783.45
2022-07-25 07:02:41,9248.06,6761.13
2022-07-25 07:02:40,9251.16,6758.03
2022-07-25 07:02:39,9262.07,6747.12
2022-07-25 07:02:38,9274.13,6735.06
2022-07-25 07:02:37,9307.28,6701.91
2022-07-25 07:02:36,9312.24,6696.95
2022-07-25 07:02:35,9310.93,6698.25
2022-07-25 07:02:34,9368.74,6640.45
2022-07-25 07:02:33,9368.27,6640.92
2022-07-25 07:02:32,9432.41,6576.78
2022-07-25 07:02:31,9519.86,6489.33
2022-07-25 07:02:30,9671.9,6337.29
2022-07-25 07:02:29,9918.95,6090.24
2022-07-25 07:02:28,10332.8,5676.39
2022-07-25 07:02:27,10553.4,5455.81
2022-07-25 07:02:26,10772,5237.14
2022-07-25 07:02:25,10936.8,5072.42
2022-07-25 07:02:24,11083.5,4925.73
2022-07-25 07:02:23,11286.8,4722.37
2022-07-25 07:02:22,11462.1,4547.13
2022-07-25 07:02:21,11576.6,4432.56
2022-07-25 07:02:20,11118.1,4891.14
2022-07-25 07:02:19,9973.6,6035.59
2022-07-25 07:02:18,9531.89,6477.3
2022-07-25 07:02:17,9546.88,6462.31
2022-07-25 07:02:16,9029.17,6980.02
2022-07-25 07:02:15,9033.61,6975.57
2022-07-25 07:02:14,9032.2,6976.99
2022-07-25 07:02:13,9031.5,6977.69
2022-07-25 07:02:12,9033.15,6976.03
2022-07-25 07:02:11,9039.82,6969.37
2022-07-25 07:02:10,9040.09,6969.09
2022-07-25 07:02:09,9040.36,6968.83
2022-07-25 07:02:08,9041.73,6967.46
2022-07-25 07:02:07,9049,6960.19
2022-07-25 07:02:06,9048.05,6961.14
2022-07-25 07:02:05,9049.45,6959.73
2022-07-25 07:02:04,9056.88,6952.31
2022-07-25 07:02:03,9059.58,6949.61
2022-07-25 07:02:02,9060.76,6948.43
2022-07-25 07:02:01,9069.6,6939.59
2022-07-25 07:02:00,9067.31,6941.88
2022-07-25 07:01:59,9068.37,6940.82
2022-07-25 07:01:58,9071.22,6937.97
2022-07-25 07:01:57,9078.96,6930.23
2022-07-25 07:01:56,9079.7,6929.49
2022-07-25 07:01:55,9092.34,6916.84
2022-07-25 07:01:54,9091.53,6917.66
2022-07-25 07:01:53,9091.55,6917.64
2022-07-25 07:01:52,9102.56,6906.62
2022-07-25 07:01:51,9104.84,6904.35
2022-07-25 07:01:50,9118.26,6890.93
2022-07-25 07:01:49,9121.27,6887.92
2022-07-25 07:01:48,9149.57,6859.62
2022-07-25 07:01:47,9151.31,6857.87
2022-07-25 07:01:46,9207.54,6801.65
2022-07-25 07:01:45,9312.17,6697.02
2022-07-25 07:01:44,9512.98,6496.21
2022-07-25 07:01:43,9698.37,6310.82
2022-07-25 07:01:42,10269.4,5739.82
2022-07-25 07:01:41,10468.3,5540.91
2022-07-25 07:01:40,10689.5,5319.71
2022-07-25 07:01:39,10913.5,5095.65
2022-07-25 07:01:38,11065.3,4943.85
2022-07-25 07:01:37,11274.3,4734.93
2022-07-25 07:01:36,11473.2,4536.02
2022-07-25 07:01:35,11614.3,4394.89
2022-07-25 07:01:34,11135.4,4873.75
2022-07-25 07:01:33,10200.6,5808.63
2022-07-25 07:01:32,9737.3,6271.88
2022-07-25 07:01:31,9760.68,6248.5
2022-07-25 07:01:30,9143.59,6865.6
2022-07-25 07:01:29,9149.32,6859.86
2022-07-25 07:01:28,9149.51,6859.68
2022-07-25 07:01:27,9150.26,6858.93
2022-07-25 07:01:26,9155.02,6854.16
2022-07-25 07:01:25,9154.07,6855.12
2022-07-25 07:01:24,9156.62,6852.57
2022-07-25 07:01:23,9162.48,6846.71
2022-07-25 07:01:22,9164.63,6844.55
2022-07-25 07:01:21,9166.2,6842.99
2022-07-25 07:01:20,9165.94,6843.25
2022-07-25 07:01:19,9172.84,6836.35
2022-07-25 07:01:18,9174.11,6835.08
2022-07-25 07:01:17,9175.29,6833.89
2022-07-25 07:01:16,9182.83,6826.36
2022-07-25 07:01:15,9183.54,6825.65
2022-07-25 07:01:14,9183.36,6825.83
2022-07-25 07:01:13,9190.31,6818.88
2022-07-25 07:01:12,9190.41,6818.78
2022-07-25 07:01:11,9188.36,6820.83
2022-07-25 07:01:10,9190.18,6819
2022-07-25 07:01:09,9198.68,6810.51
2022-07-25 07:01:08,9209.54,6799.64
2022-07-25 07:01:07,9210.16,6799.02
2022-07-25 07:01:06,9211.83,6797.36
2022-07-25 07:01:05,9249.63,6759.56
2022-07-25 07:01:04,9253.53,6755.66
2022-07-25 07:01:03,9286.71,6722.47
2022-07-25 07:01:02,9325.17,6684.02
2022-07-25 07:01:01,9317.68,6691.5
2022-07-25 07:01:00,9416.08,6593.11
2022-07-25 07:00:59,9478.86,6530.33
2022-07-25 07:00:58,9868.05,6141.14
2022-07-25 07:00:57,10077.7,5931.47
2022-07-25 07:00:56,10181.9,5827.27
2022-07-25 07:00:55,10420.1,5589.07
2022-07-25 07:00:54,10560.2,5448.99
2022-07-25 07:00:53,10782.7,5226.48
2022-07-25 07:00:52,10940,5069.18
2022-07-25 07:00:51,11266.1,4743.13
2022-07-25 07:00:50,11484.6,4524.56
2022-07-25 07:00:49,10595.7,5413.47
2022-07-25 07:00:48,10472.7,5536.44
2022-07-25 07:00:47,10249.5,5759.68
2022-07-25 07:00:46,10329.6,5679.59
2022-07-25 07:00:45,9702.01,6307.18
2022-07-25 07:00:44,9328.84,6680.34
2022-07-25 07:00:43,9329.72,6679.47
2022-07-25 07:00:42,9331.46,6677.72
2022-07-25 07:00:41,9332.89,6676.3
2022-07-25 07:00:40,9335.31,6673.88
2022-07-25 07:00:39,9338.16,6671.03
2022-07-25 07:00:38,9339.28,6669.91
2022-07-25 07:00:37,9345.78,6663.41
2022-07-25 07:00:36,9348.84,6660.34
2022-07-25 07:00:35,9353.18,6656.01
2022-07-25 07:00:34,9355.3,6653.89
2022-07-25 07:00:33,9358.84,6650.35
2022-07-25 07:00:32,9361.76,6647.43
2022-07-25 07:00:31,9363.11,6646.08
2022-07-25 07:00:30,9366.39,6642.8
2022-07-25 07:00:29,9368.88,6640.3
2022-07-25 07:00:28,9370.48,6638.71
2022-07-25 07:00:27,9371.35,6637.84
2022-07-25 07:00:26,9378.04,6631.15
2022-07-25 07:00:25,9379.13,6630.06
2022-07-25 07:00:24,9390.33,6618.86
2022-07-25 07:00:23,9400.12,6609.07
2022-07-25 07:00:22,9438.62,6570.57
2022-07-25 07:00:21,9450.32,6558.87
2022-07-25 07:00:20,9487.01,6522.18
2022-07-25 07:00:19,9527.61,6481.58
2022-07-25 07:00:18,9543.39,6465.8
2022-07-25 07:00:17,9579.59,6429.6
2022-07-25 07:00:16,9656.92,6352.27
2022-07-25 07:00:15,9682.36,6326.82
2022-07-25 07:00:14,9734.79,6274.4
2022-07-25 07:00:13,9846.05,6163.13
2022-07-25 07:00:12,10070.7,5938.53
2022-07-25 07:00:11,10281.1,5728.08
2022-07-25 07:00:10,10482.3,5526.89
2022-07-25 07:00:09,10599.7,5409.47
2022-07-25 07:00:08,10758.9,5250.29
2022-07-25 07:00:07,10840.5,5168.66
2022-07-25 07:00:06,10968,5041.16
2022-07-25 07:00:05,11348.2,4661.03
2022-07-25 07:00:04,11033,4976.14
2022-07-25 07:00:03,10624.2,5384.99
2022-07-25 07:00:02,10508.8,5500.44
2022-07-25 07:00:01,10145.8,5863.35
2022-07-25 07:00:00,10236.2,5773.01
2022-07-25 06:59:59,10285.5,5723.73
2022-07-25 06:59:58,9146.35,6862.84
2022-07-25 06:59:57,9145.23,6863.96
2022-07-25 06:59:56,9147.07,6862.12
2022-07-25 06:59:55,9148.68,6860.51
2022-07-25 06:59:54,9148.66,6860.53
2022-07-25 06:59:53,9152.85,6856.34
2022-07-25 06:59:52,9157.51,6851.68
2022-07-25 06:59:51,9158.75,6850.44
2022-07-25 06:59:50,9160.16,6849.03
2022-07-25 06:59:49,9161.89,6847.29
2022-07-25 06:59:48,9167.67,6841.52
2022-07-25 06:59:47,9167.87,6841.32
2022-07-25 06:59:46,9170.19,6839
2022-07-25 06:59:45,9178.55,6830.64
2022-07-25 06:59:44,9178.48,6830.7
2022-07-25 06:59:43,9179.48,6829.7
2022-07-25 06:59:42,9192.14,6817.05
2022-07-25 06:59:41,9192.38,6816.8
2022-07-25 06:59:40,9192.86,6816.33
2022-07-25 06:59:39,9231.73,6777.45
2022-07-25 06:59:38,9232.38,6776.8
2022-07-25 06:59:37,9234.32,6774.86
2022-07-25 06:59:36,9256.91,6752.27
2022-07-25 06:59:35,9296.88,6712.31
2022-07-25 06:59:34,9297.13,6712.05
2022-07-25 06:59:33,9333.29,6675.89
2022-07-25 06:59:32,9373.24,6635.95
2022-07-25 06:59:31,9374.74,6634.45
2022-07-25 06:59:30,9409.53,6599.66
2022-07-25 06:59:29,9461.43,6547.75
2022-07-25 06:59:28,9468.36,6540.82
2022-07-25 06:59:27,9593.48,6415.71
2022-07-25 06:59:26,9773.07,6236.12
2022-07-25 06:59:25,9948.39,6060.79
2022-07-25 06:59:24,10372.5,5636.71
2022-07-25 06:59:23,10462.2,5546.97
2022-07-25 06:59:22,10574.4,5434.77
2022-07-25 06:59:21,10835.4,5173.75
2022-07-25 06:59:20,11092,4917.19
2022-07-25 06:59:19,11367.2,4641.98
2022-07-25 06:59:18,11548.1,4461.09
2022-07-25 06:59:17,10528.8,5480.39
2022-07-25 06:59:16,10611.9,5397.32
2022-07-25 06:59:15,10203.6,5805.61
2022-07-25 06:59:14,9645.1,6364.09
2022-07-25 06:59:13,9031.92,6977.27
2022-07-25 06:59:12,9035.65,6973.54
2022-07-25 06:59:11,9036.96,6972.23
2022-07-25 06:59:10,9037.38,6971.81
2022-07-25 06:59:09,9035.45,6973.74
2022-07-25 06:59:08,9037.25,6971.94
2022-07-25 06:59:07,9040.18,6969.01
2022-07-25 06:59:06,9038.28,6970.91
2022-07-25 06:59:05,9039.56,6969.63
2022-07-25 06:59:04,9042.31,6966.88
2022-07-25 06:59:03,9043.26,6965.93
2022-07-25 06:59:02,9045.12,6964.07
2022-07-25 06:59:01,9047.89,6961.3
2022-07-25 06:59:00,9055.41,6953.78
2022-07-25 06:58:59,9056.23,6952.96
2022-07-25 06:58:58,9057.05,6952.14
2022-07-25 06:58:57,9072.22,6936.97
2022-07-25 06:58:56,9072.78,6936.41
2022-07-25 06:58:55,9083.56,6925.63
2022-07-25 06:58:54,9084.71,6924.47
2022-07-25 06:58:53,9098.31,6910.88
2022-07-25 06:58:52,9100.04,6909.15
2022-07-25 06:58:51,9121.5,6887.69
2022-07-25 06:58:50,9138.04,6871.15
2022-07-25 06:58:49,9139.93,6869.25
2022-07-25 06:58:48,9170.43,6838.76
2022-07-25 06:58:47,9180.91,6828.28
2022-07-25 06:58:46,9180.58,6828.61
2022-07-25 06:58:45,9231.02,6778.17
2022-07-25 06:58:44,9230.54,6778.65
2022-07-25 06:58:43,9267.26,6741.93
2022-07-25 06:58:42,9315.02,6694.17
2022-07-25 06:58:41,9488.18,6521.01
2022-07-25 06:58:40,9538.93,6470.26
2022-07-25 06:58:39,9830.14,6179.04
2022-07-25 06:58:38,9961.09,6048.1
2022-07-25 06:58:37,10305.3,5703.89
2022-07-25 06:58:36,10404.1,5605.08
2022-07-25 06:58:35,10504.2,5504.95
2022-07-25 06:58:34,10735.1,5274.1
2022-07-25 06:58:33,10780.9,5228.3
2022-07-25 06:58:32,10999.9,5009.24
2022-07-25 06:58:31,11113.9,4895.33
2022-07-25 06:58:30,10702,5307.18
2022-07-25 06:58:29,10297.2,5712.03
2022-07-25 06:58:28,10396.1,5613.11
2022-07-25 06:58:27,9777.87,6231.32
2022-07-25 06:58:26,9263.5,6745.68
2022-07-25 06:58:25,9269.12,6740.07
2022-07-25 06:58:24,9269.2,6739.99
2022-07-25 06:58:23,9271.41,6737.78
2022-07-25 06:58:22,9273.77,6735.42
2022-07-25 06:58:21,9276,6733.19
2022-07-25 06:58:20,9275.33,6733.86
2022-07-25 06:58:19,9276.06,6733.12
2022-07-25 06:58:18,9280.26,6728.93
2022-07-25 06:58:17,9283.45,6725.74
2022-07-25 06:58:16,9285.05,6724.14
2022-07-25 06:58:15,9285.27,6723.91
2022-07-25 06:58:14,9289.63,6719.56
2022-07-25 06:58:13,9292.58,6716.61
2022-07-25 06:58:12,9292.94,6716.25
2022-07-25 06:58:11,9297.83,6711.36
2022-07-25 06:58:10,9298.58,6710.61
2022-07-25 06:58:09,9300.63,6708.55
2022-07-25 06:58:08,9308.4,6700.79
2022-07-25 06:58:07,9314.81,6694.37
2022-07-25 06:58:06,9316.21,6692.98
2022-07-25 06:58:05,9317.37,6691.82
2022-07-25 06:58:04,9376.27,6632.92
2022-07-25 06:58:03,9376.81,6632.37
2022-07-25 06:58:02,9378.97,6630.22
2022-07-25 06:58:01,9439.91,6569.28
2022-07-25 06:58:00,9473.39,6535.79
2022-07-25 06:57:59,9474.92,6534.27
2022-07-25 06:57:58,9534.71,6474.48
2022-07-25 06:57:57,9583.84,6425.34
2022-07-25 06:57:56,9599.49,6409.7
2022-07-25 06:57:55,9669.07,6340.12
2022-07-25 06:57:54,9728.62,6280.57
2022-07-25 06:57:53,9946.81,6062.37
2022-07-25 06:57:52,10140.1,5869.12
2022-07-25 06:57:51,10263.2,5745.98
2022-07-25 06:57:50,10475.6,5533.57
2022-07-25 06:57:49,10544.5,5464.68
2022-07-25 06:57:48,10817.4,5191.82
2022-07-25 06:57:47,11067,4942.2
2022-07-25 06:57:46,11207.6,4801.59
2022-07-25 06:57:45,11360.3,4648.88
2022-07-25 06:57:44,10514.2,5495
2022-07-25 06:57:43,10596.9,5412.3
2022-07-25 06:57:42,10145.6,5863.61
2022-07-25 06:57:41,9617.02,6392.17
2022-07-25 06:57:40,9669.57,6339.62
2022-07-25 06:57:39,9687.59,6321.6
2022-07-25 06:57:38,9064.64,6944.55
2022-07-25 06:57:37,9063.98,6945.2
2022-07-25 06:57:36,9066.12,6943.07
2022-07-25 06:57:35,9065.04,6944.15
2022-07-25 06:57:34,9065.8,6943.38
2022-07-25 06:57:33,9065.77,6943.42
2022-07-25 06:57:32,9069.23,6939.96
2022-07-25 06:57:31,9069.09,6940.09
2022-07-25 06:57:30,9070.23,6938.96
2022-07-25 06:57:29,9072.51,6936.68
2022-07-25 06:57:28,9073.77,6935.42
2022-07-25 06:57:27,9074.92,6934.27
2022-07-25 06:57:26,9076.09,6933.09
2022-07-25 06:57:25,9078.13,6931.05
2022-07-25 06:57:24,9078.69,6930.5
2022-07-25 06:57:23,9079.78,6929.41
2022-07-25 06:57:22,9078.5,6930.69
2022-07-25 06:57:21,9080.82,6928.37
2022-07-25 06:57:20,9079.94,6929.25
2022-07-25 06:57:19,9080.47,6928.71
2022-07-25 06:57:18,9081.41,6927.78
2022-07-25 06:57:17,9082.15,6927.04
2022-07-25 06:57:16,9090.18,6919.01
2022-07-25 06:57:15,9109.53,6899.66
2022-07-25 06:57:14,9109.86,6899.33
2022-07-25 06:57:13,9137.15,6872.04
2022-07-25 06:57:12,9162.18,6847
2022-07-25 06:57:11,9148.5,6860.69
2022-07-25 06:57:10,9188.05,6821.14
2022-07-25 06:57:09,9224.75,6784.44
2022-07-25 06:57:08,9229.4,6779.79
2022-07-25 06:57:07,9356.4,6652.78
2022-07-25 06:57:06,9386.26,6622.93
2022-07-25 06:57:05,9492.37,6516.82
2022-07-25 06:57:04,9919.51,6089.68
2022-07-25 06:57:03,10180.7,5828.5
2022-07-25 06:57:02,10529.1,5480.04
2022-07-25 06:57:01,10691.4,5317.81
2022-07-25 06:57:00,10835.9,5173.24
2022-07-25 06:56:59,10944.2,5065
2022-07-25 06:56:58,11078.2,4931.01
2022-07-25 06:56:57,11501.2,4507.98
2022-07-25 06:56:56,11205,4804.23
2022-07-25 06:56:55,10248.7,5760.45
2022-07-25 06:56:54,9677.47,6331.71
2022-07-25 06:56:53,9734.75,6274.44
2022-07-25 06:56:52,9756.9,6252.29
2022-07-25 06:56:51,9137.07,6872.12
2022-07-25 06:56:50,9139.34,6869.85
2022-07-25 06:56:49,9137.9,6871.29
2022-07-25 06:56:48,9141.11,6868.08
2022-07-25 06:56:47,9142.83,6866.36
2022-07-25 06:56:46,9144,6865.18
2022-07-25 06:56:45,9144.81,6864.38
2022-07-25 06:56:44,9146.78,6862.41
2022-07-25 06:56:43,9146.77,6862.41
2022-07-25 06:56:42,9148.72,6860.47
2022-07-25 06:56:41,9150.23,6858.96
2022-07-25 06:56:40,9151.19,6857.99
2022-07-25 06:56:39,9154.32,6854.86
2022-07-25 06:56:38,9154.24,6854.95
2022-07-25 06:56:37,9161.04,6848.15
2022-07-25 06:56:36,9161.16,6848.03
2022-07-25 06:56:35,9162.56,6846.63
2022-07-25 06:56:34,9163.38,6845.8
2022-07-25 06:56:33,9178.33,6830.86
2022-07-25 06:56:32,9178.38,6830.8
2022-07-25 06:56:31,9178.71,6830.48
2022-07-25 06:56:30,9207.08,6802.11
2022-07-25 06:56:29,9206.86,6802.33
2022-07-25 06:56:28,9202.26,6806.93
2022-07-25 06:56:27,9242.48,6766.71
2022-07-25 06:56:26,9244.53,6764.66
2022-07-25 06:56:25,9247.37,6761.82
2022-07-25 06:56:24,9289.64,6719.55
2022-07-25 06:56:23,9286.2,6722.99
2022-07-25 06:56:22,9269.45,6739.73
2022-07-25 06:56:21,9314.51,6694.68
2022-07-25 06:56:20,9337.25,6671.93
2022-07-25 06:56:19,9418.97,6590.21
2022-07-25 06:56:18,9501.98,6507.21
2022-07-25 06:56:17,9666.39,6342.8
2022-07-25 06:56:16,9952.17,6057.02
2022-07-25 06:56:15,10034.3,5974.85
2022-07-25 06:56:14,10534.1,5475.05
2022-07-25 06:56:13,10712.5,5296.72
2022-07-25 06:56:12,10828.1,5181.09
2022-07-25 06:56:11,11221.8,4787.42
2022-07-25 06:56:10,11345.7,4663.44
2022-07-25 06:56:09,11540.8,4468.42
2022-07-25 06:56:08,11714.8,4294.36
2022-07-25 06:56:07,10810.6,5198.62
2022-07-25 06:56:06,9740.71,6268.48
2022-07-25 06:56:05,9228.39,6780.79
2022-07-25 06:56:04,9228.97,6780.22
2022-07-25 06:56:03,9230.45,6778.74
2022-07-25 06:56:02,9232.61,6776.57
2022-07-25 06:56:01,9235.08,6774.11
2022-07-25 06:56:00,9236.5,6772.69
2022-07-25 06:55:59,9237.15,6772.04
2022-07-25 06:55:58,9240.12,6769.07
2022-07-25 06:55:57,9241.72,6767.47
2022-07-25 06:55:56,9242.16,6767.02
2022-07-25 06:55:55,9252.33,6756.86
2022-07-25 06:55:54,9253.84,6755.34
2022-07-25 06:55:53,9256.61,6752.57
2022-07-25 06:55:52,9259.3,6749.89
2022-07-25 06:55:51,9275.11,6734.07
2022-07-25 06:55:50,9278.16,6731.03
2022-07-25 06:55:49,9280.77,6728.42
2022-07-25 06:55:48,9294.63,6714.56
2022-07-25 06:55:47,9295.87,6713.32
2022-07-25 06:55:46,9297.36,6711.83
2022-07-25 06:55:45,9310.5,6698.68
2022-07-25 06:55:44,9311.24,6697.95
2022-07-25 06:55:43,9312.5,6696.69
2022-07-25 06:55:42,9341.63,6667.55
2022-07-25 06:55:41,9343.41,6665.77
2022-07-25 06:55:40,9341.17,6668.02
2022-07-25 06:55:39,9379.54,6629.64
2022-07-25 06:55:38,9380.85,6628.34
2022-07-25 06:55:37,9403.71,6605.48
2022-07-25 06:55:36,9443.5,6565.68
2022-07-25 06:55:35,9447.45,6561.74
2022-07-25 06:55:34,9486.41,6522.78
2022-07-25 06:55:33,9576,6433.19
2022-07-25 06:55:32,9587.22,6421.96
2022-07-25 06:55:31,9682.07,6327.12
2022-07-25 06:55:30,9740.88,6268.31
2022-07-25 06:55:29,9964.86,6044.33
2022-07-25 06:55:28,10165,5844.23
2022-07-25 06:55:27,10458.4,5550.82
2022-07-25 06:55:26,10634,5375.19
2022-07-25 06:55:25,10895.9,5113.26
2022-07-25 06:55:24,11130.5,4878.65
2022-07-25 06:55:23,11304.6,4704.57
2022-07-25 06:55:22,11458.9,4550.32
2022-07-25 06:55:21,11587.3,4421.88
2022-07-25 06:55:20,11229,4780.21
2022-07-25 06:55:19,10312.5,5696.64
2022-07-25 06:55:18,9829.54,6179.64
2022-07-25 06:55:17,9318.06,6691.13
2022-07-25 06:55:16,9322.04,6687.14
2022-07-25 06:55:15,9324.22,6684.97
2022-07-25 06:55:14,9323.82,6685.37
2022-07-25 06:55:13,9328.06,6681.13
2022-07-25 06:55:12,9330.77,6678.41
2022-07-25 06:55:11,9333.37,6675.81
2022-07-25 06:55:10,9339.17,6670.02
2022-07-25 06:55:09,9337.8,6671.38
2022-07-25 06:55:08,9337.44,6671.74
2022-07-25 06:55:07,9339.36,6669.83
2022-07-25 06:55:06,9347.39,6661.8
2022-07-25 06:55:05,9347.5,6661.68
2022-07-25 06:55:04,9352.33,6656.86
2022-07-25 06:55:03,9323.83,6685.36
2022-07-25 06:55:02,9332.28,6676.91
2022-07-25 06:55:01,9336.99,6672.2
2022-07-25 06:55:00,9364.68,6644.5
2022-07-25 06:54:59,9373.34,6635.84
2022-07-25 06:54:58,9396.57,6612.61
2022-07-25 06:54:57,9401.71,6607.48
2022-07-25 06:54:56,9401.63,6607.55
2022-07-25 06:54:55,9416.48,6592.71
2022-07-25 06:54:54,9422.47,6586.71
2022-07-25 06:54:53,9430.24,6578.95
2022-07-25 06:54:52,9445.61,6563.57
2022-07-25 06:54:51,9446.16,6563.02
2022-07-25 06:54:50,9474.1,6535.09
2022-07-25 06:54:49,9492.96,6516.23
2022-07-25 06:54:48,9538.43,6470.76
2022-07-25 06:54:47,9571.42,6437.77
2022-07-25 06:54:46,9587.65,6421.54
2022-07-25 06:54:45,9650.52,6358.67
2022-07-25 06:54:44,9722.16,6287.02
2022-07-25 06:54:43,9715.4,6293.78
2022-07-25 06:54:42,9885.34,6123.85
2022-07-25 06:54:41,9927.78,6081.41
2022-07-25 06:54:40,10040.6,5968.57
2022-07-25 06:54:39,10384.3,5624.91
2022-07-25 06:54:38,10766.4,5242.8
2022-07-25 06:54:37,10854.8,5154.34
2022-07-25 06:54:36,10968.9,5040.28
2022-07-25 06:54:35,11081,4928.16
2022-07-25 06:54:34,11214.6,4794.59
2022-07-25 06:54:33,11353.3,4655.87
2022-07-25 06:54:32,11677.4,4331.77
2022-07-25 06:54:31,10129.6,5879.58
2022-07-25 06:54:30,9528.65,6480.54
2022-07-25 06:54:29,9577.39,6431.8
2022-07-25 06:54:28,9631.57,6377.61
2022-07-25 06:54:27,9640.33,6368.86
2022-07-25 06:54:26,9123.88,6885.3
2022-07-25 06:54:25,9124.39,6884.8
2022-07-25 06:54:24,9124.63,6884.55
2022-07-25 06:54:23,9124.88,6884.31
2022-07-25 06:54:22,9125.77,6883.41
2022-07-25 06:54:21,9128.27,6880.92
2022-07-25 06:54:20,9130.6,6878.59
2022-07-25 06:54:19,9129.91,6879.28
2022-07-25 06:54:18,9131.35,6877.84
2022-07-25 06:54:17,9134.31,6874.88
2022-07-25 06:54:16,9134.57,6874.61
2022-07-25 06:54:15,9136.78,6872.41
2022-07-25 06:54:14,9138.98,6870.2
2022-07-25 06:54:13,9140.43,6868.75
2022-07-25 06:54:12,9143.26,6865.93
2022-07-25 06:54:11,9143.85,6865.34
2022-07-25 06:54:10,9144.66,6864.52
2022-07-25 06:54:09,9158.91,6850.28
2022-07-25 06:54:08,9160.14,6849.05
2022-07-25 06:54:07,9161.82,6847.37
2022-07-25 06:54:06,9162.43,6846.75
2022-07-25 06:54:05,9176.25,6832.94
2022-07-25 06:54:04,9177.78,6831.4
2022-07-25 06:54:03,9202.11,6807.08
2022-07-25 06:54:02,9219.55,6789.64
2022-07-25 06:54:01,9221.39,6787.79
2022-07-25 06:54:00,9250.82,6758.36
2022-07-25 06:53:59,9266.14,6743.05
2022-07-25 06:53:58,9269.67,6739.52
2022-07-25 06:53:57,9288.11,6721.08
2022-07-25 06:53:56,9317.13,6692.06
2022-07-25 06:53:55,9360.1,6649.09
2022-07-25 06:53:54,9456.17,6553.02
2022-07-25 06:53:53,9613.35,6395.84
2022-07-25 06:53:52,9937.9,6071.29
2022-07-25 06:53:51,10241.5,5767.71
2022-07-25 06:53:50,10419.3,5589.89
2022-07-25 06:53:49,10522.9,5486.24
2022-07-25 06:53:48,10861,5148.21
2022-07-25 06:53:47,10987.9,5021.33
2022-07-25 06:53:46,11209.6,4799.64
2022-07-25 06:53:45,11349,4660.15
2022-07-25 06:53:44,11088.2,4920.95
2022-07-25 06:53:43,10121.5,5887.68
2022-07-25 06:53:42,10176.8,5832.35
2022-07-25 06:53:41,9710.76,6298.43
2022-07-25 06:53:40,9765.76,6243.43
2022-07-25 06:53:39,9816.93,6192.25
2022-07-25 06:53:38,9824.56,6184.63
2022-07-25 06:53:37,9307.91,6701.28
2022-07-25 06:53:36,9308.18,6701
2022-07-25 06:53:35,9312.42,6696.77
2022-07-25 06:53:34,9317,6692.18
2022-07-25 06:53:33,9317.74,6691.45
2022-07-25 06:53:32,9319.33,6689.86
2022-07-25 06:53:31,9327.14,6682.05
2022-07-25 06:53:30,9327.69,6681.5
2022-07-25 06:53:29,9331.84,6677.35
2022-07-25 06:53:28,9334.84,6674.35
2022-07-25 06:53:27,9338.8,6670.39
2022-07-25 06:53:26,9338.79,6670.4
2022-07-25 06:53:25,9347.25,6661.94
2022-07-25 06:53:24,9355.62,6653.57
2022-07-25 06:53:23,9358.95,6650.23
2022-07-25 06:53:22,9366.47,6642.72
2022-07-25 06:53:21,9379.88,6629.31
2022-07-25 06:53:20,9385.64,6623.55
2022-07-25 06:53:19,9385.7,6623.48
2022-07-25 06:53:18,9386.44,6622.75
2022-07-25 06:53:17,9408.89,6600.29
2022-07-25 06:53:16,9410.53,6598.66
2022-07-25 06:53:15,9424.43,6584.76
2022-07-25 06:53:14,9435.04,6574.14
2022-07-25 06:53:13,9459.6,6549.59
2022-07-25 06:53:12,9483.73,6525.45
2022-07-25 06:53:11,9496.09,6513.09
2022-07-25 06:53:10,9499.36,6509.83
2022-07-25 06:53:09,9581.35,6427.84
2022-07-25 06:53:08,9607.15,6402.04
2022-07-25 06:53:07,9638.11,6371.08
2022-07-25 06:53:06,9727.11,6282.08
2022-07-25 06:53:05,9762.98,6246.21
2022-07-25 06:53:04,10139.5,5869.65
2022-07-25 06:53:03,10531.3,5477.93
2022-07-25 06:53:02,10620.9,5388.31
2022-07-25 06:53:01,10881.7,5127.45
2022-07-25 06:53:00,10993.2,5016.01
2022-07-25 06:52:59,11118.4,4890.82
2022-07-25 06:52:58,11258.1,4751.14
2022-07-25 06:52:57,11508.3,4500.93
2022-07-25 06:52:56,10560.6,5448.56
2022-07-25 06:52:55,10651.5,5357.67
2022-07-25 06:52:54,10046.7,5962.49
2022-07-25 06:52:53,9723.68,6285.5
2022-07-25 06:52:52,9767.43,6241.75
2022-07-25 06:52:51,9243.12,6766.07
2022-07-25 06:52:50,9244.99,6764.2
2022-07-25 06:52:49,9247.57,6761.62
2022-07-25 06:52:48,9247.57,6761.61
2022-07-25 06:52:47,9248.57,6760.62
2022-07-25 06:52:46,9252.02,6757.17
2022-07-25 06:52:45,9252.32,6756.86
2022-07-25 06:52:44,9253.33,6755.86
2022-07-25 06:52:43,9253.55,6755.63
2022-07-25 06:52:42,9256.57,6752.62
2022-07-25 06:52:41,9259.68,6749.5
2022-07-25 06:52:40,9260.07,6749.12
2022-07-25 06:52:39,9264.1,6745.09
2022-07-25 06:52:38,9265.31,6743.88
2022-07-25 06:52:37,9268.21,6740.98
2022-07-25 06:52:36,9279.59,6729.59
2022-07-25 06:52:35,9282.33,6726.86
2022-07-25 06:52:34,9286.04,6723.15
2022-07-25 06:52:33,9304.48,6704.7
2022-07-25 06:52:32,9315.12,6694.07
2022-07-25 06:52:31,9316.1,6693.09
2022-07-25 06:52:30,9333.63,6675.55
2022-07-25 06:52:29,9335.3,6673.89
2022-07-25 06:52:28,9353.54,6655.65
2022-07-25 06:52:27,9365.18,6644.01
2022-07-25 06:52:26,9367.42,6641.77
2022-07-25 06:52:25,9397.31,6611.88
2022-07-25 06:52:24,9391.91,6617.28
2022-07-25 06:52:23,9388.14,6621.05
2022-07-25 06:52:22,9456.44,6552.75
2022-07-25 06:52:21,9489.25,6519.94
2022-07-25 06:52:20,9544.71,6464.48
2022-07-25 06:52:19,9596.33,6412.86
2022-07-25 06:52:18,9825.23,6183.96
2022-07-25 06:52:17,9928.51,6080.68
2022-07-25 06:52:16,10113.8,5895.41
2022-07-25 06:52:15,10520.2,5488.95
2022-07-25 06:52:14,10634.3,5374.91
2022-07-25 06:52:13,10866.5,5142.71
2022-07-25 06:52:12,11044.8,4964.39
2022-07-25 06:52:11,11191.3,4817.86
2022-07-25 06:52:10,11422.3,4586.85
2022-07-25 06:52:09,11064.5,4944.69
2022-07-25 06:52:08,10673.3,5335.89
2022-07-25 06:52:07,10247.8,5761.41
2022-07-25 06:52:06,10307,5702.2
2022-07-25 06:52:05,9761.33,6247.86
2022-07-25 06:52:04,9245.52,6763.67
2022-07-25 06:52:03,9246.96,6762.22
2022-07-25 06:52:02,9248.1,6761.09
2022-07-25 06:52:01,9250.95,6758.24
2022-07-25 06:52:00,9250.73,6758.46
2022-07-25 06:51:59,9253.55,6755.64
2022-07-25 06:51:58,9257.19,6752
2022-07-25 06:51:57,9257.92,6751.27
2022-07-25 06:51:56,9257.98,6751.21
2022-07-25 06:51:55,9259.89,6749.3
2022-07-25 06:51:54,9263.22,6745.97
2022-07-25 06:51:53,9265.89,6743.3
2022-07-25 06:51:52,9270.27,6738.92
2022-07-25 06:51:51,9273.59,6735.6
2022-07-25 06:51:50,9280.64,6728.55
2022-07-25 06:51:49,9282.21,6726.98
2022-07-25 06:51:48,9288.23,6720.95
2022-07-25 06:51:47,9290.41,6718.78
2022-07-25 06:51:46,9306.2,6702.98
2022-07-25 06:51:45,9309.34,6699.85
2022-07-25 06:51:44,9323,6686.19
2022-07-25 06:51:43,9324.03,6685.16
2022-07-25 06:51:42,9340.05,6669.14
2022-07-25 06:51:41,9354.38,6654.81
2022-07-25 06:51:40,9355.55,6653.64
2022-07-25 06:51:39,9377.4,6631.79
2022-07-25 06:51:38,9415.79,6593.39
2022-07-25 06:51:37,9416.87,6592.32
2022-07-25 06:51:36,9452.87,6556.32
2022-07-25 06:51:35,9468.66,6540.53
2022-07-25 06:51:34,9516.98,6492.2
2022-07-25 06:51:33,9563.74,6445.45
2022-07-25 06:51:32,9605.44,6403.75
2022-07-25 06:51:31,9657.14,6352.05
2022-07-25 06:51:30,9821.39,6187.79
2022-07-25 06:51:29,10021.4,5987.74
2022-07-25 06:51:28,10326.7,5682.53
2022-07-25 06:51:27,10479.9,5529.33
2022-07-25 06:51:26,10847.6,5161.63
2022-07-25 06:51:25,10957.7,5051.52
2022-07-25 06:51:24,11093,4916.22
2022-07-25 06:51:23,11341.4,4667.79
2022-07-25 06:51:22,11531.3,4477.93
2022-07-25 06:51:21,11183.1,4826.11
2022-07-25 06:51:20,11278.3,4730.88
2022-07-25 06:51:19,9615.55,6393.64
2022-07-25 06:51:18,9663.89,6345.3
2022-07-25 06:51:17,9051.25,6957.94
2022-07-25 06:51:16,9051.03,6958.16
2022-07-25 06:51:15,9051.75,6957.44
2022-07-25 06:51:14,9052.48,6956.7
2022-07-25 06:51:13,9054.41,6954.78
2022-07-25 06:51:12,9054.06,6955.13
2022-07-25 06:51:11,9054.53,6954.65
2022-07-25 06:51:10,9055.39,6953.8
2022-07-25 06:51:09,9054.21,6954.98
2022-07-25 06:51:08,9055.19,6954
2022-07-25 06:51:07,9056.26,6952.93
2022-07-25 06:51:06,9056.19,6953
2022-07-25 06:51:05,9056.22,6952.97
2022-07-25 06:51:04,9058.09,6951.1
2022-07-25 06:51:03,9058.04,6951.15
2022-07-25 06:51:02,9057.44,6951.75
2022-07-25 06:51:01,9058.2,6950.99
2022-07-25 06:51:00,9060.12,6949.07
2022-07-25 06:50:59,9059.66,6949.52
2022-07-25 06:50:58,9069.54,6939.65
2022-07-25 06:50:57,9073.89,6935.29
2022-07-25 06:50:56,9075.21,6933.98
2022-07-25 06:50:55,9076.68,6932.51
2022-07-25 06:50:54,9106.54,6902.64
2022-07-25 06:50:53,9109.52,6899.67
2022-07-25 06:50:52,9127.38,6881.81
2022-07-25 06:50:51,9128.01,6881.18
2022-07-25 06:50:50,9149.06,6860.13
2022-07-25 06:50:49,9165.92,6843.27
2022-07-25 06:50:48,9170.74,6838.45
2022-07-25 06:50:47,9204.33,6804.86
2022-07-25 06:50:46,9223.39,6785.8
2022-07-25 06:50:45,9230.99,6778.19
2022-07-25 06:50:44,9291.95,6717.24
2022-07-25 06:50:43,9377.75,6631.44
2022-07-25 06:50:42,9571.36,6437.83
2022-07-25 06:50:41,9688.68,6320.51
2022-07-25 06:50:40,10002.7,6006.52
2022-07-25 06:50:39,10560.4,5448.82
2022-07-25 06:50:38,10711.4,5297.82
2022-07-25 06:50:37,10869.6,5139.59
2022-07-25 06:50:36,11208.1,4801.09
2022-07-25 06:50:35,11347,4662.23
2022-07-25 06:50:34,11532,4477.19
2022-07-25 06:50:33,11711,4298.18
2022-07-25 06:50:32,10643,5366.17
2022-07-25 06:50:31,9655.25,6353.94
2022-07-25 06:50:30,9162.34,6846.85
2022-07-25 06:50:29,9161.66,6847.53
2022-07-25 06:50:28,9164.2,6844.99
2022-07-25 06:50:27,9167.25,6841.94
2022-07-25 06:50:26,9164.56,6844.63
2022-07-25 06:50:25,9163.89,6845.3
2022-07-25 06:50:24,9166.21,6842.98
2022-07-25 06:50:23,9168.5,6840.68
2022-07-25 06:50:22,9170.65,6838.54
2022-07-25 06:50:21,9169.5,6839.68
2022-07-25 06:50:20,9170.38,6838.81
2022-07-25 06:50:19,9172.82,6836.36
2022-07-25 06:50:18,9175.11,6834.08
2022-07-25 06:50:17,9173.6,6835.59
2022-07-25 06:50:16,9178.95,6830.23
2022-07-25 06:50:15,9180.5,6828.69
2022-07-25 06:50:14,9181.88,6827.31
2022-07-25 06:50:13,9182.93,6826.26
2022-07-25 06:50:12,9186.26,6822.93
2022-07-25 06:50:11,9185.14,6824.05
2022-07-25 06:50:10,9187.63,6821.56
2022-07-25 06:50:09,9192.3,6816.89
2022-07-25 06:50:08,9192.11,6817.08
2022-07-25 06:50:07,9193.52,6815.66
2022-07-25 06:50:06,9221.04,6788.15
2022-07-25 06:50:05,9223.93,6785.25
2022-07-25 06:50:04,9225.43,6783.76
2022-07-25 06:50:03,9242.46,6766.73
2022-07-25 06:50:02,9270.56,6738.62
2022-07-25 06:50:01,9273.27,6735.91
2022-07-25 06:50:00,9281.91,6727.27
2022-07-25 06:49:59,9315.75,6693.44
2022-07-25 06:49:58,9353.46,6655.73
2022-07-25 06:49:57,9368.54,6640.65
2022-07-25 06:49:56,9452.22,6556.96
2022-07-25 06:49:55,9560.79,6448.39
2022-07-25 06:49:54,9591.63,6417.56
2022-07-25 06:49:53,10199.2,5810.02
2022-07-25 06:49:52,10484.4,5524.78
2022-07-25 06:49:51,10674.7,5334.48
2022-07-25 06:49:50,10914.4,5094.8
2022-07-25 06:49:49,11028.9,4980.3
2022-07-25 06:49:48,11258,4751.23
2022-07-25 06:49:47,11399.8,4609.35
2022-07-25 06:49:46,11544.9,4464.25
2022-07-25 06:49:45,11719.9,4289.3
2022-07-25 06:49:44,10295.3,5713.87
2022-07-25 06:49:43,9852.63,6156.56
2022-07-25 06:49:42,9336.48,6672.7
2022-07-25 06:49:41,9339.17,6670.02
2022-07-25 06:49:40,9340.88,6668.31
2022-07-25 06:49:39,9344.23,6664.96
2022-07-25 06:49:38,9346.16,6663.03
2022-07-25 06:49:37,9347.14,6662.04
2022-07-25 06:49:36,9347.15,6662.04
2022-07-25 06:49:35,9350,6659.19
2022-07-25 06:49:34,9351.57,6657.62
2022-07-25 06:49:33,9354.67,6654.52
2022-07-25 06:49:32,9357.78,6651.41
2022-07-25 06:49:31,9362.02,6647.17
2022-07-25 06:49:30,9362.41,6646.77
2022-07-25 06:49:29,9366.14,6643.05
2022-07-25 06:49:28,9369.12,6640.06
2022-07-25 06:49:27,9372.18,6637
2022-07-25 06:49:26,9374.83,6634.36
2022-07-25 06:49:25,9379.55,6629.64
2022-07-25 06:49:24,9394.38,6614.81
2022-07-25 06:49:23,9395.15,6614.04
2022-07-25 06:49:22,9398.3,6610.88
2022-07-25 06:49:21,9406.79,6602.4
2022-07-25 06:49:20,9429.28,6579.91
2022-07-25 06:49:19,9430.27,6578.91
2022-07-25 06:49:18,9457.03,6552.16
2022-07-25 06:49:17,9488.29,6520.9
2022-07-25 06:49:16,9505.63,6503.56
2022-07-25 06:49:15,9523.87,6485.32
2022-07-25 06:49:14,9567.01,6442.18
2022-07-25 06:49:13,9590.72,6418.47
2022-07-25 06:49:12,9617.4,6391.79
2022-07-25 06:49:11,9644.19,6365
2022-07-25 06:49:10,9702.24,6306.94
2022-07-25 06:49:09,9740.63,6268.56
2022-07-25 06:49:08,9857.18,6152
2022-07-25 06:49:07,9951.1,6058.09
2022-07-25 06:49:06,10119.6,5889.61
2022-07-25 06:49:05,10288.9,5720.31
2022-07-25 06:49:04,10555.6,5453.58
2022-07-25 06:49:03,10746.3,5262.89
2022-07-25 06:49:02,11045.5,4963.68
2022-07-25 06:49:01,11209.1,4800.1
2022-07-25 06:49:00,11310.9,4698.32
2022-07-25 06:48:59,11440,4569.16
2022-07-25 06:48:58,11582.7,4426.46
2022-07-25 06:48:57,11769,4240.21
2022-07-25 06:48:56,10752.7,5256.5
2022-07-25 06:48:55,9162.47,6846.72
2022-07-25 06:48:54,9164.98,6844.21
2022-07-25 06:48:53,9167.66,6841.52
2022-07-25 06:48:52,9167.9,6841.29
2022-07-25 06:48:51,9167.93,6841.25
2022-07-25 06:48:50,9170.11,6839.08
2022-07-25 06:48:49,9172,6837.19
2022-07-25 06:48:48,9173.29,6835.9
2022-07-25 06:48:47,9170.45,6838.73
2022-07-25 06:48:46,9173.36,6835.82
2022-07-25 06:48:45,9174.21,6834.98
2022-07-25 06:48:44,9173.86,6835.32
2022-07-25 06:48:43,9175.96,6833.23
2022-07-25 06:48:42,9177.91,6831.27
2022-07-25 06:48:41,9179.85,6829.34
2022-07-25 06:48:40,9182.74,6826.44
2022-07-25 06:48:39,9184.21,6824.98
2022-07-25 06:48:38,9187.33,6821.86
2022-07-25 06:48:37,9189.13,6820.06
2022-07-25 06:48:36,9190.47,6818.72
2022-07-25 06:48:35,9205.07,6804.12
2022-07-25 06:48:34,9206.53,6802.66
2022-07-25 06:48:33,9216.18,6793.01
2022-07-25 06:48:32,9232.7,6776.49
2022-07-25 06:48:31,9234.88,6774.3
2022-07-25 06:48:30,9249.91,6759.28
2022-07-25 06:48:29,9267.12,6742.07
2022-07-25 06:48:28,9293.68,6715.5
2022-07-25 06:48:27,9295.96,6713.23
2022-07-25 06:48:26,9333.71,6675.48
2022-07-25 06:48:25,9358.56,6650.63
2022-07-25 06:48:24,9379.93,6629.26
2022-07-25 06:48:23,9399.23,6609.96
2022-07-25 06:48:22,9430.48,6578.7
2022-07-25 06:48:21,9472.86,6536.33
2022-07-25 06:48:20,9562.93,6446.26
2022-07-25 06:48:19,9657.25,6351.94
2022-07-25 06:48:18,9990.39,6018.8
2022-07-25 06:48:17,10205.3,5803.87
2022-07-25 06:48:16,10478.1,5531.05
2022-07-25 06:48:15,10844.9,5164.3
2022-07-25 06:48:14,10950.3,5058.84
2022-07-25 06:48:13,11207.1,4802.08
2022-07-25 06:48:12,11336.4,4672.75
2022-07-25 06:48:11,11472.2,4537.03
2022-07-25 06:48:10,11647.1,4362.06
2022-07-25 06:48:09,11179,4830.17
2022-07-25 06:48:08,9530.15,6479.04
2022-07-25 06:48:07,9545.2,6463.99
2022-07-25 06:48:06,9034.59,6974.6
2022-07-25 06:48:05,9033.98,6975.2
2022-07-25 06:48:04,9036.21,6972.98
2022-07-25 06:48:03,9039.06,6970.13
2022-07-25 06:48:02,9039.52,6969.67
2022-07-25 06:48:01,9042.75,6966.44
2022-07-25 06:48:00,9045.44,6963.75
2022-07-25 06:47:59,9046.97,6962.21
2022-07-25 06:47:58,9045.83,6963.36
2022-07-25 06:47:57,9047.24,6961.95
2022-07-25 06:47:56,9053.46,6955.73
2022-07-25 06:47:55,9053.45,6955.74
2022-07-25 06:47:54,9053.85,6955.34
2022-07-25 06:47:53,9061.75,6947.44
2022-07-25 06:47:52,9062.42,6946.77
2022-07-25 06:47:51,9064.93,6944.25
2022-07-25 06:47:50,9064.57,6944.62
2022-07-25 06:47:49,9075.59,6933.6
2022-07-25 06:47:48,9075.67,6933.52
2022-07-25 06:47:47,9085.07,6924.12
2022-07-25 06:47:46,9086.91,6922.27
2022-07-25 06:47:45,9089.2,6919.99
2022-07-25 06:47:44,9100.46,6908.72
2022-07-25 06:47:43,9114.91,6894.28
2022-07-25 06:47:42,9116.12,6893.07
2022-07-25 06:47:41,9127.46,6881.73
2022-07-25 06:47:40,9142.34,6866.85
2022-07-25 06:47:39,9143.09,6866.1
2022-07-25 06:47:38,9159.28,6849.9
2022-07-25 06:47:37,9176.41,6832.78
2022-07-25 06:47:36,9189.16,6820.03
2022-07-25 06:47:35,9196.48,6812.71
2022-07-25 06:47:34,9224.24,6784.95
2022-07-25 06:47:33,9230.16,6779.03
2022-07-25 06:47:32,9332.16,6677.03
2022-07-25 06:47:31,9451.02,6558.17
2022-07-25 06:47:30,9781.19,6228
2022-07-25 06:47:29,10032.3,5976.89
2022-07-25 06:47:28,10364.9,5644.34
2022-07-25 06:47:27,10785.2,5223.96
2022-07-25 06:47:26,10919.8,5089.35
2022-07-25 06:47:25,11060.1,4949.11
2022-07-25 06:47:24,11322.3,4686.93
2022-07-25 06:47:23,11477,4532.2
2022-07-25 06:47:22,11619.1,4390.1
2022-07-25 06:47:21,10739.2,5270
2022-07-25 06:47:20,10840,5169.15
2022-07-25 06:47:19,9807.37,6201.82
2022-07-25 06:47:18,9184.25,6824.93
2022-07-25 06:47:17,9186.84,6822.35
2022-07-25 06:47:16,9187.31,6821.88
2022-07-25 06:47:15,9191.83,6817.36
2022-07-25 06:47:14,9194.08,6815.11
2022-07-25 06:47:13,9195.21,6813.98
2022-07-25 06:47:12,9195.14,6814.05
2022-07-25 06:47:11,9198.28,6810.91
2022-07-25 06:47:10,9200.23,6808.96
2022-07-25 06:47:09,9200.14,6809.05
2022-07-25 06:47:08,9209.13,6800.05
2022-07-25 06:47:07,9210,6799.19
2022-07-25 06:47:06,9211.11,6798.08
2022-07-25 06:47:05,9217.74,6791.45
2022-07-25 06:47:04,9219.48,6789.71
2022-07-25 06:47:03,9220.44,6788.75
2022-07-25 06:47:02,9226.87,6782.32
2022-07-25 06:47:01,9230.46,6778.73
2022-07-25 06:47:00,9230.73,6778.45
2022-07-25 06:46:59,9240.01,6769.18
2022-07-25 06:46:58,9240.73,6768.45
2022-07-25 06:46:57,9240.52,6768.67
2022-07-25 06:46:56,9248.39,6760.8
2022-07-25 06:46:55,9249.89,6759.3
2022-07-25 06:46:54,9259.13,6750.06
2022-07-25 06:46:53,9259.05,6750.13
2022-07-25 06:46:52,9262.28,6746.9
2022-07-25 06:46:51,9289.32,6719.86
2022-07-25 06:46:50,9318.75,6690.44
2022-07-25 06:46:49,9329.15,6680.04
2022-07-25 06:46:48,9372.26,6636.93
2022-07-25 06:46:47,9430.63,6578.56
2022-07-25 06:46:46,9441.42,6567.77
2022-07-25 06:46:45,9513.84,6495.34
2022-07-25 06:46:44,9610.71,6398.48
2022-07-25 06:46:43,9783.72,6225.47
2022-07-25 06:46:42,10014.8,5994.36
2022-07-25 06:46:41,10315.9,5693.31
2022-07-25 06:46:40,10436.2,5572.96
2022-07-25 06:46:39,10727.5,5281.73
2022-07-25 06:46:38,10849.9,5159.25
2022-07-25 06:46:37,10979.5,5029.7
2022-07-25 06:46:36,11329.4,4679.81
2022-07-25 06:46:35,11539.7,4469.49
2022-07-25 06:46:34,11203.1,4806.05
2022-07-25 06:46:33,10031.1,5978.07
2022-07-25 06:46:32,9458.08,6551.11
2022-07-25 06:46:31,9508.73,6500.45
2022-07-25 06:46:30,9516.72,6492.47
2022-07-25 06:46:29,9023.99,6985.2
2022-07-25 06:46:28,9022.47,6986.72
2022-07-25 06:46:27,9022.64,6986.55
2022-07-25 06:46:26,9022.8,6986.39
2022-07-25 06:46:25,9023.61,6985.57
2022-07-25 06:46:24,9023.62,6985.57
2022-07-25 06:46:23,9025.57,6983.61
2022-07-25 06:46:22,9027.84,6981.35
2022-07-25 06:46:21,9026.38,6982.8
2022-07-25 06:46:20,9025.07,6984.11
2022-07-25 06:46:19,9027.45,6981.74
2022-07-25 06:46:18,9027.88,6981.31
2022-07-25 06:46:17,9028.01,6981.18
2022-07-25 06:46:16,9029.02,6980.17
2022-07-25 06:46:15,9031.44,6977.74
2022-07-25 06:46:14,9032.91,6976.28
2022-07-25 06:46:13,9035.17,6974.02
2022-07-25 06:46:12,9036.79,6972.39
2022-07-25 06:46:11,9038.07,6971.12
2022-07-25 06:46:10,9038.77,6970.41
2022-07-25 06:46:09,9038.09,6971.1
2022-07-25 06:46:08,9050,6959.19
2022-07-25 06:46:07,9048.24,6960.95
2022-07-25 06:46:06,9050.28,6958.91
2022-07-25 06:46:05,9050.39,6958.79
2022-07-25 06:46:04,9074.51,6934.68
2022-07-25 06:46:03,9075.61,6933.58
2022-07-25 06:46:02,9078.26,6930.93
2022-07-25 06:46:01,9112.45,6896.74
2022-07-25 06:46:00,9114.54,6894.65
2022-07-25 06:45:59,9155.45,6853.74
2022-07-25 06:45:58,9210.08,6799.11
2022-07-25 06:45:57,9267.71,6741.48
2022-07-25 06:45:56,9604.11,6405.07
2022-07-25 06:45:55,9709.69,6299.5
2022-07-25 06:45:54,9945.58,6063.61
2022-07-25 06:45:53,10207.9,5801.32
2022-07-25 06:45:52,10650.6,5358.59
2022-07-25 06:45:51,10851.9,5157.24
2022-07-25 06:45:50,11030.5,4978.65
2022-07-25 06:45:49,11160.2,4848.95
2022-07-25 06:45:48,10735.7,5273.52
2022-07-25 06:45:47,10967,5042.21
2022-07-25 06:45:46,11151.4,4857.77
2022-07-25 06:45:45,11266.5,4742.71
2022-07-25 06:45:44,9772.72,6236.47
2022-07-25 06:45:43,9826.88,6182.31
2022-07-25 06:45:42,9857.56,6151.63
2022-07-25 06:45:41,9334.78,6674.41
2022-07-25 06:45:40,9338.57,6670.62
2022-07-25 06:45:39,9339.8,6669.39
2022-07-25 06:45:38,9340.4,6668.79
2022-07-25 06:45:37,9344.09,6665.1
2022-07-25 06:45:36,9344.71,6664.48
2022-07-25 06:45:35,9347.26,6661.93
2022-07-25 06:45:34,9346.93,6662.26
2022-07-25 06:45:33,9352.17,6657.02
2022-07-25 06:45:32,9353.41,6655.78
2022-07-25 06:45:31,9354.68,6654.51
2022-07-25 06:45:30,9359.3,6649.89
2022-07-25 06:45:29,9359.73,6649.45
2022-07-25 06:45:28,9363.86,6645.33
2022-07-25 06:45:27,9368.55,6640.64
2022-07-25 06:45:26,9370.73,6638.46
2022-07-25 06:45:25,9370.93,6638.26
2022-07-25 06:45:24,9374.07,6635.12
2022-07-25 06:45:23,9377.27,6631.91
2022-07-25 06:45:22,9378.47,6630.71
2022-07-25 06:45:21,9381.86,6627.33
2022-07-25 06:45:20,9396.29,6612.9
2022-07-25 06:45:19,9396.41,6612.77
2022-07-25 06:45:18,9438.65,6570.54
2022-07-25 06:45:17,9438.59,6570.59
2022-07-25 06:45:16,9466.11,6543.08
2022-07-25 06:45:15,9490.75,6518.43
2022-07-25 06:45:14,9514.32,6494.87
2022-07-25 06:45:13,9535.82,6473.37
2022-07-25 06:45:12,9559.71,6449.47
2022-07-25 06:45:11,9590.66,6418.52
2022-07-25 06:45:10,9625.35,6383.84
2022-07-25 06:45:09,9681.98,6327.21
2022-07-25 06:45:08,9788.27,6220.92
2022-07-25 06:45:07,9894.87,6114.32
2022-07-25 06:45:06,10113.6,5895.58
2022-07-25 06:45:05,10345.7,5663.5
2022-07-25 06:45:04,10665.5,5343.71
2022-07-25 06:45:03,10803.5,5205.66
2022-07-25 06:45:02,10905.2,5103.95
2022-07-25 06:45:01,11034.8,4974.42
2022-07-25 06:45:00,11207.2,4802
2022-07-25 06:44:59,11014.9,4994.28
2022-07-25 06:44:58,11058.7,4950.5
2022-07-25 06:44:57,10721.4,5287.76
2022-07-25 06:44:56,10135.3,5873.85
2022-07-25 06:44:55,9664.59,6344.6
2022-07-25 06:44:54,9714.68,6294.5
2022-07-25 06:44:53,9757.65,6251.53
2022-07-25 06:44:52,9138.14,6871.05
2022-07-25 06:44:51,9137.47,6871.72
2022-07-25 06:44:50,9138.81,6870.37
2022-07-25 06:44:49,9143.96,6865.23
2022-07-25 06:44:48,9143.73,6865.46
2022-07-25 06:44:47,9144.35,6864.84
2022-07-25 06:44:46,9147.6,6861.59
2022-07-25 06:44:45,9148.02,6861.16
2022-07-25 06:44:44,9149.91,6859.28
2022-07-25 06:44:43,9149.32,6859.87
2022-07-25 06:44:42,9153.44,6855.74
2022-07-25 06:44:41,9156.79,6852.4
2022-07-25 06:44:40,9156.53,6852.66
2022-07-25 06:44:39,9160.81,6848.38
2022-07-25 06:44:38,9160.95,6848.24
2022-07-25 06:44:37,9161.9,6847.29
2022-07-25 06:44:36,9161.27,6847.91
2022-07-25 06:44:35,9166.58,6842.61
2022-07-25 06:44:34,9168.22,6840.97
2022-07-25 06:44:33,9179.84,6829.35
2022-07-25 06:44:32,9198.03,6811.15
2022-07-25 06:44:31,9197.59,6811.6
2022-07-25 06:44:30,9201.27,6807.92
2022-07-25 06:44:29,9224.27,6784.92
2022-07-25 06:44:28,9259.5,6749.69
2022-07-25 06:44:27,9274.26,6734.93
2022-07-25 06:44:26,9287.23,6721.96
2022-07-25 06:44:25,9336.98,6672.21
2022-07-25 06:44:24,9365.88,6643.31
2022-07-25 06:44:23,9367.16,6642.03
2022-07-25 06:44:22,9444.43,6564.75
2022-07-25 06:44:21,9505.98,6503.2
2022-07-25 06:44:20,9682.55,6326.64
2022-07-25 06:44:19,9785.47,6223.72
2022-07-25 06:44:18,10058.9,5950.28
2022-07-25 06:44:17,10219.5,5789.72
2022-07-25 06:44:16,10552.8,5456.4
2022-07-25 06:44:15,10729.1,5280.11
2022-07-25 06:44:14,10813.8,5195.39
2022-07-25 06:44:13,10928.9,5080.26
2022-07-25 06:44:12,10559.3,5449.91
2022-07-25 06:44:11,10685.9,5323.32
2022-07-25 06:44:10,10415,5594.22
2022-07-25 06:44:09,10670.7,5338.54
2022-07-25 06:44:08,9613.35,6395.84
2022-07-25 06:44:07,9651.32,6357.86
2022-07-25 06:44:06,9689.68,6319.5
2022-07-25 06:44:05,9742.88,6266.31
2022-07-25 06:44:04,9452.15,6557.04
2022-07-25 06:44:03,9151.63,6857.55
2022-07-25 06:44:02,9154.94,6854.25
2022-07-25 06:44:01,9154.21,6854.98
2022-07-25 06:44:00,9155.56,6853.63
2022-07-25 06:43:59,9159.78,6849.41
2022-07-25 06:43:58,9160.18,6849
2022-07-25 06:43:57,9162.72,6846.46
2022-07-25 06:43:56,9162.73,6846.46
2022-07-25 06:43:55,9166.22,6842.96
2022-07-25 06:43:54,9166.08,6843.11
2022-07-25 06:43:53,9169,6840.18
2022-07-25 06:43:52,9169.57,6839.61
2022-07-25 06:43:51,9171.66,6837.53
2022-07-25 06:43:50,9172.07,6837.12
2022-07-25 06:43:49,9174.77,6834.42
2022-07-25 06:43:48,9173.23,6835.95
2022-07-25 06:43:47,9173.58,6835.61
2022-07-25 06:43:46,9178.02,6831.17
2022-07-25 06:43:45,9198.43,6810.75
2022-07-25 06:43:44,9199.47,6809.72
2022-07-25 06:43:43,9217.66,6791.53
2022-07-25 06:43:42,9233.8,6775.39
2022-07-25 06:43:41,9257.13,6752.05
2022-07-25 06:43:40,9267.94,6741.25
2022-07-25 06:43:39,9288.5,6720.69
2022-07-25 06:43:38,9317.85,6691.34
2022-07-25 06:43:37,9348.61,6660.58
2022-07-25 06:43:36,9374.75,6634.43
2022-07-25 06:43:35,9416.55,6592.64
2022-07-25 06:43:34,9482.29,6526.9
2022-07-25 06:43:33,9531.66,6477.52
2022-07-25 06:43:32,9740.95,6268.24
2022-07-25 06:43:31,9977.29,6031.89
2022-07-25 06:43:30,10070.3,5938.91
2022-07-25 06:43:29,10266.5,5742.64
2022-07-25 06:43:28,10644.3,5364.89
2022-07-25 06:43:27,10755.3,5253.89
2022-07-25 06:43:26,10903.3,5105.87
2022-07-25 06:43:25,11051.3,4957.89
2022-07-25 06:43:24,11173.1,4836.12
2022-07-25 06:43:23,10525.8,5483.42
2022-07-25 06:43:22,10658,5351.16
2022-07-25 06:43:21,10139.2,5869.95
2022-07-25 06:43:20,9530.89,6478.29
2022-07-25 06:43:19,9575.45,6433.74
2022-07-25 06:43:18,9625.28,6383.91
2022-07-25 06:43:17,9020.03,6989.16
2022-07-25 06:43:16,9019.87,6989.32
2022-07-25 06:43:15,9026,6983.19
2022-07-25 06:43:14,9025.07,6984.12
2022-07-25 06:43:13,9023.94,6985.25
2022-07-25 06:43:12,9026.87,6982.32
2022-07-25 06:43:11,9032.15,6977.04
2022-07-25 06:43:10,9032.33,6976.86
2022-07-25 06:43:09,9033.02,6976.17
2022-07-25 06:43:08,9037.87,6971.32
2022-07-25 06:43:07,9038.74,6970.45
2022-07-25 06:43:06,9038.68,6970.51
2022-07-25 06:43:05,9040.84,6968.35
2022-07-25 06:43:04,9046.21,6962.97
2022-07-25 06:43:03,9047.98,6961.21
2022-07-25 06:43:02,9048.83,6960.36
2022-07-25 06:43:01,9053.49,6955.7
2022-07-25 06:43:00,9053.39,6955.8
2022-07-25 06:42:59,9055.21,6953.98
2022-07-25 06:42:58,9066.24,6942.95
2022-07-25 06:42:57,9068.28,6940.91
2022-07-25 06:42:56,9069.52,6939.66
2022-07-25 06:42:55,9088.24,6920.94
2022-07-25 06:42:54,9095.96,6913.23
2022-07-25 06:42:53,9098.1,6911.09
2022-07-25 06:42:52,9114.6,6894.59
2022-07-25 06:42:51,9140.67,6868.52
2022-07-25 06:42:50,9141.43,6867.76
2022-07-25 06:42:49,9158.27,6850.92
2022-07-25 06:42:48,9194.96,6814.23
2022-07-25 06:42:47,9208.52,6800.67
2022-07-25 06:42:46,9222.86,6786.33
2022-07-25 06:42:45,9304.4,6704.78
2022-07-25 06:42:44,9367.57,6641.62
2022-07-25 06:42:43,9536.21,6472.98
2022-07-25 06:42:42,9910.2,6098.98
2022-07-25 06:42:41,10179.3,5829.9
2022-07-25 06:42:40,10314.3,5694.87
2022-07-25 06:42:39,10547.8,5461.41
2022-07-25 06:42:38,10758.3,5250.93
2022-07-25 06:42:37,11102.9,4906.33
2022-07-25 06:42:36,11376.4,4632.79
2022-07-25 06:42:35,11577.7,4431.44
2022-07-25 06:42:34,11193.1,4816.13
2022-07-25 06:42:33,10158.6,5850.55
2022-07-25 06:42:32,10227.3,5781.9
2022-07-25 06:42:31,9162.84,6846.35
2022-07-25 06:42:30,9164.05,6845.13
2022-07-25 06:42:29,9165.75,6843.44
2022-07-25 06:42:28,9167.8,6841.39
2022-07-25 06:42:27,9170.99,6838.19
2022-07-25 06:42:26,9172.71,6836.47
2022-07-25 06:42:25,9173.39,6835.8
2022-07-25 06:42:24,9177.07,6832.11
2022-07-25 06:42:23,9178.84,6830.35
2022-07-25 06:42:22,9178.29,6830.89
2022-07-25 06:42:21,9184.73,6824.46
2022-07-25 06:42:20,9183.69,6825.5
2022-07-25 06:42:19,9184.98,6824.2
2022-07-25 06:42:18,9192.97,6816.22
2022-07-25 06:42:17,9191.93,6817.26
2022-07-25 06:42:16,9193.89,6815.3
2022-07-25 06:42:15,9196.96,6812.23
2022-07-25 06:42:14,9205.13,6804.05
2022-07-25 06:42:13,9207.17,6802.02
2022-07-25 06:42:12,9213.55,6795.64
2022-07-25 06:42:11,9232.31,6776.88
2022-07-25 06:42:10,9225.02,6784.17
2022-07-25 06:42:09,9232.59,6776.59
2022-07-25 06:42:08,9249.72,6759.46
2022-07-25 06:42:07,9263.36,6745.83
2022-07-25 06:42:06,9274.58,6734.61
2022-07-25 06:42:05,9294.52,6714.66
2022-07-25 06:42:04,9312.91,6696.27
2022-07-25 06:42:03,9325.65,6683.54
2022-07-25 06:42:02,9351.64,6657.55
2022-07-25 06:42:01,9380.93,6628.25
2022-07-25 06:42:00,9378.47,6630.72
2022-07-25 06:41:59,9432.06,6577.13
2022-07-25 06:41:58,9450.57,6558.62
2022-07-25 06:41:57,9508.45,6500.74
2022-07-25 06:41:56,9639.97,6369.22
2022-07-25 06:41:55,9790.45,6218.74
2022-07-25 06:41:54,9999.47,6009.72
2022-07-25 06:41:53,10557.5,5451.7
2022-07-25 06:41:52,10790.1,5219.11
2022-07-25 06:41:51,10939,5070.16
2022-07-25 06:41:50,11126,4883.22
2022-07-25 06:41:49,11331.1,4678.04
2022-07-25 06:41:48,11429.4,4579.83
2022-07-25 06:41:47,11622.3,4386.85
2022-07-25 06:41:46,11770.2,4239.02
2022-07-25 06:41:45,10131.2,5877.98
2022-07-25 06:41:44,9659.57,6349.62
2022-07-25 06:41:43,9077.78,6931.4
2022-07-25 06:41:42,9081.16,6928.03
2022-07-25 06:41:41,9080.45,6928.73
2022-07-25 06:41:40,9080.41,6928.78
2022-07-25 06:41:39,9080.61,6928.58
2022-07-25 06:41:38,9083.55,6925.64
2022-07-25 06:41:37,9083.53,6925.66
2022-07-25 06:41:36,9084.15,6925.04
2022-07-25 06:41:35,9084.96,6924.23
2022-07-25 06:41:34,9086.84,6922.35
2022-07-25 06:41:33,9087.55,6921.63
2022-07-25 06:41:32,9088.77,6920.42
2022-07-25 06:41:31,9091.12,6918.06
2022-07-25 06:41:30,9092.07,6917.12
2022-07-25 06:41:29,9091.14,6918.04
2022-07-25 06:41:28,9093.85,6915.34
2022-07-25 06:41:27,9095.4,6913.79
2022-07-25 06:41:26,9095.55,6913.63
2022-07-25 06:41:25,9095.6,6913.59
2022-07-25 06:41:24,9097.89,6911.29
2022-07-25 06:41:23,9097.92,6911.27
2022-07-25 06:41:22,9096.78,6912.41
2022-07-25 06:41:21,9099.76,6909.43
2022-07-25 06:41:20,9098.79,6910.39
2022-07-25 06:41:19,9099.48,6909.7
2022-07-25 06:41:18,9099.82,6909.37
2022-07-25 06:41:17,9122.05,6887.13
2022-07-25 06:41:16,9121.49,6887.7
2022-07-25 06:41:15,9140.63,6868.56
2022-07-25 06:41:14,9167.82,6841.37
2022-07-25 06:41:13,9170.89,6838.3
2022-07-25 06:41:12,9174.48,6834.71
2022-07-25 06:41:11,9278.37,6730.82
2022-07-25 06:41:10,9306.46,6702.73
2022-07-25 06:41:09,9352.73,6656.46
2022-07-25 06:41:08,9756.37,6252.82
2022-07-25 06:41:07,9821.83,6187.36
2022-07-25 06:41:06,10091.7,5917.45
2022-07-25 06:41:05,10585.8,5423.35
2022-07-25 06:41:04,10760.8,5248.36
2022-07-25 06:41:03,10856.3,5152.86
2022-07-25 06:41:02,11233.5,4775.72
2022-07-25 06:41:01,11337,4672.18
2022-07-25 06:41:00,11549.3,4459.89
2022-07-25 06:40:59,11075.9,4933.27
2022-07-25 06:40:58,11218.4,4790.76
2022-07-25 06:40:57,9645.61,6363.58
2022-07-25 06:40:56,9045.49,6963.7
2022-07-25 06:40:55,9046.37,6962.82
2022-07-25 06:40:54,9047.7,6961.49
2022-07-25 06:40:53,9049.95,6959.24
2022-07-25 06:40:52,9048.69,6960.5
2022-07-25 06:40:51,9052.11,6957.07
2022-07-25 06:40:50,9051.7,6957.49
2022-07-25 06:40:49,9051.52,6957.67
2022-07-25 06:40:48,9051.21,6957.98
2022-07-25 06:40:47,9053.23,6955.96
2022-07-25 06:40:46,9051.86,6957.33
2022-07-25 06:40:45,9052.26,6956.93
2022-07-25 06:40:44,9055.16,6954.02
2022-07-25 06:40:43,9056.91,6952.28
2022-07-25 06:40:42,9057.64,6951.55
2022-07-25 06:40:41,9058.9,6950.29
2022-07-25 06:40:40,9070.76,6938.43
2022-07-25 06:40:39,9070.73,6938.45
2022-07-25 06:40:38,9073.41,6935.78
2022-07-25 06:40:37,9074.51,6934.68
2022-07-25 06:40:36,9090.66,6918.52
2022-07-25 06:40:35,9091.26,6917.93
2022-07-25 06:40:34,9090.85,6918.34
2022-07-25 06:40:33,9107.77,6901.42
2022-07-25 06:40:32,9126.57,6882.61
2022-07-25 06:40:31,9126.49,6882.7
2022-07-25 06:40:30,9140.7,6868.48
2022-07-25 06:40:29,9161.77,6847.42
2022-07-25 06:40:28,9173.32,6835.86
2022-07-25 06:40:27,9177.79,6831.39
2022-07-25 06:40:26,9194.3,6814.89
2022-07-25 06:40:25,9206.19,6802.99
2022-07-25 06:40:24,9207.74,6801.45
2022-07-25 06:40:23,9245.3,6763.89
2022-07-25 06:40:22,9257.71,6751.48
2022-07-25 06:40:21,9384.27,6624.91
2022-07-25 06:40:20,9452.65,6556.54
2022-07-25 06:40:19,9683.07,6326.12
2022-07-25 06:40:18,10235.7,5773.5
2022-07-25 06:40:17,10419.6,5589.63
2022-07-25 06:40:16,10772.1,5237.14
2022-07-25 06:40:15,10928.3,5080.86
2022-07-25 06:40:14,11158.8,4850.4
2022-07-25 06:40:13,11322.2,4687.03
2022-07-25 06:40:12,11466.2,4543
2022-07-25 06:40:11,11621.6,4387.63
2022-07-25 06:40:10,11790.8,4218.36
2022-07-25 06:40:09,10154.8,5854.39
2022-07-25 06:40:08,9458.87,6550.32
2022-07-25 06:40:07,9018.29,6990.89
2022-07-25 06:40:06,9019.89,6989.3
2022-07-25 06:40:05,9020.38,6988.8
2022-07-25 06:40:04,9024.21,6984.98
2022-07-25 06:40:03,9027.78,6981.41
2022-07-25 06:40:02,9027.27,6981.91
2022-07-25 06:40:01,9031.09,6978.1
2022-07-25 06:40:00,9031.22,6977.97
2022-07-25 06:39:59,9031.47,6977.72
2022-07-25 06:39:58,9036.04,6973.15
2022-07-25 06:39:57,9034.91,6974.27
2022-07-25 06:39:56,9039.37,6969.81
2022-07-25 06:39:55,9038.33,6970.86
2022-07-25 06:39:54,9044.72,6964.46
2022-07-25 06:39:53,9043.76,6965.43
2022-07-25 06:39:52,9048.34,6960.84
2022-07-25 06:39:51,9055,6954.19
2022-07-25 06:39:50,9054.64,6954.55
2022-07-25 06:39:49,9057.92,6951.27
2022-07-25 06:39:48,9067.35,6941.84
2022-07-25 06:39:47,9067.37,6941.82
2022-07-25 06:39:46,9069.02,6940.16
2022-07-25 06:39:45,9080.42,6928.77
2022-07-25 06:39:44,9080.78,6928.41
2022-07-25 06:39:43,9081.44,6927.75
2022-07-25 06:39:42,9093.19,6916
2022-07-25 06:39:41,9096.23,6912.96
2022-07-25 06:39:40,9094.23,6914.96
2022-07-25 06:39:39,9108.74,6900.45
2022-07-25 06:39:38,9109.65,6899.54
2022-07-25 06:39:37,9090.89,6918.29
2022-07-25 06:39:36,9093.37,6915.81
2022-07-25 06:39:35,9151.25,6857.94
2022-07-25 06:39:34,9167.85,6841.34
2022-07-25 06:39:33,9335.85,6673.34
2022-07-25 06:39:32,9421.57,6587.62
2022-07-25 06:39:31,9656.73,6352.46
2022-07-25 06:39:30,10117.7,5891.5
2022-07-25 06:39:29,10649.4,5359.79
2022-07-25 06:39:28,10841.3,5167.91
2022-07-25 06:39:27,11006.6,5002.6
2022-07-25 06:39:26,11233.7,4775.48
2022-07-25 06:39:25,11315.6,4693.57
2022-07-25 06:39:24,11487.3,4521.87
2022-07-25 06:39:23,11637.7,4371.45
2022-07-25 06:39:22,11303,4706.17
2022-07-25 06:39:21,9573.75,6435.44
2022-07-25 06:39:20,9058.71,6950.48
2022-07-25 06:39:19,9059.54,6949.65
2022-07-25 06:39:18,9059.12,6950.07
2022-07-25 06:39:17,9061.73,6947.45
2022-07-25 06:39:16,9062.43,6946.76
2022-07-25 06:39:15,9062.89,6946.29
2022-07-25 06:39:14,9063.71,6945.48
2022-07-25 06:39:13,9062.82,6946.37
2022-07-25 06:39:12,9066.03,6943.16
2022-07-25 06:39:11,9065.79,6943.39
2022-07-25 06:39:10,9065.11,6944.07
2022-07-25 06:39:09,9066.97,6942.21
2022-07-25 06:39:08,9067.13,6942.06
2022-07-25 06:39:07,9068.02,6941.16
2022-07-25 06:39:06,9069,6940.19
2022-07-25 06:39:05,9067.62,6941.57
2022-07-25 06:39:04,9070.41,6938.78
2022-07-25 06:39:03,9071.58,6937.61
2022-07-25 06:39:02,9072.3,6936.88
2022-07-25 06:39:01,9089.07,6920.11
2022-07-25 06:39:00,9089.36,6919.82
2022-07-25 06:38:59,9089.97,6919.22
2022-07-25 06:38:58,9090.09,6919.09
2022-07-25 06:38:57,9106.49,6902.7
2022-07-25 06:38:56,9107.31,6901.88
2022-07-25 06:38:55,9106.88,6902.3
2022-07-25 06:38:54,9135.03,6874.16
2022-07-25 06:38:53,9135.69,6873.5
2022-07-25 06:38:52,9137.19,6872
2022-07-25 06:38:51,9168.5,6840.69
2022-07-25 06:38:50,9145.61,6863.57
2022-07-25 06:38:49,9150.06,6859.12
2022-07-25 06:38:48,9187.04,6822.15
2022-07-25 06:38:47,9194.11,6815.08
2022-07-25 06:38:46,9267.04,6742.15
2022-07-25 06:38:45,9338.34,6670.85
2022-07-25 06:38:44,9519.41,6489.78
2022-07-25 06:38:43,9803.12,6206.07
2022-07-25 06:38:42,10140.6,5868.6
2022-07-25 06:38:41,10292.8,5716.42
2022-07-25 06:38:40,10810.8,5198.41
2022-07-25 06:38:39,10925.3,5083.85
2022-07-25 06:38:38,11138,4871.22
2022-07-25 06:38:37,11326.7,4682.47
2022-07-25 06:38:36,11459.4,4549.74
2022-07-25 06:38:35,11617.4,4391.76
2022-07-25 06:38:34,11242.1,4767.04
2022-07-25 06:38:33,10250.7,5758.5
2022-07-25 06:38:32,9688.62,6320.57
2022-07-25 06:38:31,9071.94,6937.25
2022-07-25 06:38:30,9073.77,6935.42
2022-07-25 06:38:29,9073.59,6935.6
2022-07-25 06:38:28,9073.58,6935.61
2022-07-25 06:38:27,9075.17,6934.02
2022-07-25 06:38:26,9074.5,6934.68
2022-07-25 06:38:25,9077.16,6932.03
2022-07-25 06:38:24,9076.39,6932.79
2022-07-25 06:38:23,9078.91,6930.28
2022-07-25 06:38:22,9079.25,6929.94
2022-07-25 06:38:21,9079.3,6929.89
2022-07-25 06:38:20,9082.3,6926.89
2022-07-25 06:38:19,9081.24,6927.95
2022-07-25 06:38:18,9081.69,6927.5
2022-07-25 06:38:17,9084.97,6924.21
2022-07-25 06:38:16,9088.14,6921.04
2022-07-25 06:38:15,9089.53,6919.66
2022-07-25 06:38:14,9099.68,6909.5
2022-07-25 06:38:13,9100.84,6908.34
2022-07-25 06:38:12,9102.27,6906.91
2022-07-25 06:38:11,9103.97,6905.22
2022-07-25 06:38:10,9119.62,6889.57
2022-07-25 06:38:09,9119.77,6889.42
2022-07-25 06:38:08,9126.17,6883.02
2022-07-25 06:38:07,9141.31,6867.88
2022-07-25 06:38:06,9141.8,6867.38
2022-07-25 06:38:05,9161.11,6848.07
2022-07-25 06:38:04,9177.01,6832.18
2022-07-25 06:38:03,9179.01,6830.18
2022-07-25 06:38:02,9216.52,6792.67
2022-07-25 06:38:01,9196.88,6812.3
2022-07-25 06:38:00,9198.56,6810.63
2022-07-25 06:37:59,9254.04,6755.15
2022-07-25 06:37:58,9258.17,6751.02
2022-07-25 06:37:57,9371.61,6637.58
2022-07-25 06:37:56,9426.77,6582.41
2022-07-25 06:37:55,9534.36,6474.83
2022-07-25 06:37:54,10032.5,5976.73
2022-07-25 06:37:53,10389.4,5619.77
2022-07-25 06:37:52,10647,5362.21
2022-07-25 06:37:51,10903.3,5105.88
2022-07-25 06:37:50,11167.3,4841.88
2022-07-25 06:37:49,11285.5,4723.65
2022-07-25 06:37:48,11456.3,4552.91
2022-07-25 06:37:47,11603.8,4405.41
2022-07-25 06:37:46,11265.8,4743.42
2022-07-25 06:37:45,10208.1,5801.12
2022-07-25 06:37:44,9738.24,6270.95
2022-07-25 06:37:43,9135,6874.18
2022-07-25 06:37:42,9136.93,6872.26
2022-07-25 06:37:41,9137.57,6871.62
2022-07-25 06:37:40,9137.46,6871.73
2022-07-25 06:37:39,9137.72,6871.47
2022-07-25 06:37:38,9139.61,6869.57
2022-07-25 06:37:37,9141.52,6867.67
2022-07-25 06:37:36,9143.49,6865.7
2022-07-25 06:37:35,9142.62,6866.57
2022-07-25 06:37:34,9145.35,6863.84
2022-07-25 06:37:33,9144.77,6864.42
2022-07-25 06:37:32,9144.91,6864.27
2022-07-25 06:37:31,9146.62,6862.57
2022-07-25 06:37:30,9147.01,6862.18
2022-07-25 06:37:29,9148.24,6860.95
2022-07-25 06:37:28,9149.1,6860.09
2022-07-25 06:37:27,9156.18,6853
2022-07-25 06:37:26,9156.25,6852.94
2022-07-25 06:37:25,9158.05,6851.14
2022-07-25 06:37:24,9158.26,6850.93
2022-07-25 06:37:23,9176.22,6832.97
2022-07-25 06:37:22,9176.39,6832.8
2022-07-25 06:37:21,9178.31,6830.88
2022-07-25 06:37:20,9218.43,6790.76
2022-07-25 06:37:19,9216.65,6792.54
2022-07-25 06:37:18,9218.75,6790.44
2022-07-25 06:37:17,9258.89,6750.3
2022-07-25 06:37:16,9259.84,6749.34
2022-07-25 06:37:15,9263.01,6746.18
2022-07-25 06:37:14,9307.79,6701.4
2022-07-25 06:37:13,9310.93,6698.26
2022-07-25 06:37:12,9328.59,6680.59
2022-07-25 06:37:11,9359.62,6649.57
2022-07-25 06:37:10,9445.31,6563.88
2022-07-25 06:37:09,9565.01,6444.18
2022-07-25 06:37:08,9591.19,6418
2022-07-25 06:37:07,9985.77,6023.41
2022-07-25 06:37:06,10338.9,5670.34
2022-07-25 06:37:05,10479.4,5529.81
2022-07-25 06:37:04,10731.3,5277.91
2022-07-25 06:37:03,11119.2,4890
2022-07-25 06:37:02,11221.7,4787.45
2022-07-25 06:37:01,11377.3,4631.92
2022-07-25 06:37:00,11531.3,4477.92
2022-07-25 06:36:59,11677.1,4332.06
2022-07-25 06:36:58,11864.9,4144.3
2022-07-25 06:36:57,10088.3,5920.84
2022-07-25 06:36:56,9022.71,6986.48
2022-07-25 06:36:55,9024.99,6984.2
2022-07-25 06:36:54,9025.11,6984.08
2022-07-25 06:36:53,9026.62,6982.57
2022-07-25 06:36:52,9027.41,6981.77
2022-07-25 06:36:51,9027.33,6981.86
2022-07-25 06:36:50,9027.95,6981.23
2022-07-25 06:36:49,9028.03,6981.16
2022-07-25 06:36:48,9028.09,6981.09
2022-07-25 06:36:47,9027.98,6981.2
2022-07-25 06:36:46,9029.3,6979.89
2022-07-25 06:36:45,9030.24,6978.95
2022-07-25 06:36:44,9033.79,6975.39
2022-07-25 06:36:43,9035.82,6973.36
2022-07-25 06:36:42,9036.4,6972.79
2022-07-25 06:36:41,9039.26,6969.93
2022-07-25 06:36:40,9040.2,6968.98
2022-07-25 06:36:39,9037.09,6972.1
2022-07-25 06:36:38,9039.28,6969.91
2022-07-25 06:36:37,9040.74,6968.45
2022-07-25 06:36:36,9045.48,6963.71
2022-07-25 06:36:35,9047.13,6962.05
2022-07-25 06:36:34,9045.77,6963.42
2022-07-25 06:36:33,9061.27,6947.92
2022-07-25 06:36:32,9061.46,6947.73
2022-07-25 06:36:31,9062.53,6946.66
2022-07-25 06:36:30,9080.92,6928.27
2022-07-25 06:36:29,9080.93,6928.26
2022-07-25 06:36:28,9104.15,6905.03
2022-07-25 06:36:27,9119.02,6890.17
2022-07-25 06:36:26,9102.88,6906.31
2022-07-25 06:36:25,9130.07,6879.11
2022-07-25 06:36:24,9172.41,6836.77
2022-07-25 06:36:23,9173.82,6835.37
2022-07-25 06:36:22,9292.85,6716.34
2022-07-25 06:36:21,9342.91,6666.27
2022-07-25 06:36:20,9431.14,6578.05
2022-07-25 06:36:19,9822.23,6186.96
2022-07-25 06:36:18,10159.6,5849.57
2022-07-25 06:36:17,10269.2,5739.95
2022-07-25 06:36:16,10491.3,5517.91
2022-07-25 06:36:15,10713.6,5295.63
2022-07-25 06:36:14,10927.2,5081.96
2022-07-25 06:36:13,11080.5,4928.72
2022-07-25 06:36:12,11219.5,4789.7
2022-07-25 06:36:11,10584,5425.2
2022-07-25 06:36:10,10187.4,5821.78
2022-07-25 06:36:09,10261.3,5747.85
2022-07-25 06:36:08,9668.35,6340.84
2022-07-25 06:36:07,9721.37,6287.81
2022-07-25 06:36:06,9765.81,6243.38
2022-07-25 06:36:05,9260.23,6748.96
2022-07-25 06:36:04,9260.04,6749.14
2022-07-25 06:36:03,9263.2,6745.98
2022-07-25 06:36:02,9272.28,6736.91
2022-07-25 06:36:01,9270.3,6738.89
2022-07-25 06:36:00,9270.08,6739.11
2022-07-25 06:35:59,9277.95,6731.23
2022-07-25 06:35:58,9285.5,6723.68
2022-07-25 06:35:57,9286.93,6722.25
2022-07-25 06:35:56,9290.95,6718.23
2022-07-25 06:35:55,9306.98,6702.21
2022-07-25 06:35:54,9308.23,6700.95
2022-07-25 06:35:53,9311.38,6697.81
2022-07-25 06:35:52,9324.13,6685.06
2022-07-25 06:35:51,9332.55,6676.64
2022-07-25 06:35:50,9335.63,6673.56
2022-07-25 06:35:49,9344.89,6664.29
2022-07-25 06:35:48,9363.33,6645.86
2022-07-25 06:35:47,9364.06,6645.13
2022-07-25 06:35:46,9374.33,6634.86
2022-07-25 06:35:45,9393.98,6615.21
2022-07-25 06:35:44,9397.46,6611.72
2022-07-25 06:35:43,9426.04,6583.15
2022-07-25 06:35:42,9440.5,6568.69
2022-07-25 06:35:41,9464.48,6544.71
2022-07-25 06:35:40,9490.85,6518.34
2022-07-25 06:35:39,9511.54,6497.64
2022-07-25 06:35:38,9563.95,6445.24
2022-07-25 06:35:37,9566.48,6442.71
2022-07-25 06:35:36,9593.89,6415.3
2022-07-25 06:35:35,9646.7,6362.49
2022-07-25 06:35:34,9681.77,6327.41
2022-07-25 06:35:33,9703.5,6305.69
2022-07-25 06:35:32,9949.33,6059.86
2022-07-25 06:35:31,10051.4,5957.75
2022-07-25 06:35:30,10129.5,5879.68
2022-07-25 06:35:29,10456.6,5552.62
2022-07-25 06:35:28,10798.6,5210.61
2022-07-25 06:35:27,10970.4,5038.76
2022-07-25 06:35:26,11134,4875.15
2022-07-25 06:35:25,11347.9,4661.27
2022-07-25 06:35:24,11504.8,4504.43
2022-07-25 06:35:23,11109.1,4900.08
2022-07-25 06:35:22,11240.8,4768.4
2022-07-25 06:35:21,10315.8,5693.37
2022-07-25 06:35:20,9861.89,6147.3
2022-07-25 06:35:19,9249.71,6759.48
2022-07-25 06:35:18,9251.18,6758.01
2022-07-25 06:35:17,9252.54,6756.64
2022-07-25 06:35:16,9255.93,6753.25
2022-07-25 06:35:15,9258.18,6751.01
2022-07-25 06:35:14,9256.35,6752.83
2022-07-25 06:35:13,9260.72,6748.47
2022-07-25 06:35:12,9262.53,6746.66
2022-07-25 06:35:11,9263.05,6746.14
2022-07-25 06:35:10,9264.85,6744.34
2022-07-25 06:35:09,9265.96,6743.22
2022-07-25 06:35:08,9270.56,6738.63
2022-07-25 06:35:07,9271.45,6737.74
2022-07-25 06:35:06,9276.5,6732.69
2022-07-25 06:35:05,9277.83,6731.36
2022-07-25 06:35:04,9280.74,6728.45
2022-07-25 06:35:03,9280.37,6728.81
2022-07-25 06:35:02,9282.83,6726.36
2022-07-25 06:35:01,9284.38,6724.81
2022-07-25 06:35:00,9286.04,6723.15
2022-07-25 06:34:59,9285.97,6723.22
2022-07-25 06:34:58,9303.91,6705.27
2022-07-25 06:34:57,9326.64,6682.54
2022-07-25 06:34:56,9325.85,6683.34
2022-07-25 06:34:55,9339.89,6669.29
2022-07-25 06:34:54,9335.78,6673.41
2022-07-25 06:34:53,9364.83,6644.36
2022-07-25 06:34:52,9383.83,6625.36
2022-07-25 06:34:51,9401.07,6608.11
2022-07-25 06:34:50,9422.74,6586.44
2022-07-25 06:34:49,9444.6,6564.59
2022-07-25 06:34:48,9470.99,6538.2
2022-07-25 06:34:47,9562.32,6446.87
2022-07-25 06:34:46,9626.05,6383.14
2022-07-25 06:34:45,9692.2,6316.99
2022-07-25 06:34:44,9865.41,6143.77
2022-07-25 06:34:43,10078.1,5931.06
2022-07-25 06:34:42,10247.5,5761.65
2022-07-25 06:34:41,10361.2,5647.98
2022-07-25 06:34:40,10610.8,5398.42
2022-07-25 06:34:39,11068.1,4941.11
2022-07-25 06:34:38,11223.8,4785.41
2022-07-25 06:34:37,11358.5,4650.7
2022-07-25 06:34:36,11496.5,4512.68
2022-07-25 06:34:35,11066.2,4942.99
2022-07-25 06:34:34,11224.1,4785.05
2022-07-25 06:34:33,10865.6,5143.6
2022-07-25 06:34:32,9742,6267.19
2022-07-25 06:34:31,9249.48,6759.71
2022-07-25 06:34:30,9253.71,6755.48
2022-07-25 06:34:29,9258.27,6750.92
2022-07-25 06:34:28,9260.89,6748.29
2022-07-25 06:34:27,9265.17,6744.02
2022-07-25 06:34:26,9266.58,6742.61
2022-07-25 06:34:25,9267.64,6741.54
2022-07-25 06:34:24,9275.6,6733.59
2022-07-25 06:34:23,9278.64,6730.55
2022-07-25 06:34:22,9281.55,6727.64
2022-07-25 06:34:21,9288.42,6720.77
2022-07-25 06:34:20,9297.61,6711.58
2022-07-25 06:34:19,9301.89,6707.3
2022-07-25 06:34:18,9308.55,6700.64
2022-07-25 06:34:17,9326.63,6682.56
2022-07-25 06:34:16,9326.59,6682.6
2022-07-25 06:34:15,9338.01,6671.18
2022-07-25 06:34:14,9347.23,6661.96
2022-07-25 06:34:13,9362.04,6647.15
2022-07-25 06:34:12,9371.51,6637.68
2022-07-25 06:34:11,9384.47,6624.71
2022-07-25 06:34:10,9396.33,6612.86
2022-07-25 06:34:09,9411.02,6598.17
2022-07-25 06:34:08,9438.3,6570.89
2022-07-25 06:34:07,9438.86,6570.32
2022-07-25 06:34:06,9453.97,6555.22
2022-07-25 06:34:05,9482.99,6526.2
2022-07-25 06:34:04,9504.96,6504.23
2022-07-25 06:34:03,9551.98,6457.21
2022-07-25 06:34:02,9555.47,6453.71
2022-07-25 06:34:01,9588.15,6421.04
2022-07-25 06:34:00,9618.92,6390.27
2022-07-25 06:33:59,9620.79,6388.4
2022-07-25 06:33:58,9705.2,6303.99
2022-07-25 06:33:57,9745.67,6263.52
2022-07-25 06:33:56,9939.67,6069.52
2022-07-25 06:33:55,10010.3,5998.88
2022-07-25 06:33:54,10249.9,5759.33
2022-07-25 06:33:53,10475.5,5533.69
2022-07-25 06:33:52,10572.1,5437.13
2022-07-25 06:33:51,10780.7,5228.49
2022-07-25 06:33:50,10910.3,5098.92
2022-07-25 06:33:49,11315,4694.19
2022-07-25 06:33:48,10963.2,5046
2022-07-25 06:33:47,11103.5,4905.7
2022-07-25 06:33:46,10739.2,5269.98
2022-07-25 06:33:45,10235.9,5773.26
2022-07-25 06:33:44,10000.9,6008.34
2022-07-25 06:33:43,9191.02,6818.17
2022-07-25 06:33:42,9192.31,6816.87
2022-07-25 06:33:41,9194.61,6814.57
2022-07-25 06:33:40,9194.11,6815.08
2022-07-25 06:33:39,9194.62,6814.56
2022-07-25 06:33:38,9196.12,6813.07
2022-07-25 06:33:37,9197.39,6811.79
2022-07-25 06:33:36,9198.67,6810.52
2022-07-25 06:33:35,9199.64,6809.55
2022-07-25 06:33:34,9201.33,6807.86
2022-07-25 06:33:33,9203.2,6805.99
2022-07-25 06:33:32,9206.82,6802.37
2022-07-25 06:33:31,9207.13,6802.06
2022-07-25 06:33:30,9209.7,6799.48
2022-07-25 06:33:29,9210.51,6798.68
2022-07-25 06:33:28,9212.38,6796.81
2022-07-25 06:33:27,9215.27,6793.91
2022-07-25 06:33:26,9217.57,6791.61
2022-07-25 06:33:25,9223.02,6786.17
2022-07-25 06:33:24,9222.42,6786.77
2022-07-25 06:33:23,9222.25,6786.93
2022-07-25 06:33:22,9238.16,6771.03
2022-07-25 06:33:21,9239.56,6769.63
2022-07-25 06:33:20,9240.31,6768.88
2022-07-25 06:33:19,9273.2,6735.99
2022-07-25 06:33:18,9273.87,6735.32
2022-07-25 06:33:17,9275.66,6733.53
2022-07-25 06:33:16,9322.07,6687.12
2022-07-25 06:33:15,9332.53,6676.66
2022-07-25 06:33:14,9335.13,6674.05
2022-07-25 06:33:13,9392.52,6616.67
2022-07-25 06:33:12,9434.81,6574.38
2022-07-25 06:33:11,9428.44,6580.75
2022-07-25 06:33:10,9536.57,6472.62
2022-07-25 06:33:09,9614.04,6395.15
2022-07-25 06:33:08,9763.22,6245.97
2022-07-25 06:33:07,10005.2,6004.04
2022-07-25 06:33:06,10303,5706.16
2022-07-25 06:33:05,10457.5,5551.73
2022-07-25 06:33:04,10704.9,5304.26
2022-07-25 06:33:03,10802,5207.16
2022-07-25 06:33:02,11145.2,4864.02
2022-07-25 06:33:01,11339.1,4670.05
2022-07-25 06:33:00,11530.2,4479.02
2022-07-25 06:32:59,10675.8,5333.43
2022-07-25 06:32:58,10136.6,5872.61
2022-07-25 06:32:57,10212.9,5796.29
2022-07-25 06:32:56,9650.52,6358.66
2022-07-25 06:32:55,9141.19,6868
2022-07-25 06:32:54,9142.71,6866.48
2022-07-25 06:32:53,9142.98,6866.21
2022-07-25 06:32:52,9149.79,6859.4
2022-07-25 06:32:51,9152.01,6857.18
2022-07-25 06:32:50,9148.95,6860.24
2022-07-25 06:32:49,9154.89,6854.3
2022-07-25 06:32:48,9155.82,6853.36
2022-07-25 06:32:47,9155.99,6853.2
2022-07-25 06:32:46,9163.92,6845.27
2022-07-25 06:32:45,9164.3,6844.88
2022-07-25 06:32:44,9165.76,6843.43
2022-07-25 06:32:43,9166.38,6842.8
2022-07-25 06:32:42,9175.22,6833.96
2022-07-25 06:32:41,9178.01,6831.18
2022-07-25 06:32:40,9179.07,6830.11
2022-07-25 06:32:39,9184.76,6824.43
2022-07-25 06:32:38,9187.32,6821.86
2022-07-25 06:32:37,9189.34,6819.85
2022-07-25 06:32:36,9196.03,6813.16
2022-07-25 06:32:35,9198.32,6810.87
2022-07-25 06:32:34,9215.34,6793.84
2022-07-25 06:32:33,9223.78,6785.41
2022-07-25 06:32:32,9224.63,6784.56
2022-07-25 06:32:31,9253.18,6756.01
2022-07-25 06:32:30,9254.42,6754.77
2022-07-25 06:32:29,9258.64,6750.55
2022-07-25 06:32:28,9289.97,6719.22
2022-07-25 06:32:27,9286.71,6722.47
2022-07-25 06:32:26,9300.81,6708.38
2022-07-25 06:32:25,9332.43,6676.76
2022-07-25 06:32:24,9353.77,6655.41
2022-07-25 06:32:23,9356.49,6652.7
2022-07-25 06:32:22,9493.09,6516.1
2022-07-25 06:32:21,9536.5,6472.68
2022-07-25 06:32:20,9776.42,6232.77
2022-07-25 06:32:19,10195,5814.2
2022-07-25 06:32:18,10350,5659.16
2022-07-25 06:32:17,10476.6,5532.58
2022-07-25 06:32:16,10831.2,5177.98
2022-07-25 06:32:15,10966.1,5043.11
2022-07-25 06:32:14,11159,4850.2
2022-07-25 06:32:13,11407.9,4601.33
2022-07-25 06:32:12,11596.4,4412.81
2022-07-25 06:32:11,10599.2,5410
2022-07-25 06:32:10,10187.8,5821.35
2022-07-25 06:32:09,9716.83,6292.36
2022-07-25 06:32:08,9756.62,6252.57
2022-07-25 06:32:07,9240,6769.18
2022-07-25 06:32:06,9238.41,6770.77
2022-07-25 06:32:05,9239.16,6770.03
2022-07-25 06:32:04,9240.63,6768.56
2022-07-25 06:32:03,9241.35,6767.84
2022-07-25 06:32:02,9240.81,6768.38
2022-07-25 06:32:01,9241.12,6768.07
2022-07-25 06:32:00,9247.23,6761.96
2022-07-25 06:31:59,9247.44,6761.75
2022-07-25 06:31:58,9247.79,6761.39
2022-07-25 06:31:57,9250.2,6758.99
2022-07-25 06:31:56,9251.33,6757.86
2022-07-25 06:31:55,9253.18,6756
2022-07-25 06:31:54,9254.87,6754.32
2022-07-25 06:31:53,9259.43,6749.75
2022-07-25 06:31:52,9260.67,6748.52
2022-07-25 06:31:51,9263.59,6745.6
2022-07-25 06:31:50,9265.76,6743.43
2022-07-25 06:31:49,9274.79,6734.4
2022-07-25 06:31:48,9278.45,6730.74
2022-07-25 06:31:47,9278.3,6730.89
2022-07-25 06:31:46,9304.53,6704.66
2022-07-25 06:31:45,9305.85,6703.34
2022-07-25 06:31:44,9308.21,6700.98
2022-07-25 06:31:43,9329.38,6679.81
2022-07-25 06:31:42,9349.5,6659.69
2022-07-25 06:31:41,9351.95,6657.24
2022-07-25 06:31:40,9387.22,6621.97
2022-07-25 06:31:39,9413.5,6595.68
2022-07-25 06:31:38,9406.54,6602.65
2022-07-25 06:31:37,9457.66,6551.52
2022-07-25 06:31:36,9464.76,6544.43
2022-07-25 06:31:35,9533.89,6475.29
2022-07-25 06:31:34,9605.78,6403.41
2022-07-25 06:31:33,9962.1,6047.09
2022-07-25 06:31:32,10068.1,5941.13
2022-07-25 06:31:31,10208.4,5800.75
2022-07-25 06:31:30,10575.6,5433.56
2022-07-25 06:31:29,10704.1,5305.14
2022-07-25 06:31:28,10926.2,5082.98
2022-07-25 06:31:27,11187.8,4821.36
2022-07-25 06:31:26,11332.4,4676.82
2022-07-25 06:31:25,11450.3,4558.92
2022-07-25 06:31:24,11590.7,4418.47
2022-07-25 06:31:23,11224.1,4785.06
2022-07-25 06:31:22,10853.9,5155.28
2022-07-25 06:31:21,9639.57,6369.62
2022-07-25 06:31:20,9113.07,6896.12
2022-07-25 06:31:19,9113.72,6895.47
2022-07-25 06:31:18,9114.86,6894.33
2022-07-25 06:31:17,9117,6892.19
2022-07-25 06:31:16,9115.77,6893.42
2022-07-25 06:31:15,9118.04,6891.15
2022-07-25 06:31:14,9121.7,6887.48
2022-07-25 06:31:13,9120.96,6888.23
2022-07-25 06:31:12,9121.22,6887.96
2022-07-25 06:31:11,9120.96,6888.23
2022-07-25 06:31:10,9123.1,6886.09
2022-07-25 06:31:09,9125.92,6883.27
2022-07-25 06:31:08,9126.23,6882.96
2022-07-25 06:31:07,9127.61,6881.58
2022-07-25 06:31:06,9135.83,6873.36
2022-07-25 06:31:05,9135.99,6873.2
2022-07-25 06:31:04,9137.37,6871.82
2022-07-25 06:31:03,9139.5,6869.69
2022-07-25 06:31:02,9150.15,6859.04
2022-07-25 06:31:01,9149.51,6859.68
2022-07-25 06:31:00,9151.71,6857.47
2022-07-25 06:30:59,9165.61,6843.58
2022-07-25 06:30:58,9167.23,6841.96
2022-07-25 06:30:57,9186.09,6823.1
2022-07-25 06:30:56,9202.76,6806.43
2022-07-25 06:30:55,9201.56,6807.63
2022-07-25 06:30:54,9227.84,6781.35
2022-07-25 06:30:53,9246.43,6762.76
2022-07-25 06:30:52,9246.96,6762.23
2022-07-25 06:30:51,9273.25,6735.94
2022-07-25 06:30:50,9293.09,6716.09
2022-07-25 06:30:49,9296.48,6712.7
2022-07-25 06:30:48,9346.44,6662.75
2022-07-25 06:30:47,9351.75,6657.44
2022-07-25 06:30:46,9401.8,6607.39
2022-07-25 06:30:45,9515.52,6493.67
2022-07-25 06:30:44,9675.63,6333.56
2022-07-25 06:30:43,9967.06,6042.13
2022-07-25 06:30:42,10461.1,5548.08
2022-07-25 06:30:41,10713.1,5296.06
2022-07-25 06:30:40,10888.2,5121.02
2022-07-25 06:30:39,11138.5,4870.72
2022-07-25 06:30:38,11290.8,4718.42
2022-07-25 06:30:37,11434.9,4574.33
2022-07-25 06:30:36,11618.8,4390.44
2022-07-25 06:30:35,11752.6,4256.56
2022-07-25 06:30:34,10150.8,5858.43
2022-07-25 06:30:33,9551.18,6458
2022-07-25 06:30:32,9044.9,6964.29
2022-07-25 06:30:31,9044.97,6964.22
2022-07-25 06:30:30,9046.3,6962.89
2022-07-25 06:30:29,9050.04,6959.15
2022-07-25 06:30:28,9051.35,6957.84
2022-07-25 06:30:27,9052.11,6957.08
2022-07-25 06:30:26,9053.24,6955.94
2022-07-25 06:30:25,9052.21,6956.98
2022-07-25 06:30:24,9055.21,6953.98
2022-07-25 06:30:23,9055.54,6953.64
2022-07-25 06:30:22,9060.8,6948.39
2022-07-25 06:30:21,9061.32,6947.87
2022-07-25 06:30:20,9060.36,6948.83
2022-07-25 06:30:19,9060.21,6948.98
2022-07-25 06:30:18,9067.68,6941.51
2022-07-25 06:30:17,9069.38,6939.81
2022-07-25 06:30:16,9068.5,6940.68
2022-07-25 06:30:15,9076.88,6932.31
2022-07-25 06:30:14,9078.39,6930.8
2022-07-25 06:30:13,9080.45,6928.74
2022-07-25 06:30:12,9088.88,6920.31
2022-07-25 06:30:11,9089.44,6919.75
2022-07-25 06:30:10,9088.6,6920.59
2022-07-25 06:30:09,9100.47,6908.72
2022-07-25 06:30:08,9100.54,6908.65
2022-07-25 06:30:07,9117.36,6891.83
2022-07-25 06:30:06,9133.25,6875.94
2022-07-25 06:30:05,9132.8,6876.38
2022-07-25 06:30:04,9140.11,6869.08
2022-07-25 06:30:03,9159.52,6849.67
2022-07-25 06:30:02,9175.2,6833.99
2022-07-25 06:30:01,9194.63,6814.56
2022-07-25 06:30:00,9213.63,6795.55
2022-07-25 06:29:59,9240.41,6768.78
2022-07-25 06:29:58,9319.95,6689.24
2022-07-25 06:29:57,9397.61,6611.58
2022-07-25 06:29:56,9859.1,6150.09
2022-07-25 06:29:55,9984.45,6024.73
2022-07-25 06:29:54,10317.4,5691.8
2022-07-25 06:29:53,10642.3,5366.89
2022-07-25 06:29:52,10870.4,5138.81
2022-07-25 06:29:51,11139.4,4869.77
2022-07-25 06:29:50,11307.5,4701.73
2022-07-25 06:29:49,11449.6,4559.56
2022-07-25 06:29:48,11591.5,4417.68
2022-07-25 06:29:47,11221,4788.23
2022-07-25 06:29:46,10820.5,5188.66
2022-07-25 06:29:45,9016.37,6992.82
2022-07-25 06:29:44,9019.16,6990.02
2022-07-25 06:29:43,9019.23,6989.96
2022-07-25 06:29:42,9019.5,6989.69
2022-07-25 06:29:41,9019.89,6989.3
2022-07-25 06:29:40,9020.22,6988.97
2022-07-25 06:29:39,9021.76,6987.43
2022-07-25 06:29:38,9022.31,6986.88
2022-07-25 06:29:37,9022.55,6986.64
2022-07-25 06:29:36,9023.36,6985.83
2022-07-25 06:29:35,9023.45,6985.74
2022-07-25 06:29:34,9024.61,6984.58
2022-07-25 06:29:33,9026.41,6982.78
2022-07-25 06:29:32,9029.05,6980.14
2022-07-25 06:29:31,9028.42,6980.77
2022-07-25 06:29:30,9029.55,6979.64
2022-07-25 06:29:29,9029.52,6979.67
2022-07-25 06:29:28,9030.57,6978.62
2022-07-25 06:29:27,9032.74,6976.45
2022-07-25 06:29:26,9031.39,6977.8
2022-07-25 06:29:25,9034.54,6974.65
2022-07-25 06:29:24,9033.39,6975.8
2022-07-25 06:29:23,9043.81,6965.38
2022-07-25 06:29:22,9043.12,6966.07
2022-07-25 06:29:21,9053.16,6956.03
2022-07-25 06:29:20,9073.5,6935.69
2022-07-25 06:29:19,9073.85,6935.34
2022-07-25 06:29:18,9093.71,6915.48
2022-07-25 06:29:17,9114.87,6894.32
2022-07-25 06:29:16,9116.63,6892.56
2022-07-25 06:29:15,9134.73,6874.46
2022-07-25 06:29:14,9140.25,6868.93
2022-07-25 06:29:13,9172.02,6837.17
2022-07-25 06:29:12,9187.16,6822.02
2022-07-25 06:29:11,9249.18,6760.01
2022-07-25 06:29:10,9271.89,6737.3
2022-07-25 06:29:09,9491.88,6517.3
2022-07-25 06:29:08,9660.88,6348.31
2022-07-25 06:29:07,9749.17,6260.02
2022-07-25 06:29:06,10095.5,5913.71
2022-07-25 06:29:05,10514.9,5494.25
2022-07-25 06:29:04,10945.1,5064.1
2022-07-25 06:29:03,11144.3,4864.89
2022-07-25 06:29:02,11327.8,4681.41
2022-07-25 06:29:01,11489,4520.16
2022-07-25 06:29:00,11221.5,4787.7
2022-07-25 06:28:59,11246.2,4762.96
2022-07-25 06:28:58,10802.6,5206.55
2022-07-25 06:28:57,9789.41,6219.77
2022-07-25 06:28:56,9138.88,6870.31
2022-07-25 06:28:55,9139.55,6869.63
2022-07-25 06:28:54,9137.82,6871.37
2022-07-25 06:28:53,9142.69,6866.49
2022-07-25 06:28:52,9145.8,6863.39
2022-07-25 06:28:51,9144.24,6864.95
2022-07-25 06:28:50,9146.1,6863.09
2022-07-25 06:28:49,9153,6856.18
2022-07-25 06:28:48,9154.11,6855.07
2022-07-25 06:28:47,9154.1,6855.09
2022-07-25 06:28:46,9154.91,6854.27
2022-07-25 06:28:45,9163.41,6845.77
2022-07-25 06:28:44,9164.3,6844.88
2022-07-25 06:28:43,9167.31,6841.88
2022-07-25 06:28:42,9174.68,6834.5
2022-07-25 06:28:41,9176.2,6832.98
2022-07-25 06:28:40,9178.79,6830.4
2022-07-25 06:28:39,9188.76,6820.43
2022-07-25 06:28:38,9189.47,6819.72
2022-07-25 06:28:37,9191.68,6817.51
2022-07-25 06:28:36,9204.84,6804.34
2022-07-25 06:28:35,9204.51,6804.68
2022-07-25 06:28:34,9206.65,6802.54
2022-07-25 06:28:33,9224,6785.18
2022-07-25 06:28:32,9224.22,6784.97
2022-07-25 06:28:31,9225.88,6783.3
2022-07-25 06:28:30,9261.18,6748.01
2022-07-25 06:28:29,9261.96,6747.23
2022-07-25 06:28:28,9274.88,6734.31
2022-07-25 06:28:27,9290.14,6719.05
2022-07-25 06:28:26,9313.75,6695.44
2022-07-25 06:28:25,9351.66,6657.53
2022-07-25 06:28:24,9375.39,6633.79
2022-07-25 06:28:23,9463.58,6545.61
2022-07-25 06:28:22,9509.11,6500.08
2022-07-25 06:28:21,9839.3,6169.88
2022-07-25 06:28:20,10148.3,5860.92
2022-07-25 06:28:19,10221.5,5787.68
2022-07-25 06:28:18,10423.4,5585.76
2022-07-25 06:28:17,10842.7,5166.5
2022-07-25 06:28:16,10939.7,5069.49
2022-07-25 06:28:15,11129.7,4879.51
2022-07-25 06:28:14,11373,4636.18
2022-07-25 06:28:13,11545.6,4463.54
2022-07-25 06:28:12,11178,4831.21
2022-07-25 06:28:11,10674.3,5334.89
2022-07-25 06:28:10,9612.55,6396.64
2022-07-25 06:28:09,9667.49,6341.7
2022-07-25 06:28:08,9058.15,6951.04
2022-07-25 06:28:07,9057.55,6951.63
2022-07-25 06:28:06,9059.45,6949.74
2022-07-25 06:28:05,9061.02,6948.17
2022-07-25 06:28:04,9061.25,6947.94
2022-07-25 06:28:03,9061.89,6947.3
2022-07-25 06:28:02,9061.02,6948.16
2022-07-25 06:28:01,9062.46,6946.73
2022-07-25 06:28:00,9063.54,6945.65
2022-07-25 06:27:59,9065.43,6943.76
2022-07-25 06:27:58,9065.78,6943.41
2022-07-25 06:27:57,9067.09,6942.1
2022-07-25 06:27:56,9067.81,6941.38
2022-07-25 06:27:55,9069.42,6939.77
2022-07-25 06:27:54,9070.88,6938.3
2022-07-25 06:27:53,9073.17,6936.02
2022-07-25 06:27:52,9073.1,6936.09
2022-07-25 06:27:51,9077.37,6931.82
2022-07-25 06:27:50,9077.94,6931.25
2022-07-25 06:27:49,9079.59,6929.59
2022-07-25 06:27:48,9080.12,6929.07
2022-07-25 06:27:47,9091.99,6917.2
2022-07-25 06:27:46,9095.43,6913.76
2022-07-25 06:27:45,9095.32,6913.87
2022-07-25 06:27:44,9112.24,6896.95
2022-07-25 06:27:43,9114.21,6894.97
2022-07-25 06:27:42,9122.13,6887.06
2022-07-25 06:27:41,9159.14,6850.04
2022-07-25 06:27:40,9138.31,6870.87
2022-07-25 06:27:39,9138.3,6870.89
2022-07-25 06:27:38,9185.83,6823.36
2022-07-25 06:27:37,9186.19,6823
2022-07-25 06:27:36,9215.67,6793.52
2022-07-25 06:27:35,9283.55,6725.63
2022-07-25 06:27:34,9397.18,6612.01
2022-07-25 06:27:33,9464.25,6544.94
2022-07-25 06:27:32,9679.88,6329.3
2022-07-25 06:27:31,10368.4,5640.81
2022-07-25 06:27:30,10545.6,5463.57
2022-07-25 06:27:29,10727.7,5281.48
2022-07-25 06:27:28,11046.6,4962.64
2022-07-25 06:27:27,11241.4,4767.83
2022-07-25 06:27:26,11357.3,4651.86
2022-07-25 06:27:25,11563.3,4445.93
2022-07-25 06:27:24,11731.9,4277.24
2022-07-25 06:27:23,11254.5,4754.65
2022-07-25 06:27:22,8831.45,7177.73
2022-07-25 06:27:21,8832.57,7176.61
2022-07-25 06:27:20,8832.14,7177.05
2022-07-25 06:27:19,8833.53,7175.66
2022-07-25 06:27:18,8833.31,7175.88
2022-07-25 06:27:17,8833.1,7176.09
2022-07-25 06:27:16,8832.35,7176.84
2022-07-25 06:27:15,8830.98,7178.21
2022-07-25 06:27:14,8831.32,7177.86
2022-07-25 06:27:13,8831.45,7177.74
2022-07-25 06:27:12,8830.16,7179.03
2022-07-25 06:27:11,8831.35,7177.83
2022-07-25 06:27:10,8830.12,7179.07
2022-07-25 06:27:09,8827.17,7182.02
2022-07-25 06:27:08,8827.41,7181.78
2022-07-25 06:27:07,8827.1,7182.09
2022-07-25 06:27:06,8825.91,7183.28
2022-07-25 06:27:05,8825.43,7183.76
2022-07-25 06:27:04,8825.95,7183.23
2022-07-25 06:27:03,8826.46,7182.72
2022-07-25 06:27:02,8827.63,7181.56
2022-07-25 06:27:01,8827.54,7181.64
2022-07-25 06:27:00,8825.46,7183.73
2022-07-25 06:26:59,8827.07,7182.11
2022-07-25 06:26:58,8824.15,7185.04
2022-07-25 06:26:57,8823.64,7185.55
2022-07-25 06:26:56,8817.71,7191.48
2022-07-25 06:26:55,8818.43,7190.75
2022-07-25 06:26:54,8818.48,7190.71
2022-07-25 06:26:53,8819.17,7190.02
2022-07-25 06:26:52,8819.45,7189.74
2022-07-25 06:26:51,8815.66,7193.52
2022-07-25 06:26:50,8798.72,7210.47
2022-07-25 06:26:49,8800.14,7209.04
2022-07-25 06:26:48,8805.29,7203.9
2022-07-25 06:26:47,8927.87,7081.31
2022-07-25 06:26:46,9005.61,7003.58
2022-07-25 06:26:45,9577.37,6431.82
2022-07-25 06:26:44,9747.45,6261.73
2022-07-25 06:26:43,10003.3,6005.93
2022-07-25 06:26:42,10599,5410.23
2022-07-25 06:26:41,10916.2,5093.01
2022-07-25 06:26:40,11144.2,4864.96
2022-07-25 06:26:39,11273.2,4735.99
2022-07-25 06:26:38,11426.4,4582.75
2022-07-25 06:26:37,11547.1,4462.05
2022-07-25 06:26:36,11739.7,4269.53
2022-07-25 06:26:35,10796.2,5213.01
2022-07-25 06:26:34,10190.8,5818.4
2022-07-25 06:26:33,9071.8,6937.39
2022-07-25 06:26:32,9071.18,6938.01
2022-07-25 06:26:31,9074.15,6935.04
2022-07-25 06:26:30,9076.61,6932.58
2022-07-25 06:26:29,9076,6933.19
2022-07-25 06:26:28,9075.17,6934.02
2022-07-25 06:26:27,9082.18,6927.01
2022-07-25 06:26:26,9081.55,6927.64
2022-07-25 06:26:25,9082.76,6926.43
2022-07-25 06:26:24,9087.42,6921.77
2022-07-25 06:26:23,9087.02,6922.17
2022-07-25 06:26:22,9087.03,6922.16
2022-07-25 06:26:21,9092.1,6917.09
2022-07-25 06:26:20,9092.54,6916.64
2022-07-25 06:26:19,9093.59,6915.6
2022-07-25 06:26:18,9093.98,6915.21
2022-07-25 06:26:17,9102.48,6906.71
2022-07-25 06:26:16,9109.23,6899.95
2022-07-25 06:26:15,9118.76,6890.43
2022-07-25 06:26:14,9120.16,6889.02
2022-07-25 06:26:13,9118.93,6890.26
2022-07-25 06:26:12,9127.48,6881.7
2022-07-25 06:26:11,9126.79,6882.4
2022-07-25 06:26:10,9124.22,6884.97
2022-07-25 06:26:09,9157.6,6851.59
2022-07-25 06:26:08,9159.06,6850.12
2022-07-25 06:26:07,9167.65,6841.53
2022-07-25 06:26:06,9187.09,6822.1
2022-07-25 06:26:05,9188.5,6820.69
2022-07-25 06:26:04,9201.52,6807.67
2022-07-25 06:26:03,9222.13,6787.06
2022-07-25 06:26:02,9235.7,6773.49
2022-07-25 06:26:01,9237.42,6771.77
2022-07-25 06:26:00,9273.36,6735.83
2022-07-25 06:25:59,9304.53,6704.66
2022-07-25 06:25:58,9417.08,6592.11
2022-07-25 06:25:57,9680.39,6328.8
2022-07-25 06:25:56,9845.42,6163.77
2022-07-25 06:25:55,10461.4,5547.8
2022-07-25 06:25:54,10676.3,5332.87
2022-07-25 06:25:53,10797.7,5211.48
2022-07-25 06:25:52,11134.4,4874.78
2022-07-25 06:25:51,11253.2,4756.02
2022-07-25 06:25:50,11406.8,4602.41
2022-07-25 06:25:49,11583.1,4426.08
2022-07-25 06:25:48,11248.4,4760.75
2022-07-25 06:25:47,11376.8,4632.41
2022-07-25 06:25:46,9246.57,6762.62
2022-07-25 06:25:45,9250.63,6758.56
2022-07-25 06:25:44,9250.29,6758.9
2022-07-25 06:25:43,9253.07,6756.12
2022-07-25 06:25:42,9254.23,6754.96
2022-07-25 06:25:41,9255.91,6753.28
2022-07-25 06:25:40,9256.93,6752.26
2022-07-25 06:25:39,9257.86,6751.33
2022-07-25 06:25:38,9258.23,6750.95
2022-07-25 06:25:37,9260.11,6749.07
2022-07-25 06:25:36,9261.37,6747.82
2022-07-25 06:25:35,9264,6745.19
2022-07-25 06:25:34,9265.06,6744.12
2022-07-25 06:25:33,9267.54,6741.65
2022-07-25 06:25:32,9267.75,6741.44
2022-07-25 06:25:31,9280.75,6728.44
2022-07-25 06:25:30,9280.31,6728.88
2022-07-25 06:25:29,9282.47,6726.71
2022-07-25 06:25:28,9285.86,6723.33
2022-07-25 06:25:27,9301.43,6707.75
2022-07-25 06:25:26,9303.46,6705.72
2022-07-25 06:25:25,9312.21,6696.98
2022-07-25 06:25:24,9329.63,6679.56
2022-07-25 06:25:23,9328.73,6680.46
2022-07-25 06:25:22,9337.56,6671.63
2022-07-25 06:25:21,9364.09,6645.1
2022-07-25 06:25:20,9363.85,6645.34
2022-07-25 06:25:19,9398.83,6610.36
2022-07-25 06:25:18,9418.61,6590.58
2022-07-25 06:25:17,9420.32,6588.86
2022-07-25 06:25:16,9483.02,6526.17
2022-07-25 06:25:15,9485.2,6523.99
2022-07-25 06:25:14,9491.56,6517.63
2022-07-25 06:25:13,9559.43,6449.76
2022-07-25 06:25:12,9553.26,6455.93
2022-07-25 06:25:11,9626.52,6382.67
2022-07-25 06:25:10,9762.18,6247
2022-07-25 06:25:09,9979.23,6029.95
2022-07-25 06:25:08,10138.1,5871.07
2022-07-25 06:25:07,10348.8,5660.39
2022-07-25 06:25:06,10796.5,5212.73
2022-07-25 06:25:05,10900.5,5108.72
2022-07-25 06:25:04,11060,4949.22
2022-07-25 06:25:03,11164.8,4844.39
2022-07-25 06:25:02,11443.7,4565.46
2022-07-25 06:25:01,11632.2,4376.97
2022-07-25 06:25:00,11146.7,4862.44
2022-07-25 06:24:59,10072.1,5937.09
2022-07-25 06:24:58,9620.22,6388.96
2022-07-25 06:24:57,9661.94,6347.25
2022-07-25 06:24:56,9038.54,6970.65
2022-07-25 06:24:55,9039.9,6969.29
2022-07-25 06:24:54,9040,6969.18
2022-07-25 06:24:53,9040.26,6968.93
2022-07-25 06:24:52,9040.72,6968.46
2022-07-25 06:24:51,9042.54,6966.64
2022-07-25 06:24:50,9043.8,6965.38
2022-07-25 06:24:49,9044.02,6965.16
2022-07-25 06:24:48,9047.76,6961.43
2022-07-25 06:24:47,9048.68,6960.51
2022-07-25 06:24:46,9047.89,6961.3
2022-07-25 06:24:45,9049.24,6959.95
2022-07-25 06:24:44,9050.81,6958.38
2022-07-25 06:24:43,9051.32,6957.86
2022-07-25 06:24:42,9040.09,6969.1
2022-07-25 06:24:41,9043.1,6966.09
2022-07-25 06:24:40,9042.15,6967.04
2022-07-25 06:24:39,9054.71,6954.47
2022-07-25 06:24:38,9056.21,6952.98
2022-07-25 06:24:37,9057.05,6952.14
2022-07-25 06:24:36,9072.12,6937.06
2022-07-25 06:24:35,9071.24,6937.95
2022-07-25 06:24:34,9086.75,6922.43
2022-07-25 06:24:33,9103.71,6905.48
2022-07-25 06:24:32,9104.59,6904.6
2022-07-25 06:24:31,9129.15,6880.03
2022-07-25 06:24:30,9147.1,6862.09
2022-07-25 06:24:29,9148.29,6860.9
2022-07-25 06:24:28,9172.22,6836.97
2022-07-25 06:24:27,9194.59,6814.6
2022-07-25 06:24:26,9224.08,6785.11
2022-07-25 06:24:25,9226.46,6782.73
2022-07-25 06:24:24,9245.64,6763.54
2022-07-25 06:24:23,9341.79,6667.4
2022-07-25 06:24:22,9397.48,6611.71
2022-07-25 06:24:21,9637.79,6371.39
2022-07-25 06:24:20,10051.6,5957.57
2022-07-25 06:24:19,10267.8,5741.39
2022-07-25 06:24:18,10612.9,5396.24
2022-07-25 06:24:17,10710.8,5298.36
2022-07-25 06:24:16,11080.7,4928.44
2022-07-25 06:24:15,11260.4,4748.74
2022-07-25 06:24:14,11460.2,4548.94
2022-07-25 06:24:13,11601.9,4407.29
2022-07-25 06:24:12,11242.8,4766.34
2022-07-25 06:24:11,10358.2,5651
2022-07-25 06:24:10,9767.7,6241.49
2022-07-25 06:24:09,9144.55,6864.64
2022-07-25 06:24:08,9146.38,6862.8
2022-07-25 06:24:07,9147.88,6861.31
2022-07-25 06:24:06,9150.73,6858.46
2022-07-25 06:24:05,9151.07,6858.12
2022-07-25 06:24:04,9152.03,6857.16
2022-07-25 06:24:03,9153.33,6855.86
2022-07-25 06:24:02,9154.36,6854.82
2022-07-25 06:24:01,9157.51,6851.68
2022-07-25 06:24:00,9156.55,6852.63
2022-07-25 06:23:59,9160.51,6848.68
2022-07-25 06:23:58,9160.22,6848.97
2022-07-25 06:23:57,9163.82,6845.36
2022-07-25 06:23:56,9163.8,6845.39
2022-07-25 06:23:55,9166.08,6843.11
2022-07-25 06:23:54,9165.47,6843.72
2022-07-25 06:23:53,9166.79,6842.4
2022-07-25 06:23:52,9177.08,6832.11
2022-07-25 06:23:51,9178.23,6830.96
2022-07-25 06:23:50,9183.5,6825.69
2022-07-25 06:23:49,9182.05,6827.14
2022-07-25 06:23:48,9204.58,6804.61
2022-07-25 06:23:47,9222.67,6786.52
2022-07-25 06:23:46,9223.62,6785.57
2022-07-25 06:23:45,9238.7,6770.48
2022-07-25 06:23:44,9255.62,6753.56
2022-07-25 06:23:43,9257.61,6751.57
2022-07-25 06:23:42,9276.39,6732.8
2022-07-25 06:23:41,9290.05,6719.14
2022-07-25 06:23:40,9307.1,6702.09
2022-07-25 06:23:39,9307.95,6701.23
2022-07-25 06:23:38,9345.3,6663.89
2022-07-25 06:23:37,9404.15,6605.04
2022-07-25 06:23:36,9406.75,6602.43
2022-07-25 06:23:35,9489.46,6519.73
2022-07-25 06:23:34,9592.44,6416.74
2022-07-25 06:23:33,9786.02,6223.16
2022-07-25 06:23:32,9995.37,6013.82
2022-07-25 06:23:31,10207.8,5801.34
2022-07-25 06:23:30,10606.7,5402.48
2022-07-25 06:23:29,10722.3,5286.87
2022-07-25 06:23:28,10855,5154.16
2022-07-25 06:23:27,11132.8,4876.39
2022-07-25 06:23:26,11383.7,4625.5
2022-07-25 06:23:25,11557.3,4451.87
2022-07-25 06:23:24,11122.4,4886.75
2022-07-25 06:23:23,10055,5954.19
2022-07-25 06:23:22,9483.79,6525.4
2022-07-25 06:23:21,9530.54,6478.64
2022-07-25 06:23:20,8914.11,7095.07
2022-07-25 06:23:19,8914.11,7095.08
2022-07-25 06:23:18,8915.8,7093.39
2022-07-25 06:23:17,8915.69,7093.5
2022-07-25 06:23:16,8916.07,7093.12
2022-07-25 06:23:15,8916.16,7093.03
2022-07-25 06:23:14,8916.4,7092.79
2022-07-25 06:23:13,8916.2,7092.99
2022-07-25 06:23:12,8916.48,7092.7
2022-07-25 06:23:11,8916.41,7092.78
2022-07-25 06:23:10,8916.61,7092.57
2022-07-25 06:23:09,8916.96,7092.23
2022-07-25 06:23:08,8917.72,7091.47
2022-07-25 06:23:07,8918.25,7090.94
2022-07-25 06:23:06,8917.9,7091.29
2022-07-25 06:23:05,8917.92,7091.27
2022-07-25 06:23:04,8918.46,7090.73
2022-07-25 06:23:03,8919.31,7089.88
2022-07-25 06:23:02,8919.04,7090.14
2022-07-25 06:23:01,8929.67,7079.52
2022-07-25 06:23:00,8930.56,7078.63
2022-07-25 06:22:59,8931.09,7078.1
2022-07-25 06:22:58,8951.34,7057.85
2022-07-25 06:22:57,8951.02,7058.17
2022-07-25 06:22:56,8950.63,7058.55
2022-07-25 06:22:55,8951.85,7057.34
2022-07-25 06:22:54,8973.11,7036.08
2022-07-25 06:22:53,8973.09,7036.1
2022-07-25 06:22:52,8974.61,7034.57
2022-07-25 06:22:51,8990.44,7018.75
2022-07-25 06:22:50,8976.86,7032.33
2022-07-25 06:22:49,9004.54,7004.65
2022-07-25 06:22:48,9002.56,7006.62
2022-07-25 06:22:47,9068.23,6940.96
2022-07-25 06:22:46,9150.22,6858.97
2022-07-25 06:22:45,9421.31,6587.88
2022-07-25 06:22:44,9705.57,6303.61
2022-07-25 06:22:43,10066.7,5942.48
2022-07-25 06:22:42,10314.3,5694.87
2022-07-25 06:22:41,10648.3,5360.84
2022-07-25 06:22:40,10800,5209.22
2022-07-25 06:22:39,11159.8,4849.43
2022-07-25 06:22:38,11318.3,4690.89
2022-07-25 06:22:37,11545.6,4463.55
2022-07-25 06:22:36,11227.7,4781.47
2022-07-25 06:22:35,10821.8,5187.41
2022-07-25 06:22:34,10395.4,5613.79
2022-07-25 06:22:33,9289.34,6719.84
2022-07-25 06:22:32,9289.72,6719.47
2022-07-25 06:22:31,9290.12,6719.06
2022-07-25 06:22:30,9294.75,6714.43
2022-07-25 06:22:29,9296.88,6712.3
2022-07-25 06:22:28,9296.99,6712.2
2022-07-25 06:22:27,9300.17,6709.02
2022-07-25 06:22:26,9302.84,6706.34
2022-07-25 06:22:25,9303.39,6705.8
2022-07-25 06:22:24,9305.83,6703.36
2022-07-25 06:22:23,9308.88,6700.31
2022-07-25 06:22:22,9310.96,6698.23
2022-07-25 06:22:21,9313.59,6695.59
2022-07-25 06:22:20,9319.72,6689.47
2022-07-25 06:22:19,9322.75,6686.44
2022-07-25 06:22:18,9324.98,6684.21
2022-07-25 06:22:17,9329.77,6679.42
2022-07-25 06:22:16,9332.88,6676.31
2022-07-25 06:22:15,9334.34,6674.85
2022-07-25 06:22:14,9340.24,6668.95
2022-07-25 06:22:13,9342.35,6666.84
2022-07-25 06:22:12,9346.67,6662.52
2022-07-25 06:22:11,9347.36,6661.83
2022-07-25 06:22:10,9349,6660.19
2022-07-25 06:22:09,9355.59,6653.6
2022-07-25 06:22:08,9355.61,6653.57
2022-07-25 06:22:07,9376.26,6632.93
2022-07-25 06:22:06,9386.42,6622.77
2022-07-25 06:22:05,9392.57,6616.62
2022-07-25 06:22:04,9442.55,6566.64
2022-07-25 06:22:03,9468.33,6540.86
2022-07-25 06:22:02,9474.3,6534.89
2022-07-25 06:22:01,9538.23,6470.96
2022-07-25 06:22:00,9568.64,6440.54
2022-07-25 06:21:59,9581,6428.19
2022-07-25 06:21:58,9740.66,6268.53
2022-07-25 06:21:57,9794.45,6214.73
2022-07-25 06:21:56,9977.87,6031.32
2022-07-25 06:21:55,10383.4,5625.79
2022-07-25 06:21:54,10718.1,5291.06
2022-07-25 06:21:53,10924.6,5084.57
2022-07-25 06:21:52,10987.5,5021.7
2022-07-25 06:21:51,11122.3,4886.87
2022-07-25 06:21:50,11330.3,4678.85
2022-07-25 06:21:49,11533.2,4475.95
2022-07-25 06:21:48,11696.5,4312.69
2022-07-25 06:21:47,10710.7,5298.51
2022-07-25 06:21:46,9747.09,6262.09
2022-07-25 06:21:45,9151.05,6858.14
2022-07-25 06:21:44,9153.29,6855.89
2022-07-25 06:21:43,9154.47,6854.72
2022-07-25 06:21:42,9155.45,6853.74
2022-07-25 06:21:41,9158.09,6851.1
2022-07-25 06:21:40,9158.79,6850.4
2022-07-25 06:21:39,9160.76,6848.43
2022-07-25 06:21:38,9159.58,6849.61
2022-07-25 06:21:37,9167.05,6842.14
2022-07-25 06:21:36,9166.44,6842.75
2022-07-25 06:21:35,9167.84,6841.34
2022-07-25 06:21:34,9174.27,6834.92
2022-07-25 06:21:33,9176.46,6832.73
2022-07-25 06:21:32,9177.58,6831.61
2022-07-25 06:21:31,9189,6820.18
2022-07-25 06:21:30,9190.58,6818.61
2022-07-25 06:21:29,9193.21,6815.98
2022-07-25 06:21:28,9193.96,6815.23
2022-07-25 06:21:27,9204.63,6804.56
2022-07-25 06:21:26,9215.71,6793.48
2022-07-25 06:21:25,9214.75,6794.43
2022-07-25 06:21:24,9226.52,6782.66
2022-07-25 06:21:23,9240.36,6768.82
2022-07-25 06:21:22,9243.18,6766.01
2022-07-25 06:21:21,9257.81,6751.38
2022-07-25 06:21:20,9274.51,6734.68
2022-07-25 06:21:19,9274.7,6734.48
2022-07-25 06:21:18,9304.48,6704.7
2022-07-25 06:21:17,9322.75,6686.43
2022-07-25 06:21:16,9329.37,6679.82
2022-07-25 06:21:15,9362.75,6646.44
2022-07-25 06:21:14,9374.15,6635.04
2022-07-25 06:21:13,9411.85,6597.34
2022-07-25 06:21:12,9431.62,6577.57
2022-07-25 06:21:11,9509.99,6499.2
2022-07-25 06:21:10,9570.45,6438.74
2022-07-25 06:21:09,9713.91,6295.28
2022-07-25 06:21:08,9884.38,6124.8
2022-07-25 06:21:07,10295.7,5713.52
2022-07-25 06:21:06,10452.2,5556.96
2022-07-25 06:21:05,10567.5,5441.66
2022-07-25 06:21:04,10779.1,5230.11
2022-07-25 06:21:03,10903.6,5105.57
2022-07-25 06:21:02,11285.9,4723.31
2022-07-25 06:21:01,11472.1,4537.11
2022-07-25 06:21:00,11026.3,4982.87
2022-07-25 06:20:59,10618.6,5390.55
2022-07-25 06:20:58,10180.9,5828.28
2022-07-25 06:20:57,10125.3,5883.92
2022-07-25 06:20:56,9752.23,6256.96
2022-07-25 06:20:55,9238.15,6771.04
2022-07-25 06:20:54,9238.97,6770.22
2022-07-25 06:20:53,9240.05,6769.13
2022-07-25 06:20:52,9241.99,6767.19
2022-07-25 06:20:51,9243.38,6765.8
2022-07-25 06:20:50,9243.22,6765.97
2022-07-25 06:20:49,9244,6765.19
2022-07-25 06:20:48,9250.36,6758.82
2022-07-25 06:20:47,9251.5,6757.69
2022-07-25 06:20:46,9251.39,6757.8
2022-07-25 06:20:45,9253.32,6755.87
2022-07-25 06:20:44,9257.66,6751.53
2022-07-25 06:20:43,9259.49,6749.7
2022-07-25 06:20:42,9262.41,6746.78
2022-07-25 06:20:41,9265.38,6743.8
2022-07-25 06:20:40,9265.86,6743.33
2022-07-25 06:20:39,9268.26,6740.93
2022-07-25 06:20:38,9269.59,6739.6
2022-07-25 06:20:37,9270.94,6738.25
2022-07-25 06:20:36,9274.68,6734.5
2022-07-25 06:20:35,9288.37,6720.81
2022-07-25 06:20:34,9320.35,6688.84
2022-07-25 06:20:33,9321.54,6687.64
2022-07-25 06:20:32,9344.43,6664.76
2022-07-25 06:20:31,9377.58,6631.61
2022-07-25 06:20:30,9384.34,6624.85
2022-07-25 06:20:29,9383.7,6625.48
2022-07-25 06:20:28,9443.83,6565.36
2022-07-25 06:20:27,9443.29,6565.9
2022-07-25 06:20:26,9455.17,6554.02
2022-07-25 06:20:25,9508.54,6500.65
2022-07-25 06:20:24,9535.86,6473.33
2022-07-25 06:20:23,9654.95,6354.24
2022-07-25 06:20:22,9954.61,6054.58
2022-07-25 06:20:21,10090.8,5918.34
2022-07-25 06:20:20,10474,5535.15
2022-07-25 06:20:19,10593,5416.18
2022-07-25 06:20:18,10723.8,5285.37
2022-07-25 06:20:17,10829.6,5179.62
2022-07-25 06:20:16,11040.4,4968.82
2022-07-25 06:20:15,11187.6,4821.59
2022-07-25 06:20:14,10865.1,5144.08
2022-07-25 06:20:13,10949.9,5059.28
2022-07-25 06:20:12,9944.54,6064.65
2022-07-25 06:20:11,10004.4,6004.79
2022-07-25 06:20:10,10058.1,5951.12
2022-07-25 06:20:09,9577.38,6431.8
2022-07-25 06:20:08,9622.27,6386.92
2022-07-25 06:20:07,9659.64,6349.54
2022-07-25 06:20:06,9140.76,6868.43
2022-07-25 06:20:05,9141.85,6867.34
2022-07-25 06:20:04,9145.02,6864.17
2022-07-25 06:20:03,9144.85,6864.34
2022-07-25 06:20:02,9144.79,6864.4
2022-07-25 06:20:01,9144.29,6864.9
2022-07-25 06:20:00,9147.67,6861.52
2022-07-25 06:19:59,9147.4,6861.78
2022-07-25 06:19:58,9151.54,6857.65
2022-07-25 06:19:57,9150.6,6858.59
2022-07-25 06:19:56,9152.79,6856.4
2022-07-25 06:19:55,9156.09,6853.1
2022-07-25 06:19:54,9158.75,6850.44
2022-07-25 06:19:53,9159.11,6850.07
2022-07-25 06:19:52,9176.54,6832.65
2022-07-25 06:19:51,9175.98,6833.21
2022-07-25 06:19:50,9179.2,6829.99
2022-07-25 06:19:49,9194.45,6814.73
2022-07-25 06:19:48,9195.32,6813.87
2022-07-25 06:19:47,9199.28,6809.91
2022-07-25 06:19:46,9214.8,6794.39
2022-07-25 06:19:45,9215.26,6793.93
2022-07-25 06:19:44,9217.26,6791.93
2022-07-25 06:19:43,9238.86,6770.32
2022-07-25 06:19:42,9240.28,6768.91
2022-07-25 06:19:41,9241.04,6768.15
2022-07-25 06:19:40,9280.73,6728.46
2022-07-25 06:19:39,9295.7,6713.49
2022-07-25 06:19:38,9296.08,6713.11
2022-07-25 06:19:37,9391.02,6618.17
2022-07-25 06:19:36,9486.34,6522.85
2022-07-25 06:19:35,9724.27,6284.92
2022-07-25 06:19:34,10009.5,5999.64
2022-07-25 06:19:33,10155.8,5853.36
2022-07-25 06:19:32,10553.6,5455.63
2022-07-25 06:19:31,10712.6,5296.61
2022-07-25 06:19:30,10797.9,5211.27
2022-07-25 06:19:29,11046.9,4962.34
2022-07-25 06:19:28,11203.5,4805.69
2022-07-25 06:19:27,10876.6,5132.57
2022-07-25 06:19:26,10428.3,5580.92
2022-07-25 06:19:25,9993.54,6015.65
2022-07-25 06:19:24,10118.1,5891.11
2022-07-25 06:19:23,10154.9,5854.33
2022-07-25 06:19:22,9657.64,6351.55
2022-07-25 06:19:21,9707.52,6301.67
2022-07-25 06:19:20,9760.22,6248.97
2022-07-25 06:19:19,9162.64,6846.55
2022-07-25 06:19:18,9165.77,6843.41
2022-07-25 06:19:17,9166.04,6843.15
2022-07-25 06:19:16,9169.68,6839.51
2022-07-25 06:19:15,9169.03,6840.16
2022-07-25 06:19:14,9170.78,6838.41
2022-07-25 06:19:13,9171.95,6837.24
2022-07-25 06:19:12,9176.34,6832.85
2022-07-25 06:19:11,9178.01,6831.18
2022-07-25 06:19:10,9176.12,6833.07
2022-07-25 06:19:09,9178.7,6830.48
2022-07-25 06:19:08,9183.25,6825.94
2022-07-25 06:19:07,9182.41,6826.78
2022-07-25 06:19:06,9185.91,6823.28
2022-07-25 06:19:05,9185.94,6823.25
2022-07-25 06:19:04,9187.13,6822.06
2022-07-25 06:19:03,9195.07,6814.11
2022-07-25 06:19:02,9196.68,6812.51
2022-07-25 06:19:01,9196.34,6812.84
2022-07-25 06:19:00,9208.85,6800.34
2022-07-25 06:18:59,9210.05,6799.14
2022-07-25 06:18:58,9211.49,6797.7
2022-07-25 06:18:57,9233.2,6775.98
2022-07-25 06:18:56,9233.94,6775.25
2022-07-25 06:18:55,9234.54,6774.64
2022-07-25 06:18:54,9290.34,6718.85
2022-07-25 06:18:53,9284.03,6725.16
2022-07-25 06:18:52,9288.71,6720.48
2022-07-25 06:18:51,9376,6633.19
2022-07-25 06:18:50,9377.84,6631.35
2022-07-25 06:18:49,9442.35,6566.84
2022-07-25 06:18:48,9498.04,6511.15
2022-07-25 06:18:47,9579.23,6429.95
2022-07-25 06:18:46,10084,5925.21
2022-07-25 06:18:45,10310.6,5698.57
2022-07-25 06:18:44,10420.2,5589.03
2022-07-25 06:18:43,10538,5471.19
2022-07-25 06:18:42,10635.7,5373.51
2022-07-25 06:18:41,10870.7,5138.46
2022-07-25 06:18:40,11009.8,4999.35
2022-07-25 06:18:39,11188.5,4820.7
2022-07-25 06:18:38,11575.4,4433.79
2022-07-25 06:18:37,10016.1,5993.05
2022-07-25 06:18:36,10096.6,5912.63
2022-07-25 06:18:35,10163.5,5845.68
2022-07-25 06:18:34,9593.38,6415.81
2022-07-25 06:18:33,9635.35,6373.84
2022-07-25 06:18:32,9117.23,6891.96
2022-07-25 06:18:31,9118.95,6890.23
2022-07-25 06:18:30,9119,6890.19
2022-07-25 06:18:29,9121.41,6887.77
2022-07-25 06:18:28,9122,6887.19
2022-07-25 06:18:27,9123.18,6886
2022-07-25 06:18:26,9123.27,6885.92
2022-07-25 06:18:25,9127.87,6881.32
2022-07-25 06:18:24,9127.99,6881.2
2022-07-25 06:18:23,9128.61,6880.58
2022-07-25 06:18:22,9127.6,6881.59
2022-07-25 06:18:21,9134.17,6875.02
2022-07-25 06:18:20,9134.14,6875.04
2022-07-25 06:18:19,9133.99,6875.2
2022-07-25 06:18:18,9142.92,6866.27
2022-07-25 06:18:17,9145.12,6864.07
2022-07-25 06:18:16,9145.14,6864.05
2022-07-25 06:18:15,9146.05,6863.14
2022-07-25 06:18:14,9153.25,6855.94
2022-07-25 06:18:13,9154.02,6855.17
2022-07-25 06:18:12,9155.98,6853.21
2022-07-25 06:18:11,9175.13,6834.06
2022-07-25 06:18:10,9177.16,6832.02
2022-07-25 06:18:09,9178.57,6830.62
2022-07-25 06:18:08,9185.93,6823.26
2022-07-25 06:18:07,9230.46,6778.73
2022-07-25 06:18:06,9241.27,6767.92
2022-07-25 06:18:05,9242.75,6766.44
2022-07-25 06:18:04,9300.78,6708.41
2022-07-25 06:18:03,9329.03,6680.16
2022-07-25 06:18:02,9334.76,6674.43
2022-07-25 06:18:01,9418.82,6590.36
2022-07-25 06:18:00,9484.91,6524.28
2022-07-25 06:17:59,9667.47,6341.71
2022-07-25 06:17:58,9900.89,6108.29
2022-07-25 06:17:57,9997.89,6011.3
2022-07-25 06:17:56,10083.5,5925.73
2022-07-25 06:17:55,10369.9,5639.25
2022-07-25 06:17:54,10581.1,5428.06
2022-07-25 06:17:53,10944.1,5065.08
2022-07-25 06:17:52,11164.2,4844.94
2022-07-25 06:17:51,10961.4,5047.8
2022-07-25 06:17:50,10484,5525.19
2022-07-25 06:17:49,10592.8,5416.38
2022-07-25 06:17:48,10695.7,5313.52
2022-07-25 06:17:47,10811.8,5197.39
2022-07-25 06:17:46,10378.7,5630.47
2022-07-25 06:17:45,9143.23,6865.96
2022-07-25 06:17:44,9146.03,6863.16
2022-07-25 06:17:43,9146.07,6863.12
2022-07-25 06:17:42,9145.45,6863.73
2022-07-25 06:17:41,9149.82,6859.36
2022-07-25 06:17:40,9149.95,6859.23
2022-07-25 06:17:39,9150.49,6858.7
2022-07-25 06:17:38,9154.08,6855.11
2022-07-25 06:17:37,9156.53,6852.66
2022-07-25 06:17:36,9157.14,6852.05
2022-07-25 06:17:35,9157.22,6851.97
2022-07-25 06:17:34,9159.91,6849.28
2022-07-25 06:17:33,9162.02,6847.17
2022-07-25 06:17:32,9163.18,6846
2022-07-25 06:17:31,9164.98,6844.2
2022-07-25 06:17:30,9167.66,6841.53
2022-07-25 06:17:29,9166.05,6843.14
2022-07-25 06:17:28,9168.71,6840.48
2022-07-25 06:17:27,9168.93,6840.26
2022-07-25 06:17:26,9182.16,6827.03
2022-07-25 06:17:25,9186.61,6822.57
2022-07-25 06:17:24,9186.61,6822.58
2022-07-25 06:17:23,9202.83,6806.36
2022-07-25 06:17:22,9203.67,6805.52
2022-07-25 06:17:21,9216.11,6793.08
2022-07-25 06:17:20,9228.38,6780.81
2022-07-25 06:17:19,9247,6762.19
2022-07-25 06:17:18,9263.96,6745.22
2022-07-25 06:17:17,9290.73,6718.46
2022-07-25 06:17:16,9328.76,6680.43
2022-07-25 06:17:15,9348.07,6661.12
2022-07-25 06:17:14,9393.75,6615.44
2022-07-25 06:17:13,9445.17,6564.02
2022-07-25 06:17:12,9628.79,6380.4
2022-07-25 06:17:11,9697.02,6312.17
2022-07-25 06:17:10,9785.42,6223.77
2022-07-25 06:17:09,9864.48,6144.7
2022-07-25 06:17:08,10025.7,5983.5
2022-07-25 06:17:07,10428.1,5581.12
2022-07-25 06:17:06,10709.3,5299.89
2022-07-25 06:17:05,10890,5119.22
2022-07-25 06:17:04,11264.1,4745.12
2022-07-25 06:17:03,10928.4,5080.79
2022-07-25 06:17:02,11017.2,4991.97
2022-07-25 06:17:01,11170.2,4838.97
2022-07-25 06:17:00,11300.2,4708.97
2022-07-25 06:16:59,9556.87,6452.32
2022-07-25 06:16:58,8984.04,7025.14
2022-07-25 06:16:57,8985.66,7023.53
2022-07-25 06:16:56,8985.4,7023.78
2022-07-25 06:16:55,8988.29,7020.89
2022-07-25 06:16:54,8987,7022.19
2022-07-25 06:16:53,8984.62,7024.57
2022-07-25 06:16:52,8986.45,7022.73
2022-07-25 06:16:51,8986.99,7022.2
2022-07-25 06:16:50,8985.81,7023.38
2022-07-25 06:16:49,8985.36,7023.83
2022-07-25 06:16:48,8986.79,7022.4
2022-07-25 06:16:47,8986.46,7022.73
2022-07-25 06:16:46,8986.41,7022.78
2022-07-25 06:16:45,8987.32,7021.87
2022-07-25 06:16:44,8986.84,7022.35
2022-07-25 06:16:43,8986.29,7022.9
2022-07-25 06:16:42,8987.8,7021.39
2022-07-25 06:16:41,8988.42,7020.77
2022-07-25 06:16:40,8988.91,7020.27
2022-07-25 06:16:39,8988.93,7020.25
2022-07-25 06:16:38,9001.23,7007.95
2022-07-25 06:16:37,9003.61,7005.57
2022-07-25 06:16:36,9004.41,7004.77
2022-07-25 06:16:35,9019.48,6989.71
2022-07-25 06:16:34,9018.33,6990.86
2022-07-25 06:16:33,9019.27,6989.92
2022-07-25 06:16:32,9038.6,6970.59
2022-07-25 06:16:31,9039.53,6969.65
2022-07-25 06:16:30,9041.48,6967.71
2022-07-25 06:16:29,9063.54,6945.65
2022-07-25 06:16:28,9063.29,6945.89
2022-07-25 06:16:27,9094.06,6915.13
2022-07-25 06:16:26,9085,6924.19
2022-07-25 06:16:25,9143.09,6866.1
2022-07-25 06:16:24,9292.18,6717.01
2022-07-25 06:16:23,9346.78,6662.41
2022-07-25 06:16:22,9456.94,6552.25
2022-07-25 06:16:21,9526.92,6482.27
2022-07-25 06:16:20,9888.2,6120.99
2022-07-25 06:16:19,10341.4,5667.8
2022-07-25 06:16:18,10681.7,5327.48
2022-07-25 06:16:17,11121.3,4887.86
2022-07-25 06:16:16,10683.1,5326.12
2022-07-25 06:16:15,10823.2,5186
2022-07-25 06:16:14,10900.9,5108.3
2022-07-25 06:16:13,11035.9,4973.27
2022-07-25 06:16:12,10670,5339.18
2022-07-25 06:16:11,9753.31,6255.87
2022-07-25 06:16:10,9267.74,6741.45
2022-07-25 06:16:09,9267.62,6741.57
2022-07-25 06:16:08,9271.34,6737.84
2022-07-25 06:16:07,9274.44,6734.75
2022-07-25 06:16:06,9276.48,6732.71
2022-07-25 06:16:05,9276.32,6732.87
2022-07-25 06:16:04,9279.71,6729.47
2022-07-25 06:16:03,9283.53,6725.66
2022-07-25 06:16:02,9283.48,6725.7
2022-07-25 06:16:01,9295.66,6713.53
2022-07-25 06:16:00,9294.85,6714.34
2022-07-25 06:15:59,9300.73,6708.45
2022-07-25 06:15:58,9300.95,6708.23
2022-07-25 06:15:57,9315.93,6693.26
2022-07-25 06:15:56,9322.37,6686.82
2022-07-25 06:15:55,9325.58,6683.61
2022-07-25 06:15:54,9334.17,6675.02
2022-07-25 06:15:53,9345.78,6663.4
2022-07-25 06:15:52,9347.69,6661.49
2022-07-25 06:15:51,9357.93,6651.26
2022-07-25 06:15:50,9374.09,6635.1
2022-07-25 06:15:49,9376,6633.18
2022-07-25 06:15:48,9375.85,6633.33
2022-07-25 06:15:47,9403.21,6605.97
2022-07-25 06:15:46,9406.62,6602.57
2022-07-25 06:15:45,9416.96,6592.23
2022-07-25 06:15:44,9439.69,6569.5
2022-07-25 06:15:43,9442.39,6566.8
2022-07-25 06:15:42,9456.59,6552.59
2022-07-25 06:15:41,9482.66,6526.52
2022-07-25 06:15:40,9526.4,6482.78
2022-07-25 06:15:39,9551.05,6458.14
2022-07-25 06:15:38,9843.38,6165.81
2022-07-25 06:15:37,9964.48,6044.7
2022-07-25 06:15:36,10067.9,5941.3
2022-07-25 06:15:35,10118.4,5890.79
2022-07-25 06:15:34,10215.2,5793.96
2022-07-25 06:15:33,10320.1,5689.11
2022-07-25 06:15:32,10422.4,5586.83
2022-07-25 06:15:31,10863.5,5145.73
2022-07-25 06:15:30,10549.1,5460.11
2022-07-25 06:15:29,10607.5,5401.69
2022-07-25 06:15:28,10691.1,5318.07
2022-07-25 06:15:27,10882.1,5127.06
2022-07-25 06:15:26,11028.1,4981.12
2022-07-25 06:15:25,11150.6,4858.6
2022-07-25 06:15:24,11307.3,4701.84
2022-07-25 06:15:23,10227,5782.22
2022-07-25 06:15:22,9755.04,6254.15
2022-07-25 06:15:21,9151.2,6857.98
2022-07-25 06:15:20,9153.13,6856.06
2022-07-25 06:15:19,9153.46,6855.73
2022-07-25 06:15:18,9155.95,6853.24
2022-07-25 06:15:17,9155.98,6853.21
2022-07-25 06:15:16,9157.72,6851.47
2022-07-25 06:15:15,9160.61,6848.58
2022-07-25 06:15:14,9160.54,6848.65
2022-07-25 06:15:13,9160.82,6848.37
2022-07-25 06:15:12,9161.92,6847.27
2022-07-25 06:15:11,9164.84,6844.35
2022-07-25 06:15:10,9165.88,6843.31
2022-07-25 06:15:09,9167.08,6842.11
2022-07-25 06:15:08,9170.7,6838.48
2022-07-25 06:15:07,9174.03,6835.16
2022-07-25 06:15:06,9175.78,6833.41
2022-07-25 06:15:05,9177.58,6831.61
2022-07-25 06:15:04,9179.47,6829.72
2022-07-25 06:15:03,9180.34,6828.84
2022-07-25 06:15:02,9197.46,6811.73
2022-07-25 06:15:01,9203.74,6805.45
2022-07-25 06:15:00,9212.18,6797.01
2022-07-25 06:14:59,9227.75,6781.44
2022-07-25 06:14:58,9243.9,6765.29
2022-07-25 06:14:57,9260.71,6748.48
2022-07-25 06:14:56,9259.9,6749.28
2022-07-25 06:14:55,9299.5,6709.69
2022-07-25 06:14:54,9302.32,6706.87
2022-07-25 06:14:53,9347.24,6661.95
2022-07-25 06:14:52,9366.94,6642.25
2022-07-25 06:14:51,9369.57,6639.62
2022-07-25 06:14:50,9443.66,6565.53
2022-07-25 06:14:49,9496.99,6512.2
2022-07-25 06:14:48,9668.07,6341.12
2022-07-25 06:14:47,9697.51,6311.68
2022-07-25 06:14:46,9840.25,6168.94
2022-07-25 06:14:45,9895.86,6113.33
2022-07-25 06:14:44,10138,5871.21
2022-07-25 06:14:43,10509.6,5499.58
2022-07-25 06:14:42,10640.1,5369.11
2022-07-25 06:14:41,10154.2,5854.94
2022-07-25 06:14:40,10607.2,5402.03
2022-07-25 06:14:39,10735.9,5273.29
2022-07-25 06:14:38,10881,5128.15
2022-07-25 06:14:37,11011.3,4997.86
2022-07-25 06:14:36,10576.9,5432.32
2022-07-25 06:14:35,10153.7,5855.51
2022-07-25 06:14:34,10256.4,5752.81
2022-07-25 06:14:33,9233.34,6775.85
2022-07-25 06:14:32,9233.73,6775.45
2022-07-25 06:14:31,9235.71,6773.48
2022-07-25 06:14:30,9238.11,6771.07
2022-07-25 06:14:29,9238.69,6770.49
2022-07-25 06:14:28,9239.54,6769.65
2022-07-25 06:14:27,9239.72,6769.47
2022-07-25 06:14:26,9245.2,6763.99
2022-07-25 06:14:25,9246.77,6762.42
2022-07-25 06:14:24,9247.14,6762.05
2022-07-25 06:14:23,9248.06,6761.13
2022-07-25 06:14:22,9250.08,6759.11
2022-07-25 06:14:21,9251.23,6757.96
2022-07-25 06:14:20,9254.45,6754.74
2022-07-25 06:14:19,9256.44,6752.75
2022-07-25 06:14:18,9259.65,6749.54
2022-07-25 06:14:17,9260.36,6748.83
2022-07-25 06:14:16,9268.16,6741.02
2022-07-25 06:14:15,9273.12,6736.07
2022-07-25 06:14:14,9274.66,6734.52
2022-07-25 06:14:13,9287.57,6721.61
2022-07-25 06:14:12,9287.15,6722.04
2022-07-25 06:14:11,9297.87,6711.32
2022-07-25 06:14:10,9309.63,6699.56
2022-07-25 06:14:09,9312.99,6696.2
2022-07-25 06:14:08,9329.1,6680.09
2022-07-25 06:14:07,9343.15,6666.03
2022-07-25 06:14:06,9346.28,6662.91
2022-07-25 06:14:05,9364.94,6644.24
2022-07-25 06:14:04,9383.56,6625.63
2022-07-25 06:14:03,9385.79,6623.39
2022-07-25 06:14:02,9458.21,6550.98
2022-07-25 06:14:01,9476.04,6533.15
2022-07-25 06:14:00,9730.13,6279.06
2022-07-25 06:13:59,9937.11,6072.07
2022-07-25 06:13:58,10068.9,5940.25
2022-07-25 06:13:57,10231.6,5777.57
2022-07-25 06:13:56,10514.9,5494.33
2022-07-25 06:13:55,10713.4,5295.8
2022-07-25 06:13:54,10787.6,5221.59
2022-07-25 06:13:53,10910.1,5099.12
2022-07-25 06:13:52,11159.2,4849.96
2022-07-25 06:13:51,10732.8,5276.38
2022-07-25 06:13:50,10854.6,5154.55
2022-07-25 06:13:49,9910.04,6099.15
2022-07-25 06:13:48,10009,6000.18
2022-07-25 06:13:47,10074.9,5934.3
2022-07-25 06:13:46,10103.7,5905.45
2022-07-25 06:13:45,9662.57,6346.61
2022-07-25 06:13:44,9716.32,6292.87
2022-07-25 06:13:43,9198.32,6810.87
2022-07-25 06:13:42,9198.23,6810.96
2022-07-25 06:13:41,9201.06,6808.12
2022-07-25 06:13:40,9206.86,6802.33
2022-07-25 06:13:39,9206.95,6802.23
2022-07-25 06:13:38,9207.15,6802.04
2022-07-25 06:13:37,9212.34,6796.85
2022-07-25 06:13:36,9213.06,6796.13
2022-07-25 06:13:35,9212.28,6796.91
2022-07-25 06:13:34,9219.09,6790.1
2022-07-25 06:13:33,9221.53,6787.65
2022-07-25 06:13:32,9220.98,6788.21
2022-07-25 06:13:31,9223.73,6785.45
2022-07-25 06:13:30,9232.79,6776.39
2022-07-25 06:13:29,9233.51,6775.68
2022-07-25 06:13:28,9234.48,6774.7
2022-07-25 06:13:27,9246.07,6763.12
2022-07-25 06:13:26,9247,6762.19
2022-07-25 06:13:25,9249.76,6759.43
2022-07-25 06:13:24,9267.1,6742.09
2022-07-25 06:13:23,9269,6740.19
2022-07-25 06:13:22,9279.63,6729.56
2022-07-25 06:13:21,9288.95,6720.24
2022-07-25 06:13:20,9301.85,6707.34
2022-07-25 06:13:19,9312.06,6697.13
2022-07-25 06:13:18,9293.41,6715.78
2022-07-25 06:13:17,9314.98,6694.21
2022-07-25 06:13:16,9325.99,6683.2
2022-07-25 06:13:15,9371.69,6637.5
2022-07-25 06:13:14,9428.05,6581.14
2022-07-25 06:13:13,9456.02,6553.17
2022-07-25 06:13:12,9775.39,6233.8
2022-07-25 06:13:11,9924.77,6084.42
2022-07-25 06:13:10,10197.4,5811.82
2022-07-25 06:13:09,10484.5,5524.71
2022-07-25 06:13:08,10610,5399.2
2022-07-25 06:13:07,10714.3,5294.94
2022-07-25 06:13:06,10852,5157.17
2022-07-25 06:13:05,10951.1,5058.06
2022-07-25 06:13:04,10582.8,5426.41
2022-07-25 06:13:03,10849.5,5159.65
2022-07-25 06:13:02,9759.32,6249.87
2022-07-25 06:13:01,9946.55,6062.64
2022-07-25 06:13:00,10046.8,5962.4
2022-07-25 06:12:59,10103.4,5905.79
2022-07-25 06:12:58,10173.3,5835.92
2022-07-25 06:12:57,9690.14,6319.05
2022-07-25 06:12:56,9735.09,6274.09
2022-07-25 06:12:55,9776.94,6232.25
2022-07-25 06:12:54,9275.41,6733.78
2022-07-25 06:12:53,9279.22,6729.97
2022-07-25 06:12:52,9278.7,6730.49
2022-07-25 06:12:51,9278.62,6730.56
2022-07-25 06:12:50,9285.93,6723.26
2022-07-25 06:12:49,9286.89,6722.3
2022-07-25 06:12:48,9287.97,6721.22
2022-07-25 06:12:47,9292.53,6716.66
2022-07-25 06:12:46,9296.5,6712.69
2022-07-25 06:12:45,9300.96,6708.23
2022-07-25 06:12:44,9305.18,6704
2022-07-25 06:12:43,9308.82,6700.37
2022-07-25 06:12:42,9308.61,6700.58
2022-07-25 06:12:41,9312.61,6696.58
2022-07-25 06:12:40,9319.46,6689.73
2022-07-25 06:12:39,9323.21,6685.98
2022-07-25 06:12:38,9322.17,6687.02
2022-07-25 06:12:37,9332.76,6676.43
2022-07-25 06:12:36,9334.86,6674.33
2022-07-25 06:12:35,9335.65,6673.53
2022-07-25 06:12:34,9347.45,6661.73
2022-07-25 06:12:33,9360.51,6648.68
2022-07-25 06:12:32,9373.76,6635.43
2022-07-25 06:12:31,9387.54,6621.65
2022-07-25 06:12:30,9397.34,6611.84
2022-07-25 06:12:29,9455.52,6553.66
2022-07-25 06:12:28,9470.5,6538.69
2022-07-25 06:12:27,9483.72,6525.47
2022-07-25 06:12:26,9568.92,6440.27
2022-07-25 06:12:25,9643.89,6365.3
2022-07-25 06:12:24,9853.26,6155.93
2022-07-25 06:12:23,10013.5,5995.73
2022-07-25 06:12:22,10289.2,5720.01
2022-07-25 06:12:21,10533.5,5475.66
2022-07-25 06:12:20,10642.6,5366.62
2022-07-25 06:12:19,10784.6,5224.6
2022-07-25 06:12:18,10877.5,5131.64
2022-07-25 06:12:17,11011.2,4998.02
2022-07-25 06:12:16,10670.5,5338.73
2022-07-25 06:12:15,10282.9,5726.3
2022-07-25 06:12:14,9667.23,6341.96
2022-07-25 06:12:13,9737.72,6271.47
2022-07-25 06:12:12,9829.27,6179.92
2022-07-25 06:12:11,10008.8,6000.4
2022-07-25 06:12:10,9517.91,6491.28
2022-07-25 06:12:09,9545.95,6463.24
2022-07-25 06:12:08,9584.59,6424.6
2022-07-25 06:12:07,9638.83,6370.35
2022-07-25 06:12:06,9153.68,6855.51
2022-07-25 06:12:05,9151.97,6857.21
2022-07-25 06:12:04,9154.19,6855
2022-07-25 06:12:03,9154.63,6854.56
2022-07-25 06:12:02,9158.09,6851.09
2022-07-25 06:12:01,9158.47,6850.72
2022-07-25 06:12:00,9160.29,6848.9
2022-07-25 06:11:59,9160.51,6848.68
2022-07-25 06:11:58,9161.4,6847.79
2022-07-25 06:11:57,9162.48,6846.71
2022-07-25 06:11:56,9163.82,6845.37
2022-07-25 06:11:55,9164.09,6845.1
2022-07-25 06:11:54,9166.26,6842.93
2022-07-25 06:11:53,9164.68,6844.5
2022-07-25 06:11:52,9167.4,6841.79
2022-07-25 06:11:51,9167.87,6841.32
2022-07-25 06:11:50,9170.11,6839.08
2022-07-25 06:11:49,9169.64,6839.54
2022-07-25 06:11:48,9170.07,6839.12
2022-07-25 06:11:47,9170.7,6838.49
2022-07-25 06:11:46,9169.7,6839.48
2022-07-25 06:11:45,9171.75,6837.43
2022-07-25 06:11:44,9173.88,6835.31
2022-07-25 06:11:43,9164.32,6844.87
2022-07-25 06:11:42,9182.53,6826.66
2022-07-25 06:11:41,9192.63,6816.56
2022-07-25 06:11:40,9193.39,6815.79
2022-07-25 06:11:39,9212.17,6797.02
2022-07-25 06:11:38,9332.2,6676.99
2022-07-25 06:11:37,9445.24,6563.95
2022-07-25 06:11:36,9735.58,6273.61
2022-07-25 06:11:35,10111.9,5897.3
2022-07-25 06:11:34,10269.7,5739.51
2022-07-25 06:11:33,10516.7,5492.52
2022-07-25 06:11:32,10673.7,5335.47
2022-07-25 06:11:31,10773.6,5235.58
2022-07-25 06:11:30,11001.2,5007.98
2022-07-25 06:11:29,11154.5,4854.73
2022-07-25 06:11:28,11289.9,4719.25
2022-07-25 06:11:27,10284.8,5724.35
2022-07-25 06:11:26,9845.77,6163.41
2022-07-25 06:11:25,9987.55,6021.64
2022-07-25 06:11:24,10125.1,5884.13
2022-07-25 06:11:23,9617.59,6391.6
2022-07-25 06:11:22,9650.34,6358.85
2022-07-25 06:11:21,9693.2,6315.99
2022-07-25 06:11:20,9746.84,6262.34
2022-07-25 06:11:19,9767.63,6241.56
2022-07-25 06:11:18,9255.43,6753.76
2022-07-25 06:11:17,9257.16,6752.03
2022-07-25 06:11:16,9259.26,6749.93
2022-07-25 06:11:15,9259.05,6750.13
2022-07-25 06:11:14,9262.12,6747.07
2022-07-25 06:11:13,9264.57,6744.61
2022-07-25 06:11:12,9268.84,6740.34
2022-07-25 06:11:11,9269.56,6739.62
2022-07-25 06:11:10,9270.04,6739.14
2022-07-25 06:11:09,9272.47,6736.72
2022-07-25 06:11:08,9275.84,6733.35
2022-07-25 06:11:07,9276.87,6732.32
2022-07-25 06:11:06,9279.53,6729.65
2022-07-25 06:11:05,9280.68,6728.51
2022-07-25 06:11:04,9281.93,6727.25
2022-07-25 06:11:03,9281.8,6727.39
2022-07-25 06:11:02,9295.32,6713.87
2022-07-25 06:11:01,9297,6712.18
2022-07-25 06:11:00,9297.38,6711.81
2022-07-25 06:10:59,9303.08,6706.11
2022-07-25 06:10:58,9316.64,6692.54
2022-07-25 06:10:57,9318.59,6690.6
2022-07-25 06:10:56,9335.35,6673.84
2022-07-25 06:10:55,9341.07,6668.11
2022-07-25 06:10:54,9342.07,6667.12
2022-07-25 06:10:53,9369.54,6639.64
2022-07-25 06:10:52,9402.91,6606.27
2022-07-25 06:10:51,9455.16,6554.02
2022-07-25 06:10:50,9529.01,6480.18
2022-07-25 06:10:49,9642,6367.18
2022-07-25 06:10:48,9798.68,6210.5
2022-07-25 06:10:47,10160.5,5848.66
2022-07-25 06:10:46,10264.2,5745
2022-07-25 06:10:45,10490.2,5519.03
2022-07-25 06:10:44,10672.3,5336.91
2022-07-25 06:10:43,10895.6,5113.54
2022-07-25 06:10:42,11040.2,4968.99
2022-07-25 06:10:41,11158.5,4850.64
2022-07-25 06:10:40,10749.7,5259.48
2022-07-25 06:10:39,10574.1,5435.12
2022-07-25 06:10:38,10463.8,5545.36
2022-07-25 06:10:37,10035.4,5973.82
2022-07-25 06:10:36,9695.83,6313.36
2022-07-25 06:10:35,9744.84,6264.35
2022-07-25 06:10:34,9777.68,6231.5
2022-07-25 06:10:33,9806.01,6203.18
2022-07-25 06:10:32,9849.78,6159.41
2022-07-25 06:10:31,9898.92,6110.27
2022-07-25 06:10:30,9291.76,6717.43
2022-07-25 06:10:29,9295.12,6714.07
2022-07-25 06:10:28,9294.4,6714.78
2022-07-25 06:10:27,9297.05,6712.14
2022-07-25 06:10:26,9299.79,6709.4
2022-07-25 06:10:25,9302.89,6706.3
2022-07-25 06:10:24,9306.84,6702.35
2022-07-25 06:10:23,9309.86,6699.33
2022-07-25 06:10:22,9310.75,6698.44
2022-07-25 06:10:21,9312.36,6696.83
2022-07-25 06:10:20,9313.61,6695.58
2022-07-25 06:10:19,9316.66,6692.53
2022-07-25 06:10:18,9318.97,6690.21
2022-07-25 06:10:17,9320.86,6688.33
2022-07-25 06:10:16,9322.46,6686.72
2022-07-25 06:10:15,9322.71,6686.48
2022-07-25 06:10:14,9322.27,6686.92
2022-07-25 06:10:13,9324.55,6684.63
2022-07-25 06:10:12,9322.48,6686.7
2022-07-25 06:10:11,9323.36,6685.82
2022-07-25 06:10:10,9328.64,6680.54
2022-07-25 06:10:09,9371.58,6637.61
2022-07-25 06:10:08,9374.54,6634.65
2022-07-25 06:10:07,9374.26,6634.93
2022-07-25 06:10:06,9470.68,6538.51
2022-07-25 06:10:05,9481.32,6527.86
2022-07-25 06:10:04,9480.19,6529
2022-07-25 06:10:03,9602.95,6406.24
2022-07-25 06:10:02,9666.82,6342.37
2022-07-25 06:10:01,9845.34,6163.84
2022-07-25 06:10:00,9928.97,6080.22
2022-07-25 06:09:59,10035.9,5973.28
2022-07-25 06:09:58,10124,5885.19
2022-07-25 06:09:57,10329.8,5679.34
2022-07-25 06:09:56,10600.2,5408.96
2022-07-25 06:09:55,10828.6,5180.61
2022-07-25 06:09:54,10905.9,5103.3
2022-07-25 06:09:53,10478.6,5530.56
2022-07-25 06:09:52,10609,5400.22
2022-07-25 06:09:51,10745.6,5263.61
2022-07-25 06:09:50,11080.4,4928.8
2022-07-25 06:09:49,10209.5,5799.71
2022-07-25 06:09:48,9643.05,6366.14
2022-07-25 06:09:47,9665.23,6343.96
2022-07-25 06:09:46,9713.18,6296
2022-07-25 06:09:45,9757.24,6251.95
2022-07-25 06:09:44,9786.4,6222.79
2022-07-25 06:09:43,9269.79,6739.39
2022-07-25 06:09:42,9271.84,6737.35
2022-07-25 06:09:41,9272.12,6737.07
2022-07-25 06:09:40,9274.75,6734.43
2022-07-25 06:09:39,9280.26,6728.93
2022-07-25 06:09:38,9280.28,6728.91
2022-07-25 06:09:37,9283.06,6726.13
2022-07-25 06:09:36,9283.89,6725.3
2022-07-25 06:09:35,9289.61,6719.57
2022-07-25 06:09:34,9291.42,6717.77
2022-07-25 06:09:33,9291.2,6717.98
2022-07-25 06:09:32,9299.5,6709.69
2022-07-25 06:09:31,9300.58,6708.61
2022-07-25 06:09:30,9303.53,6705.66
2022-07-25 06:09:29,9312.29,6696.9
2022-07-25 06:09:28,9315.12,6694.07
2022-07-25 06:09:27,9315.76,6693.43
2022-07-25 06:09:26,9340.09,6669.09
2022-07-25 06:09:25,9355.68,6653.51
2022-07-25 06:09:24,9357.36,6651.82
2022-07-25 06:09:23,9360.58,6648.61
2022-07-25 06:09:22,9392.4,6616.79
2022-07-25 06:09:21,9429.29,6579.9
2022-07-25 06:09:20,9431.63,6577.56
2022-07-25 06:09:19,9475.19,6534
2022-07-25 06:09:18,9498.16,6511.02
2022-07-25 06:09:17,9522.44,6486.75
2022-07-25 06:09:16,9566.21,6442.98
2022-07-25 06:09:15,9603.39,6405.8
2022-07-25 06:09:14,9761.26,6247.93
2022-07-25 06:09:13,9845.09,6164.1
2022-07-25 06:09:12,9906.35,6102.84
2022-07-25 06:09:11,9951.86,6057.33
2022-07-25 06:09:10,10247.6,5761.55
2022-07-25 06:09:09,10563.3,5445.92
2022-07-25 06:09:08,10757,5252.21
2022-07-25 06:09:07,10986.9,5022.31
2022-07-25 06:09:06,10554,5455.16
2022-07-25 06:09:05,10637.7,5371.44
2022-07-25 06:09:04,10783.7,5225.44
2022-07-25 06:09:03,10916.3,5092.9
2022-07-25 06:09:02,11153.4,4855.77
2022-07-25 06:09:01,10251.9,5757.31
2022-07-25 06:09:00,9766.46,6242.73
2022-07-25 06:08:59,9805.3,6203.89
2022-07-25 06:08:58,9855,6154.18
2022-07-25 06:08:57,9885.89,6123.29
2022-07-25 06:08:56,9376.06,6633.13
2022-07-25 06:08:55,9376.75,6632.44
2022-07-25 06:08:54,9377.18,6632
2022-07-25 06:08:53,9381.63,6627.56
2022-07-25 06:08:52,9384.08,6625.11
2022-07-25 06:08:51,9386.24,6622.95
2022-07-25 06:08:50,9385.62,6623.56
2022-07-25 06:08:49,9391.13,6618.06
2022-07-25 06:08:48,9392.97,6616.22
2022-07-25 06:08:47,9392.06,6617.13
2022-07-25 06:08:46,9396.52,6612.67
2022-07-25 06:08:45,9401.42,6607.77
2022-07-25 06:08:44,9402.18,6607
2022-07-25 06:08:43,9404.95,6604.24
2022-07-25 06:08:42,9407.16,6602.02
2022-07-25 06:08:41,9409.61,6599.57
2022-07-25 06:08:40,9412.38,6596.8
2022-07-25 06:08:39,9416.18,6593.01
2022-07-25 06:08:38,9420.11,6589.08
2022-07-25 06:08:37,9421.03,6588.16
2022-07-25 06:08:36,9445.21,6563.98
2022-07-25 06:08:35,9465.22,6543.97
2022-07-25 06:08:34,9485.02,6524.16
2022-07-25 06:08:33,9493.16,6516.03
2022-07-25 06:08:32,9535.48,6473.7
2022-07-25 06:08:31,9573.37,6435.82
2022-07-25 06:08:30,9594.41,6414.77
2022-07-25 06:08:29,9657.3,6351.89
2022-07-25 06:08:28,9714.53,6294.66
2022-07-25 06:08:27,9762.67,6246.52
2022-07-25 06:08:26,9980.37,6028.82
2022-07-25 06:08:25,10041.7,5967.51
2022-07-25 06:08:24,10120.8,5888.35
2022-07-25 06:08:23,10207,5802.19
2022-07-25 06:08:22,10293.6,5715.61
2022-07-25 06:08:21,10540,5469.19
2022-07-25 06:08:20,10765.9,5243.25
2022-07-25 06:08:19,10991.3,5017.88
2022-07-25 06:08:18,10615.3,5393.93
2022-07-25 06:08:17,10677,5332.2
2022-07-25 06:08:16,10790.3,5218.86
2022-07-25 06:08:15,11029.9,4979.33
2022-07-25 06:08:14,11166.5,4842.69
2022-07-25 06:08:13,10259.3,5749.88
2022-07-25 06:08:12,10335.4,5673.78
2022-07-25 06:08:11,9772.86,6236.33
2022-07-25 06:08:10,9805.33,6203.86
2022-07-25 06:08:09,9280.92,6728.27
2022-07-25 06:08:08,9283.55,6725.64
2022-07-25 06:08:07,9291.86,6717.33
2022-07-25 06:08:06,9295.22,6713.96
2022-07-25 06:08:05,9295.7,6713.49
2022-07-25 06:08:04,9298.52,6710.67
2022-07-25 06:08:03,9303.11,6706.08
2022-07-25 06:08:02,9304.57,6704.61
2022-07-25 06:08:01,9311.72,6697.47
2022-07-25 06:08:00,9318.13,6691.05
2022-07-25 06:07:59,9318.88,6690.31
2022-07-25 06:07:58,9324.9,6684.29
2022-07-25 06:07:57,9325.64,6683.55
2022-07-25 06:07:56,9337.16,6672.02
2022-07-25 06:07:55,9338.33,6670.86
2022-07-25 06:07:54,9346.35,6662.84
2022-07-25 06:07:53,9352.32,6656.87
2022-07-25 06:07:52,9359.33,6649.86
2022-07-25 06:07:51,9366.17,6643.02
2022-07-25 06:07:50,9365.12,6644.07
2022-07-25 06:07:49,9378.32,6630.87
2022-07-25 06:07:48,9389.8,6619.39
2022-07-25 06:07:47,9390.32,6618.87
2022-07-25 06:07:46,9425.09,6584.1
2022-07-25 06:07:45,9435.89,6573.3
2022-07-25 06:07:44,9439.38,6569.81
2022-07-25 06:07:43,9485.67,6523.52
2022-07-25 06:07:42,9488.04,6521.14
2022-07-25 06:07:41,9512.74,6496.45
2022-07-25 06:07:40,9553.03,6456.16
2022-07-25 06:07:39,9556.21,6452.98
2022-07-25 06:07:38,9609.23,6399.96
2022-07-25 06:07:37,9616.65,6392.54
2022-07-25 06:07:36,9797.62,6211.57
2022-07-25 06:07:35,9784.78,6224.41
2022-07-25 06:07:34,10027.8,5981.38
2022-07-25 06:07:33,10506.7,5502.52
2022-07-25 06:07:32,10757.4,5251.8
2022-07-25 06:07:31,10922.2,5086.97
2022-07-25 06:07:30,11019.8,4989.4
2022-07-25 06:07:29,11204.2,4804.98
2022-07-25 06:07:28,11316.5,4692.7
2022-07-25 06:07:27,11491,4518.22
2022-07-25 06:07:26,11645.3,4363.93
2022-07-25 06:07:25,11821.7,4187.51
2022-07-25 06:07:24,9527.19,6482
2022-07-25 06:07:23,9555.02,6454.17
2022-07-25 06:07:22,9068.34,6940.85
2022-07-25 06:07:21,9069.24,6939.95
2022-07-25 06:07:20,9069.59,6939.6
2022-07-25 06:07:19,9072.91,6936.28
2022-07-25 06:07:18,9071.58,6937.61
2022-07-25 06:07:17,9070.43,6938.75
2022-07-25 06:07:16,9073.24,6935.94
2022-07-25 06:07:15,9074.46,6934.73
2022-07-25 06:07:14,9074.69,6934.5
2022-07-25 06:07:13,9074.01,6935.18
2022-07-25 06:07:12,9074.34,6934.85
2022-07-25 06:07:11,9075.64,6933.55
2022-07-25 06:07:10,9074.97,6934.22
2022-07-25 06:07:09,9080.39,6928.8
2022-07-25 06:07:08,9081.1,6928.09
2022-07-25 06:07:07,9083.31,6925.88
2022-07-25 06:07:06,9083.49,6925.69
2022-07-25 06:07:05,9085.39,6923.8
2022-07-25 06:07:04,9086.75,6922.44
2022-07-25 06:07:03,9086.42,6922.77
2022-07-25 06:07:02,9089.66,6919.53
2022-07-25 06:07:01,9090.03,6919.16
2022-07-25 06:07:00,9090.93,6918.26
2022-07-25 06:06:59,9115.2,6893.98
2022-07-25 06:06:58,9115.21,6893.98
2022-07-25 06:06:57,9116.84,6892.34
2022-07-25 06:06:56,9116.8,6892.39
2022-07-25 06:06:55,9139.02,6870.16
2022-07-25 06:06:54,9140.18,6869
2022-07-25 06:06:53,9146.5,6862.68
2022-07-25 06:06:52,9190.32,6818.87
2022-07-25 06:06:51,9196.02,6813.16
2022-07-25 06:06:50,9221.14,6788.04
2022-07-25 06:06:49,9269.93,6739.26
2022-07-25 06:06:48,9339.44,6669.75
2022-07-25 06:06:47,9503.16,6506.03
2022-07-25 06:06:46,9847.12,6162.07
2022-07-25 06:06:45,10010.4,5998.83
2022-07-25 06:06:44,10603.7,5405.52
2022-07-25 06:06:43,10800.3,5208.86
2022-07-25 06:06:42,10975.8,5033.36
2022-07-25 06:06:41,11177.6,4831.55
2022-07-25 06:06:40,11360.1,4649.08
2022-07-25 06:06:39,11464.5,4544.64
2022-07-25 06:06:38,11655.5,4353.65
2022-07-25 06:06:37,11293.3,4715.87
2022-07-25 06:06:36,10236,5773.19
2022-07-25 06:06:35,9882.31,6126.87
2022-07-25 06:06:34,9362.77,6646.41
2022-07-25 06:06:33,9364.33,6644.86
2022-07-25 06:06:32,9366.27,6642.92
2022-07-25 06:06:31,9368.21,6640.98
2022-07-25 06:06:30,9371.65,6637.54
2022-07-25 06:06:29,9374.3,6634.89
2022-07-25 06:06:28,9376.53,6632.66
2022-07-25 06:06:27,9377.23,6631.96
2022-07-25 06:06:26,9380.49,6628.69
2022-07-25 06:06:25,9382.19,6627
2022-07-25 06:06:24,9384.72,6624.46
2022-07-25 06:06:23,9389.36,6619.83
2022-07-25 06:06:22,9392.29,6616.89
2022-07-25 06:06:21,9394.46,6614.72
2022-07-25 06:06:20,9395.86,6613.33
2022-07-25 06:06:19,9402.08,6607.11
2022-07-25 06:06:18,9401.26,6607.93
2022-07-25 06:06:17,9404.28,6604.91
2022-07-25 06:06:16,9411,6598.19
2022-07-25 06:06:15,9411.96,6597.23
2022-07-25 06:06:14,9423.99,6585.2
2022-07-25 06:06:13,9425.14,6584.05
2022-07-25 06:06:12,9465.04,6544.15
2022-07-25 06:06:11,9479.48,6529.71
2022-07-25 06:06:10,9483.36,6525.82
2022-07-25 06:06:09,9527.07,6482.12
2022-07-25 06:06:08,9539.96,6469.22
2022-07-25 06:06:07,9556.73,6452.46
2022-07-25 06:06:06,9590.97,6418.22
2022-07-25 06:06:05,9630.63,6378.56
2022-07-25 06:06:04,9676.55,6332.64
2022-07-25 06:06:03,9677.52,6331.66
2022-07-25 06:06:02,9791.04,6218.14
2022-07-25 06:06:01,9811.39,6197.8
2022-07-25 06:06:00,9966.66,6042.53
2022-07-25 06:05:59,10129,5880.16
2022-07-25 06:05:58,10168.8,5840.4
2022-07-25 06:05:57,10285.8,5723.41
2022-07-25 06:05:56,10751.4,5257.81
2022-07-25 06:05:55,10940.6,5068.63
2022-07-25 06:05:54,11016.8,4992.4
2022-07-25 06:05:53,11241.9,4767.28
2022-07-25 06:05:52,11361.6,4647.6
2022-07-25 06:05:51,11033.6,4975.54
2022-07-25 06:05:50,11161.1,4848.08
2022-07-25 06:05:49,11303.8,4705.44
2022-07-25 06:05:48,10255.8,5753.39
2022-07-25 06:05:47,9144.47,6864.72
2022-07-25 06:05:46,9144.5,6864.68
2022-07-25 06:05:45,9147.02,6862.17
2022-07-25 06:05:44,9148.12,6861.07
2022-07-25 06:05:43,9148.73,6860.46
2022-07-25 06:05:42,9149.64,6859.54
2022-07-25 06:05:41,9148.68,6860.5
2022-07-25 06:05:40,9152.43,6856.76
2022-07-25 06:05:39,9151.48,6857.71
2022-07-25 06:05:38,9152.02,6857.16
2022-07-25 06:05:37,9152.56,6856.63
2022-07-25 06:05:36,9156,6853.19
2022-07-25 06:05:35,9155.45,6853.74
2022-07-25 06:05:34,9157.65,6851.54
2022-07-25 06:05:33,9167.22,6841.97
2022-07-25 06:05:32,9167.21,6841.98
2022-07-25 06:05:31,9169.77,6839.42
2022-07-25 06:05:30,9180.53,6828.65
2022-07-25 06:05:29,9183.42,6825.77
2022-07-25 06:05:28,9184.15,6825.04
2022-07-25 06:05:27,9184.3,6824.89
2022-07-25 06:05:26,9197.85,6811.34
2022-07-25 06:05:25,9210.16,6799.02
2022-07-25 06:05:24,9208.83,6800.36
2022-07-25 06:05:23,9223.18,6786
2022-07-25 06:05:22,9238.15,6771.04
2022-07-25 06:05:21,9240.07,6769.12
2022-07-25 06:05:20,9252.68,6756.5
2022-07-25 06:05:19,9277.6,6731.59
2022-07-25 06:05:18,9292.13,6717.06
2022-07-25 06:05:17,9308.21,6700.98
2022-07-25 06:05:16,9343.34,6665.84
2022-07-25 06:05:15,9351.43,6657.75
2022-07-25 06:05:14,9406.53,6602.66
2022-07-25 06:05:13,9501.93,6507.26
2022-07-25 06:05:12,9574.29,6434.9
2022-07-25 06:05:11,9762.01,6247.18
2022-07-25 06:05:10,10171.2,5837.98
2022-07-25 06:05:09,10251.8,5757.41
2022-07-25 06:05:08,10635.1,5374.04
2022-07-25 06:05:07,10872,5137.18
2022-07-25 06:05:06,11155.1,4854.07
2022-07-25 06:05:05,11282.1,4727.06
2022-07-25 06:05:04,11419.1,4590.13
2022-07-25 06:05:03,11531.6,4477.61
2022-07-25 06:05:02,11193.9,4815.28
2022-07-25 06:05:01,11334.5,4674.73
2022-07-25 06:05:00,9884.25,6124.94
2022-07-25 06:04:59,9159.98,6849.2
2022-07-25 06:04:58,9161.7,6847.49
2022-07-25 06:04:57,9163.77,6845.42
2022-07-25 06:04:56,9163.75,6845.44
2022-07-25 06:04:55,9166.74,6842.45
2022-07-25 06:04:54,9169.15,6840.04
2022-07-25 06:04:53,9168.47,6840.72
2022-07-25 06:04:52,9170.33,6838.86
2022-07-25 06:04:51,9170.62,6838.57
2022-07-25 06:04:50,9177.82,6831.37
2022-07-25 06:04:49,9179.04,6830.14
2022-07-25 06:04:48,9179.83,6829.36
2022-07-25 06:04:47,9189.04,6820.15
2022-07-25 06:04:46,9190.08,6819.11
2022-07-25 06:04:45,9193.27,6815.91
2022-07-25 06:04:44,9195.52,6813.67
2022-07-25 06:04:43,9206.66,6802.52
2022-07-25 06:04:42,9209.16,6800.03
2022-07-25 06:04:41,9209.53,6799.65
2022-07-25 06:04:40,9217.8,6791.39
2022-07-25 06:04:39,9218.15,6791.03
2022-07-25 06:04:38,9227.98,6781.2
2022-07-25 06:04:37,9238.79,6770.4
2022-07-25 06:04:36,9238.87,6770.32
2022-07-25 06:04:35,9253.85,6755.34
2022-07-25 06:04:34,9279.12,6730.06
2022-07-25 06:04:33,9281.16,6728.03
2022-07-25 06:04:32,9301.1,6708.09
2022-07-25 06:04:31,9336.09,6673.1
2022-07-25 06:04:30,9340.13,6669.06
2022-07-25 06:04:29,9353.4,6655.79
2022-07-25 06:04:28,9403.7,6605.49
2022-07-25 06:04:27,9415.29,6593.89
2022-07-25 06:04:26,9448.7,6560.49
2022-07-25 06:04:25,9509.94,6499.25
2022-07-25 06:04:24,9612.68,6396.51
2022-07-25 06:04:23,9805.23,6203.95
2022-07-25 06:04:22,10014.2,5995.01
2022-07-25 06:04:21,10219.2,5790.01
2022-07-25 06:04:20,10574.2,5435.02
2022-07-25 06:04:19,10838.4,5170.81
2022-07-25 06:04:18,11136.2,4872.97
2022-07-25 06:04:17,11306.7,4702.54
2022-07-25 06:04:16,11436.5,4572.7
2022-07-25 06:04:15,11603.5,4405.71
2022-07-25 06:04:14,11216.9,4792.25
2022-07-25 06:04:13,10854.6,5154.59
2022-07-25 06:04:12,9693.36,6315.83
2022-07-25 06:04:11,9069.13,6940.05
2022-07-25 06:04:10,9068.44,6940.75
2022-07-25 06:04:09,9069.22,6939.97
2022-07-25 06:04:08,9072.79,6936.4
2022-07-25 06:04:07,9072.7,6936.48
2022-07-25 06:04:06,9071.86,6937.33
2022-07-25 06:04:05,9074.57,6934.62
2022-07-25 06:04:04,9076.36,6932.83
2022-07-25 06:04:03,9076.72,6932.47
2022-07-25 06:04:02,9076.45,6932.73
2022-07-25 06:04:01,9079.56,6929.63
2022-07-25 06:04:00,9079.37,6929.81
2022-07-25 06:03:59,9079.64,6929.55
2022-07-25 06:03:58,9079.31,6929.87
2022-07-25 06:03:57,9082.89,6926.3
2022-07-25 06:03:56,9080.27,6928.92
2022-07-25 06:03:55,9083.26,6925.93
2022-07-25 06:03:54,9084.44,6924.75
2022-07-25 06:03:53,9086.09,6923.1
2022-07-25 06:03:52,9087.59,6921.6
2022-07-25 06:03:51,9087.43,6921.76
2022-07-25 06:03:50,9101.71,6907.48
2022-07-25 06:03:49,9101.97,6907.22
2022-07-25 06:03:48,9100.12,6909.07
2022-07-25 06:03:47,9121.2,6887.99
2022-07-25 06:03:46,9120.44,6888.75
2022-07-25 06:03:45,9124.56,6884.63
2022-07-25 06:03:44,9144.67,6864.52
2022-07-25 06:03:43,9159.07,6850.11
2022-07-25 06:03:42,9161.14,6848.04
2022-07-25 06:03:41,9184.79,6824.39
2022-07-25 06:03:40,9222.86,6786.33
2022-07-25 06:03:39,9252.34,6756.85
2022-07-25 06:03:38,9257.01,6752.18
2022-07-25 06:03:37,9318.94,6690.25
2022-07-25 06:03:36,9390.68,6618.5
2022-07-25 06:03:35,9639.65,6369.54
2022-07-25 06:03:34,9935.01,6074.18
2022-07-25 06:03:33,10207.2,5802
2022-07-25 06:03:32,10369.5,5639.64
2022-07-25 06:03:31,10980.8,5028.43
2022-07-25 06:03:30,11089,4920.21
2022-07-25 06:03:29,11298.2,4710.96
2022-07-25 06:03:28,11448.5,4560.74
2022-07-25 06:03:27,11603,4406.22
2022-07-25 06:03:26,11251.3,4757.9
2022-07-25 06:03:25,10873,5136.16
2022-07-25 06:03:24,9767.19,6242
2022-07-25 06:03:23,9275.29,6733.89
2022-07-25 06:03:22,9279.02,6730.16
2022-07-25 06:03:21,9280.94,6728.25
2022-07-25 06:03:20,9283.05,6726.14
2022-07-25 06:03:19,9284.28,6724.9
2022-07-25 06:03:18,9288.63,6720.56
2022-07-25 06:03:17,9291.27,6717.91
2022-07-25 06:03:16,9290.58,6718.61
2022-07-25 06:03:15,9294.33,6714.86
2022-07-25 06:03:14,9297.04,6712.15
2022-07-25 06:03:13,9300.01,6709.18
2022-07-25 06:03:12,9301.09,6708.1
2022-07-25 06:03:11,9308.96,6700.22
2022-07-25 06:03:10,9313.2,6695.99
2022-07-25 06:03:09,9313.23,6695.96
2022-07-25 06:03:08,9317.85,6691.34
2022-07-25 06:03:07,9321.04,6688.15
2022-07-25 06:03:06,9323.24,6685.95
2022-07-25 06:03:05,9324.18,6685
2022-07-25 06:03:04,9332.33,6676.86
2022-07-25 06:03:03,9333.83,6675.36
2022-07-25 06:03:02,9348.52,6660.67
2022-07-25 06:03:01,9356.95,6652.24
2022-07-25 06:03:00,9356.01,6653.18
2022-07-25 06:02:59,9374.59,6634.59
2022-07-25 06:02:58,9385.87,6623.31
2022-07-25 06:02:57,9393.22,6615.97
2022-07-25 06:02:56,9432.49,6576.7
2022-07-25 06:02:55,9448.12,6561.07
2022-07-25 06:02:54,9481.23,6527.96
2022-07-25 06:02:53,9510.11,6499.08
2022-07-25 06:02:52,9546.62,6462.57
2022-07-25 06:02:51,9625.3,6383.89
2022-07-25 06:02:50,9676.59,6332.6
2022-07-25 06:02:49,9846.74,6162.45
2022-07-25 06:02:48,9954.45,6054.74
2022-07-25 06:02:47,10022.1,5987.09
2022-07-25 06:02:46,10150,5859.16
2022-07-25 06:02:45,10318.2,5691.01
2022-07-25 06:02:44,10638.1,5371.12
2022-07-25 06:02:43,10920.2,5089.03
2022-07-25 06:02:42,11122.1,4887.04
2022-07-25 06:02:41,10756.9,5252.34
2022-07-25 06:02:40,10916.7,5092.5
2022-07-25 06:02:39,11018.4,4990.78
2022-07-25 06:02:38,11160.2,4849.02
2022-07-25 06:02:37,10783.2,5225.97
2022-07-25 06:02:36,9834.02,6175.16
2022-07-25 06:02:35,9238.72,6770.46
2022-07-25 06:02:34,9242.5,6766.69
2022-07-25 06:02:33,9241.58,6767.61
2022-07-25 06:02:32,9245.27,6763.92
2022-07-25 06:02:31,9248.86,6760.33
2022-07-25 06:02:30,9248.52,6760.67
2022-07-25 06:02:29,9254.82,6754.37
2022-07-25 06:02:28,9254.03,6755.16
2022-07-25 06:02:27,9256.33,6752.86
2022-07-25 06:02:26,9257.04,6752.15
2022-07-25 06:02:25,9261.68,6747.51
2022-07-25 06:02:24,9267.86,6741.33
2022-07-25 06:02:23,9268.57,6740.62
2022-07-25 06:02:22,9276.21,6732.98
2022-07-25 06:02:21,9278.75,6730.43
2022-07-25 06:02:20,9280.31,6728.88
2022-07-25 06:02:19,9294.83,6714.36
2022-07-25 06:02:18,9296.06,6713.13
2022-07-25 06:02:17,9298.93,6710.26
2022-07-25 06:02:16,9300.74,6708.44
2022-07-25 06:02:15,9324.88,6684.31
2022-07-25 06:02:14,9334.22,6674.97
2022-07-25 06:02:13,9339.16,6670.03
2022-07-25 06:02:12,9369.31,6639.87
2022-07-25 06:02:11,9370.27,6638.92
2022-07-25 06:02:10,9387.88,6621.31
2022-07-25 06:02:09,9431.98,6577.2
2022-07-25 06:02:08,9433.9,6575.29
2022-07-25 06:02:07,9466.8,6542.39
2022-07-25 06:02:06,9502.42,6506.77
2022-07-25 06:02:05,9505,6504.18
2022-07-25 06:02:04,9557.46,6451.73
2022-07-25 06:02:03,9560.67,6448.52
2022-07-25 06:02:02,9596.46,6412.73
2022-07-25 06:02:01,9660.03,6349.16
2022-07-25 06:02:00,9716.15,6293.04
2022-07-25 06:01:59,9888.37,6120.82
2022-07-25 06:01:58,10126.4,5882.75
2022-07-25 06:01:57,10264,5745.23
2022-07-25 06:01:56,10445.2,5563.94
2022-07-25 06:01:55,10705.6,5303.63
2022-07-25 06:01:54,10952.7,5056.53
2022-07-25 06:01:53,11091.7,4917.46
2022-07-25 06:01:52,11227,4782.17
2022-07-25 06:01:51,11499.2,4510.02
2022-07-25 06:01:50,11120.2,4889.01
2022-07-25 06:01:49,10606.6,5402.57
2022-07-25 06:01:48,10188.2,5821
2022-07-25 06:01:47,9610.47,6398.72
2022-07-25 06:01:46,9653.43,6355.75
2022-07-25 06:01:45,9032.2,6976.98
2022-07-25 06:01:44,9033,6976.19
2022-07-25 06:01:43,9032.68,6976.5
2022-07-25 06:01:42,9035.05,6974.13
2022-07-25 06:01:41,9033.72,6975.46
2022-07-25 06:01:40,9036.46,6972.73
2022-07-25 06:01:39,9036.33,6972.86
2022-07-25 06:01:38,9038.07,6971.11
2022-07-25 06:01:37,9040.14,6969.05
2022-07-25 06:01:36,9040.77,6968.42
2022-07-25 06:01:35,9041.53,6967.66
2022-07-25 06:01:34,9042.62,6966.56
2022-07-25 06:01:33,9043.09,6966.09
2022-07-25 06:01:32,9043.58,6965.61
2022-07-25 06:01:31,9050.45,6958.74
2022-07-25 06:01:30,9052.36,6956.83
2022-07-25 06:01:29,9054.23,6954.96
2022-07-25 06:01:28,9068.85,6940.34
2022-07-25 06:01:27,9068.48,6940.71
2022-07-25 06:01:26,9070.95,6938.23
2022-07-25 06:01:25,9087.9,6921.29
2022-07-25 06:01:24,9087.31,6921.87
2022-07-25 06:01:23,9088.07,6921.12
2022-07-25 06:01:22,9110.1,6899.09
2022-07-25 06:01:21,9109.38,6899.8
2022-07-25 06:01:20,9111.65,6897.54
2022-07-25 06:01:19,9146.92,6862.27
2022-07-25 06:01:18,9149.41,6859.78
2022-07-25 06:01:17,9150.21,6858.97
2022-07-25 06:01:16,9196.82,6812.37
2022-07-25 06:01:15,9225.48,6783.7
2022-07-25 06:01:14,9255.29,6753.9
2022-07-25 06:01:13,9610.7,6398.49
2022-07-25 06:01:12,9731.62,6277.57
2022-07-25 06:01:11,9913.93,6095.26
2022-07-25 06:01:10,9998.5,6010.69
2022-07-25 06:01:09,10119.6,5889.57
2022-07-25 06:01:08,10182.4,5826.74
2022-07-25 06:01:07,10394.1,5615.14
2022-07-25 06:01:06,10721.2,5287.95
2022-07-25 06:01:05,10293.6,5715.55
2022-07-25 06:01:04,10686,5323.19
2022-07-25 06:01:03,10311.2,5697.97
2022-07-25 06:01:02,10449.1,5560.05
2022-07-25 06:01:01,10548.4,5460.82
2022-07-25 06:01:00,10636.3,5372.86
2022-07-25 06:00:59,10119.2,5890
2022-07-25 06:00:58,9546.83,6462.36
2022-07-25 06:00:57,8913.18,7096.01
2022-07-25 06:00:56,8914.41,7094.77
2022-07-25 06:00:55,8915.19,7094
2022-07-25 06:00:54,8913.8,7095.39
2022-07-25 06:00:53,8915.47,7093.71
2022-07-25 06:00:52,8915.63,7093.56
2022-07-25 06:00:51,8915.49,7093.7
2022-07-25 06:00:50,8915.17,7094.02
2022-07-25 06:00:49,8914.61,7094.58
2022-07-25 06:00:48,8915.08,7094.11
2022-07-25 06:00:47,8915.62,7093.57
2022-07-25 06:00:46,8916.81,7092.37
2022-07-25 06:00:45,8915.66,7093.53
2022-07-25 06:00:44,8917.43,7091.76
2022-07-25 06:00:43,8918.53,7090.66
2022-07-25 06:00:42,8918.74,7090.45
2022-07-25 06:00:41,8919.25,7089.93
2022-07-25 06:00:40,8933.98,7075.2
2022-07-25 06:00:39,8934.4,7074.79
2022-07-25 06:00:38,8934.68,7074.5
2022-07-25 06:00:37,8945.68,7063.51
2022-07-25 06:00:36,8946.77,7062.42
2022-07-25 06:00:35,8949.69,7059.5
2022-07-25 06:00:34,8963.7,7045.49
2022-07-25 06:00:33,8964.45,7044.74
2022-07-25 06:00:32,8949.63,7059.56
2022-07-25 06:00:31,8970.59,7038.59
2022-07-25 06:00:30,8970.76,7038.43
2022-07-25 06:00:29,8990.22,7018.97
2022-07-25 06:00:28,8996.54,7012.64
2022-07-25 06:00:27,9031.27,6977.92
2022-07-25 06:00:26,9088.73,6920.46
2022-07-25 06:00:25,9108.43,6900.76
2022-07-25 06:00:24,9547.01,6462.18
2022-07-25 06:00:23,9720.75,6288.43
2022-07-25 06:00:22,9802.87,6206.32
2022-07-25 06:00:21,10048.7,5960.45
2022-07-25 06:00:20,10202,5807.22
2022-07-25 06:00:19,10467.2,5542.03
2022-07-25 06:00:18,10559.1,5450.06
2022-07-25 06:00:17,10831.1,5178.14
2022-07-25 06:00:16,11335.2,4674.01
2022-07-25 06:00:15,10406.8,5602.42
2022-07-25 06:00:14,10501.2,5507.99
2022-07-25 06:00:13,10575.8,5433.43
2022-07-25 06:00:12,10034,5975.22
2022-07-25 06:00:11,10121.1,5888.1
2022-07-25 06:00:10,10178.5,5830.69
2022-07-25 06:00:09,9040.34,6968.85
2022-07-25 06:00:08,9040.83,6968.36
2022-07-25 06:00:07,9040.41,6968.78
2022-07-25 06:00:06,9042.06,6967.13
2022-07-25 06:00:05,9041.87,6967.32
2022-07-25 06:00:04,9042.95,6966.23
2022-07-25 06:00:03,9046.36,6962.82
2022-07-25 06:00:02,9045.14,6964.05
2022-07-25 06:00:01,9047.18,6962.01
2022-07-25 06:00:00,9047.13,6962.05
2022-07-25 05:59:59,9050.25,6958.93
2022-07-25 05:59:58,9050.38,6958.81
2022-07-25 05:59:57,9049.89,6959.3
2022-07-25 05:59:56,9053.09,6956.1
2022-07-25 05:59:55,9055.63,6953.56
2022-07-25 05:59:54,9056.53,6952.66
2022-07-25 05:59:53,9057.3,6951.89
2022-07-25 05:59:52,9062.38,6946.8
2022-07-25 05:59:51,9079.62,6929.56
2022-07-25 05:59:50,9080.57,6928.62
2022-07-25 05:59:49,9080.25,6928.94
2022-07-25 05:59:48,9099.74,6909.45
2022-07-25 05:59:47,9100.8,6908.39
2022-07-25 05:59:46,9101.62,6907.57
2022-07-25 05:59:45,9116.07,6893.12
2022-07-25 05:59:44,9118.04,6891.14
2022-07-25 05:59:43,9106.07,6903.12
2022-07-25 05:59:42,9125.77,6883.41
2022-07-25 05:59:41,9128.73,6880.46
2022-07-25 05:59:40,9143.35,6865.84
2022-07-25 05:59:39,9221.03,6788.16
2022-07-25 05:59:38,9268.97,6740.22
2022-07-25 05:59:37,9606.23,6402.96
2022-07-25 05:59:36,9709.84,6299.35
2022-07-25 05:59:35,10103.7,5905.52
2022-07-25 05:59:34,10320.2,5688.97
2022-07-25 05:59:33,10431.9,5577.27
2022-07-25 05:59:32,10551.2,5457.99
2022-07-25 05:59:31,10641.4,5367.83
2022-07-25 05:59:30,10917.4,5091.79
2022-07-25 05:59:29,11096.4,4912.78
2022-07-25 05:59:28,11302.2,4706.94
2022-07-25 05:59:27,11072.6,4936.59
2022-07-25 05:59:26,9915.98,6093.21
2022-07-25 05:59:25,9990.96,6018.23
2022-07-25 05:59:24,10058.4,5950.75
2022-07-25 05:59:23,10115,5894.22
2022-07-25 05:59:22,9534.05,6475.14
2022-07-25 05:59:21,9029.65,6979.54
2022-07-25 05:59:20,9030.15,6979.04
2022-07-25 05:59:19,9030.56,6978.62
2022-07-25 05:59:18,9031.66,6977.52
2022-07-25 05:59:17,9032.78,6976.41
2022-07-25 05:59:16,9031.18,6978.01
2022-07-25 05:59:15,9034.35,6974.84
2022-07-25 05:59:14,9033.1,6976.09
2022-07-25 05:59:13,9034.93,6974.26
2022-07-25 05:59:12,9035.61,6973.57
2022-07-25 05:59:11,9037.87,6971.32
2022-07-25 05:59:10,9036.58,6972.61
2022-07-25 05:59:09,9039.13,6970.06
2022-07-25 05:59:08,9040.86,6968.33
2022-07-25 05:59:07,9039.57,6969.62
2022-07-25 05:59:06,9041.55,6967.64
2022-07-25 05:59:05,9041.77,6967.41
2022-07-25 05:59:04,9042.21,6966.98
2022-07-25 05:59:03,9041.61,6967.57
2022-07-25 05:59:02,9049.39,6959.79
2022-07-25 05:59:01,9057.92,6951.27
2022-07-25 05:59:00,9061.4,6947.79
2022-07-25 05:58:59,9067.02,6942.17
2022-07-25 05:58:58,9092.16,6917.03
2022-07-25 05:58:57,9093.33,6915.86
2022-07-25 05:58:56,9095.47,6913.72
2022-07-25 05:58:55,9121.08,6888.11
2022-07-25 05:58:54,9122.5,6886.69
2022-07-25 05:58:53,9149.82,6859.37
2022-07-25 05:58:52,9166.73,6842.46
2022-07-25 05:58:51,9180.76,6828.43
2022-07-25 05:58:50,9281.02,6728.16
2022-07-25 05:58:49,9326.85,6682.34
2022-07-25 05:58:48,9748.68,6260.51
2022-07-25 05:58:47,9990.8,6018.39
2022-07-25 05:58:46,10315.1,5694.07
2022-07-25 05:58:45,10501.8,5507.43
2022-07-25 05:58:44,10561.8,5447.37
2022-07-25 05:58:43,10874.5,5134.71
2022-07-25 05:58:42,11029.6,4979.62
2022-07-25 05:58:41,11242.8,4766.34
2022-07-25 05:58:40,10903.6,5105.61
2022-07-25 05:58:39,10628.2,5380.97
2022-07-25 05:58:38,10199,5810.14
2022-07-25 05:58:37,10260.2,5748.98
2022-07-25 05:58:36,10118.9,5890.29
2022-07-25 05:58:35,9877.99,6131.2
2022-07-25 05:58:34,9910.9,6098.29
2022-07-25 05:58:33,9306.51,6702.68
2022-07-25 05:58:32,9310.25,6698.94
2022-07-25 05:58:31,9309.69,6699.5
2022-07-25 05:58:30,9315.01,6694.18
2022-07-25 05:58:29,9313.9,6695.29
2022-07-25 05:58:28,9317.46,6691.73
2022-07-25 05:58:27,9319.85,6689.34
2022-07-25 05:58:26,9322.61,6686.58
2022-07-25 05:58:25,9330.21,6678.98
2022-07-25 05:58:24,9333.08,6676.11
2022-07-25 05:58:23,9335.84,6673.35
2022-07-25 05:58:22,9337.59,6671.6
2022-07-25 05:58:21,9344.01,6665.18
2022-07-25 05:58:20,9345.85,6663.34
2022-07-25 05:58:19,9358.11,6651.08
2022-07-25 05:58:18,9359.13,6650.06
2022-07-25 05:58:17,9359.27,6649.92
2022-07-25 05:58:16,9385.45,6623.74
2022-07-25 05:58:15,9397.86,6611.32
2022-07-25 05:58:14,9397.96,6611.23
2022-07-25 05:58:13,9399.55,6609.64
2022-07-25 05:58:12,9458,6551.19
2022-07-25 05:58:11,9471.2,6537.99
2022-07-25 05:58:10,9482.96,6526.23
2022-07-25 05:58:09,9504.57,6504.62
2022-07-25 05:58:08,9546.46,6462.73
2022-07-25 05:58:07,9582.95,6426.23
2022-07-25 05:58:06,9596,6413.18
2022-07-25 05:58:05,9629.9,6379.28
2022-07-25 05:58:04,9637.17,6372.02
2022-07-25 05:58:03,9695.64,6313.55
2022-07-25 05:58:02,9740.05,6269.14
2022-07-25 05:58:01,9758.99,6250.2
2022-07-25 05:58:00,9974.52,6034.67
2022-07-25 05:57:59,10061.7,5947.46
2022-07-25 05:57:58,10263.4,5745.83
2022-07-25 05:57:57,10605.8,5403.38
2022-07-25 05:57:56,10756.8,5252.37
2022-07-25 05:57:55,10907.7,5101.48
2022-07-25 05:57:54,11192.3,4816.85
2022-07-25 05:57:53,11342.4,4666.75
2022-07-25 05:57:52,11500,4509.18
2022-07-25 05:57:51,11030,4979.14
2022-07-25 05:57:50,11167.7,4841.53
2022-07-25 05:57:49,10799.3,5209.85
2022-07-25 05:57:48,8983.21,7025.98
2022-07-25 05:57:47,8984.24,7024.95
2022-07-25 05:57:46,8984.53,7024.66
2022-07-25 05:57:45,8984.6,7024.59
2022-07-25 05:57:44,8985.35,7023.84
2022-07-25 05:57:43,8984.87,7024.31
2022-07-25 05:57:42,8983.81,7025.38
2022-07-25 05:57:41,8984.56,7024.62
2022-07-25 05:57:40,8985.72,7023.47
2022-07-25 05:57:39,8985.37,7023.82
2022-07-25 05:57:38,8983.36,7025.83
2022-07-25 05:57:37,8983.99,7025.2
2022-07-25 05:57:36,8984.34,7024.85
2022-07-25 05:57:35,8985.07,7024.12
2022-07-25 05:57:34,8986.43,7022.75
2022-07-25 05:57:33,8986.54,7022.64
2022-07-25 05:57:32,8987.78,7021.41
2022-07-25 05:57:31,8986.05,7023.14
2022-07-25 05:57:30,8995.13,7014.06
2022-07-25 05:57:29,8995.24,7013.95
2022-07-25 05:57:28,8997.12,7012.07
2022-07-25 05:57:27,8997.47,7011.72
2022-07-25 05:57:26,8996.37,7012.82
2022-07-25 05:57:25,8997.39,7011.8
2022-07-25 05:57:24,8999.53,7009.66
2022-07-25 05:57:23,9012.67,6996.52
2022-07-25 05:57:22,8997.39,7011.8
2022-07-25 05:57:21,8995.98,7013.2
2022-07-25 05:57:20,9014.28,6994.91
2022-07-25 05:57:19,9013.41,6995.77
2022-07-25 05:57:18,9030.75,6978.44
2022-07-25 05:57:17,9006.07,7003.11
2022-07-25 05:57:16,9007.82,7001.37
2022-07-25 05:57:15,9036.23,6972.96
2022-07-25 05:57:14,9086.64,6922.55
2022-07-25 05:57:13,9188,6821.18
2022-07-25 05:57:12,9198.61,6810.57
2022-07-25 05:57:11,9618.75,6390.43
2022-07-25 05:57:10,10032.4,5976.79
2022-07-25 05:57:09,10271.2,5738
2022-07-25 05:57:08,10576.8,5432.39
2022-07-25 05:57:07,10751.2,5258.02
2022-07-25 05:57:06,11115.8,4893.39
2022-07-25 05:57:05,11286,4723.23
2022-07-25 05:57:04,11457.5,4551.68
2022-07-25 05:57:03,11603.5,4405.68
2022-07-25 05:57:02,11773.5,4235.7
2022-07-25 05:57:01,10375.9,5633.26
2022-07-25 05:57:00,9391.55,6617.64
2022-07-25 05:56:59,9393.47,6615.72
2022-07-25 05:56:58,9394.2,6614.99
2022-07-25 05:56:57,9397.32,6611.86
2022-07-25 05:56:56,9400.27,6608.91
2022-07-25 05:56:55,9401.45,6607.74
2022-07-25 05:56:54,9403.73,6605.46
2022-07-25 05:56:53,9407.65,6601.54
2022-07-25 05:56:52,9410.08,6599.11
2022-07-25 05:56:51,9410.99,6598.2
2022-07-25 05:56:50,9413.32,6595.87
2022-07-25 05:56:49,9416.83,6592.36
2022-07-25 05:56:48,9423.37,6585.82
2022-07-25 05:56:47,9423.87,6585.32
2022-07-25 05:56:46,9432.2,6576.99
2022-07-25 05:56:45,9434.71,6574.47
2022-07-25 05:56:44,9438.21,6570.98
2022-07-25 05:56:43,9452.04,6557.14
2022-07-25 05:56:42,9452.74,6556.45
2022-07-25 05:56:41,9455.38,6553.81
2022-07-25 05:56:40,9462.3,6546.89
2022-07-25 05:56:39,9477.4,6531.79
2022-07-25 05:56:38,9479.27,6529.92
2022-07-25 05:56:37,9479.69,6529.5
2022-07-25 05:56:36,9492.45,6516.73
2022-07-25 05:56:35,9527.03,6482.16
2022-07-25 05:56:34,9527.65,6481.53
2022-07-25 05:56:33,9558.48,6450.71
2022-07-25 05:56:32,9601.33,6407.86
2022-07-25 05:56:31,9603.36,6405.83
2022-07-25 05:56:30,9638.48,6370.71
2022-07-25 05:56:29,9740.03,6269.16
2022-07-25 05:56:28,9764.14,6245.05
2022-07-25 05:56:27,9827.75,6181.44
2022-07-25 05:56:26,9888.16,6121.02
2022-07-25 05:56:25,9951.96,6057.23
2022-07-25 05:56:24,10163.7,5845.52
2022-07-25 05:56:23,10257.1,5752.13
2022-07-25 05:56:22,10564.8,5444.36
2022-07-25 05:56:21,10714.3,5294.89
2022-07-25 05:56:20,10792,5217.14
2022-07-25 05:56:19,11025.6,4983.58
2022-07-25 05:56:18,11261.3,4747.92
2022-07-25 05:56:17,11383.4,4625.82
2022-07-25 05:56:16,11523.8,4485.4
2022-07-25 05:56:15,11674.9,4334.32
2022-07-25 05:56:14,10677.3,5331.86
2022-07-25 05:56:13,10257.9,5751.28
2022-07-25 05:56:12,9025.39,6983.8
2022-07-25 05:56:11,9026.93,6982.25
2022-07-25 05:56:10,9028.4,6980.79
2022-07-25 05:56:09,9027.61,6981.58
2022-07-25 05:56:08,9029.18,6980
2022-07-25 05:56:07,9031.53,6977.66
2022-07-25 05:56:06,9030.58,6978.61
2022-07-25 05:56:05,9031.59,6977.59
2022-07-25 05:56:04,9031.34,6977.84
2022-07-25 05:56:03,9033.27,6975.92
2022-07-25 05:56:02,9034.07,6975.12
2022-07-25 05:56:01,9036.21,6972.98
2022-07-25 05:56:00,9043.07,6966.12
2022-07-25 05:55:59,9043.98,6965.2
2022-07-25 05:55:58,9045.42,6963.77
2022-07-25 05:55:57,9047.34,6961.84
2022-07-25 05:55:56,9055.9,6953.29
2022-07-25 05:55:55,9056.46,6952.73
2022-07-25 05:55:54,9057.21,6951.98
2022-07-25 05:55:53,9066.44,6942.75
2022-07-25 05:55:52,9066.95,6942.23
2022-07-25 05:55:51,9069.14,6940.05
2022-07-25 05:55:50,9082.8,6926.39
2022-07-25 05:55:49,9082.83,6926.36
2022-07-25 05:55:48,9083.14,6926.05
2022-07-25 05:55:47,9089.99,6919.2
2022-07-25 05:55:46,9095.85,6913.34
2022-07-25 05:55:45,9123.45,6885.74
2022-07-25 05:55:44,9141.85,6867.34
2022-07-25 05:55:43,9140.75,6868.44
2022-07-25 05:55:42,9143.99,6865.2
2022-07-25 05:55:41,9198.86,6810.33
2022-07-25 05:55:40,9202.56,6806.63
2022-07-25 05:55:39,9243.06,6766.13
2022-07-25 05:55:38,9323.66,6685.52
2022-07-25 05:55:37,9355.44,6653.75
2022-07-25 05:55:36,9581,6428.18
2022-07-25 05:55:35,9957.5,6051.68
2022-07-25 05:55:34,10101.3,5907.86
2022-07-25 05:55:33,10348,5661.21
2022-07-25 05:55:32,10663.3,5345.93
2022-07-25 05:55:31,10806.1,5203.1
2022-07-25 05:55:30,11230.9,4778.28
2022-07-25 05:55:29,11398.3,4610.9
2022-07-25 05:55:28,11553.5,4455.7
2022-07-25 05:55:27,11195,4814.19
2022-07-25 05:55:26,10789.9,5219.25
2022-07-25 05:55:25,10346,5663.14
2022-07-25 05:55:24,9876.11,6133.08
2022-07-25 05:55:23,9260.65,6748.54
2022-07-25 05:55:22,9262.06,6747.12
2022-07-25 05:55:21,9268.32,6740.87
2022-07-25 05:55:20,9268.7,6740.49
2022-07-25 05:55:19,9274.81,6734.37
2022-07-25 05:55:18,9277.63,6731.55
2022-07-25 05:55:17,9282.14,6727.05
2022-07-25 05:55:16,9282.83,6726.36
2022-07-25 05:55:15,9289.78,6719.4
2022-07-25 05:55:14,9292.51,6716.68
2022-07-25 05:55:13,9300.28,6708.91
2022-07-25 05:55:12,9306.77,6702.42
2022-07-25 05:55:11,9305.55,6703.64
2022-07-25 05:55:10,9316.96,6692.23
2022-07-25 05:55:09,9325.48,6683.71
2022-07-25 05:55:08,9328.99,6680.2
2022-07-25 05:55:07,9335.31,6673.88
2022-07-25 05:55:06,9344.39,6664.79
2022-07-25 05:55:05,9353.55,6655.64
2022-07-25 05:55:04,9356.48,6652.71
2022-07-25 05:55:03,9379.4,6629.79
2022-07-25 05:55:02,9393.92,6615.27
2022-07-25 05:55:01,9425.88,6583.3
2022-07-25 05:55:00,9445.89,6563.3
2022-07-25 05:54:59,9460.39,6548.8
2022-07-25 05:54:58,9487.76,6521.43
2022-07-25 05:54:57,9528.32,6480.87
2022-07-25 05:54:56,9530.2,6478.99
2022-07-25 05:54:55,9565.22,6443.97
2022-07-25 05:54:54,9595.42,6413.77
2022-07-25 05:54:53,9614.2,6394.99
2022-07-25 05:54:52,9668.62,6340.57
2022-07-25 05:54:51,9676.83,6332.36
2022-07-25 05:54:50,9712.9,6296.29
2022-07-25 05:54:49,9769.82,6239.37
2022-07-25 05:54:48,9876.57,6132.62
2022-07-25 05:54:47,10183.3,5825.86
2022-07-25 05:54:46,10424.1,5585.06
2022-07-25 05:54:45,10537,5472.16
2022-07-25 05:54:44,10717.1,5292.09
2022-07-25 05:54:43,10928.1,5081.07
2022-07-25 05:54:42,11237.8,4771.36
2022-07-25 05:54:41,11377.2,4631.97
2022-07-25 05:54:40,11579,4430.21
2022-07-25 05:54:39,11735.3,4273.89
2022-07-25 05:54:38,10211.3,5797.88
2022-07-25 05:54:37,9899.87,6109.32
2022-07-25 05:54:36,9168.89,6840.3
2022-07-25 05:54:35,9170.61,6838.57
2022-07-25 05:54:34,9169.66,6839.52
2022-07-25 05:54:33,9172.36,6836.83
2022-07-25 05:54:32,9175.98,6833.2
2022-07-25 05:54:31,9176.05,6833.14
2022-07-25 05:54:30,9176.54,6832.65
2022-07-25 05:54:29,9184.67,6824.52
2022-07-25 05:54:28,9184.81,6824.38
2022-07-25 05:54:27,9184.32,6824.87
2022-07-25 05:54:26,9185.97,6823.22
2022-07-25 05:54:25,9194.95,6814.24
2022-07-25 05:54:24,9194.06,6815.13
2022-07-25 05:54:23,9197.86,6811.33
2022-07-25 05:54:22,9206.94,6802.25
2022-07-25 05:54:21,9215.5,6793.68
2022-07-25 05:54:20,9217.79,6791.4
2022-07-25 05:54:19,9218.49,6790.7
2022-07-25 05:54:18,9241.43,6767.75
2022-07-25 05:54:17,9242.4,6766.79
2022-07-25 05:54:16,9244.41,6764.78
2022-07-25 05:54:15,9255.16,6754.03
2022-07-25 05:54:14,9275.41,6733.77
2022-07-25 05:54:13,9276.61,6732.57
2022-07-25 05:54:12,9291.67,6717.52
2022-07-25 05:54:11,9309.88,6699.31
2022-07-25 05:54:10,9311.06,6698.13
2022-07-25 05:54:09,9341.14,6668.05
2022-07-25 05:54:08,9342.96,6666.23
2022-07-25 05:54:07,9367.8,6641.39
2022-07-25 05:54:06,9375.18,6634.01
2022-07-25 05:54:05,9411.47,6597.71
2022-07-25 05:54:04,9437.09,6572.1
2022-07-25 05:54:03,9478.95,6530.24
2022-07-25 05:54:02,9549.86,6459.33
2022-07-25 05:54:01,9733.07,6276.12
2022-07-25 05:54:00,10022.6,5986.55
2022-07-25 05:53:59,10208.8,5800.43
2022-07-25 05:53:58,10339.1,5670.13
2022-07-25 05:53:57,10834,5175.15
2022-07-25 05:53:56,10956.1,5053.06
2022-07-25 05:53:55,11075,4934.2
2022-07-25 05:53:54,11302.9,4706.32
2022-07-25 05:53:53,11464.6,4544.58
2022-07-25 05:53:52,11123.3,4885.89
2022-07-25 05:53:51,11252.6,4756.63
2022-07-25 05:53:50,10737.2,5271.99
2022-07-25 05:53:49,9648.08,6361.11
2022-07-25 05:53:48,9041.12,6968.07
2022-07-25 05:53:47,9043.64,6965.55
2022-07-25 05:53:46,9043.34,6965.85
2022-07-25 05:53:45,9045.48,6963.7
2022-07-25 05:53:44,9042.66,6966.53
2022-07-25 05:53:43,9047.36,6961.83
2022-07-25 05:53:42,9047.33,6961.86
2022-07-25 05:53:41,9046.05,6963.14
2022-07-25 05:53:40,9046.57,6962.62
2022-07-25 05:53:39,9049.01,6960.18
2022-07-25 05:53:38,9050.19,6959
2022-07-25 05:53:37,9050.63,6958.56
2022-07-25 05:53:36,9051.33,6957.86
2022-07-25 05:53:35,9050.12,6959.07
2022-07-25 05:53:34,9051.97,6957.22
2022-07-25 05:53:33,9053.93,6955.26
2022-07-25 05:53:32,9057.55,6951.64
2022-07-25 05:53:31,9058.03,6951.16
2022-07-25 05:53:30,9060.65,6948.54
2022-07-25 05:53:29,9060,6949.19
2022-07-25 05:53:28,9067.45,6941.74
2022-07-25 05:53:27,9067.18,6942
2022-07-25 05:53:26,9067.09,6942.1
2022-07-25 05:53:25,9079.61,6929.58
2022-07-25 05:53:24,9078.62,6930.57
2022-07-25 05:53:23,9079.59,6929.6
2022-07-25 05:53:22,9094.73,6914.45
2022-07-25 05:53:21,9094.41,6914.77
2022-07-25 05:53:20,9118.82,6890.36
2022-07-25 05:53:19,9133.72,6875.46
2022-07-25 05:53:18,9136.54,6872.64
2022-07-25 05:53:17,9182.2,6826.99
2022-07-25 05:53:16,9203.19,6806
2022-07-25 05:53:15,9216.75,6792.43
2022-07-25 05:53:14,9350.6,6658.59
2022-07-25 05:53:13,9405.53,6603.66
2022-07-25 05:53:12,9818.9,6190.29
2022-07-25 05:53:11,10063.5,5945.69
2022-07-25 05:53:10,10397.9,5611.28
2022-07-25 05:53:09,10508.6,5500.61
2022-07-25 05:53:08,10869.4,5139.74
2022-07-25 05:53:07,11121.5,4887.68
2022-07-25 05:53:06,11320.8,4688.42
2022-07-25 05:53:05,11459.2,4550.03
2022-07-25 05:53:04,11250,4759.19
2022-07-25 05:53:03,11099.5,4909.71
2022-07-25 05:53:02,10740.9,5268.25
2022-07-25 05:53:01,10295.6,5713.57
2022-07-25 05:53:00,9055.91,6953.28
2022-07-25 05:52:59,9056.91,6952.27
2022-07-25 05:52:58,9058.71,6950.48
2022-07-25 05:52:57,9059.45,6949.73
2022-07-25 05:52:56,9062.03,6947.16
2022-07-25 05:52:55,9060.82,6948.36
2022-07-25 05:52:54,9060.78,6948.41
2022-07-25 05:52:53,9062.79,6946.4
2022-07-25 05:52:52,9063.44,6945.74
2022-07-25 05:52:51,9063.02,6946.16
2022-07-25 05:52:50,9066.32,6942.86
2022-07-25 05:52:49,9065.08,6944.11
2022-07-25 05:52:48,9066.08,6943.11
2022-07-25 05:52:47,9064.91,6944.27
2022-07-25 05:52:46,9069,6940.19
2022-07-25 05:52:45,9069.22,6939.97
2022-07-25 05:52:44,9070.52,6938.66
2022-07-25 05:52:43,9079.05,6930.14
2022-07-25 05:52:42,9085.18,6924.01
2022-07-25 05:52:41,9086.51,6922.68
2022-07-25 05:52:40,9087.41,6921.77
2022-07-25 05:52:39,9113.84,6895.34
2022-07-25 05:52:38,9114.5,6894.69
2022-07-25 05:52:37,9115.73,6893.45
2022-07-25 05:52:36,9137.14,6872.05
2022-07-25 05:52:35,9152.98,6856.21
2022-07-25 05:52:34,9152.11,6857.07
2022-07-25 05:52:33,9177.27,6831.91
2022-07-25 05:52:32,9201.28,6807.91
2022-07-25 05:52:31,9200.75,6808.44
2022-07-25 05:52:30,9218.93,6790.26
2022-07-25 05:52:29,9228.66,6780.53
2022-07-25 05:52:28,9245.61,6763.57
2022-07-25 05:52:27,9274.69,6734.5
2022-07-25 05:52:26,9330.14,6679.05
2022-07-25 05:52:25,9381.14,6628.05
2022-07-25 05:52:24,9751.33,6257.86
2022-07-25 05:52:23,9829.54,6179.65
2022-07-25 05:52:22,10146.6,5862.56
2022-07-25 05:52:21,10565,5444.21
2022-07-25 05:52:20,10718.7,5290.48
2022-07-25 05:52:19,10989.5,5019.67
2022-07-25 05:52:18,11214.5,4794.65
2022-07-25 05:52:17,11348.1,4661.11
2022-07-25 05:52:16,11495.2,4513.96
2022-07-25 05:52:15,11131.4,4877.83
2022-07-25 05:52:14,11261.5,4747.65
2022-07-25 05:52:13,10778.8,5230.43
2022-07-25 05:52:12,9560.25,6448.93
2022-07-25 05:52:11,9038.31,6970.88
2022-07-25 05:52:10,9041.53,6967.66
2022-07-25 05:52:09,9043.33,6965.86
2022-07-25 05:52:08,9045.3,6963.89
2022-07-25 05:52:07,9045.22,6963.97
2022-07-25 05:52:06,9045.36,6963.82
2022-07-25 05:52:05,9046.16,6963.02
2022-07-25 05:52:04,9047.48,6961.71
2022-07-25 05:52:03,9049.99,6959.2
2022-07-25 05:52:02,9048.28,6960.91
2022-07-25 05:52:01,9047.34,6961.84
2022-07-25 05:52:00,9050.91,6958.28
2022-07-25 05:51:59,9050.85,6958.34
2022-07-25 05:51:58,9053.02,6956.16
2022-07-25 05:51:57,9051.02,6958.17
2022-07-25 05:51:56,9066.27,6942.91
2022-07-25 05:51:55,9067.7,6941.49
2022-07-25 05:51:54,9069.22,6939.96
2022-07-25 05:51:53,9081.04,6928.15
2022-07-25 05:51:52,9083.42,6925.77
2022-07-25 05:51:51,9082.87,6926.32
2022-07-25 05:51:50,9095.82,6913.37
2022-07-25 05:51:49,9096.72,6912.47
2022-07-25 05:51:48,9097.29,6911.9
2022-07-25 05:51:47,9116.76,6892.43
2022-07-25 05:51:46,9118.37,6890.82
2022-07-25 05:51:45,9136.84,6872.35
2022-07-25 05:51:44,9159.36,6849.83
2022-07-25 05:51:43,9160.8,6848.38
2022-07-25 05:51:42,9176.06,6833.12
2022-07-25 05:51:41,9184.12,6825.07
2022-07-25 05:51:40,9216.32,6792.86
2022-07-25 05:51:39,9219.49,6789.7
2022-07-25 05:51:38,9278.37,6730.82
2022-07-25 05:51:37,9318.63,6690.55
2022-07-25 05:51:36,9426.64,6582.55
2022-07-25 05:51:35,9609.57,6399.61
2022-07-25 05:51:34,9910.82,6098.37
2022-07-25 05:51:33,10381.1,5628.11
2022-07-25 05:51:32,10620.1,5389.07
2022-07-25 05:51:31,10791.1,5218.13
2022-07-25 05:51:30,11136.7,4872.46
2022-07-25 05:51:29,11266.7,4742.48
2022-07-25 05:51:28,11423.9,4585.29
2022-07-25 05:51:27,11585.3,4423.85
2022-07-25 05:51:26,11220.3,4788.87
2022-07-25 05:51:25,10198.1,5811.07
2022-07-25 05:51:24,9229.39,6779.79
2022-07-25 05:51:23,9231.46,6777.73
2022-07-25 05:51:22,9231.1,6778.09
2022-07-25 05:51:21,9230.72,6778.47
2022-07-25 05:51:20,9234.55,6774.63
2022-07-25 05:51:19,9236,6773.19
2022-07-25 05:51:18,9238.9,6770.29
2022-07-25 05:51:17,9240.04,6769.15
2022-07-25 05:51:16,9242.2,6766.98
2022-07-25 05:51:15,9242.24,6766.95
2022-07-25 05:51:14,9245.93,6763.25
2022-07-25 05:51:13,9247.4,6761.78
2022-07-25 05:51:12,9247.88,6761.3
2022-07-25 05:51:11,9250.43,6758.76
2022-07-25 05:51:10,9251.06,6758.13
2022-07-25 05:51:09,9253.86,6755.33
2022-07-25 05:51:08,9256.62,6752.57
2022-07-25 05:51:07,9258.32,6750.87
2022-07-25 05:51:06,9258.65,6750.54
2022-07-25 05:51:05,9259.73,6749.45
2022-07-25 05:51:04,9266.48,6742.71
2022-07-25 05:51:03,9269.14,6740.05
2022-07-25 05:51:02,9271.58,6737.61
2022-07-25 05:51:01,9282.05,6727.13
2022-07-25 05:51:00,9304.32,6704.87
2022-07-25 05:50:59,9307.6,6701.59
2022-07-25 05:50:58,9310.1,6699.09
2022-07-25 05:50:57,9343.26,6665.93
2022-07-25 05:50:56,9370.07,6639.11
2022-07-25 05:50:55,9387.52,6621.67
2022-07-25 05:50:54,9405.17,6604.02
2022-07-25 05:50:53,9404.98,6604.21
2022-07-25 05:50:52,9461.69,6547.49
2022-07-25 05:50:51,9487.92,6521.27
2022-07-25 05:50:50,9522.36,6486.83
2022-07-25 05:50:49,9628.84,6380.34
2022-07-25 05:50:48,9685.17,6324.02
2022-07-25 05:50:47,9861.89,6147.3
2022-07-25 05:50:46,10281.8,5727.36
2022-07-25 05:50:45,10469.6,5539.61
2022-07-25 05:50:44,10624,5385.16
2022-07-25 05:50:43,11043.5,4965.72
2022-07-25 05:50:42,11209.7,4799.46
2022-07-25 05:50:41,11332.4,4676.8
2022-07-25 05:50:40,11502.5,4506.68
2022-07-25 05:50:39,11636.7,4372.53
2022-07-25 05:50:38,11293.5,4715.71
2022-07-25 05:50:37,10391.4,5617.75
2022-07-25 05:50:36,9774.79,6234.4
2022-07-25 05:50:35,9149.56,6859.63
2022-07-25 05:50:34,9150.37,6858.82
2022-07-25 05:50:33,9150.63,6858.55
2022-07-25 05:50:32,9151.93,6857.25
2022-07-25 05:50:31,9154.96,6854.22
2022-07-25 05:50:30,9156.56,6852.62
2022-07-25 05:50:29,9156.66,6852.53
2022-07-25 05:50:28,9156.82,6852.36
2022-07-25 05:50:27,9160.55,6848.64
2022-07-25 05:50:26,9161.71,6847.48
2022-07-25 05:50:25,9162.89,6846.3
2022-07-25 05:50:24,9166.82,6842.36
2022-07-25 05:50:23,9167.38,6841.8
2022-07-25 05:50:22,9169.49,6839.7
2022-07-25 05:50:21,9171.26,6837.93
2022-07-25 05:50:20,9172.04,6837.15
2022-07-25 05:50:19,9171.53,6837.66
2022-07-25 05:50:18,9171.79,6837.4
2022-07-25 05:50:17,9179.57,6829.62
2022-07-25 05:50:16,9196.23,6812.96
2022-07-25 05:50:15,9196.86,6812.32
2022-07-25 05:50:14,9197.2,6811.99
2022-07-25 05:50:13,9229.42,6779.77
2022-07-25 05:50:12,9230.92,6778.27
2022-07-25 05:50:11,9231.92,6777.27
2022-07-25 05:50:10,9264.12,6745.06
2022-07-25 05:50:09,9268.54,6740.64
2022-07-25 05:50:08,9269.44,6739.75
2022-07-25 05:50:07,9295.4,6713.79
2022-07-25 05:50:06,9317.41,6691.77
2022-07-25 05:50:05,9337.55,6671.64
2022-07-25 05:50:04,9411.86,6597.32
2022-07-25 05:50:03,9416.36,6592.83
2022-07-25 05:50:02,9494.3,6514.89
2022-07-25 05:50:01,9562.26,6446.93
2022-07-25 05:50:00,9626.98,6382.21
2022-07-25 05:49:59,9934.22,6074.96
2022-07-25 05:49:58,10237.4,5771.84
2022-07-25 05:49:57,10311.9,5697.29
2022-07-25 05:49:56,10389.3,5619.87
2022-07-25 05:49:55,10811.4,5197.75
2022-07-25 05:49:54,11136.2,4872.94
2022-07-25 05:49:53,11292.3,4716.88
2022-07-25 05:49:52,11549.5,4459.68
2022-07-25 05:49:51,10654.7,5354.5
2022-07-25 05:49:50,10187.2,5822.03
2022-07-25 05:49:49,10287.2,5721.98
2022-07-25 05:49:48,10381.2,5627.95
2022-07-25 05:49:47,9166.31,6842.87
2022-07-25 05:49:46,9166.2,6842.99
2022-07-25 05:49:45,9166,6843.19
2022-07-25 05:49:44,9167.59,6841.6
2022-07-25 05:49:43,9168.73,6840.46
2022-07-25 05:49:42,9169.8,6839.39
2022-07-25 05:49:41,9170.34,6838.85
2022-07-25 05:49:40,9172.18,6837.01
2022-07-25 05:49:39,9173.74,6835.44
2022-07-25 05:49:38,9175.25,6833.94
2022-07-25 05:49:37,9178.46,6830.73
2022-07-25 05:49:36,9184.38,6824.8
2022-07-25 05:49:35,9184.26,6824.93
2022-07-25 05:49:34,9186.48,6822.71
2022-07-25 05:49:33,9196.57,6812.62
2022-07-25 05:49:32,9197.27,6811.92
2022-07-25 05:49:31,9198.18,6811.01
2022-07-25 05:49:30,9202.37,6806.82
2022-07-25 05:49:29,9210.75,6798.44
2022-07-25 05:49:28,9210.87,6798.32
2022-07-25 05:49:27,9210.99,6798.2
2022-07-25 05:49:26,9226.09,6783.1
2022-07-25 05:49:25,9226.75,6782.44
2022-07-25 05:49:24,9228.44,6780.75
2022-07-25 05:49:23,9255.37,6753.81
2022-07-25 05:49:22,9256.61,6752.58
2022-07-25 05:49:21,9256.49,6752.7
2022-07-25 05:49:20,9299.96,6709.22
2022-07-25 05:49:19,9307.22,6701.97
2022-07-25 05:49:18,9310.48,6698.71
2022-07-25 05:49:17,9336.07,6673.12
2022-07-25 05:49:16,9416.02,6593.17
2022-07-25 05:49:15,9426.22,6582.97
2022-07-25 05:49:14,9468.45,6540.73
2022-07-25 05:49:13,9552.68,6456.51
2022-07-25 05:49:12,9617.88,6391.31
2022-07-25 05:49:11,9884.45,6124.74
2022-07-25 05:49:10,10101,5908.22
2022-07-25 05:49:09,10310.6,5698.61
2022-07-25 05:49:08,10643.8,5365.38
2022-07-25 05:49:07,11037.3,4971.86
2022-07-25 05:49:06,11192.9,4816.3
2022-07-25 05:49:05,11341.3,4667.89
2022-07-25 05:49:04,11512.8,4496.34
2022-07-25 05:49:03,11630.7,4378.54
2022-07-25 05:49:02,11296.9,4712.31
2022-07-25 05:49:01,10306.2,5702.95
2022-07-25 05:49:00,9166.62,6842.57
2022-07-25 05:48:59,9168.14,6841.04
2022-07-25 05:48:58,9169.8,6839.39
2022-07-25 05:48:57,9171.55,6837.64
2022-07-25 05:48:56,9176.73,6832.45
2022-07-25 05:48:55,9178.5,6830.69
2022-07-25 05:48:54,9178.14,6831.05
2022-07-25 05:48:53,9179.46,6829.72
2022-07-25 05:48:52,9180.09,6829.1
2022-07-25 05:48:51,9179.34,6829.85
2022-07-25 05:48:50,9187.75,6821.43
2022-07-25 05:48:49,9186.76,6822.43
2022-07-25 05:48:48,9189.85,6819.34
2022-07-25 05:48:47,9193.86,6815.33
2022-07-25 05:48:46,9195.94,6813.25
2022-07-25 05:48:45,9197.81,6811.38
2022-07-25 05:48:44,9204.82,6804.36
2022-07-25 05:48:43,9206.24,6802.94
2022-07-25 05:48:42,9210,6799.18
2022-07-25 05:48:41,9215.75,6793.44
2022-07-25 05:48:40,9228.59,6780.6
2022-07-25 05:48:39,9233.83,6775.36
2022-07-25 05:48:38,9233.04,6776.15
2022-07-25 05:48:37,9242.48,6766.71
2022-07-25 05:48:36,9266.86,6742.33
2022-07-25 05:48:35,9267.62,6741.57
2022-07-25 05:48:34,9280.38,6728.81
2022-07-25 05:48:33,9303.46,6705.72
2022-07-25 05:48:32,9329.49,6679.7
2022-07-25 05:48:31,9329.75,6679.44
2022-07-25 05:48:30,9350.83,6658.36
2022-07-25 05:48:29,9367.96,6641.22
2022-07-25 05:48:28,9404.28,6604.91
2022-07-25 05:48:27,9410.43,6598.76
2022-07-25 05:48:26,9458.23,6550.95
2022-07-25 05:48:25,9532.77,6476.41
2022-07-25 05:48:24,9608.68,6400.51
2022-07-25 05:48:23,9959.54,6049.65
2022-07-25 05:48:22,10283.2,5725.97
2022-07-25 05:48:21,10493.8,5515.39
2022-07-25 05:48:20,10808.5,5200.66
2022-07-25 05:48:19,10972.4,5036.77
2022-07-25 05:48:18,11173.9,4835.27
2022-07-25 05:48:17,11378.2,4631.02
2022-07-25 05:48:16,11524.3,4484.93
2022-07-25 05:48:15,11692.9,4316.33
2022-07-25 05:48:14,11313.1,4696.11
2022-07-25 05:48:13,10005.2,6003.98
2022-07-25 05:48:12,9734.21,6274.98
2022-07-25 05:48:11,9223.01,6786.18
2022-07-25 05:48:10,9224.67,6784.52
2022-07-25 05:48:09,9224.39,6784.79
2022-07-25 05:48:08,9225.68,6783.51
2022-07-25 05:48:07,9228.58,6780.61
2022-07-25 05:48:06,9228.76,6780.43
2022-07-25 05:48:05,9231.79,6777.4
2022-07-25 05:48:04,9232.96,6776.22
2022-07-25 05:48:03,9232.77,6776.41
2022-07-25 05:48:02,9235.45,6773.73
2022-07-25 05:48:01,9235.16,6774.03
2022-07-25 05:48:00,9237.68,6771.51
2022-07-25 05:47:59,9238.81,6770.38
2022-07-25 05:47:58,9239.54,6769.65
2022-07-25 05:47:57,9241.89,6767.3
2022-07-25 05:47:56,9244.88,6764.31
2022-07-25 05:47:55,9246.94,6762.25
2022-07-25 05:47:54,9248.04,6761.14
2022-07-25 05:47:53,9252.48,6756.71
2022-07-25 05:47:52,9251.77,6757.42
2022-07-25 05:47:51,9257.28,6751.9
2022-07-25 05:47:50,9256.59,6752.6
2022-07-25 05:47:49,9267.97,6741.22
2022-07-25 05:47:48,9286.09,6723.1
2022-07-25 05:47:47,9287.08,6722.11
2022-07-25 05:47:46,9305.1,6704.09
2022-07-25 05:47:45,9323.95,6685.23
2022-07-25 05:47:44,9325.14,6684.05
2022-07-25 05:47:43,9375.82,6633.37
2022-07-25 05:47:42,9388.48,6620.71
2022-07-25 05:47:41,9391.88,6617.31
2022-07-25 05:47:40,9457.9,6551.29
2022-07-25 05:47:39,9466.44,6542.75
2022-07-25 05:47:38,9490.89,6518.3
2022-07-25 05:47:37,9682.72,6326.47
2022-07-25 05:47:36,9809.39,6199.8
2022-07-25 05:47:35,9909,6100.19
2022-07-25 05:47:34,10523,5486.22
2022-07-25 05:47:33,10768.9,5240.3
2022-07-25 05:47:32,10937.3,5071.91
2022-07-25 05:47:31,11058,4951.16
2022-07-25 05:47:30,11320.5,4688.68
2022-07-25 05:47:29,11461.4,4547.78
2022-07-25 05:47:28,11615.7,4393.48
2022-07-25 05:47:27,11221.3,4787.9
2022-07-25 05:47:26,10389.9,5619.29
2022-07-25 05:47:25,9803.62,6205.57
2022-07-25 05:47:24,9229.71,6779.47
2022-07-25 05:47:23,9230.77,6778.41
2022-07-25 05:47:22,9233.01,6776.18
2022-07-25 05:47:21,9234.74,6774.44
2022-07-25 05:47:20,9237.34,6771.85
2022-07-25 05:47:19,9235.32,6773.87
2022-07-25 05:47:18,9236.64,6772.54
2022-07-25 05:47:17,9238.61,6770.58
2022-07-25 05:47:16,9237.86,6771.32
2022-07-25 05:47:15,9239.27,6769.92
2022-07-25 05:47:14,9252.68,6756.5
2022-07-25 05:47:13,9255.15,6754.04
2022-07-25 05:47:12,9254.14,6755.05
2022-07-25 05:47:11,9256.3,6752.89
2022-07-25 05:47:10,9270.42,6738.77
2022-07-25 05:47:09,9271.05,6738.14
2022-07-25 05:47:08,9272.28,6736.91
2022-07-25 05:47:07,9287.02,6722.17
2022-07-25 05:47:06,9286.66,6722.53
2022-07-25 05:47:05,9288.68,6720.5
2022-07-25 05:47:04,9302.14,6707.04
2022-07-25 05:47:03,9304.7,6704.48
2022-07-25 05:47:02,9305.07,6704.11
2022-07-25 05:47:01,9329.72,6679.46
2022-07-25 05:47:00,9355.09,6654.1
2022-07-25 05:46:59,9357.87,6651.32
2022-07-25 05:46:58,9370.7,6638.49
2022-07-25 05:46:57,9401.72,6607.46
2022-07-25 05:46:56,9405.2,6603.98
2022-07-25 05:46:55,9423.8,6585.39
2022-07-25 05:46:54,9435.42,6573.77
2022-07-25 05:46:53,9511.87,6497.32
2022-07-25 05:46:52,9532.22,6476.96
2022-07-25 05:46:51,9541.08,6468.11
2022-07-25 05:46:50,9590.03,6419.15
2022-07-25 05:46:49,9702.46,6306.73
2022-07-25 05:46:48,9938.61,6070.57
2022-07-25 05:46:47,10377.8,5631.41
2022-07-25 05:46:46,10530.4,5478.74
2022-07-25 05:46:45,10773.8,5235.39
2022-07-25 05:46:44,11111.4,4897.83
2022-07-25 05:46:43,11278.3,4730.87
2022-07-25 05:46:42,11406.9,4602.28
2022-07-25 05:46:41,11566.6,4442.6
2022-07-25 05:46:40,11695,4314.17
2022-07-25 05:46:39,11271.8,4737.37
2022-07-25 05:46:38,10189.9,5819.25
2022-07-25 05:46:37,9162.62,6846.57
2022-07-25 05:46:36,9164.73,6844.45
2022-07-25 05:46:35,9165.61,6843.58
2022-07-25 05:46:34,9167,6842.19
2022-07-25 05:46:33,9167.35,6841.84
2022-07-25 05:46:32,9169.55,6839.63
2022-07-25 05:46:31,9169.61,6839.58
2022-07-25 05:46:30,9170.03,6839.16
2022-07-25 05:46:29,9171.03,6838.16
2022-07-25 05:46:28,9175.6,6833.59
2022-07-25 05:46:27,9176.72,6832.47
2022-07-25 05:46:26,9176.25,6832.94
2022-07-25 05:46:25,9180.5,6828.68
2022-07-25 05:46:24,9185.67,6823.52
2022-07-25 05:46:23,9185.02,6824.17
2022-07-25 05:46:22,9188.89,6820.3
2022-07-25 05:46:21,9190.78,6818.41
2022-07-25 05:46:20,9195.28,6813.91
2022-07-25 05:46:19,9195.06,6814.13
2022-07-25 05:46:18,9199.44,6809.75
2022-07-25 05:46:17,9205.77,6803.41
2022-07-25 05:46:16,9205.86,6803.32
2022-07-25 05:46:15,9205.63,6803.56
2022-07-25 05:46:14,9207.34,6801.85
2022-07-25 05:46:13,9231.46,6777.72
2022-07-25 05:46:12,9231.79,6777.4
2022-07-25 05:46:11,9245.34,6763.85
2022-07-25 05:46:10,9258.9,6750.29
2022-07-25 05:46:09,9286.29,6722.89
2022-07-25 05:46:08,9309.68,6699.51
2022-07-25 05:46:07,9310.46,6698.72
2022-07-25 05:46:06,9342.16,6667.03
2022-07-25 05:46:05,9367.22,6641.97
2022-07-25 05:46:04,9402.85,6606.33
2022-07-25 05:46:03,9492.74,6516.45
2022-07-25 05:46:02,9615.01,6394.18
2022-07-25 05:46:01,9793.92,6215.27
2022-07-25 05:46:00,10217.3,5791.89
2022-07-25 05:45:59,10487.3,5521.87
2022-07-25 05:45:58,10661,5348.18
2022-07-25 05:45:57,10788.3,5220.92
2022-07-25 05:45:56,11028.6,4980.58
2022-07-25 05:45:55,11139.4,4869.81
2022-07-25 05:45:54,11405.1,4604.1
2022-07-25 05:45:53,11571.7,4437.45
2022-07-25 05:45:52,11089.4,4919.77
2022-07-25 05:45:51,10049.4,5959.82
2022-07-25 05:45:50,10133.4,5875.79
2022-07-25 05:45:49,9682.45,6326.74
2022-07-25 05:45:48,9433.28,6575.91
2022-07-25 05:45:47,9056.14,6953.04
2022-07-25 05:45:46,9058.56,6950.63
2022-07-25 05:45:45,9059.22,6949.97
2022-07-25 05:45:44,9059.99,6949.2
2022-07-25 05:45:43,9064.51,6944.68
2022-07-25 05:45:42,9063.55,6945.64
2022-07-25 05:45:41,9065.11,6944.08
2022-07-25 05:45:40,9069.56,6939.63
2022-07-25 05:45:39,9069.71,6939.48
2022-07-25 05:45:38,9070.39,6938.8
2022-07-25 05:45:37,9076.66,6932.53
2022-07-25 05:45:36,9078.29,6930.89
2022-07-25 05:45:35,9079.37,6929.82
2022-07-25 05:45:34,9096.06,6913.13
2022-07-25 05:45:33,9096.21,6912.97
2022-07-25 05:45:32,9098.12,6911.07
2022-07-25 05:45:31,9108.36,6900.82
2022-07-25 05:45:30,9114.69,6894.5
2022-07-25 05:45:29,9116.71,6892.48
2022-07-25 05:45:28,9128.89,6880.3
2022-07-25 05:45:27,9135.2,6873.98
2022-07-25 05:45:26,9150.59,6858.6
2022-07-25 05:45:25,9151.91,6857.28
2022-07-25 05:45:24,9163.11,6846.07
2022-07-25 05:45:23,9178.85,6830.34
2022-07-25 05:45:22,9181.37,6827.82
2022-07-25 05:45:21,9212.77,6796.42
2022-07-25 05:45:20,9212.95,6796.23
2022-07-25 05:45:19,9213.47,6795.71
2022-07-25 05:45:18,9247.46,6761.73
2022-07-25 05:45:17,9250.62,6758.57
2022-07-25 05:45:16,9281.69,6727.5
2022-07-25 05:45:15,9325.66,6683.52
2022-07-25 05:45:14,9549.42,6459.77
2022-07-25 05:45:13,9622.91,6386.28
2022-07-25 05:45:12,10003.7,6005.53
2022-07-25 05:45:11,10352.2,5657.03
2022-07-25 05:45:10,10520.4,5488.83
2022-07-25 05:45:09,10641.2,5367.95
2022-07-25 05:45:08,11039.3,4969.92
2022-07-25 05:45:07,11263.4,4745.8
2022-07-25 05:45:06,11475.8,4533.39
2022-07-25 05:45:05,10971.5,5037.69
2022-07-25 05:45:04,11094.2,4914.95
2022-07-25 05:45:03,10702.8,5306.41
2022-07-25 05:45:02,10158.9,5850.33
2022-07-25 05:45:01,9011.78,6997.41
2022-07-25 05:45:00,9013.62,6995.57
2022-07-25 05:44:59,9015.14,6994.04
2022-07-25 05:44:58,9015.32,6993.87
2022-07-25 05:44:57,9015.03,6994.16
2022-07-25 05:44:56,9016.46,6992.73
2022-07-25 05:44:55,9015.88,6993.31
2022-07-25 05:44:54,9015.42,6993.77
2022-07-25 05:44:53,9019.28,6989.91
2022-07-25 05:44:52,9019.29,6989.9
2022-07-25 05:44:51,9019.55,6989.63
2022-07-25 05:44:50,9019.92,6989.27
2022-07-25 05:44:49,9023.35,6985.84
2022-07-25 05:44:48,9023.3,6985.89
2022-07-25 05:44:47,9024.8,6984.38
2022-07-25 05:44:46,9025.81,6983.38
2022-07-25 05:44:45,9028.14,6981.05
2022-07-25 05:44:44,9029.04,6980.15
2022-07-25 05:44:43,9029.03,6980.16
2022-07-25 05:44:42,9030.5,6978.68
2022-07-25 05:44:41,9030.66,6978.53
2022-07-25 05:44:40,9029.71,6979.48
2022-07-25 05:44:39,9031.01,6978.18
2022-07-25 05:44:38,9037.25,6971.94
2022-07-25 05:44:37,9039.34,6969.85
2022-07-25 05:44:36,9039.29,6969.9
2022-07-25 05:44:35,9075.79,6933.4
2022-07-25 05:44:34,9077.99,6931.2
2022-07-25 05:44:33,9078.33,6930.86
2022-07-25 05:44:32,9113.43,6895.76
2022-07-25 05:44:31,9117.77,6891.41
2022-07-25 05:44:30,9118.85,6890.34
2022-07-25 05:44:29,9168.38,6840.8
2022-07-25 05:44:28,9169.13,6840.06
2022-07-25 05:44:27,9265.65,6743.54
2022-07-25 05:44:26,9407.49,6601.7
2022-07-25 05:44:25,9502.64,6506.55
2022-07-25 05:44:24,9913.44,6095.75
2022-07-25 05:44:23,10477.5,5531.71
2022-07-25 05:44:22,10723.3,5285.86
2022-07-25 05:44:21,10925.3,5083.9
2022-07-25 05:44:20,11033,4976.16
2022-07-25 05:44:19,11274.9,4734.32
2022-07-25 05:44:18,11415.5,4593.71
2022-07-25 05:44:17,11595.5,4413.67
2022-07-25 05:44:16,11750.1,4259.06
2022-07-25 05:44:15,10119.7,5889.45
2022-07-25 05:44:14,9668.8,6340.39
2022-07-25 05:44:13,9687.13,6322.05
2022-07-25 05:44:12,9058.8,6950.39
2022-07-25 05:44:11,9058.48,6950.71
2022-07-25 05:44:10,9063.49,6945.7
2022-07-25 05:44:09,9068.63,6940.56
2022-07-25 05:44:08,9069.08,6940.11
2022-07-25 05:44:07,9068.24,6940.95
2022-07-25 05:44:06,9078.08,6931.11
2022-07-25 05:44:05,9075.42,6933.77
2022-07-25 05:44:04,9073.95,6935.24
2022-07-25 05:44:03,9078.45,6930.74
2022-07-25 05:44:02,9086.46,6922.73
2022-07-25 05:44:01,9086.55,6922.64
2022-07-25 05:44:00,9090.91,6918.28
2022-07-25 05:43:59,9101.53,6907.66
2022-07-25 05:43:58,9101.54,6907.64
2022-07-25 05:43:57,9102.13,6907.06
2022-07-25 05:43:56,9110.84,6898.35
2022-07-25 05:43:55,9120.84,6888.35
2022-07-25 05:43:54,9120.79,6888.4
2022-07-25 05:43:53,9131.15,6878.04
2022-07-25 05:43:52,9143.99,6865.2
2022-07-25 05:43:51,9149.32,6859.87
2022-07-25 05:43:50,9152.13,6857.06
2022-07-25 05:43:49,9166.13,6843.06
2022-07-25 05:43:48,9177.34,6831.84
2022-07-25 05:43:47,9178.22,6830.96
2022-07-25 05:43:46,9202.39,6806.79
2022-07-25 05:43:45,9206.64,6802.54
2022-07-25 05:43:44,9209.05,6800.14
2022-07-25 05:43:43,9237.9,6771.29
2022-07-25 05:43:42,9239.64,6769.54
2022-07-25 05:43:41,9255.44,6753.75
2022-07-25 05:43:40,9260.52,6748.66
2022-07-25 05:43:39,9307.3,6701.89
2022-07-25 05:43:38,9336.64,6672.55
2022-07-25 05:43:37,9422.05,6587.13
2022-07-25 05:43:36,9739.09,6270.1
2022-07-25 05:43:35,10073.6,5935.57
2022-07-25 05:43:34,10503.4,5505.8
2022-07-25 05:43:33,10709.2,5299.99
2022-07-25 05:43:32,10796.1,5213.1
2022-07-25 05:43:31,11103.8,4905.39
2022-07-25 05:43:30,11282.8,4726.39
2022-07-25 05:43:29,11445.8,4563.35
2022-07-25 05:43:28,11605.6,4403.61
2022-07-25 05:43:27,11261.7,4747.51
2022-07-25 05:43:26,10779.6,5229.63
2022-07-25 05:43:25,9166.67,6842.52
2022-07-25 05:43:24,9169.49,6839.69
2022-07-25 05:43:23,9168.48,6840.71
2022-07-25 05:43:22,9170.4,6838.79
2022-07-25 05:43:21,9170.41,6838.78
2022-07-25 05:43:20,9170.79,6838.4
2022-07-25 05:43:19,9171.82,6837.37
2022-07-25 05:43:18,9174.43,6834.76
2022-07-25 05:43:17,9175.1,6834.09
2022-07-25 05:43:16,9176.36,6832.83
2022-07-25 05:43:15,9178.52,6830.67
2022-07-25 05:43:14,9180.28,6828.9
2022-07-25 05:43:13,9183.06,6826.12
2022-07-25 05:43:12,9184.82,6824.36
2022-07-25 05:43:11,9186.25,6822.94
2022-07-25 05:43:10,9186.21,6822.97
2022-07-25 05:43:09,9189.83,6819.36
2022-07-25 05:43:08,9192.7,6816.48
2022-07-25 05:43:07,9194.32,6814.87
2022-07-25 05:43:06,9193.92,6815.27
2022-07-25 05:43:05,9196.44,6812.75
2022-07-25 05:43:04,9210.5,6798.69
2022-07-25 05:43:03,9228.08,6781.11
2022-07-25 05:43:02,9229.22,6779.97
2022-07-25 05:43:01,9246.28,6762.91
2022-07-25 05:43:00,9266.91,6742.28
2022-07-25 05:42:59,9266.86,6742.33
2022-07-25 05:42:58,9285.32,6723.87
2022-07-25 05:42:57,9326.96,6682.22
2022-07-25 05:42:56,9326.62,6682.57
2022-07-25 05:42:55,9349.7,6659.48
2022-07-25 05:42:54,9392.8,6616.39
2022-07-25 05:42:53,9382.41,6626.78
2022-07-25 05:42:52,9414.47,6594.72
2022-07-25 05:42:51,9467.97,6541.22
2022-07-25 05:42:50,9557.49,6451.7
2022-07-25 05:42:49,9632.34,6376.84
2022-07-25 05:42:48,9782.64,6226.55
2022-07-25 05:42:47,10073.3,5935.89
2022-07-25 05:42:46,10408.3,5600.88
2022-07-25 05:42:45,10682.1,5327.11
2022-07-25 05:42:44,10787.2,5221.97
2022-07-25 05:42:43,11013.3,4995.88
2022-07-25 05:42:42,11263.1,4746.07
2022-07-25 05:42:41,11396.9,4612.24
2022-07-25 05:42:40,11574.7,4434.53
2022-07-25 05:42:39,11753.3,4255.86
2022-07-25 05:42:38,10291.9,5717.27
2022-07-25 05:42:37,9759.54,6249.64
2022-07-25 05:42:36,9235.93,6773.26
2022-07-25 05:42:35,9237,6772.19
2022-07-25 05:42:34,9237.93,6771.25
2022-07-25 05:42:33,9241.69,6767.5
2022-07-25 05:42:32,9241.07,6768.11
2022-07-25 05:42:31,9241.28,6767.91
2022-07-25 05:42:30,9244.74,6764.45
2022-07-25 05:42:29,9247.11,6762.07
2022-07-25 05:42:28,9245.82,6763.37
2022-07-25 05:42:27,9250.66,6758.53
2022-07-25 05:42:26,9250.53,6758.66
2022-07-25 05:42:25,9254.2,6754.98
2022-07-25 05:42:24,9256.98,6752.2
2022-07-25 05:42:23,9258.34,6750.85
2022-07-25 05:42:22,9262.22,6746.97
2022-07-25 05:42:21,9263.5,6745.69
2022-07-25 05:42:20,9265.5,6743.69
2022-07-25 05:42:19,9266.2,6742.98
2022-07-25 05:42:18,9276.47,6732.72
2022-07-25 05:42:17,9280.59,6728.6
2022-07-25 05:42:16,9282.72,6726.47
2022-07-25 05:42:15,9295.4,6713.78
2022-07-25 05:42:14,9309.5,6699.68
2022-07-25 05:42:13,9336.91,6672.28
2022-07-25 05:42:12,9337.52,6671.67
2022-07-25 05:42:11,9359.6,6649.59
2022-07-25 05:42:10,9399.79,6609.39
2022-07-25 05:42:09,9398.65,6610.54
2022-07-25 05:42:08,9416.81,6592.38
2022-07-25 05:42:07,9461.61,6547.57
2022-07-25 05:42:06,9481.85,6527.34
2022-07-25 05:42:05,9511.29,6497.89
2022-07-25 05:42:04,9569.25,6439.94
2022-07-25 05:42:03,9616.7,6392.49
2022-07-25 05:42:02,9633.28,6375.9
2022-07-25 05:42:01,9741.59,6267.6
2022-07-25 05:42:00,9993.91,6015.27
2022-07-25 05:41:59,10194,5815.17
2022-07-25 05:41:58,10389,5620.23
2022-07-25 05:41:57,10635.9,5373.3
2022-07-25 05:41:56,10855.8,5153.43
2022-07-25 05:41:55,11049.9,4959.31
2022-07-25 05:41:54,11156,4853.22
2022-07-25 05:41:53,11291.7,4717.48
2022-07-25 05:41:52,11578.9,4430.25
2022-07-25 05:41:51,10708,5301.18
2022-07-25 05:41:50,10805.7,5203.45
2022-07-25 05:41:49,9594.38,6414.81
2022-07-25 05:41:48,9646.61,6362.57
2022-07-25 05:41:47,9662.99,6346.2
2022-07-25 05:41:46,9154.35,6854.84
2022-07-25 05:41:45,9154.46,6854.72
2022-07-25 05:41:44,9154.6,6854.59
2022-07-25 05:41:43,9154.86,6854.32
2022-07-25 05:41:42,9159.4,6849.79
2022-07-25 05:41:41,9160.23,6848.96
2022-07-25 05:41:40,9158.56,6850.63
2022-07-25 05:41:39,9162.74,6846.45
2022-07-25 05:41:38,9167.29,6841.9
2022-07-25 05:41:37,9162.92,6846.27
2022-07-25 05:41:36,9164.9,6844.29
2022-07-25 05:41:35,9166.67,6842.52
2022-07-25 05:41:34,9167.77,6841.42
2022-07-25 05:41:33,9168.98,6840.21
2022-07-25 05:41:32,9170.93,6838.26
2022-07-25 05:41:31,9174.11,6835.08
2022-07-25 05:41:30,9177.03,6832.16
2022-07-25 05:41:29,9185.27,6823.91
2022-07-25 05:41:28,9186.06,6823.13
2022-07-25 05:41:27,9186.86,6822.33
2022-07-25 05:41:26,9188.16,6821.03
2022-07-25 05:41:25,9208.22,6800.97
2022-07-25 05:41:24,9210.28,6798.91
2022-07-25 05:41:23,9209.61,6799.57
2022-07-25 05:41:22,9233.42,6775.77
2022-07-25 05:41:21,9242.05,6767.14
2022-07-25 05:41:20,9243.23,6765.95
2022-07-25 05:41:19,9283.19,6726
2022-07-25 05:41:18,9303.52,6705.66
2022-07-25 05:41:17,9313.6,6695.59
2022-07-25 05:41:16,9375.76,6633.43
2022-07-25 05:41:15,9400.6,6608.59
2022-07-25 05:41:14,9416.81,6592.38
2022-07-25 05:41:13,9565.94,6443.25
2022-07-25 05:41:12,9719.53,6289.66
2022-07-25 05:41:11,9814.16,6195.03
2022-07-25 05:41:10,10249.6,5759.6
2022-07-25 05:41:09,10699.9,5309.29
2022-07-25 05:41:08,10829.6,5179.57
2022-07-25 05:41:07,10989.8,5019.42
2022-07-25 05:41:06,11140.1,4869.11
2022-07-25 05:41:05,11262.6,4746.55
2022-07-25 05:41:04,11507.7,4501.46
2022-07-25 05:41:03,11173.8,4835.41
2022-07-25 05:41:02,10660.1,5349.12
2022-07-25 05:41:01,10190.3,5818.93
2022-07-25 05:41:00,9715.52,6293.66
2022-07-25 05:40:59,9759.14,6250.05
2022-07-25 05:40:58,9663.41,6345.78
2022-07-25 05:40:57,9246.68,6762.51
2022-07-25 05:40:56,9247.82,6761.37
2022-07-25 05:40:55,9251.16,6758.02
2022-07-25 05:40:54,9252.25,6756.94
2022-07-25 05:40:53,9253.13,6756.06
2022-07-25 05:40:52,9254.5,6754.68
2022-07-25 05:40:51,9257.44,6751.75
2022-07-25 05:40:50,9258.39,6750.79
2022-07-25 05:40:49,9261.09,6748.1
2022-07-25 05:40:48,9265.77,6743.41
2022-07-25 05:40:47,9265.61,6743.58
2022-07-25 05:40:46,9267.26,6741.93
2022-07-25 05:40:45,9270.51,6738.68
2022-07-25 05:40:44,9273.97,6735.22
2022-07-25 05:40:43,9275.68,6733.5
2022-07-25 05:40:42,9277.96,6731.23
2022-07-25 05:40:41,9287.09,6722.09
2022-07-25 05:40:40,9287.89,6721.29
2022-07-25 05:40:39,9294.81,6714.37
2022-07-25 05:40:38,9309.01,6700.18
2022-07-25 05:40:37,9309.09,6700.09
2022-07-25 05:40:36,9319.09,6690.1
2022-07-25 05:40:35,9350.18,6659.01
2022-07-25 05:40:34,9366.66,6642.53
2022-07-25 05:40:33,9391.9,6617.28
2022-07-25 05:40:32,9410.45,6598.74
2022-07-25 05:40:31,9447.21,6561.98
2022-07-25 05:40:30,9480.36,6528.83
2022-07-25 05:40:29,9499.83,6509.36
2022-07-25 05:40:28,9549.33,6459.86
2022-07-25 05:40:27,9614.55,6394.64
2022-07-25 05:40:26,9645.86,6363.32
2022-07-25 05:40:25,9842.49,6166.7
2022-07-25 05:40:24,10015.8,5993.42
2022-07-25 05:40:23,10040.6,5968.64
2022-07-25 05:40:22,10238.7,5770.45
2022-07-25 05:40:21,10678.8,5330.4
2022-07-25 05:40:20,10910.5,5098.73
2022-07-25 05:40:19,11056.6,4952.6
2022-07-25 05:40:18,11180.1,4829.13
2022-07-25 05:40:17,10883,5126.14
2022-07-25 05:40:16,11027.3,4981.9
2022-07-25 05:40:15,11168.5,4840.66
2022-07-25 05:40:14,10666.2,5342.94
2022-07-25 05:40:13,9608.17,6401.02
2022-07-25 05:40:12,9657.05,6352.14
2022-07-25 05:40:11,9672.28,6336.91
2022-07-25 05:40:10,9168.18,6841
2022-07-25 05:40:09,9168.05,6841.13
2022-07-25 05:40:08,9170.46,6838.72
2022-07-25 05:40:07,9169.15,6840.03
2022-07-25 05:40:06,9171.11,6838.08
2022-07-25 05:40:05,9173.68,6835.51
2022-07-25 05:40:04,9172.84,6836.35
2022-07-25 05:40:03,9176.84,6832.35
2022-07-25 05:40:02,9176.89,6832.3
2022-07-25 05:40:01,9179.43,6829.76
2022-07-25 05:40:00,9180.76,6828.43
2022-07-25 05:39:59,9181.88,6827.31
2022-07-25 05:39:58,9185.25,6823.94
2022-07-25 05:39:57,9187.43,6821.75
2022-07-25 05:39:56,9188.99,6820.2
2022-07-25 05:39:55,9190.45,6818.73
2022-07-25 05:39:54,9194.41,6814.77
2022-07-25 05:39:53,9193.71,6815.48
2022-07-25 05:39:52,9196.33,6812.86
2022-07-25 05:39:51,9197.81,6811.38
2022-07-25 05:39:50,9205.69,6803.5
2022-07-25 05:39:49,9218.52,6790.66
2022-07-25 05:39:48,9218.01,6791.18
2022-07-25 05:39:47,9240.62,6768.57
2022-07-25 05:39:46,9256.67,6752.52
2022-07-25 05:39:45,9271.39,6737.8
2022-07-25 05:39:44,9314.68,6694.51
2022-07-25 05:39:43,9317.86,6691.32
2022-07-25 05:39:42,9356.68,6652.51
2022-07-25 05:39:41,9380.03,6629.15
2022-07-25 05:39:40,9447.54,6561.65
2022-07-25 05:39:39,9548.28,6460.91
2022-07-25 05:39:38,9669.73,6339.46
2022-07-25 05:39:37,9784.7,6224.48
2022-07-25 05:39:36,10119.8,5889.44
2022-07-25 05:39:35,10194,5815.15
2022-07-25 05:39:34,10465.1,5544.12
2022-07-25 05:39:33,10588.1,5421.06
2022-07-25 05:39:32,10684.4,5324.75
2022-07-25 05:39:31,11072.1,4937.06
2022-07-25 05:39:30,11347.6,4661.62
2022-07-25 05:39:29,11004,5005.21
2022-07-25 05:39:28,11128,4881.23
2022-07-25 05:39:27,10613.3,5395.84
2022-07-25 05:39:26,10197.7,5811.53
2022-07-25 05:39:25,10296,5713.16
2022-07-25 05:39:24,9776.28,6232.91
2022-07-25 05:39:23,9160.74,6848.45
2022-07-25 05:39:22,9163.8,6845.39
2022-07-25 05:39:21,9166.17,6843.02
2022-07-25 05:39:20,9164.02,6845.17
2022-07-25 05:39:19,9165.11,6844.08
2022-07-25 05:39:18,9166.43,6842.76
2022-07-25 05:39:17,9170.18,6839.01
2022-07-25 05:39:16,9172.07,6837.11
2022-07-25 05:39:15,9172.43,6836.76
2022-07-25 05:39:14,9173.52,6835.66
2022-07-25 05:39:13,9177.64,6831.55
2022-07-25 05:39:12,9178.03,6831.15
2022-07-25 05:39:11,9180.89,6828.29
2022-07-25 05:39:10,9182.32,6826.87
2022-07-25 05:39:09,9183.52,6825.67
2022-07-25 05:39:08,9182.99,6826.19
2022-07-25 05:39:07,9185.11,6824.07
2022-07-25 05:39:06,9185.25,6823.93
2022-07-25 05:39:05,9187.38,6821.81
2022-07-25 05:39:04,9187,6822.19
2022-07-25 05:39:03,9188.46,6820.73
2022-07-25 05:39:02,9189.17,6820.02
2022-07-25 05:39:01,9188.7,6820.49
2022-07-25 05:39:00,9190.08,6819.11
2022-07-25 05:38:59,9190.55,6818.64
2022-07-25 05:38:58,9205.06,6804.13
2022-07-25 05:38:57,9231.15,6778.04
2022-07-25 05:38:56,9245.42,6763.77
2022-07-25 05:38:55,9265.07,6744.12
2022-07-25 05:38:54,9309.71,6699.48
2022-07-25 05:38:53,9357.97,6651.22
2022-07-25 05:38:52,9397.12,6612.07
2022-07-25 05:38:51,9389.91,6619.27
2022-07-25 05:38:50,9561.3,6447.89
2022-07-25 05:38:49,9720.15,6289.03
2022-07-25 05:38:48,9913.3,6095.89
2022-07-25 05:38:47,10070.7,5938.47
2022-07-25 05:38:46,10128.9,5880.3
2022-07-25 05:38:45,10380.3,5628.84
2022-07-25 05:38:44,10816,5193.21
2022-07-25 05:38:43,11140.4,4868.83
2022-07-25 05:38:42,11371.4,4637.81
2022-07-25 05:38:41,11047.9,4961.32
2022-07-25 05:38:40,10794.9,5214.31
2022-07-25 05:38:39,10730.4,5278.76
2022-07-25 05:38:38,10855.4,5153.79
2022-07-25 05:38:37,10420.2,5588.96
2022-07-25 05:38:36,9269.8,6739.39
2022-07-25 05:38:35,9272.11,6737.07
2022-07-25 05:38:34,9273.34,6735.85
2022-07-25 05:38:33,9281.29,6727.9
2022-07-25 05:38:32,9282.14,6727.05
2022-07-25 05:38:31,9281.82,6727.37
2022-07-25 05:38:30,9286.16,6723.03
2022-07-25 05:38:29,9289.96,6719.23
2022-07-25 05:38:28,9293.82,6715.36
2022-07-25 05:38:27,9298.92,6710.27
2022-07-25 05:38:26,9302.84,6706.35
2022-07-25 05:38:25,9304.07,6705.12
2022-07-25 05:38:24,9328.27,6680.92
2022-07-25 05:38:23,9327.82,6681.37
2022-07-25 05:38:22,9340.09,6669.1
2022-07-25 05:38:21,9341,6668.18
2022-07-25 05:38:20,9358.27,6650.92
2022-07-25 05:38:19,9366.02,6643.17
2022-07-25 05:38:18,9386.63,6622.56
2022-07-25 05:38:17,9389.5,6619.69
2022-07-25 05:38:16,9401.38,6607.81
2022-07-25 05:38:15,9428.12,6581.07
2022-07-25 05:38:14,9431.16,6578.02
2022-07-25 05:38:13,9455.93,6553.25
2022-07-25 05:38:12,9484.31,6524.87
2022-07-25 05:38:11,9485.12,6524.07
2022-07-25 05:38:10,9512.03,6497.16
2022-07-25 05:38:09,9544.23,6464.95
2022-07-25 05:38:08,9561.19,6448
2022-07-25 05:38:07,9584.06,6425.12
2022-07-25 05:38:06,9603.32,6405.86
2022-07-25 05:38:05,9628.89,6380.3
2022-07-25 05:38:04,9634.25,6374.94
2022-07-25 05:38:03,9680.98,6328.2
2022-07-25 05:38:02,9693.59,6315.6
2022-07-25 05:38:01,9881.55,6127.64
2022-07-25 05:38:00,9999.83,6009.36
2022-07-25 05:37:59,10181.2,5828.03
2022-07-25 05:37:58,10295.4,5713.75
2022-07-25 05:37:57,10584.7,5424.5
2022-07-25 05:37:56,10778.9,5230.32
2022-07-25 05:37:55,10884.7,5124.5
2022-07-25 05:37:54,10990.2,5018.98
2022-07-25 05:37:53,11309,4700.2
2022-07-25 05:37:52,11035.2,4973.95
2022-07-25 05:37:51,11202,4807.18
2022-07-25 05:37:50,10807.3,5201.94
2022-07-25 05:37:49,9814.93,6194.25
2022-07-25 05:37:48,9861.51,6147.68
2022-07-25 05:37:47,9888.03,6121.16
2022-07-25 05:37:46,9373.56,6635.63
2022-07-25 05:37:45,9376.79,6632.4
2022-07-25 05:37:44,9377.36,6631.82
2022-07-25 05:37:43,9382.57,6626.62
2022-07-25 05:37:42,9384.81,6624.38
2022-07-25 05:37:41,9383.19,6626
2022-07-25 05:37:40,9386.51,6622.68
2022-07-25 05:37:39,9388.57,6620.62
2022-07-25 05:37:38,9393.13,6616.06
2022-07-25 05:37:37,9394.47,6614.71
2022-07-25 05:37:36,9397.71,6611.48
2022-07-25 05:37:35,9401.77,6607.41
2022-07-25 05:37:34,9404.5,6604.69
2022-07-25 05:37:33,9406.95,6602.23
2022-07-25 05:37:32,9410.73,6598.46
2022-07-25 05:37:31,9413.59,6595.6
2022-07-25 05:37:30,9416.95,6592.24
2022-07-25 05:37:29,9416.77,6592.41
2022-07-25 05:37:28,9420.1,6589.09
2022-07-25 05:37:27,9419.95,6589.23
2022-07-25 05:37:26,9420.97,6588.22
2022-07-25 05:37:25,9427.14,6582.05
2022-07-25 05:37:24,9434.29,6574.9
2022-07-25 05:37:23,9435.19,6574
2022-07-25 05:37:22,9444.06,6565.13
2022-07-25 05:37:21,9487.61,6521.58
2022-07-25 05:37:20,9514.07,6495.12
2022-07-25 05:37:19,9573.41,6435.77
2022-07-25 05:37:18,9587.09,6422.1
2022-07-25 05:37:17,9641.97,6367.22
2022-07-25 05:37:16,9717.62,6291.57
2022-07-25 05:37:15,9800.87,6208.32
2022-07-25 05:37:14,9834.94,6174.25
2022-07-25 05:37:13,10050.8,5958.35
2022-07-25 05:37:12,10173.7,5835.46
2022-07-25 05:37:11,10267.8,5741.38
2022-07-25 05:37:10,10643.6,5365.64
2022-07-25 05:37:09,10840.4,5168.79
2022-07-25 05:37:08,10939.2,5069.94
2022-07-25 05:37:07,11070.6,4938.62
2022-07-25 05:37:06,11198.6,4810.56
2022-07-25 05:37:05,11341.4,4667.77
2022-07-25 05:37:04,11066.6,4942.61
2022-07-25 05:37:03,11259.4,4749.82
2022-07-25 05:37:02,9539.21,6469.98
2022-07-25 05:37:01,9571.97,6437.22
2022-07-25 05:37:00,9620.05,6389.14
2022-07-25 05:36:59,9658.87,6350.31
2022-07-25 05:36:58,9152.34,6856.85
2022-07-25 05:36:57,9152.91,6856.28
2022-07-25 05:36:56,9154.11,6855.08
2022-07-25 05:36:55,9154.52,6854.66
2022-07-25 05:36:54,9155.63,6853.56
2022-07-25 05:36:53,9156.02,6853.17
2022-07-25 05:36:52,9157.29,6851.9
2022-07-25 05:36:51,9157.71,6851.48
2022-07-25 05:36:50,9158.85,6850.34
2022-07-25 05:36:49,9164.3,6844.89
2022-07-25 05:36:48,9164.56,6844.63
2022-07-25 05:36:47,9165.39,6843.79
2022-07-25 05:36:46,9183.5,6825.69
2022-07-25 05:36:45,9184.91,6824.28
2022-07-25 05:36:44,9186.45,6822.74
2022-07-25 05:36:43,9207.12,6802.07
2022-07-25 05:36:42,9217.32,6791.86
2022-07-25 05:36:41,9219.37,6789.82
2022-07-25 05:36:40,9222.26,6786.93
2022-07-25 05:36:39,9252.59,6756.59
2022-07-25 05:36:38,9254.46,6754.73
2022-07-25 05:36:37,9255.54,6753.64
2022-07-25 05:36:36,9286.17,6723.02
2022-07-25 05:36:35,9286.05,6723.14
2022-07-25 05:36:34,9308.14,6701.05
2022-07-25 05:36:33,9332.82,6676.37
2022-07-25 05:36:32,9353.27,6655.92
2022-07-25 05:36:31,9354.22,6654.97
2022-07-25 05:36:30,9394.02,6615.17
2022-07-25 05:36:29,9403.05,6606.14
2022-07-25 05:36:28,9439.18,6570.01
2022-07-25 05:36:27,9475.25,6533.93
2022-07-25 05:36:26,9588.96,6420.22
2022-07-25 05:36:25,9759.05,6250.14
2022-07-25 05:36:24,9842.02,6167.17
2022-07-25 05:36:23,10212.6,5796.61
2022-07-25 05:36:22,10416.8,5592.43
2022-07-25 05:36:21,10529.2,5479.97
2022-07-25 05:36:20,10932.1,5077.09
2022-07-25 05:36:19,11100,4909.18
2022-07-25 05:36:18,11242,4767.16
2022-07-25 05:36:17,10958.6,5050.62
2022-07-25 05:36:16,11112.2,4896.98
2022-07-25 05:36:15,11236.4,4772.81
2022-07-25 05:36:14,10089,5920.18
2022-07-25 05:36:13,9557.93,6451.26
2022-07-25 05:36:12,9572.04,6437.15
2022-07-25 05:36:11,9572.01,6437.18
2022-07-25 05:36:10,8942.21,7066.98
2022-07-25 05:36:09,8942.12,7067.07
2022-07-25 05:36:08,8942.93,7066.26
2022-07-25 05:36:07,8944.51,7064.68
2022-07-25 05:36:06,8943.39,7065.8
2022-07-25 05:36:05,8944.41,7064.78
2022-07-25 05:36:04,8946.24,7062.95
2022-07-25 05:36:03,8942.98,7066.21
2022-07-25 05:36:02,8943.92,7065.27
2022-07-25 05:36:01,8945.06,7064.12
2022-07-25 05:36:00,8943.71,7065.47
2022-07-25 05:35:59,8945.03,7064.15
2022-07-25 05:35:58,8945.16,7064.02
2022-07-25 05:35:57,8944.71,7064.48
2022-07-25 05:35:56,8944.2,7064.98
2022-07-25 05:35:55,8945.73,7063.46
2022-07-25 05:35:54,8945.05,7064.14
2022-07-25 05:35:53,8956.91,7052.27
2022-07-25 05:35:52,8957.79,7051.39
2022-07-25 05:35:51,8959.11,7050.07
2022-07-25 05:35:50,8978.39,7030.8
2022-07-25 05:35:49,8978.6,7030.59
2022-07-25 05:35:48,8979.84,7029.35
2022-07-25 05:35:47,8996.48,7012.7
2022-07-25 05:35:46,8996.53,7012.66
2022-07-25 05:35:45,8996.02,7013.16
2022-07-25 05:35:44,9008.84,7000.35
2022-07-25 05:35:43,9013.56,6995.63
2022-07-25 05:35:42,9033.7,6975.48
2022-07-25 05:35:41,9025.45,6983.74
2022-07-25 05:35:40,9050.4,6958.79
2022-07-25 05:35:39,9101.88,6907.31
2022-07-25 05:35:38,9264.06,6745.13
2022-07-25 05:35:37,9333.45,6675.73
2022-07-25 05:35:36,9718.69,6290.5
2022-07-25 05:35:35,9869.31,6139.88
2022-07-25 05:35:34,10154.5,5854.7
2022-07-25 05:35:33,10379.8,5629.41
2022-07-25 05:35:32,10768.4,5240.77
2022-07-25 05:35:31,10910.5,5098.64
2022-07-25 05:35:30,10693,5316.21
2022-07-25 05:35:29,10954,5055.15
2022-07-25 05:35:28,11119,4890.17
2022-07-25 05:35:27,10731.4,5277.82
2022-07-25 05:35:26,10813.6,5195.56
2022-07-25 05:35:25,10406.9,5602.3
2022-07-25 05:35:24,9923.14,6086.05
2022-07-25 05:35:23,9302.04,6707.14
2022-07-25 05:35:22,9304.45,6704.74
2022-07-25 05:35:21,9305.42,6703.77
2022-07-25 05:35:20,9311.72,6697.47
2022-07-25 05:35:19,9313.12,6696.07
2022-07-25 05:35:18,9314.31,6694.88
2022-07-25 05:35:17,9319.05,6690.14
2022-07-25 05:35:16,9321.7,6687.48
2022-07-25 05:35:15,9325.39,6683.8
2022-07-25 05:35:14,9332.39,6676.8
2022-07-25 05:35:13,9335.05,6674.14
2022-07-25 05:35:12,9334.67,6674.52
2022-07-25 05:35:11,9346.02,6663.17
2022-07-25 05:35:10,9346.28,6662.91
2022-07-25 05:35:09,9349.29,6659.9
2022-07-25 05:35:08,9360.95,6648.24
2022-07-25 05:35:07,9372.99,6636.2
2022-07-25 05:35:06,9375.91,6633.27
2022-07-25 05:35:05,9375.68,6633.51
2022-07-25 05:35:04,9417.69,6591.5
2022-07-25 05:35:03,9426.81,6582.37
2022-07-25 05:35:02,9426.65,6582.54
2022-07-25 05:35:01,9474.89,6534.3
2022-07-25 05:35:00,9476.86,6532.33
2022-07-25 05:34:59,9509.14,6500.05
2022-07-25 05:34:58,9532.57,6476.61
2022-07-25 05:34:57,9535.52,6473.67
2022-07-25 05:34:56,9571.99,6437.2
2022-07-25 05:34:55,9621.83,6387.36
2022-07-25 05:34:54,9648.38,6360.8
2022-07-25 05:34:53,9684.57,6324.62
2022-07-25 05:34:52,9735.45,6273.73
2022-07-25 05:34:51,9778.25,6230.94
2022-07-25 05:34:50,9994.22,6014.97
2022-07-25 05:34:49,10028.9,5980.34
2022-07-25 05:34:48,10206,5803.2
2022-07-25 05:34:47,10305.1,5704.13
2022-07-25 05:34:46,10526.7,5482.48
2022-07-25 05:34:45,10675.9,5333.31
2022-07-25 05:34:44,10873.3,5135.84
2022-07-25 05:34:43,11213.1,4796.05
2022-07-25 05:34:42,10898.4,5110.8
2022-07-25 05:34:41,11042.1,4967.05
2022-07-25 05:34:40,11164.7,4844.48
2022-07-25 05:34:39,10761.1,5248.07
2022-07-25 05:34:38,10345.6,5663.63
2022-07-25 05:34:37,9898.13,6111.05
2022-07-25 05:34:36,9907.35,6101.84
2022-07-25 05:34:35,9287.39,6721.8
2022-07-25 05:34:34,9286.4,6722.78
2022-07-25 05:34:33,9291.68,6717.51
2022-07-25 05:34:32,9296.59,6712.6
2022-07-25 05:34:31,9295.82,6713.37
2022-07-25 05:34:30,9303.21,6705.98
2022-07-25 05:34:29,9304.78,6704.4
2022-07-25 05:34:28,9306.19,6703
2022-07-25 05:34:27,9317.38,6691.81
2022-07-25 05:34:26,9318.82,6690.36
2022-07-25 05:34:25,9324.32,6684.87
2022-07-25 05:34:24,9323.74,6685.45
2022-07-25 05:34:23,9333.22,6675.97
2022-07-25 05:34:22,9334.15,6675.04
2022-07-25 05:34:21,9336.31,6672.87
2022-07-25 05:34:20,9344.25,6664.94
2022-07-25 05:34:19,9346.89,6662.3
2022-07-25 05:34:18,9360.83,6648.36
2022-07-25 05:34:17,9361.48,6647.7
2022-07-25 05:34:16,9362.97,6646.22
2022-07-25 05:34:15,9370.49,6638.7
2022-07-25 05:34:14,9379.07,6630.12
2022-07-25 05:34:13,9378.73,6630.46
2022-07-25 05:34:12,9393.13,6616.05
2022-07-25 05:34:11,9393.54,6615.65
2022-07-25 05:34:10,9393.87,6615.32
2022-07-25 05:34:09,9392.84,6616.34
2022-07-25 05:34:08,9400.75,6608.44
2022-07-25 05:34:07,9409.31,6599.88
2022-07-25 05:34:06,9434.74,6574.45
2022-07-25 05:34:05,9530.25,6478.94
2022-07-25 05:34:04,9641.59,6367.6
2022-07-25 05:34:03,9706.87,6302.32
2022-07-25 05:34:02,9918.85,6090.34
2022-07-25 05:34:01,10095.1,5914.12
2022-07-25 05:34:00,10244.9,5764.27
2022-07-25 05:33:59,10324.5,5684.65
2022-07-25 05:33:58,10642.6,5366.57
2022-07-25 05:33:57,10868.4,5140.79
2022-07-25 05:33:56,10970.3,5038.92
2022-07-25 05:33:55,10677,5332.2
2022-07-25 05:33:54,10788.2,5220.99
2022-07-25 05:33:53,10557.5,5451.72
2022-07-25 05:33:52,10705.5,5303.68
2022-07-25 05:33:51,10310,5699.16
2022-07-25 05:33:50,9828.15,6181.03
2022-07-25 05:33:49,9877.51,6131.68
2022-07-25 05:33:48,9920.42,6088.77
2022-07-25 05:33:47,9921.44,6087.75
2022-07-25 05:33:46,9409.12,6600.07
2022-07-25 05:33:45,9408.18,6601.01
2022-07-25 05:33:44,9412.79,6596.4
2022-07-25 05:33:43,9415.97,6593.22
2022-07-25 05:33:42,9418.8,6590.39
2022-07-25 05:33:41,9419.3,6589.88
2022-07-25 05:33:40,9422.65,6586.54
2022-07-25 05:33:39,9428.49,6580.7
2022-07-25 05:33:38,9429.41,6579.78
2022-07-25 05:33:37,9434.39,6574.8
2022-07-25 05:33:36,9436.34,6572.84
2022-07-25 05:33:35,9440.47,6568.72
2022-07-25 05:33:34,9442.03,6567.16
2022-07-25 05:33:33,9444.01,6565.18
2022-07-25 05:33:32,9449.08,6560.11
2022-07-25 05:33:31,9449.56,6559.63
2022-07-25 05:33:30,9452.17,6557.02
2022-07-25 05:33:29,9453.18,6556.01
2022-07-25 05:33:28,9452.72,6556.47
2022-07-25 05:33:27,9452.56,6556.63
2022-07-25 05:33:26,9452.49,6556.7
2022-07-25 05:33:25,9481.41,6527.77
2022-07-25 05:33:24,9483.79,6525.4
2022-07-25 05:33:23,9502.77,6506.42
2022-07-25 05:33:22,9538.57,6470.61
2022-07-25 05:33:21,9587.89,6421.3
2022-07-25 05:33:20,9646.97,6362.22
2022-07-25 05:33:19,9707.63,6301.55
2022-07-25 05:33:18,9789.14,6220.05
2022-07-25 05:33:17,9966.28,6042.91
2022-07-25 05:33:16,10071.2,5937.95
2022-07-25 05:33:15,10136.1,5873.1
2022-07-25 05:33:14,10224.3,5784.87
2022-07-25 05:33:13,10313,5696.18
2022-07-25 05:33:12,10626.3,5382.93
2022-07-25 05:33:11,10809.6,5199.63
2022-07-25 05:33:10,10495.1,5514.11
2022-07-25 05:33:09,10586.8,5422.38
2022-07-25 05:33:08,10667,5342.17
2022-07-25 05:33:07,10811.4,5197.79
2022-07-25 05:33:06,10910,5099.16
2022-07-25 05:33:05,10533.6,5475.55
2022-07-25 05:33:04,10128.6,5880.59
2022-07-25 05:33:03,9646.54,6362.64
2022-07-25 05:33:02,9673.16,6336.02
2022-07-25 05:33:01,9722.21,6286.98
2022-07-25 05:33:00,9773.46,6235.73
2022-07-25 05:32:59,9788.29,6220.89
2022-07-25 05:32:58,9156.8,6852.39
2022-07-25 05:32:57,9157.46,6851.73
2022-07-25 05:32:56,9159.42,6849.77
2022-07-25 05:32:55,9160.25,6848.94
2022-07-25 05:32:54,9162.22,6846.97
2022-07-25 05:32:53,9163.66,6845.52
2022-07-25 05:32:52,9165.55,6843.64
2022-07-25 05:32:51,9168.41,6840.78
2022-07-25 05:32:50,9167.2,6841.99
2022-07-25 05:32:49,9166.45,6842.73
2022-07-25 05:32:48,9172.69,6836.49
2022-07-25 05:32:47,9174.41,6834.78
2022-07-25 05:32:46,9174.22,6834.96
2022-07-25 05:32:45,9175.09,6834.1
2022-07-25 05:32:44,9176.56,6832.63
2022-07-25 05:32:43,9178.19,6830.99
2022-07-25 05:32:42,9199.18,6810
2022-07-25 05:32:41,9200.87,6808.32
2022-07-25 05:32:40,9201.66,6807.52
2022-07-25 05:32:39,9201.46,6807.72
2022-07-25 05:32:38,9229.61,6779.58
2022-07-25 05:32:37,9230.79,6778.4
2022-07-25 05:32:36,9232.2,6776.98
2022-07-25 05:32:35,9263.32,6745.86
2022-07-25 05:32:34,9287.51,6721.68
2022-07-25 05:32:33,9325.59,6683.6
2022-07-25 05:32:32,9348.08,6661.11
2022-07-25 05:32:31,9554.68,6454.51
2022-07-25 05:32:30,9627.31,6381.88
2022-07-25 05:32:29,9645.98,6363.2
2022-07-25 05:32:28,9774.58,6234.61
2022-07-25 05:32:27,9854.75,6154.44
2022-07-25 05:32:26,10056.1,5953.09
2022-07-25 05:32:25,10438.6,5570.6
2022-07-25 05:32:24,10552.3,5456.93
2022-07-25 05:32:23,10151.5,5857.69
2022-07-25 05:32:22,10353.5,5655.69
2022-07-25 05:32:21,10456.8,5552.39
2022-07-25 05:32:20,10551.1,5458.13
2022-07-25 05:32:19,10682.8,5326.39
2022-07-25 05:32:18,10250.9,5758.29
2022-07-25 05:32:17,9908.77,6100.42
2022-07-25 05:32:16,10054.3,5954.94
2022-07-25 05:32:15,9495.4,6513.79
2022-07-25 05:32:14,9531.75,6477.43
2022-07-25 05:32:13,9558.13,6451.05
2022-07-25 05:32:12,9600.58,6408.61
2022-07-25 05:32:11,9650.14,6359.04
2022-07-25 05:32:10,9050.73,6958.45
2022-07-25 05:32:09,9053.11,6956.07
2022-07-25 05:32:08,9053.98,6955.21
2022-07-25 05:32:07,9053.78,6955.41
2022-07-25 05:32:06,9057.48,6951.71
2022-07-25 05:32:05,9058.66,6950.52
2022-07-25 05:32:04,9057.6,6951.59
2022-07-25 05:32:03,9058.08,6951.11
2022-07-25 05:32:02,9061.07,6948.12
2022-07-25 05:32:01,9063.22,6945.97
2022-07-25 05:32:00,9063.07,6946.12
2022-07-25 05:31:59,9065.48,6943.71
2022-07-25 05:31:58,9066.58,6942.61
2022-07-25 05:31:57,9066.68,6942.51
2022-07-25 05:31:56,9066.76,6942.43
2022-07-25 05:31:55,9073.21,6935.98
2022-07-25 05:31:54,9073.64,6935.55
2022-07-25 05:31:53,9074.43,6934.75
2022-07-25 05:31:52,9091.23,6917.96
2022-07-25 05:31:51,9117.5,6891.69
2022-07-25 05:31:50,9118.28,6890.91
2022-07-25 05:31:49,9122.55,6886.64
2022-07-25 05:31:48,9162.38,6846.81
2022-07-25 05:31:47,9163.76,6845.43
2022-07-25 05:31:46,9165.66,6843.53
2022-07-25 05:31:45,9186.01,6823.18
2022-07-25 05:31:44,9219.39,6789.8
2022-07-25 05:31:43,9226.04,6783.15
2022-07-25 05:31:42,9289.51,6719.68
2022-07-25 05:31:41,9299.2,6709.98
2022-07-25 05:31:40,9488.51,6520.68
2022-07-25 05:31:39,9641.62,6367.56
2022-07-25 05:31:38,9712.61,6296.58
2022-07-25 05:31:37,9905.83,6103.36
2022-07-25 05:31:36,10423.8,5585.39
2022-07-25 05:31:35,10656.1,5353.05
2022-07-25 05:31:34,10853.7,5155.48
2022-07-25 05:31:33,10947.1,5062.04
2022-07-25 05:31:32,10559.9,5449.33
2022-07-25 05:31:31,10709,5300.2
2022-07-25 05:31:30,10803.6,5205.59
2022-07-25 05:31:29,10687.4,5321.74
2022-07-25 05:31:28,9929.12,6080.07
2022-07-25 05:31:27,9681.18,6328
2022-07-25 05:31:26,9708.49,6300.7
2022-07-25 05:31:25,9758.89,6250.29
2022-07-25 05:31:24,9798.54,6210.64
2022-07-25 05:31:23,9286.59,6722.6
2022-07-25 05:31:22,9288.54,6720.65
2022-07-25 05:31:21,9290.34,6718.84
2022-07-25 05:31:20,9291.89,6717.3
2022-07-25 05:31:19,9291.74,6717.45
2022-07-25 05:31:18,9295.89,6713.3
2022-07-25 05:31:17,9298.5,6710.68
2022-07-25 05:31:16,9298.7,6710.48
2022-07-25 05:31:15,9301.87,6707.32
2022-07-25 05:31:14,9305.41,6703.78
2022-07-25 05:31:13,9306.39,6702.8
2022-07-25 05:31:12,9308.5,6700.69
2022-07-25 05:31:11,9319.11,6690.08
2022-07-25 05:31:10,9322.13,6687.06
2022-07-25 05:31:09,9323.54,6685.64
2022-07-25 05:31:08,9338.34,6670.84
2022-07-25 05:31:07,9340.25,6668.93
2022-07-25 05:31:06,9339.07,6670.12
2022-07-25 05:31:05,9369.9,6639.28
2022-07-25 05:31:04,9373.28,6635.91
2022-07-25 05:31:03,9373.54,6635.65
2022-07-25 05:31:02,9392.65,6616.54
2022-07-25 05:31:01,9417.57,6591.62
2022-07-25 05:31:00,9445.24,6563.95
2022-07-25 05:30:59,9448.45,6560.74
2022-07-25 05:30:58,9477.92,6531.27
2022-07-25 05:30:57,9495.96,6513.23
2022-07-25 05:30:56,9488.49,6520.7
2022-07-25 05:30:55,9585.34,6423.84
2022-07-25 05:30:54,9607,6402.19
2022-07-25 05:30:53,9621.27,6387.91
2022-07-25 05:30:52,9710.47,6298.72
2022-07-25 05:30:51,9825.1,6184.09
2022-07-25 05:30:50,10025.3,5983.89
2022-07-25 05:30:49,10314,5695.17
2022-07-25 05:30:48,10606.4,5402.74
2022-07-25 05:30:47,10821,5188.16
2022-07-25 05:30:46,10959.3,5049.88
2022-07-25 05:30:45,11070.1,4939.12
2022-07-25 05:30:44,11216.1,4793.13
2022-07-25 05:30:43,11369.4,4639.77
2022-07-25 05:30:42,11309.7,4699.52
2022-07-25 05:30:41,10767.2,5242.04
2022-07-25 05:30:40,10181.1,5828.08
2022-07-25 05:30:39,9583.59,6425.59
2022-07-25 05:30:38,9636.12,6373.06
2022-07-25 05:30:37,9690.47,6318.72
2022-07-25 05:30:36,9694.91,6314.28
2022-07-25 05:30:35,9101.82,6907.36
2022-07-25 05:30:34,9106.17,6903.02
2022-07-25 05:30:33,9106.48,6902.71
2022-07-25 05:30:32,9107.93,6901.26
2022-07-25 05:30:31,9105.99,6903.2
2022-07-25 05:30:30,9113.28,6895.91
2022-07-25 05:30:29,9114.09,6895.1
2022-07-25 05:30:28,9114.79,6894.4
2022-07-25 05:30:27,9121.65,6887.54
2022-07-25 05:30:26,9122.9,6886.29
2022-07-25 05:30:25,9123.7,6885.49
2022-07-25 05:30:24,9125.14,6884.04
2022-07-25 05:30:23,9131.68,6877.51
2022-07-25 05:30:22,9133.5,6875.69
2022-07-25 05:30:21,9136.14,6873.05
2022-07-25 05:30:20,9139.94,6869.25
2022-07-25 05:30:19,9140.9,6868.28
2022-07-25 05:30:18,9141.35,6867.84
2022-07-25 05:30:17,9152.89,6856.3
2022-07-25 05:30:16,9152.23,6856.96
2022-07-25 05:30:15,9170.79,6838.39
2022-07-25 05:30:14,9180.58,6828.61
2022-07-25 05:30:13,9180.8,6828.38
2022-07-25 05:30:12,9206.7,6802.48
2022-07-25 05:30:11,9218.28,6790.91
2022-07-25 05:30:10,9221.23,6787.96
2022-07-25 05:30:09,9256.64,6752.55
2022-07-25 05:30:08,9257.68,6751.51
2022-07-25 05:30:07,9287.74,6721.44
2022-07-25 05:30:06,9300.99,6708.19
2022-07-25 05:30:05,9313.47,6695.72
2022-07-25 05:30:04,9373.88,6635.31
2022-07-25 05:30:03,9571.38,6437.81
2022-07-25 05:30:02,9743.89,6265.3
2022-07-25 05:30:01,9896.57,6112.62
2022-07-25 05:30:00,10079,5930.18
2022-07-25 05:29:59,10577.5,5431.7
2022-07-25 05:29:58,10722.4,5286.76
2022-07-25 05:29:57,10910.3,5098.93
2022-07-25 05:29:56,11059.7,4949.45
2022-07-25 05:29:55,11160.6,4848.6
2022-07-25 05:29:54,11076.6,4932.57
2022-07-25 05:29:53,11156.9,4852.28
2022-07-25 05:29:52,9714.3,6294.89
2022-07-25 05:29:51,9738.18,6271
2022-07-25 05:29:50,9786.98,6222.2
2022-07-25 05:29:49,9836.26,6172.93
2022-07-25 05:29:48,9367.32,6641.86
2022-07-25 05:29:47,9375.07,6634.12
2022-07-25 05:29:46,9373.39,6635.8
2022-07-25 05:29:45,9375.3,6633.88
2022-07-25 05:29:44,9380.71,6628.48
2022-07-25 05:29:43,9381.28,6627.91
2022-07-25 05:29:42,9381.32,6627.86
2022-07-25 05:29:41,9388.85,6620.34
2022-07-25 05:29:40,9389.82,6619.36
2022-07-25 05:29:39,9391.36,6617.83
2022-07-25 05:29:38,9397.8,6611.38
2022-07-25 05:29:37,9400.42,6608.77
2022-07-25 05:29:36,9402.13,6607.05
2022-07-25 05:29:35,9411.14,6598.04
2022-07-25 05:29:34,9412.26,6596.93
2022-07-25 05:29:33,9429.06,6580.13
2022-07-25 05:29:32,9435.54,6573.64
2022-07-25 05:29:31,9436.3,6572.88
2022-07-25 05:29:30,9470.13,6539.06
2022-07-25 05:29:29,9475.05,6534.14
2022-07-25 05:29:28,9476.92,6532.27
2022-07-25 05:29:27,9507.14,6502.05
2022-07-25 05:29:26,9529.81,6479.38
2022-07-25 05:29:25,9531.6,6477.59
2022-07-25 05:29:24,9574.67,6434.52
2022-07-25 05:29:23,9586.41,6422.78
2022-07-25 05:29:22,9598.05,6411.14
2022-07-25 05:29:21,9611.1,6398.08
2022-07-25 05:29:20,9635.01,6374.18
2022-07-25 05:29:19,9650.8,6358.39
2022-07-25 05:29:18,9692.19,6317
2022-07-25 05:29:17,9712.02,6297.17
2022-07-25 05:29:16,9810.17,6199.02
2022-07-25 05:29:15,9904.72,6104.47
2022-07-25 05:29:14,10122.8,5886.41
2022-07-25 05:29:13,10697.7,5311.48
2022-07-25 05:29:12,10831.6,5177.59
2022-07-25 05:29:11,10957,5052.17
2022-07-25 05:29:10,11042.5,4966.71
2022-07-25 05:29:09,11188,4821.14
2022-07-25 05:29:08,11344.3,4664.91
2022-07-25 05:29:07,11527.3,4481.92
2022-07-25 05:29:06,11268.7,4740.53
2022-07-25 05:29:05,9548.06,6461.13
2022-07-25 05:29:04,9579.05,6430.14
2022-07-25 05:29:03,9633.5,6375.69
2022-07-25 05:29:02,9669.21,6339.98
2022-07-25 05:29:01,9047.26,6961.93
2022-07-25 05:29:00,9049.15,6960.04
2022-07-25 05:28:59,9050.08,6959.11
2022-07-25 05:28:58,9048.23,6960.96
2022-07-25 05:28:57,9050.66,6958.53
2022-07-25 05:28:56,9051.96,6957.23
2022-07-25 05:28:55,9050.16,6959.03
2022-07-25 05:28:54,9053.19,6956
2022-07-25 05:28:53,9053.61,6955.58
2022-07-25 05:28:52,9055.91,6953.28
2022-07-25 05:28:51,9054.92,6954.27
2022-07-25 05:28:50,9060.33,6948.86
2022-07-25 05:28:49,9062.19,6947
2022-07-25 05:28:48,9064.66,6944.52
2022-07-25 05:28:47,9062.77,6946.41
2022-07-25 05:28:46,9074.98,6934.21
2022-07-25 05:28:45,9074.73,6934.46
2022-07-25 05:28:44,9075.65,6933.54
2022-07-25 05:28:43,9086.96,6922.23
2022-07-25 05:28:42,9087.05,6922.14
2022-07-25 05:28:41,9087.36,6921.83
2022-07-25 05:28:40,9097.34,6911.85
2022-07-25 05:28:39,9098.68,6910.51
2022-07-25 05:28:38,9110.63,6898.56
2022-07-25 05:28:37,9121.41,6887.78
2022-07-25 05:28:36,9122.77,6886.42
2022-07-25 05:28:35,9123.23,6885.95
2022-07-25 05:28:34,9163.51,6845.68
2022-07-25 05:28:33,9165.25,6843.94
2022-07-25 05:28:32,9166.22,6842.97
2022-07-25 05:28:31,9222.3,6786.89
2022-07-25 05:28:30,9224.7,6784.48
2022-07-25 05:28:29,9318.71,6690.48
2022-07-25 05:28:28,9393.39,6615.8
2022-07-25 05:28:27,9627.65,6381.54
2022-07-25 05:28:26,9909.7,6099.49
2022-07-25 05:28:25,10404.4,5604.75
2022-07-25 05:28:24,10579.2,5429.95
2022-07-25 05:28:23,10698.6,5310.54
2022-07-25 05:28:22,10809.6,5199.61
2022-07-25 05:28:21,10959.6,5049.55
2022-07-25 05:28:20,11077.2,4932.04
2022-07-25 05:28:19,11236.4,4772.77
2022-07-25 05:28:18,11049,4960.2
2022-07-25 05:28:17,10153.4,5855.8
2022-07-25 05:28:16,9571.67,6437.52
2022-07-25 05:28:15,9609.59,6399.59
2022-07-25 05:28:14,9660.7,6348.48
2022-07-25 05:28:13,9688.84,6320.35
2022-07-25 05:28:12,9126.17,6883.02
2022-07-25 05:28:11,9065.38,6943.81
2022-07-25 05:28:10,9066.55,6942.64
2022-07-25 05:28:09,9069.15,6940.03
2022-07-25 05:28:08,9068.07,6941.12
2022-07-25 05:28:07,9068.88,6940.31
2022-07-25 05:28:06,9071.49,6937.69
2022-07-25 05:28:05,9072.62,6936.57
2022-07-25 05:28:04,9072.84,6936.34
2022-07-25 05:28:03,9074.46,6934.73
2022-07-25 05:28:02,9074.72,6934.47
2022-07-25 05:28:01,9076.61,6932.58
2022-07-25 05:28:00,9076.57,6932.61
2022-07-25 05:27:59,9080.39,6928.8
2022-07-25 05:27:58,9079.55,6929.64
2022-07-25 05:27:57,9081.56,6927.63
2022-07-25 05:27:56,9093.34,6915.85
2022-07-25 05:27:55,9095.33,6913.86
2022-07-25 05:27:54,9095.24,6913.95
2022-07-25 05:27:53,9094.84,6914.34
2022-07-25 05:27:52,9107.93,6901.26
2022-07-25 05:27:51,9109.14,6900.04
2022-07-25 05:27:50,9113.17,6896.02
2022-07-25 05:27:49,9144.85,6864.34
2022-07-25 05:27:48,9146.45,6862.74
2022-07-25 05:27:47,9147.28,6861.91
2022-07-25 05:27:46,9187.46,6821.72
2022-07-25 05:27:45,9189.4,6819.79
2022-07-25 05:27:44,9190.73,6818.46
2022-07-25 05:27:43,9256.59,6752.6
2022-07-25 05:27:42,9281.24,6727.95
2022-07-25 05:27:41,9387.06,6622.12
2022-07-25 05:27:40,9427.39,6581.8
2022-07-25 05:27:39,9788.73,6220.45
2022-07-25 05:27:38,10148.9,5860.33
2022-07-25 05:27:37,10258,5751.16
2022-07-25 05:27:36,10604.5,5404.69
2022-07-25 05:27:35,10720.2,5288.94
2022-07-25 05:27:34,10844.7,5164.52
2022-07-25 05:27:33,11001.3,5007.88
2022-07-25 05:27:32,11144.4,4864.8
2022-07-25 05:27:31,11391.4,4617.79
2022-07-25 05:27:30,10095.4,5913.78
2022-07-25 05:27:29,10169.5,5839.67
2022-07-25 05:27:28,9678.65,6330.54
2022-07-25 05:27:27,9706.21,6302.98
2022-07-25 05:27:26,9757.73,6251.46
2022-07-25 05:27:25,9795.69,6213.5
2022-07-25 05:27:24,9168.37,6840.82
2022-07-25 05:27:23,9171.77,6837.42
2022-07-25 05:27:22,9170.12,6839.07
2022-07-25 05:27:21,9170.44,6838.75
2022-07-25 05:27:20,9171.66,6837.53
2022-07-25 05:27:19,9175.69,6833.49
2022-07-25 05:27:18,9178.62,6830.57
2022-07-25 05:27:17,9179.59,6829.6
2022-07-25 05:27:16,9190.32,6818.87
2022-07-25 05:27:15,9191.72,6817.47
2022-07-25 05:27:14,9194.54,6814.65
2022-07-25 05:27:13,9202.71,6806.48
2022-07-25 05:27:12,9207.09,6802.1
2022-07-25 05:27:11,9210.19,6799
2022-07-25 05:27:10,9210.08,6799.11
2022-07-25 05:27:09,9220.82,6788.37
2022-07-25 05:27:08,9220.65,6788.54
2022-07-25 05:27:07,9222.47,6786.72
2022-07-25 05:27:06,9222.85,6786.34
2022-07-25 05:27:05,9233.48,6775.7
2022-07-25 05:27:04,9233.24,6775.95
2022-07-25 05:27:03,9234.32,6774.86
2022-07-25 05:27:02,9247.83,6761.36
2022-07-25 05:27:01,9249.07,6760.12
2022-07-25 05:27:00,9261.82,6747.37
2022-07-25 05:26:59,9279.01,6730.18
2022-07-25 05:26:58,9279.95,6729.24
2022-07-25 05:26:57,9316.74,6692.44
2022-07-25 05:26:56,9348.82,6660.37
2022-07-25 05:26:55,9350.61,6658.58
2022-07-25 05:26:54,9370.01,6639.18
2022-07-25 05:26:53,9445.88,6563.31
2022-07-25 05:26:52,9464.86,6544.33
2022-07-25 05:26:51,9610.84,6398.34
2022-07-25 05:26:50,10191.1,5818.12
2022-07-25 05:26:49,10354.4,5654.81
2022-07-25 05:26:48,10450.1,5559.14
2022-07-25 05:26:47,10669.3,5339.91
2022-07-25 05:26:46,10837.3,5171.89
2022-07-25 05:26:45,10940.5,5068.68
2022-07-25 05:26:44,11085.5,4923.72
2022-07-25 05:26:43,11395.9,4613.28
2022-07-25 05:26:42,11660.6,4348.55
2022-07-25 05:26:41,9960.05,6049.13
2022-07-25 05:26:40,9460.85,6548.34
2022-07-25 05:26:39,9514.67,6494.52
2022-07-25 05:26:38,9556.93,6452.26
2022-07-25 05:26:37,9078.84,6930.34
2022-07-25 05:26:36,9079.2,6929.99
2022-07-25 05:26:35,9078.6,6930.59
2022-07-25 05:26:34,9080.08,6929.11
2022-07-25 05:26:33,9079.46,6929.73
2022-07-25 05:26:32,9083.94,6925.25
2022-07-25 05:26:31,9085.24,6923.95
2022-07-25 05:26:30,9085.12,6924.07
2022-07-25 05:26:29,9086.84,6922.35
2022-07-25 05:26:28,9086.62,6922.57
2022-07-25 05:26:27,9086.84,6922.35
2022-07-25 05:26:26,9089.99,6919.2
2022-07-25 05:26:25,9091.54,6917.64
2022-07-25 05:26:24,9090.93,6918.26
2022-07-25 05:26:23,9095.85,6913.33
2022-07-25 05:26:22,9097.12,6912.07
2022-07-25 05:26:21,9098.36,6910.83
2022-07-25 05:26:20,9102.51,6906.68
2022-07-25 05:26:19,9103.59,6905.6
2022-07-25 05:26:18,9104.82,6904.37
2022-07-25 05:26:17,9110.94,6898.25
2022-07-25 05:26:16,9112.12,6897.06
2022-07-25 05:26:15,9111.62,6897.56
2022-07-25 05:26:14,9115.17,6894.02
2022-07-25 05:26:13,9121.73,6887.46
2022-07-25 05:26:12,9122.38,6886.81
2022-07-25 05:26:11,9130.69,6878.5
2022-07-25 05:26:10,9145.84,6863.35
2022-07-25 05:26:09,9163.48,6845.7
2022-07-25 05:26:08,9148.41,6860.78
2022-07-25 05:26:07,9148.61,6860.58
2022-07-25 05:26:06,9195.16,6814.03
2022-07-25 05:26:05,9285.46,6723.73
2022-07-25 05:26:04,9345,6664.19
2022-07-25 05:26:03,9847.59,6161.6
2022-07-25 05:26:02,10071.6,5937.62
2022-07-25 05:26:01,10244.1,5765.13
2022-07-25 05:26:00,10614.8,5394.41
2022-07-25 05:25:59,10867.4,5141.8
2022-07-25 05:25:58,10995.4,5013.8
2022-07-25 05:25:57,11125.7,4883.46
2022-07-25 05:25:56,11238.3,4770.85
2022-07-25 05:25:55,11401.2,4607.96
2022-07-25 05:25:54,11671.9,4337.3
2022-07-25 05:25:53,10756.2,5252.94
2022-07-25 05:25:52,9653.39,6355.8
2022-07-25 05:25:51,9693.04,6316.15
2022-07-25 05:25:50,9742.01,6267.18
2022-07-25 05:25:49,9765.61,6243.58
2022-07-25 05:25:48,9168.39,6840.79
2022-07-25 05:25:47,9168.96,6840.23
2022-07-25 05:25:46,9167.79,6841.4
2022-07-25 05:25:45,9171.61,6837.58
2022-07-25 05:25:44,9171.48,6837.71
2022-07-25 05:25:43,9173.27,6835.92
2022-07-25 05:25:42,9173.97,6835.21
2022-07-25 05:25:41,9177.29,6831.9
2022-07-25 05:25:40,9179.27,6829.92
2022-07-25 05:25:39,9179.73,6829.45
2022-07-25 05:25:38,9183.13,6826.06
2022-07-25 05:25:37,9182.34,6826.84
2022-07-25 05:25:36,9183.31,6825.88
2022-07-25 05:25:35,9183.16,6826.02
2022-07-25 05:25:34,9185.23,6823.95
2022-07-25 05:25:33,9186.29,6822.9
2022-07-25 05:25:32,9186.75,6822.44
2022-07-25 05:25:31,9202.57,6806.61
2022-07-25 05:25:30,9203.78,6805.41
2022-07-25 05:25:29,9205.81,6803.38
2022-07-25 05:25:28,9203.97,6805.22
2022-07-25 05:25:27,9222.77,6786.41
2022-07-25 05:25:26,9224.18,6785.01
2022-07-25 05:25:25,9224.09,6785.1
2022-07-25 05:25:24,9262.94,6746.24
2022-07-25 05:25:23,9264.8,6744.39
2022-07-25 05:25:22,9263.68,6745.51
2022-07-25 05:25:21,9308.7,6700.48
2022-07-25 05:25:20,9312.38,6696.81
2022-07-25 05:25:19,9334.55,6674.63
2022-07-25 05:25:18,9371.38,6637.81
2022-07-25 05:25:17,9390.41,6618.77
2022-07-25 05:25:16,9444.31,6564.88
2022-07-25 05:25:15,9561.94,6447.24
2022-07-25 05:25:14,9808.83,6200.36
2022-07-25 05:25:13,10289.6,5719.57
2022-07-25 05:25:12,10417.9,5591.28
2022-07-25 05:25:11,10606.5,5402.73
2022-07-25 05:25:10,10728.1,5281.12
2022-07-25 05:25:09,10860.1,5149.05
2022-07-25 05:25:08,11001.5,5007.73
2022-07-25 05:25:07,11128.2,4881
2022-07-25 05:25:06,11517.9,4491.32
2022-07-25 05:25:05,11247.1,4762.07
2022-07-25 05:25:04,9442.43,6566.75
2022-07-25 05:25:03,9465.72,6543.47
2022-07-25 05:25:02,9517.19,6492
2022-07-25 05:25:01,9560,6449.19
2022-07-25 05:25:00,9083.12,6926.07
2022-07-25 05:24:59,9085.97,6923.22
2022-07-25 05:24:58,9087.69,6921.5
2022-07-25 05:24:57,9087.15,6922.04
2022-07-25 05:24:56,9089.8,6919.39
2022-07-25 05:24:55,9089.79,6919.4
2022-07-25 05:24:54,9089.84,6919.34
2022-07-25 05:24:53,9093.65,6915.54
2022-07-25 05:24:52,9094.29,6914.9
2022-07-25 05:24:51,9096.36,6912.83
2022-07-25 05:24:50,9100.16,6909.02
2022-07-25 05:24:49,9099.88,6909.31
2022-07-25 05:24:48,9100.29,6908.9
2022-07-25 05:24:47,9104.64,6904.55
2022-07-25 05:24:46,9106.1,6903.09
2022-07-25 05:24:45,9106.81,6902.38
2022-07-25 05:24:44,9113.2,6895.99
2022-07-25 05:24:43,9112.91,6896.28
2022-07-25 05:24:42,9113.48,6895.71
2022-07-25 05:24:41,9120.64,6888.54
2022-07-25 05:24:40,9121.22,6887.97
2022-07-25 05:24:39,9120.48,6888.7
2022-07-25 05:24:38,9127.94,6881.25
2022-07-25 05:24:37,9128.98,6880.21
2022-07-25 05:24:36,9129.37,6879.82
2022-07-25 05:24:35,9139.81,6869.38
2022-07-25 05:24:34,9142.72,6866.46
2022-07-25 05:24:33,9173.31,6835.88
2022-07-25 05:24:32,9166.69,6842.5
2022-07-25 05:24:31,9154.18,6855
2022-07-25 05:24:30,9208.97,6800.22
2022-07-25 05:24:29,9219.4,6789.78
2022-07-25 05:24:28,9238.05,6771.14
2022-07-25 05:24:27,9452.73,6556.46
2022-07-25 05:24:26,9456.29,6552.9
2022-07-25 05:24:25,9606.93,6402.26
2022-07-25 05:24:24,10023.8,5985.37
2022-07-25 05:24:23,10637.5,5371.65
2022-07-25 05:24:22,10819.8,5189.38
2022-07-25 05:24:21,10977.9,5031.27
2022-07-25 05:24:20,11083.9,4925.3
2022-07-25 05:24:19,11208.9,4800.31
2022-07-25 05:24:18,11475.2,4533.96
2022-07-25 05:24:17,11632.8,4376.36
2022-07-25 05:24:16,11825,4184.16
2022-07-25 05:24:15,9653.99,6355.2
2022-07-25 05:24:14,9699.89,6309.3
2022-07-25 05:24:13,9101.07,6908.12
2022-07-25 05:24:12,9103.43,6905.75
2022-07-25 05:24:11,9103.31,6905.87
2022-07-25 05:24:10,9103.81,6905.38
2022-07-25 05:24:09,9104.42,6904.77
2022-07-25 05:24:08,9105.52,6903.66
2022-07-25 05:24:07,9106.05,6903.14
2022-07-25 05:24:06,9106.12,6903.06
2022-07-25 05:24:05,9108.57,6900.61
2022-07-25 05:24:04,9108.32,6900.87
2022-07-25 05:24:03,9109.44,6899.75
2022-07-25 05:24:02,9110.23,6898.95
2022-07-25 05:24:01,9109.77,6899.42
2022-07-25 05:24:00,9111.24,6897.95
2022-07-25 05:23:59,9113.28,6895.9
2022-07-25 05:23:58,9114,6895.19
2022-07-25 05:23:57,9114.19,6894.99
2022-07-25 05:23:56,9113.65,6895.54
2022-07-25 05:23:55,9114.92,6894.27
2022-07-25 05:23:54,9117.64,6891.54
2022-07-25 05:23:53,9118.67,6890.52
2022-07-25 05:23:52,9119.32,6889.87
2022-07-25 05:23:51,9118.69,6890.5
2022-07-25 05:23:50,9119.8,6889.39
2022-07-25 05:23:49,9119.41,6889.77
2022-07-25 05:23:48,9147.39,6861.8
2022-07-25 05:23:47,9148.39,6860.8
2022-07-25 05:23:46,9149.97,6859.22
2022-07-25 05:23:45,9160.9,6848.29
2022-07-25 05:23:44,9174.54,6834.65
2022-07-25 05:23:43,9176.11,6833.07
2022-07-25 05:23:42,9217.79,6791.39
2022-07-25 05:23:41,9249.88,6759.31
2022-07-25 05:23:40,9252.12,6757.07
2022-07-25 05:23:39,9364.98,6644.2
2022-07-25 05:23:38,9484.4,6524.79
2022-07-25 05:23:37,9552.21,6456.98
2022-07-25 05:23:36,9866.69,6142.49
2022-07-25 05:23:35,10286.5,5722.66
2022-07-25 05:23:34,10615.4,5393.76
2022-07-25 05:23:33,10778.8,5230.34
2022-07-25 05:23:32,11151,4858.19
2022-07-25 05:23:31,11319.2,4690.02
2022-07-25 05:23:30,11465.1,4544.07
2022-07-25 05:23:29,11645.1,4364.13
2022-07-25 05:23:28,11184.2,4825
2022-07-25 05:23:27,10162.8,5846.43
2022-07-25 05:23:26,9561.46,6447.72
2022-07-25 05:23:25,9042.87,6966.32
2022-07-25 05:23:24,9044.29,6964.9
2022-07-25 05:23:23,9046.31,6962.88
2022-07-25 05:23:22,9046.71,6962.47
2022-07-25 05:23:21,9045.89,6963.3
2022-07-25 05:23:20,9048.96,6960.23
2022-07-25 05:23:19,9048.37,6960.81
2022-07-25 05:23:18,9050.46,6958.73
2022-07-25 05:23:17,9051.01,6958.18
2022-07-25 05:23:16,9051.91,6957.27
2022-07-25 05:23:15,9052.21,6956.98
2022-07-25 05:23:14,9052.87,6956.32
2022-07-25 05:23:13,9053.54,6955.65
2022-07-25 05:23:12,9054.73,6954.45
2022-07-25 05:23:11,9058.49,6950.7
2022-07-25 05:23:10,9058.38,6950.8
2022-07-25 05:23:09,9058.26,6950.93
2022-07-25 05:23:08,9058.44,6950.75
2022-07-25 05:23:07,9059.54,6949.65
2022-07-25 05:23:06,9062.3,6946.89
2022-07-25 05:23:05,9061.94,6947.25
2022-07-25 05:23:04,9063.41,6945.78
2022-07-25 05:23:03,9070.96,6938.23
2022-07-25 05:23:02,9077.81,6931.38
2022-07-25 05:23:01,9078.1,6931.09
2022-07-25 05:23:00,9077.15,6932.04
2022-07-25 05:22:59,9095.88,6913.31
2022-07-25 05:22:58,9096.34,6912.85
2022-07-25 05:22:57,9091.86,6917.33
2022-07-25 05:22:56,9112.68,6896.51
2022-07-25 05:22:55,9108.75,6900.43
2022-07-25 05:22:54,9135.57,6873.61
2022-07-25 05:22:53,9192.79,6816.4
2022-07-25 05:22:52,9200.41,6808.78
2022-07-25 05:22:51,9289.73,6719.45
2022-07-25 05:22:50,9644.13,6365.06
2022-07-25 05:22:49,9816.27,6192.92
2022-07-25 05:22:48,10421.5,5587.64
2022-07-25 05:22:47,10664.8,5344.44
2022-07-25 05:22:46,10892.8,5116.41
2022-07-25 05:22:45,11010.2,4998.98
2022-07-25 05:22:44,11133.3,4875.89
2022-07-25 05:22:43,11331.2,4678.01
2022-07-25 05:22:42,11552,4457.16
2022-07-25 05:22:41,11705.4,4303.83
2022-07-25 05:22:40,9585.87,6423.32
2022-07-25 05:22:39,9634.26,6374.93
2022-07-25 05:22:38,9684.92,6324.27
2022-07-25 05:22:37,9701.75,6307.44
2022-07-25 05:22:36,9202.2,6806.99
2022-07-25 05:22:35,9202.68,6806.51
2022-07-25 05:22:34,9207.33,6801.86
2022-07-25 05:22:33,9209.39,6799.79
2022-07-25 05:22:32,9209.21,6799.97
2022-07-25 05:22:31,9211.64,6797.55
2022-07-25 05:22:30,9214.48,6794.7
2022-07-25 05:22:29,9216.04,6793.15
2022-07-25 05:22:28,9220.4,6788.78
2022-07-25 05:22:27,9222.09,6787.1
2022-07-25 05:22:26,9228.7,6780.48
2022-07-25 05:22:25,9226.82,6782.37
2022-07-25 05:22:24,9227.63,6781.56
2022-07-25 05:22:23,9235.53,6773.66
2022-07-25 05:22:22,9235.05,6774.13
2022-07-25 05:22:21,9236.07,6773.11
2022-07-25 05:22:20,9245.06,6764.13
2022-07-25 05:22:19,9246.42,6762.77
2022-07-25 05:22:18,9253.9,6755.28
2022-07-25 05:22:17,9259.01,6750.18
2022-07-25 05:22:16,9261.57,6747.62
2022-07-25 05:22:15,9261.45,6747.74
2022-07-25 05:22:14,9280.87,6728.32
2022-07-25 05:22:13,9284.64,6724.55
2022-07-25 05:22:12,9287.55,6721.64
2022-07-25 05:22:11,9313.22,6695.96
2022-07-25 05:22:10,9308.59,6700.59
2022-07-25 05:22:09,9354.11,6655.07
2022-07-25 05:22:08,9369.96,6639.23
2022-07-25 05:22:07,9382.73,6626.46
2022-07-25 05:22:06,9430.2,6578.99
2022-07-25 05:22:05,9444.07,6565.12
2022-07-25 05:22:04,9518.96,6490.23
2022-07-25 05:22:03,9595.55,6413.64
2022-07-25 05:22:02,9784.35,6224.84
2022-07-25 05:22:01,10120.4,5888.82
2022-07-25 05:22:00,10377.8,5631.35
2022-07-25 05:21:59,10742.9,5266.33
2022-07-25 05:21:58,10890.6,5118.63
2022-07-25 05:21:57,11031.3,4977.87
2022-07-25 05:21:56,11122.5,4886.65
2022-07-25 05:21:55,11310.2,4698.98
2022-07-25 05:21:54,11453.6,4555.6
2022-07-25 05:21:53,11186.2,4823.02
2022-07-25 05:21:52,10139,5870.16
2022-07-25 05:21:51,9652.72,6356.47
2022-07-25 05:21:50,9681.2,6327.99
2022-07-25 05:21:49,9737.87,6271.32
2022-07-25 05:21:48,9772.68,6236.51
2022-07-25 05:21:47,9278.44,6730.75
2022-07-25 05:21:46,9279.64,6729.54
2022-07-25 05:21:45,9282.39,6726.8
2022-07-25 05:21:44,9286.18,6723.01
2022-07-25 05:21:43,9284.02,6725.17
2022-07-25 05:21:42,9287.41,6721.77
2022-07-25 05:21:41,9288.51,6720.68
2022-07-25 05:21:40,9293.25,6715.94
2022-07-25 05:21:39,9292.24,6716.95
2022-07-25 05:21:38,9297.39,6711.8
2022-07-25 05:21:37,9299.07,6710.12
2022-07-25 05:21:36,9301.04,6708.15
2022-07-25 05:21:35,9304.99,6704.19
2022-07-25 05:21:34,9305.47,6703.72
2022-07-25 05:21:33,9317.99,6691.2
2022-07-25 05:21:32,9318.44,6690.75
2022-07-25 05:21:31,9320.63,6688.55
2022-07-25 05:21:30,9335.33,6673.86
2022-07-25 05:21:29,9337,6672.19
2022-07-25 05:21:28,9352.89,6656.29
2022-07-25 05:21:27,9352.46,6656.73
2022-07-25 05:21:26,9390.89,6618.3
2022-07-25 05:21:25,9411.45,6597.73
2022-07-25 05:21:24,9412.21,6596.98
2022-07-25 05:21:23,9441.54,6567.64
2022-07-25 05:21:22,9474.31,6534.87
2022-07-25 05:21:21,9505.8,6503.39
2022-07-25 05:21:20,9510.03,6499.16
2022-07-25 05:21:19,9568.41,6440.77
2022-07-25 05:21:18,9601.9,6407.29
2022-07-25 05:21:17,9623.69,6385.5
2022-07-25 05:21:16,9713.91,6295.28
2022-07-25 05:21:15,9894.55,6114.64
2022-07-25 05:21:14,10021.1,5988.05
2022-07-25 05:21:13,10367.5,5641.73
2022-07-25 05:21:12,10466.1,5543.11
2022-07-25 05:21:11,10727.1,5282.06
2022-07-25 05:21:10,10965.1,5044.12
2022-07-25 05:21:09,11087.9,4921.28
2022-07-25 05:21:08,11249.5,4759.73
2022-07-25 05:21:07,11477,4532.22
2022-07-25 05:21:06,10957.3,5051.87
2022-07-25 05:21:05,10590.5,5418.68
2022-07-25 05:21:04,10720.9,5288.3
2022-07-25 05:21:03,9762.54,6246.64
2022-07-25 05:21:02,9786.95,6222.23
2022-07-25 05:21:01,9281.19,6728
2022-07-25 05:21:00,9280.52,6728.66
2022-07-25 05:20:59,9283.65,6725.54
2022-07-25 05:20:58,9285.65,6723.54
2022-07-25 05:20:57,9286.22,6722.96
2022-07-25 05:20:56,9289.83,6719.36
2022-07-25 05:20:55,9291.15,6718.04
2022-07-25 05:20:54,9293.91,6715.28
2022-07-25 05:20:53,9292.46,6716.72
2022-07-25 05:20:52,9300.13,6709.05
2022-07-25 05:20:51,9302.84,6706.34
2022-07-25 05:20:50,9304.38,6704.8
2022-07-25 05:20:49,9314.04,6695.14
2022-07-25 05:20:48,9313.71,6695.47
2022-07-25 05:20:47,9317.04,6692.14
2022-07-25 05:20:46,9317.86,6691.32
2022-07-25 05:20:45,9326.46,6682.73
2022-07-25 05:20:44,9328.94,6680.24
2022-07-25 05:20:43,9329.79,6679.4
2022-07-25 05:20:42,9338.43,6670.75
2022-07-25 05:20:41,9339.86,6669.33
2022-07-25 05:20:40,9349.86,6659.32
2022-07-25 05:20:39,9351.16,6658.02
2022-07-25 05:20:38,9358.14,6651.05
2022-07-25 05:20:37,9375.06,6634.12
2022-07-25 05:20:36,9377.59,6631.6
2022-07-25 05:20:35,9403.12,6606.07
2022-07-25 05:20:34,9424.32,6584.86
2022-07-25 05:20:33,9431.66,6577.52
2022-07-25 05:20:32,9465.59,6543.59
2022-07-25 05:20:31,9515.63,6493.56
2022-07-25 05:20:30,9517.04,6492.14
2022-07-25 05:20:29,9619.11,6390.07
2022-07-25 05:20:28,9661.59,6347.59
2022-07-25 05:20:27,9819.39,6189.8
2022-07-25 05:20:26,10227,5782.17
2022-07-25 05:20:25,10372.6,5636.57
2022-07-25 05:20:24,10564.4,5444.79
2022-07-25 05:20:23,10668.5,5340.68
2022-07-25 05:20:22,10814.3,5194.87
2022-07-25 05:20:21,10904.3,5104.94
2022-07-25 05:20:20,11039.2,4969.94
2022-07-25 05:20:19,11404.7,4604.53
2022-07-25 05:20:18,11071.1,4938.11
2022-07-25 05:20:17,10847.5,5161.71
2022-07-25 05:20:16,10196.1,5813.05
2022-07-25 05:20:15,10288,5721.22
2022-07-25 05:20:14,10380.1,5629.04
2022-07-25 05:20:13,9372.45,6636.74
2022-07-25 05:20:12,9371.52,6637.66
2022-07-25 05:20:11,9375.23,6633.95
2022-07-25 05:20:10,9380.44,6628.74
2022-07-25 05:20:09,9381.04,6628.14
2022-07-25 05:20:08,9382.57,6626.62
2022-07-25 05:20:07,9384.57,6624.61
2022-07-25 05:20:06,9386.57,6622.61
2022-07-25 05:20:05,9388.82,6620.36
2022-07-25 05:20:04,9389.01,6620.18
2022-07-25 05:20:03,9393.23,6615.96
2022-07-25 05:20:02,9395.28,6613.91
2022-07-25 05:20:01,9397.77,6611.42
2022-07-25 05:20:00,9402.72,6606.47
2022-07-25 05:19:59,9409.04,6600.14
2022-07-25 05:19:58,9412.54,6596.64
2022-07-25 05:19:57,9428.81,6580.38
2022-07-25 05:19:56,9432.2,6576.99
2022-07-25 05:19:55,9443.82,6565.37
2022-07-25 05:19:54,9446.63,6562.56
2022-07-25 05:19:53,9487.4,6521.79
2022-07-25 05:19:52,9507,6502.19
2022-07-25 05:19:51,9513.31,6495.88
2022-07-25 05:19:50,9555.22,6453.97
2022-07-25 05:19:49,9595.83,6413.36
2022-07-25 05:19:48,9598.57,6410.62
2022-07-25 05:19:47,9657.33,6351.86
2022-07-25 05:19:46,9686.82,6322.37
2022-07-25 05:19:45,9697.75,6311.43
2022-07-25 05:19:44,9783.67,6225.52
2022-07-25 05:19:43,9787.37,6221.82
2022-07-25 05:19:42,9822.42,6186.77
2022-07-25 05:19:41,9893.04,6116.14
2022-07-25 05:19:40,9927.55,6081.63
2022-07-25 05:19:39,10175.3,5833.91
2022-07-25 05:19:38,10230.8,5778.35
2022-07-25 05:19:37,10560.8,5448.43
2022-07-25 05:19:36,10667.4,5341.8
2022-07-25 05:19:35,10745.7,5263.48
2022-07-25 05:19:34,10864.2,5145.02
2022-07-25 05:19:33,11087,4922.21
2022-07-25 05:19:32,11263.7,4745.44
2022-07-25 05:19:31,11498.8,4510.41
2022-07-25 05:19:30,11146.8,4862.34
2022-07-25 05:19:29,10621.7,5387.49
2022-07-25 05:19:28,10187.3,5821.92
2022-07-25 05:19:27,9635.15,6374.04
2022-07-25 05:19:26,9692.91,6316.27
2022-07-25 05:19:25,9176.4,6832.79
2022-07-25 05:19:24,9177.53,6831.65
2022-07-25 05:19:23,9181.67,6827.52
2022-07-25 05:19:22,9181.37,6827.82
2022-07-25 05:19:21,9183.03,6826.16
2022-07-25 05:19:20,9182.99,6826.2
2022-07-25 05:19:19,9189.89,6819.29
2022-07-25 05:19:18,9188.18,6821
2022-07-25 05:19:17,9190.24,6818.95
2022-07-25 05:19:16,9189.84,6819.34
2022-07-25 05:19:15,9198.98,6810.21
2022-07-25 05:19:14,9201.06,6808.12
2022-07-25 05:19:13,9204.1,6805.09
2022-07-25 05:19:12,9213.32,6795.87
2022-07-25 05:19:11,9214.6,6794.59
2022-07-25 05:19:10,9215.99,6793.2
2022-07-25 05:19:09,9216.9,6792.28
2022-07-25 05:19:08,9225.02,6784.17
2022-07-25 05:19:07,9228.11,6781.07
2022-07-25 05:19:06,9228.16,6781.02
2022-07-25 05:19:05,9241.68,6767.51
2022-07-25 05:19:04,9244.18,6765.01
2022-07-25 05:19:03,9256.81,6752.38
2022-07-25 05:19:02,9270.81,6738.38
2022-07-25 05:19:01,9273.88,6735.31
2022-07-25 05:19:00,9290.45,6718.74
2022-07-25 05:18:59,9307.01,6702.18
2022-07-25 05:18:58,9309.46,6699.72
2022-07-25 05:18:57,9348.51,6660.68
2022-07-25 05:18:56,9349.64,6659.54
2022-07-25 05:18:55,9368.72,6640.47
2022-07-25 05:18:54,9449.02,6560.17
2022-07-25 05:18:53,9457.86,6551.33
2022-07-25 05:18:52,9735.49,6273.7
2022-07-25 05:18:51,9899.64,6109.55
2022-07-25 05:18:50,10191.4,5817.78
2022-07-25 05:18:49,10397.1,5612.12
2022-07-25 05:18:48,10517.1,5492.08
2022-07-25 05:18:47,10855.3,5153.93
2022-07-25 05:18:46,11036.9,4972.27
2022-07-25 05:18:45,11170.9,4838.31
2022-07-25 05:18:44,11330.5,4678.67
2022-07-25 05:18:43,11595.8,4413.42
2022-07-25 05:18:42,11233.2,4776.03
2022-07-25 05:18:41,10085.2,5924
2022-07-25 05:18:40,9656.59,6352.6
2022-07-25 05:18:39,9702.7,6306.49
2022-07-25 05:18:38,9729.42,6279.77
2022-07-25 05:18:37,9105.38,6903.8
2022-07-25 05:18:36,9105.87,6903.32
2022-07-25 05:18:35,9106.04,6903.15
2022-07-25 05:18:34,9106.65,6902.54
2022-07-25 05:18:33,9107,6902.19
2022-07-25 05:18:32,9108.45,6900.74
2022-07-25 05:18:31,9111.44,6897.74
2022-07-25 05:18:30,9111.8,6897.39
2022-07-25 05:18:29,9112.88,6896.31
2022-07-25 05:18:28,9112.35,6896.84
2022-07-25 05:18:27,9113.94,6895.25
2022-07-25 05:18:26,9117.37,6891.81
2022-07-25 05:18:25,9116.2,6892.99
2022-07-25 05:18:24,9118.32,6890.87
2022-07-25 05:18:23,9118.74,6890.45
2022-07-25 05:18:22,9120.89,6888.3
2022-07-25 05:18:21,9122.77,6886.41
2022-07-25 05:18:20,9121.31,6887.88
2022-07-25 05:18:19,9122.46,6886.73
2022-07-25 05:18:18,9122.66,6886.52
2022-07-25 05:18:17,9123.53,6885.66
2022-07-25 05:18:16,9133.33,6875.86
2022-07-25 05:18:15,9133.15,6876.04
2022-07-25 05:18:14,9135.67,6873.52
2022-07-25 05:18:13,9136.13,6873.06
2022-07-25 05:18:12,9181.88,6827.31
2022-07-25 05:18:11,9184.05,6825.14
2022-07-25 05:18:10,9165,6844.19
2022-07-25 05:18:09,9224.28,6784.91
2022-07-25 05:18:08,9225.66,6783.53
2022-07-25 05:18:07,9258.12,6751.06
2022-07-25 05:18:06,9325.56,6683.63
2022-07-25 05:18:05,9379.73,6629.46
2022-07-25 05:18:04,9546.68,6462.51
2022-07-25 05:18:03,9848.42,6160.77
2022-07-25 05:18:02,9977.5,6031.69
2022-07-25 05:18:01,10221.1,5788.12
2022-07-25 05:18:00,10354,5655.21
2022-07-25 05:17:59,10441.8,5567.4
2022-07-25 05:17:58,10738.3,5270.87
2022-07-25 05:17:57,11215.9,4793.27
2022-07-25 05:17:56,11407.4,4601.84
2022-07-25 05:17:55,11098.6,4910.54
2022-07-25 05:17:54,10689.7,5319.48
2022-07-25 05:17:53,10387.4,5621.83
2022-07-25 05:17:52,10320.8,5688.43
2022-07-25 05:17:51,10415.4,5593.8
2022-07-25 05:17:50,9279.53,6729.66
2022-07-25 05:17:49,9285.88,6723.31
2022-07-25 05:17:48,9285.89,6723.3
2022-07-25 05:17:47,9287.48,6721.7
2022-07-25 05:17:46,9294.45,6714.74
2022-07-25 05:17:45,9296.63,6712.56
2022-07-25 05:17:44,9292.86,6716.33
2022-07-25 05:17:43,9296.83,6712.35
2022-07-25 05:17:42,9303.9,6705.29
2022-07-25 05:17:41,9306.56,6702.63
2022-07-25 05:17:40,9308.93,6700.26
2022-07-25 05:17:39,9315.24,6693.95
2022-07-25 05:17:38,9317.09,6692.09
2022-07-25 05:17:37,9319.79,6689.39
2022-07-25 05:17:36,9328.35,6680.84
2022-07-25 05:17:35,9329.78,6679.41
2022-07-25 05:17:34,9330.93,6678.26
2022-07-25 05:17:33,9330.1,6679.08
2022-07-25 05:17:32,9339.38,6669.8
2022-07-25 05:17:31,9342.99,6666.2
2022-07-25 05:17:30,9344.13,6665.05
2022-07-25 05:17:29,9371.18,6638
2022-07-25 05:17:28,9389.05,6620.14
2022-07-25 05:17:27,9396.93,6612.25
2022-07-25 05:17:26,9427.45,6581.74
2022-07-25 05:17:25,9429.39,6579.8
2022-07-25 05:17:24,9452.94,6556.25
2022-07-25 05:17:23,9466.3,6542.89
2022-07-25 05:17:22,9516.77,6492.42
2022-07-25 05:17:21,9559.66,6449.53
2022-07-25 05:17:20,9563.02,6446.16
2022-07-25 05:17:19,9652.24,6356.95
2022-07-25 05:17:18,9668.62,6340.57
2022-07-25 05:17:17,9761.83,6247.36
2022-07-25 05:17:16,9962.58,6046.61
2022-07-25 05:17:15,10170.1,5839.08
2022-07-25 05:17:14,10246.1,5763.04
2022-07-25 05:17:13,10429,5580.21
2022-07-25 05:17:12,10576,5433.23
2022-07-25 05:17:11,10703.8,5305.4
2022-07-25 05:17:10,10925.3,5083.84
2022-07-25 05:17:09,10566.4,5442.83
2022-07-25 05:17:08,10933.5,5075.65
2022-07-25 05:17:07,11077.3,4931.87
2022-07-25 05:17:06,10680.1,5329.09
2022-07-25 05:17:05,10233.1,5776.13
2022-07-25 05:17:04,10319.6,5689.57
2022-07-25 05:17:03,10392.6,5616.54
2022-07-25 05:17:02,9306.59,6702.59
2022-07-25 05:17:01,9309.66,6699.52
2022-07-25 05:17:00,9309.19,6700
2022-07-25 05:16:59,9311.29,6697.9
2022-07-25 05:16:58,9314.25,6694.94
2022-07-25 05:16:57,9316.66,6692.53
2022-07-25 05:16:56,9317.89,6691.3
2022-07-25 05:16:55,9318.04,6691.15
2022-07-25 05:16:54,9320.26,6688.93
2022-07-25 05:16:53,9321.69,6687.49
2022-07-25 05:16:52,9323.9,6685.29
2022-07-25 05:16:51,9326.69,6682.5
2022-07-25 05:16:50,9340.57,6668.61
2022-07-25 05:16:49,9342.8,6666.39
2022-07-25 05:16:48,9345.48,6663.71
2022-07-25 05:16:47,9349.3,6659.89
2022-07-25 05:16:46,9363.48,6645.71
2022-07-25 05:16:45,9372.72,6636.47
2022-07-25 05:16:44,9375.74,6633.45
2022-07-25 05:16:43,9386.98,6622.21
2022-07-25 05:16:42,9389.36,6619.82
2022-07-25 05:16:41,9413.43,6595.76
2022-07-25 05:16:40,9433.35,6575.84
2022-07-25 05:16:39,9453.02,6556.17
2022-07-25 05:16:38,9469.83,6539.36
2022-07-25 05:16:37,9490.04,6519.14
2022-07-25 05:16:36,9530.84,6478.35
2022-07-25 05:16:35,9534.58,6474.61
2022-07-25 05:16:34,9557.48,6451.71
2022-07-25 05:16:33,9603.16,6406.02
2022-07-25 05:16:32,9615.93,6393.26
2022-07-25 05:16:31,9678.6,6330.59
2022-07-25 05:16:30,9723.95,6285.24
2022-07-25 05:16:29,9872.39,6136.8
2022-07-25 05:16:28,9958,6051.19
2022-07-25 05:16:27,10049.2,5959.98
2022-07-25 05:16:26,10277.7,5731.47
2022-07-25 05:16:25,10495.1,5514.07
2022-07-25 05:16:24,10579.6,5429.59
2022-07-25 05:16:23,10940.4,5068.8
2022-07-25 05:16:22,11086.3,4922.9
2022-07-25 05:16:21,11353.2,4655.99
2022-07-25 05:16:20,11007.9,5001.25
2022-07-25 05:16:19,11110.8,4898.35
2022-07-25 05:16:18,10629,5380.22
2022-07-25 05:16:17,10710.5,5298.73
2022-07-25 05:16:16,9634.14,6375.05
2022-07-25 05:16:15,9671.85,6337.34
2022-07-25 05:16:14,9165.88,6843.3
2022-07-25 05:16:13,9165.89,6843.29
2022-07-25 05:16:12,9169.43,6839.76
2022-07-25 05:16:11,9169.94,6839.25
2022-07-25 05:16:10,9171.22,6837.97
2022-07-25 05:16:09,9173.96,6835.23
2022-07-25 05:16:08,9175.47,6833.72
2022-07-25 05:16:07,9176.69,6832.5
2022-07-25 05:16:06,9181.51,6827.68
2022-07-25 05:16:05,9183.36,6825.83
2022-07-25 05:16:04,9184.34,6824.85
2022-07-25 05:16:03,9186.61,6822.58
2022-07-25 05:16:02,9192.16,6817.03
2022-07-25 05:16:01,9193.4,6815.79
2022-07-25 05:16:00,9193.49,6815.69
2022-07-25 05:15:59,9202.23,6806.96
2022-07-25 05:15:58,9203.71,6805.48
2022-07-25 05:15:57,9209.54,6799.65
2022-07-25 05:15:56,9216.86,6792.32
2022-07-25 05:15:55,9216.52,6792.66
2022-07-25 05:15:54,9237.52,6771.66
2022-07-25 05:15:53,9244.79,6764.4
2022-07-25 05:15:52,9246.03,6763.16
2022-07-25 05:15:51,9247.38,6761.8
2022-07-25 05:15:50,9278.1,6731.09
2022-07-25 05:15:49,9278.45,6730.73
2022-07-25 05:15:48,9277.73,6731.46
2022-07-25 05:15:47,9310.84,6698.34
2022-07-25 05:15:46,9308.91,6700.28
2022-07-25 05:15:45,9339.23,6669.95
2022-07-25 05:15:44,9348.7,6660.49
2022-07-25 05:15:43,9355.77,6653.42
2022-07-25 05:15:42,9468.7,6540.49
2022-07-25 05:15:41,9565.71,6443.47
2022-07-25 05:15:40,9893.04,6116.15
2022-07-25 05:15:39,10112.7,5896.45
2022-07-25 05:15:38,10415.2,5594.02
2022-07-25 05:15:37,10628.8,5380.41
2022-07-25 05:15:36,10754.6,5254.61
2022-07-25 05:15:35,10892.9,5116.27
2022-07-25 05:15:34,11237,4772.19
2022-07-25 05:15:33,11429.3,4579.86
2022-07-25 05:15:32,11553,4456.21
2022-07-25 05:15:31,11127.5,4881.66
2022-07-25 05:15:30,10642.7,5366.48
2022-07-25 05:15:29,10213.5,5795.66
2022-07-25 05:15:28,10283.6,5725.62
2022-07-25 05:15:27,9256.51,6752.68
2022-07-25 05:15:26,9255.84,6753.34
2022-07-25 05:15:25,9256.87,6752.32
2022-07-25 05:15:24,9261.52,6747.67
2022-07-25 05:15:23,9260.35,6748.84
2022-07-25 05:15:22,9261.54,6747.64
2022-07-25 05:15:21,9265.2,6743.99
2022-07-25 05:15:20,9266.45,6742.73
2022-07-25 05:15:19,9266.45,6742.74
2022-07-25 05:15:18,9272.7,6736.48
2022-07-25 05:15:17,9275.7,6733.48
2022-07-25 05:15:16,9278.26,6730.93
2022-07-25 05:15:15,9278.72,6730.47
2022-07-25 05:15:14,9285.15,6724.04
2022-07-25 05:15:13,9286.84,6722.35
2022-07-25 05:15:12,9288.92,6720.27
2022-07-25 05:15:11,9291.18,6718
2022-07-25 05:15:10,9296.5,6712.69
2022-07-25 05:15:09,9298.86,6710.33
2022-07-25 05:15:08,9299.18,6710.01
2022-07-25 05:15:07,9309.65,6699.54
2022-07-25 05:15:06,9310.98,6698.21
2022-07-25 05:15:05,9312.01,6697.18
2022-07-25 05:15:04,9355.81,6653.38
2022-07-25 05:15:03,9357.38,6651.81
2022-07-25 05:15:02,9358.94,6650.25
2022-07-25 05:15:01,9411.56,6597.63
2022-07-25 05:15:00,9412.11,6597.08
2022-07-25 05:14:59,9414.37,6594.82
2022-07-25 05:14:58,9477.45,6531.74
2022-07-25 05:14:57,9480.04,6529.15
2022-07-25 05:14:56,9476.24,6532.94
2022-07-25 05:14:55,9557.54,6451.64
2022-07-25 05:14:54,9621.68,6387.5
2022-07-25 05:14:53,9833.4,6175.79
2022-07-25 05:14:52,10036.6,5972.58
2022-07-25 05:14:51,10313,5696.18
2022-07-25 05:14:50,10435.3,5573.93
2022-07-25 05:14:49,10697,5312.19
2022-07-25 05:14:48,10824.8,5184.41
2022-07-25 05:14:47,10951.7,5057.44
2022-07-25 05:14:46,11249.3,4759.91
2022-07-25 05:14:45,11471.2,4537.96
2022-07-25 05:14:44,11059.2,4949.98
2022-07-25 05:14:43,11173.3,4835.88
2022-07-25 05:14:42,10765.1,5244.06
2022-07-25 05:14:41,10251.6,5757.59
2022-07-25 05:14:40,10302.2,5706.94
2022-07-25 05:14:39,9046.93,6962.26
2022-07-25 05:14:38,9048.25,6960.94
2022-07-25 05:14:37,9048.23,6960.96
2022-07-25 05:14:36,9050.58,6958.61
2022-07-25 05:14:35,9052.01,6957.18
2022-07-25 05:14:34,9051.18,6958
2022-07-25 05:14:33,9053.01,6956.18
2022-07-25 05:14:32,9052.48,6956.71
2022-07-25 05:14:31,9054.53,6954.65
2022-07-25 05:14:30,9055.73,6953.46
2022-07-25 05:14:29,9057.74,6951.45
2022-07-25 05:14:28,9059.18,6950.01
2022-07-25 05:14:27,9057.92,6951.27
2022-07-25 05:14:26,9059.68,6949.51
2022-07-25 05:14:25,9063.33,6945.86
2022-07-25 05:14:24,9063.83,6945.36
2022-07-25 05:14:23,9063.32,6945.87
2022-07-25 05:14:22,9064.97,6944.22
2022-07-25 05:14:21,9080.2,6928.99
2022-07-25 05:14:20,9081.24,6927.95
2022-07-25 05:14:19,9082,6927.19
2022-07-25 05:14:18,9098.68,6910.51
2022-07-25 05:14:17,9099.44,6909.75
2022-07-25 05:14:16,9098.12,6911.07
2022-07-25 05:14:15,9114.79,6894.4
2022-07-25 05:14:14,9135.89,6873.29
2022-07-25 05:14:13,9137.35,6871.84
2022-07-25 05:14:12,9156.63,6852.55
2022-07-25 05:14:11,9154.91,6854.28
2022-07-25 05:14:10,9184.61,6824.58
2022-07-25 05:14:09,9208.7,6800.48
2022-07-25 05:14:08,9210.73,6798.45
2022-07-25 05:14:07,9288.49,6720.7
2022-07-25 05:14:06,9305.18,6704.01
2022-07-25 05:14:05,9464.68,6544.5
2022-07-25 05:14:04,9621.93,6387.26
2022-07-25 05:14:03,9725.84,6283.35
2022-07-25 05:14:02,9905.48,6103.7
2022-07-25 05:14:01,10100.6,5908.56
2022-07-25 05:14:00,10580,5429.21
2022-07-25 05:13:59,11005.8,5003.41
2022-07-25 05:13:58,11194,4815.23
2022-07-25 05:13:57,11415.4,4593.77
2022-07-25 05:13:56,11033.8,4975.39
2022-07-25 05:13:55,11104.5,4904.66
2022-07-25 05:13:54,11247.1,4762.13
2022-07-25 05:13:53,10758.9,5250.29
2022-07-25 05:13:52,10813.8,5195.4
2022-07-25 05:13:51,9175.74,6833.45
2022-07-25 05:13:50,9177.65,6831.54
2022-07-25 05:13:49,9180.89,6828.3
2022-07-25 05:13:48,9181.98,6827.21
2022-07-25 05:13:47,9183.33,6825.86
2022-07-25 05:13:46,9185,6824.19
2022-07-25 05:13:45,9185.16,6824.02
2022-07-25 05:13:44,9186.98,6822.2
2022-07-25 05:13:43,9187.95,6821.23
2022-07-25 05:13:42,9191.23,6817.96
2022-07-25 05:13:41,9193.09,6816.09
2022-07-25 05:13:40,9194.01,6815.18
2022-07-25 05:13:39,9199.64,6809.55
2022-07-25 05:13:38,9200.38,6808.81
2022-07-25 05:13:37,9202.19,6807
2022-07-25 05:13:36,9208.19,6801
2022-07-25 05:13:35,9209.17,6800.02
2022-07-25 05:13:34,9221.77,6787.42
2022-07-25 05:13:33,9228.71,6780.48
2022-07-25 05:13:32,9230.58,6778.61
2022-07-25 05:13:31,9233.25,6775.94
2022-07-25 05:13:30,9253.54,6755.65
2022-07-25 05:13:29,9254.86,6754.33
2022-07-25 05:13:28,9254.44,6754.75
2022-07-25 05:13:27,9284.06,6725.13
2022-07-25 05:13:26,9285.59,6723.6
2022-07-25 05:13:25,9296.28,6712.9
2022-07-25 05:13:24,9311.32,6697.87
2022-07-25 05:13:23,9322.09,6687.1
2022-07-25 05:13:22,9333.01,6676.18
2022-07-25 05:13:21,9383.85,6625.33
2022-07-25 05:13:20,9374.84,6634.35
2022-07-25 05:13:19,9423.49,6585.7
2022-07-25 05:13:18,9469.45,6539.73
2022-07-25 05:13:17,9558.55,6450.63
2022-07-25 05:13:16,9791.38,6217.81
2022-07-25 05:13:15,9824.78,6184.4
2022-07-25 05:13:14,10190,5819.2
2022-07-25 05:13:13,10522.1,5487.12
2022-07-25 05:13:12,10720.7,5288.5
2022-07-25 05:13:11,10970,5039.14
2022-07-25 05:13:10,11146.7,4862.45
2022-07-25 05:13:09,11374.5,4634.72
2022-07-25 05:13:08,11501,4508.19
2022-07-25 05:13:07,11108.9,4900.3
2022-07-25 05:13:06,11236.7,4772.5
2022-07-25 05:13:05,10100.8,5908.37
2022-07-25 05:13:04,9643.29,6365.9
2022-07-25 05:13:03,9339.33,6669.86
2022-07-25 05:13:02,9038.47,6970.72
2022-07-25 05:13:01,9039.43,6969.75
2022-07-25 05:13:00,9037.34,6971.84
2022-07-25 05:12:59,9040.14,6969.05
2022-07-25 05:12:58,9041.95,6967.24
2022-07-25 05:12:57,9042.28,6966.91
2022-07-25 05:12:56,9043.19,6966
2022-07-25 05:12:55,9044.11,6965.08
2022-07-25 05:12:54,9044.32,6964.86
2022-07-25 05:12:53,9045.58,6963.61
2022-07-25 05:12:52,9047.08,6962.11
2022-07-25 05:12:51,9048.39,6960.8
2022-07-25 05:12:50,9047.91,6961.28
2022-07-25 05:12:49,9051.22,6957.97
2022-07-25 05:12:48,9049.42,6959.77
2022-07-25 05:12:47,9050.1,6959.09
2022-07-25 05:12:46,9050.8,6958.39
2022-07-25 05:12:45,9055.05,6954.14
2022-07-25 05:12:44,9057.34,6951.85
2022-07-25 05:12:43,9055.9,6953.28
2022-07-25 05:12:42,9092.34,6916.84
2022-07-25 05:12:41,9093.47,6915.72
2022-07-25 05:12:40,9094.21,6914.98
2022-07-25 05:12:39,9129.24,6879.95
2022-07-25 05:12:38,9139.25,6869.94
2022-07-25 05:12:37,9134.56,6874.63
2022-07-25 05:12:36,9134.96,6874.23
2022-07-25 05:12:35,9178.16,6831.02
2022-07-25 05:12:34,9179.95,6829.24
2022-07-25 05:12:33,9219.91,6789.27
2022-07-25 05:12:32,9209.46,6799.73
2022-07-25 05:12:31,9210.38,6798.81
2022-07-25 05:12:30,9253.2,6755.99
2022-07-25 05:12:29,9256.5,6752.69
2022-07-25 05:12:28,9395.72,6613.47
2022-07-25 05:12:27,9437,6572.19
2022-07-25 05:12:26,9660.02,6349.16
2022-07-25 05:12:25,10348.3,5660.84
2022-07-25 05:12:24,10566.1,5443.13
2022-07-25 05:12:23,10731.9,5277.3
2022-07-25 05:12:22,11026.6,4982.58
2022-07-25 05:12:21,11210.7,4798.5
2022-07-25 05:12:20,11333.7,4675.45
2022-07-25 05:12:19,11512,4497.15
2022-07-25 05:12:18,11659.9,4349.28
2022-07-25 05:12:17,11865.4,4143.8
2022-07-25 05:12:16,9702.38,6306.8
2022-07-25 05:12:15,9074.97,6934.22
2022-07-25 05:12:14,9076.34,6932.85
2022-07-25 05:12:13,9079.55,6929.63
2022-07-25 05:12:12,9076.36,6932.83
2022-07-25 05:12:11,9078.89,6930.3
2022-07-25 05:12:10,9079.8,6929.39
2022-07-25 05:12:09,9079.16,6930.03
2022-07-25 05:12:08,9077,6932.19
2022-07-25 05:12:07,9079.44,6929.75
2022-07-25 05:12:06,9081.59,6927.6
2022-07-25 05:12:05,9085.49,6923.7
2022-07-25 05:12:04,9089.91,6919.28
2022-07-25 05:12:03,9090.14,6919.05
2022-07-25 05:12:02,9097.33,6911.86
2022-07-25 05:12:01,9097.76,6911.43
2022-07-25 05:12:00,9104.14,6905.05
2022-07-25 05:11:59,9113.31,6895.87
2022-07-25 05:11:58,9113.88,6895.31
2022-07-25 05:11:57,9115.9,6893.29
2022-07-25 05:11:56,9123.16,6886.03
2022-07-25 05:11:55,9132.82,6876.37
2022-07-25 05:11:54,9133.73,6875.46
2022-07-25 05:11:53,9146.9,6862.29
2022-07-25 05:11:52,9161.8,6847.39
2022-07-25 05:11:51,9161.69,6847.5
2022-07-25 05:11:50,9176.53,6832.66
2022-07-25 05:11:49,9189.57,6819.61
2022-07-25 05:11:48,9192.25,6816.94
2022-07-25 05:11:47,9209.81,6799.37
2022-07-25 05:11:46,9224.26,6784.93
2022-07-25 05:11:45,9225.23,6783.95
2022-07-25 05:11:44,9224.3,6784.89
2022-07-25 05:11:43,9228.07,6781.11
2022-07-25 05:11:42,9249.98,6759.2
2022-07-25 05:11:41,9282.25,6726.94
2022-07-25 05:11:40,9415.31,6593.88
2022-07-25 05:11:39,9428.13,6581.06
2022-07-25 05:11:38,9748.03,6261.16
2022-07-25 05:11:37,10303.8,5705.38
2022-07-25 05:11:36,10529.8,5479.35
2022-07-25 05:11:35,10731.1,5278.1
2022-07-25 05:11:34,11067.3,4941.86
2022-07-25 05:11:33,11208.3,4800.89
2022-07-25 05:11:32,11320.4,4688.75
2022-07-25 05:11:31,11495.1,4514.11
2022-07-25 05:11:30,11664.7,4344.46
2022-07-25 05:11:29,11843.5,4165.67
2022-07-25 05:11:28,9813.17,6196.02
2022-07-25 05:11:27,9780.81,6228.37
2022-07-25 05:11:26,9193.51,6815.68
2022-07-25 05:11:25,9195.8,6813.39
2022-07-25 05:11:24,9197.36,6811.82
2022-07-25 05:11:23,9199.14,6810.05
2022-07-25 05:11:22,9202.54,6806.65
2022-07-25 05:11:21,9201.84,6807.34
2022-07-25 05:11:20,9204.53,6804.66
2022-07-25 05:11:19,9203.79,6805.39
2022-07-25 05:11:18,9207.3,6801.89
2022-07-25 05:11:17,9207.95,6801.24
2022-07-25 05:11:16,9208.57,6800.62
2022-07-25 05:11:15,9214.18,6795.01
2022-07-25 05:11:14,9218.02,6791.17
2022-07-25 05:11:13,9219.57,6789.62
2022-07-25 05:11:12,9220.32,6788.86
2022-07-25 05:11:11,9226.81,6782.38
2022-07-25 05:11:10,9226.69,6782.5
2022-07-25 05:11:09,9227.51,6781.68
2022-07-25 05:11:08,9237.85,6771.34
2022-07-25 05:11:07,9240.46,6768.73
2022-07-25 05:11:06,9259.23,6749.96
2022-07-25 05:11:05,9268.14,6741.04
2022-07-25 05:11:04,9280.22,6728.97
2022-07-25 05:11:03,9300.8,6708.38
2022-07-25 05:11:02,9312.03,6697.16
2022-07-25 05:11:01,9319.96,6689.23
2022-07-25 05:11:00,9351.23,6657.96
2022-07-25 05:10:59,9361.61,6647.58
2022-07-25 05:10:58,9387.77,6621.42
2022-07-25 05:10:57,9418.89,6590.29
2022-07-25 05:10:56,9414.03,6595.16
2022-07-25 05:10:55,9461.97,6547.21
2022-07-25 05:10:54,9481.18,6528.01
2022-07-25 05:10:53,9505.54,6503.65
2022-07-25 05:10:52,9586.09,6423.1
2022-07-25 05:10:51,9674.66,6334.53
2022-07-25 05:10:50,9837.22,6171.97
2022-07-25 05:10:49,10066,5943.22
2022-07-25 05:10:48,10329.2,5680.02
2022-07-25 05:10:47,10623.4,5385.77
2022-07-25 05:10:46,10778.7,5230.46
2022-07-25 05:10:45,11112.8,4896.35
2022-07-25 05:10:44,11286.1,4723.07
2022-07-25 05:10:43,11460.8,4548.37
2022-07-25 05:10:42,11641.2,4367.94
2022-07-25 05:10:41,11253.5,4755.68
2022-07-25 05:10:40,10872.1,5137.1
2022-07-25 05:10:39,9685.7,6323.49
2022-07-25 05:10:38,9198.23,6810.96
2022-07-25 05:10:37,9197.61,6811.58
2022-07-25 05:10:36,9198.39,6810.8
2022-07-25 05:10:35,9202.3,6806.89
2022-07-25 05:10:34,9202.82,6806.37
2022-07-25 05:10:33,9203.08,6806.11
2022-07-25 05:10:32,9205.45,6803.73
2022-07-25 05:10:31,9205.84,6803.35
2022-07-25 05:10:30,9207.58,6801.61
2022-07-25 05:10:29,9209.21,6799.97
2022-07-25 05:10:28,9220.13,6789.05
2022-07-25 05:10:27,9219.52,6789.67
2022-07-25 05:10:26,9220.93,6788.26
2022-07-25 05:10:25,9231.64,6777.55
2022-07-25 05:10:24,9231.12,6778.07
2022-07-25 05:10:23,9236.04,6773.14
2022-07-25 05:10:22,9233.93,6775.25
2022-07-25 05:10:21,9244.01,6765.18
2022-07-25 05:10:20,9247.47,6761.72
2022-07-25 05:10:19,9247.63,6761.56
2022-07-25 05:10:18,9259,6750.19
2022-07-25 05:10:17,9258.37,6750.82
2022-07-25 05:10:16,9264.4,6744.79
2022-07-25 05:10:15,9280.62,6728.57
2022-07-25 05:10:14,9279.56,6729.63
2022-07-25 05:10:13,9306.82,6702.37
2022-07-25 05:10:12,9320.57,6688.62
2022-07-25 05:10:11,9324.21,6684.98
2022-07-25 05:10:10,9364.35,6644.83
2022-07-25 05:10:09,9366.45,6642.74
2022-07-25 05:10:08,9360.72,6648.47
2022-07-25 05:10:07,9410.89,6598.3
2022-07-25 05:10:06,9413.17,6596.02
2022-07-25 05:10:05,9442.62,6566.56
2022-07-25 05:10:04,9519.98,6489.21
2022-07-25 05:10:03,9577.41,6431.77
2022-07-25 05:10:02,9791.88,6217.31
2022-07-25 05:10:01,10181.1,5828.07
2022-07-25 05:10:00,10318.5,5690.72
2022-07-25 05:09:59,10778.1,5231.07
2022-07-25 05:09:58,10911.7,5097.44
2022-07-25 05:09:57,11065.1,4944.12
2022-07-25 05:09:56,11164.5,4844.7
2022-07-25 05:09:55,11326.3,4682.89
2022-07-25 05:09:54,11616.5,4392.72
2022-07-25 05:09:53,11281,4728.21
2022-07-25 05:09:52,9688.49,6320.7
2022-07-25 05:09:51,9740.99,6268.2
2022-07-25 05:09:50,9783.73,6225.46
2022-07-25 05:09:49,9295.33,6713.86
2022-07-25 05:09:48,9299.7,6709.49
2022-07-25 05:09:47,9299.82,6709.36
2022-07-25 05:09:46,9299.96,6709.23
2022-07-25 05:09:45,9307,6702.19
2022-07-25 05:09:44,9307.95,6701.23
2022-07-25 05:09:43,9307.57,6701.62
2022-07-25 05:09:42,9310,6699.19
2022-07-25 05:09:41,9316.53,6692.66
2022-07-25 05:09:40,9321.18,6688
2022-07-25 05:09:39,9322.12,6687.07
2022-07-25 05:09:38,9338.96,6670.22
2022-07-25 05:09:37,9342.11,6667.07
2022-07-25 05:09:36,9340.27,6668.91
2022-07-25 05:09:35,9345.14,6664.04
2022-07-25 05:09:34,9358.36,6650.83
2022-07-25 05:09:33,9361.39,6647.8
2022-07-25 05:09:32,9368.46,6640.73
2022-07-25 05:09:31,9377.69,6631.5
2022-07-25 05:09:30,9383.47,6625.72
2022-07-25 05:09:29,9384.32,6624.87
2022-07-25 05:09:28,9404.14,6605.05
2022-07-25 05:09:27,9413.17,6596.02
2022-07-25 05:09:26,9432.64,6576.55
2022-07-25 05:09:25,9456.99,6552.19
2022-07-25 05:09:24,9478.72,6530.47
2022-07-25 05:09:23,9494.04,6515.15
2022-07-25 05:09:22,9519.75,6489.43
2022-07-25 05:09:21,9544.11,6465.08
2022-07-25 05:09:20,9573.29,6435.9
2022-07-25 05:09:19,9585.32,6423.87
2022-07-25 05:09:18,9633.73,6375.45
2022-07-25 05:09:17,9671.69,6337.5
2022-07-25 05:09:16,9694.13,6315.06
2022-07-25 05:09:15,9763.55,6245.63
2022-07-25 05:09:14,10029.4,5979.74
2022-07-25 05:09:13,10241.9,5767.29
2022-07-25 05:09:12,10334.6,5674.61
2022-07-25 05:09:11,10660.7,5348.46
2022-07-25 05:09:10,10921.8,5087.37
2022-07-25 05:09:09,11059.4,4949.75
2022-07-25 05:09:08,11173.3,4835.88
2022-07-25 05:09:07,11442.3,4566.86
2022-07-25 05:09:06,11561.7,4447.53
2022-07-25 05:09:05,11242.7,4766.52
2022-07-25 05:09:04,10863.4,5145.79
2022-07-25 05:09:03,9786.63,6222.56
2022-07-25 05:09:02,9816.49,6192.7
2022-07-25 05:09:01,9317.49,6691.69
2022-07-25 05:09:00,9322.79,6686.39
2022-07-25 05:08:59,9323.49,6685.7
2022-07-25 05:08:58,9323.13,6686.05
2022-07-25 05:08:57,9324.55,6684.64
2022-07-25 05:08:56,9329.48,6679.7
2022-07-25 05:08:55,9329.66,6679.53
2022-07-25 05:08:54,9329.72,6679.46
2022-07-25 05:08:53,9333.2,6675.99
2022-07-25 05:08:52,9335.09,6674.1
2022-07-25 05:08:51,9334.77,6674.42
2022-07-25 05:08:50,9338.99,6670.2
2022-07-25 05:08:49,9340.69,6668.5
2022-07-25 05:08:48,9344.8,6664.39
2022-07-25 05:08:47,9345.79,6663.39
2022-07-25 05:08:46,9347.67,6661.52
2022-07-25 05:08:45,9358.57,6650.62
2022-07-25 05:08:44,9359.53,6649.66
2022-07-25 05:08:43,9360.53,6648.66
2022-07-25 05:08:42,9379.02,6630.16
2022-07-25 05:08:41,9384.75,6624.43
2022-07-25 05:08:40,9384.09,6625.09
2022-07-25 05:08:39,9396.55,6612.64
2022-07-25 05:08:38,9434.85,6574.34
2022-07-25 05:08:37,9435.84,6573.35
2022-07-25 05:08:36,9458.82,6550.37
2022-07-25 05:08:35,9497.43,6511.75
2022-07-25 05:08:34,9505.29,6503.9
2022-07-25 05:08:33,9536.17,6473.02
2022-07-25 05:08:32,9575.48,6433.7
2022-07-25 05:08:31,9598.56,6410.63
2022-07-25 05:08:30,9660.7,6348.49
2022-07-25 05:08:29,9684.94,6324.25
2022-07-25 05:08:28,9747.59,6261.6
2022-07-25 05:08:27,9795.13,6214.05
2022-07-25 05:08:26,9857.98,6151.21
2022-07-25 05:08:25,10179.3,5829.84
2022-07-25 05:08:24,10299.7,5709.45
2022-07-25 05:08:23,10708.9,5300.31
2022-07-25 05:08:22,10977.6,5031.63
2022-07-25 05:08:21,11193,4816.2
2022-07-25 05:08:20,11285.2,4723.94
2022-07-25 05:08:19,11428.2,4580.99
2022-07-25 05:08:18,11541.2,4467.97
2022-07-25 05:08:17,11744.2,4264.95
2022-07-25 05:08:16,10907,5102.18
2022-07-25 05:08:15,9075.62,6933.57
2022-07-25 05:08:14,9075.98,6933.21
2022-07-25 05:08:13,9079.44,6929.75
2022-07-25 05:08:12,9079.36,6929.82
2022-07-25 05:08:11,9080.32,6928.86
2022-07-25 05:08:10,9080.28,6928.91
2022-07-25 05:08:09,9083.05,6926.14
2022-07-25 05:08:08,9084.29,6924.9
2022-07-25 05:08:07,9084.61,6924.57
2022-07-25 05:08:06,9082.58,6926.61
2022-07-25 05:08:05,9084.41,6924.78
2022-07-25 05:08:04,9085.23,6923.96
2022-07-25 05:08:03,9084.91,6924.28
2022-07-25 05:08:02,9086.91,6922.28
2022-07-25 05:08:01,9088.98,6920.2
2022-07-25 05:08:00,9088.93,6920.26
2022-07-25 05:07:59,9090.13,6919.06
2022-07-25 05:07:58,9090.91,6918.28
2022-07-25 05:07:57,9092.31,6916.88
2022-07-25 05:07:56,9095.39,6913.79
2022-07-25 05:07:55,9096.08,6913.11
2022-07-25 05:07:54,9095.06,6914.12
2022-07-25 05:07:53,9096.39,6912.8
2022-07-25 05:07:52,9111,6898.18
2022-07-25 05:07:51,9110.45,6898.73
2022-07-25 05:07:50,9109.93,6899.26
2022-07-25 05:07:49,9121.19,6888
2022-07-25 05:07:48,9135.39,6873.79
2022-07-25 05:07:47,9138.63,6870.55
2022-07-25 05:07:46,9139.62,6869.57
2022-07-25 05:07:45,9189.18,6820.01
2022-07-25 05:07:44,9189.98,6819.2
2022-07-25 05:07:43,9190.98,6818.21
2022-07-25 05:07:42,9256.12,6753.07
2022-07-25 05:07:41,9258.64,6750.55
2022-07-25 05:07:40,9295.74,6713.45
2022-07-25 05:07:39,9417.77,6591.42
2022-07-25 05:07:38,9569.7,6439.48
2022-07-25 05:07:37,9727.5,6281.69
2022-07-25 05:07:36,10164.7,5844.54
2022-07-25 05:07:35,10298.6,5710.6
2022-07-25 05:07:34,10617.5,5391.71
2022-07-25 05:07:33,10970.8,5038.39
2022-07-25 05:07:32,11210.7,4798.51
2022-07-25 05:07:31,11371.1,4638.12
2022-07-25 05:07:30,11551,4458.22
2022-07-25 05:07:29,11719.4,4289.79
2022-07-25 05:07:28,10849.3,5159.88
2022-07-25 05:07:27,9791.19,6218
2022-07-25 05:07:26,9807.36,6201.83
2022-07-25 05:07:25,9292.93,6716.25
2022-07-25 05:07:24,9293.4,6715.79
2022-07-25 05:07:23,9294.5,6714.68
2022-07-25 05:07:22,9298.13,6711.05
2022-07-25 05:07:21,9301.64,6707.54
2022-07-25 05:07:20,9302.7,6706.49
2022-07-25 05:07:19,9304.73,6704.46
2022-07-25 05:07:18,9309.66,6699.53
2022-07-25 05:07:17,9310.52,6698.67
2022-07-25 05:07:16,9311.14,6698.05
2022-07-25 05:07:15,9320.05,6689.14
2022-07-25 05:07:14,9325.8,6683.39
2022-07-25 05:07:13,9327.86,6681.32
2022-07-25 05:07:12,9331.77,6677.42
2022-07-25 05:07:11,9340.88,6668.31
2022-07-25 05:07:10,9342.7,6666.49
2022-07-25 05:07:09,9346.82,6662.37
2022-07-25 05:07:08,9355.73,6653.46
2022-07-25 05:07:07,9361.61,6647.58
2022-07-25 05:07:06,9364.57,6644.61
2022-07-25 05:07:05,9379.15,6630.04
2022-07-25 05:07:04,9390.18,6619.01
2022-07-25 05:07:03,9390.19,6619
2022-07-25 05:07:02,9414.39,6594.79
2022-07-25 05:07:01,9437.9,6571.29
2022-07-25 05:07:00,9439.27,6569.92
2022-07-25 05:06:59,9453.81,6555.37
2022-07-25 05:06:58,9506.91,6502.28
2022-07-25 05:06:57,9508.22,6500.97
2022-07-25 05:06:56,9531.5,6477.69
2022-07-25 05:06:55,9587.55,6421.64
2022-07-25 05:06:54,9610.81,6398.38
2022-07-25 05:06:53,9649.64,6359.55
2022-07-25 05:06:52,9707.88,6301.31
2022-07-25 05:06:51,9762.02,6247.17
2022-07-25 05:06:50,10036.6,5972.6
2022-07-25 05:06:49,10256.2,5752.99
2022-07-25 05:06:48,10310.2,5698.97
2022-07-25 05:06:47,10782.8,5226.36
2022-07-25 05:06:46,10962.3,5046.9
2022-07-25 05:06:45,11084.7,4924.45
2022-07-25 05:06:44,11227.6,4781.63
2022-07-25 05:06:43,11461.2,4548.03
2022-07-25 05:06:42,11631.7,4377.48
2022-07-25 05:06:41,11244.7,4764.49
2022-07-25 05:06:40,10223.5,5785.66
2022-07-25 05:06:39,9648.01,6361.18
2022-07-25 05:06:38,9034.87,6974.32
2022-07-25 05:06:37,9035.61,6973.57
2022-07-25 05:06:36,9037.13,6972.06
2022-07-25 05:06:35,9037.97,6971.22
2022-07-25 05:06:34,9036.89,6972.3
2022-07-25 05:06:33,9039.25,6969.94
2022-07-25 05:06:32,9040.48,6968.71
2022-07-25 05:06:31,9041.99,6967.2
2022-07-25 05:06:30,9040.98,6968.21
2022-07-25 05:06:29,9042.73,6966.46
2022-07-25 05:06:28,9046.65,6962.54
2022-07-25 05:06:27,9046.9,6962.29
2022-07-25 05:06:26,9050.31,6958.88
2022-07-25 05:06:25,9050.1,6959.09
2022-07-25 05:06:24,9059.31,6949.88
2022-07-25 05:06:23,9062.44,6946.75
2022-07-25 05:06:22,9063.24,6945.95
2022-07-25 05:06:21,9063.91,6945.28
2022-07-25 05:06:20,9073.61,6935.57
2022-07-25 05:06:19,9076.41,6932.77
2022-07-25 05:06:18,9075.64,6933.55
2022-07-25 05:06:17,9091.43,6917.75
2022-07-25 05:06:16,9091.77,6917.41
2022-07-25 05:06:15,9091.6,6917.59
2022-07-25 05:06:14,9107.71,6901.48
2022-07-25 05:06:13,9109.45,6899.74
2022-07-25 05:06:12,9132.44,6876.75
2022-07-25 05:06:11,9152.26,6856.93
2022-07-25 05:06:10,9148.74,6860.45
2022-07-25 05:06:09,9193.56,6815.62
2022-07-25 05:06:08,9194.52,6814.67
2022-07-25 05:06:07,9200.98,6808.21
2022-07-25 05:06:06,9250.89,6758.3
2022-07-25 05:06:05,9256.62,6752.57
2022-07-25 05:06:04,9310.85,6698.34
2022-07-25 05:06:03,9414.03,6595.16
2022-07-25 05:06:02,9665,6344.19
2022-07-25 05:06:01,9847.89,6161.29
2022-07-25 05:06:00,10198.2,5810.98
2022-07-25 05:05:59,10512.3,5496.88
2022-07-25 05:05:58,10744.5,5264.74
2022-07-25 05:05:57,10893.6,5115.62
2022-07-25 05:05:56,11014.4,4994.79
2022-07-25 05:05:55,11412.8,4596.36
2022-07-25 05:05:54,11567.4,4441.75
2022-07-25 05:05:53,11115.1,4894.13
2022-07-25 05:05:52,10067.6,5941.58
2022-07-25 05:05:51,10121,5888.18
2022-07-25 05:05:50,9662.53,6346.66
2022-07-25 05:05:49,9158.5,6850.69
2022-07-25 05:05:48,9159.96,6849.23
2022-07-25 05:05:47,9163.82,6845.36
2022-07-25 05:05:46,9165.66,6843.52
2022-07-25 05:05:45,9167.56,6841.62
2022-07-25 05:05:44,9167.04,6842.15
2022-07-25 05:05:43,9171.34,6837.85
2022-07-25 05:05:42,9175.04,6834.14
2022-07-25 05:05:41,9176.41,6832.78
2022-07-25 05:05:40,9182.23,6826.95
2022-07-25 05:05:39,9183.75,6825.44
2022-07-25 05:05:38,9183.93,6825.25
2022-07-25 05:05:37,9191.73,6817.46
2022-07-25 05:05:36,9193.54,6815.64
2022-07-25 05:05:35,9197.82,6811.37
2022-07-25 05:05:34,9207.07,6802.12
2022-07-25 05:05:33,9207.99,6801.2
2022-07-25 05:05:32,9209.68,6799.51
2022-07-25 05:05:31,9211.26,6797.93
2022-07-25 05:05:30,9221.64,6787.55
2022-07-25 05:05:29,9221.9,6787.29
2022-07-25 05:05:28,9236.65,6772.53
2022-07-25 05:05:27,9246.14,6763.05
2022-07-25 05:05:26,9247.94,6761.25
2022-07-25 05:05:25,9284.95,6724.24
2022-07-25 05:05:24,9284.11,6725.08
2022-07-25 05:05:23,9287.05,6722.14
2022-07-25 05:05:22,9318.01,6691.18
2022-07-25 05:05:21,9337.09,6672.09
2022-07-25 05:05:20,9350.91,6658.28
2022-07-25 05:05:19,9375.19,6634
2022-07-25 05:05:18,9411.29,6597.9
2022-07-25 05:05:17,9457.24,6551.94
2022-07-25 05:05:16,9566.85,6442.34
2022-07-25 05:05:15,9623.12,6386.07
2022-07-25 05:05:14,9928.89,6080.3
2022-07-25 05:05:13,10461.4,5547.84
2022-07-25 05:05:12,10605.6,5403.59
2022-07-25 05:05:11,10879.9,5129.34
2022-07-25 05:05:10,11014.4,4994.77
2022-07-25 05:05:09,11092.7,4916.5
2022-07-25 05:05:08,11318.9,4690.28
2022-07-25 05:05:07,11489.8,4519.35
2022-07-25 05:05:06,11634.3,4374.9
2022-07-25 05:05:05,11267.4,4741.75
2022-07-25 05:05:04,10231.4,5777.79
2022-07-25 05:05:03,9682.76,6326.43
2022-07-25 05:05:02,9056.16,6953.02
2022-07-25 05:05:01,9059.1,6950.09
2022-07-25 05:05:00,9061.42,6947.77
2022-07-25 05:04:59,9062.06,6947.13
2022-07-25 05:04:58,9062.84,6946.35
2022-07-25 05:04:57,9062.4,6946.79
2022-07-25 05:04:56,9062.35,6946.84
2022-07-25 05:04:55,9063.46,6945.73
2022-07-25 05:04:54,9062.88,6946.31
2022-07-25 05:04:53,9065.49,6943.69
2022-07-25 05:04:52,9064.78,6944.4
2022-07-25 05:04:51,9067.27,6941.92
2022-07-25 05:04:50,9066.87,6942.32
2022-07-25 05:04:49,9070.23,6938.96
2022-07-25 05:04:48,9071.59,6937.59
2022-07-25 05:04:47,9069.78,6939.41
2022-07-25 05:04:46,9071.53,6937.66
2022-07-25 05:04:45,9072.19,6937
2022-07-25 05:04:44,9074.14,6935.05
2022-07-25 05:04:43,9092.7,6916.49
2022-07-25 05:04:42,9093.11,6916.08
2022-07-25 05:04:41,9093.51,6915.68
2022-07-25 05:04:40,9117.79,6891.39
2022-07-25 05:04:39,9123.62,6885.57
2022-07-25 05:04:38,9123.24,6885.95
2022-07-25 05:04:37,9137.29,6871.9
2022-07-25 05:04:36,9157.69,6851.5
2022-07-25 05:04:35,9160.08,6849.11
2022-07-25 05:04:34,9180.21,6828.98
2022-07-25 05:04:33,9192.41,6816.78
2022-07-25 05:04:32,9194.54,6814.65
2022-07-25 05:04:31,9242.14,6767.05
2022-07-25 05:04:30,9251.3,6757.89
2022-07-25 05:04:29,9259.13,6750.05
2022-07-25 05:04:28,9348.78,6660.41
2022-07-25 05:04:27,9490.08,6519.11
2022-07-25 05:04:26,9674.48,6334.7
2022-07-25 05:04:25,9907.76,6101.43
2022-07-25 05:04:24,10218.6,5790.56
2022-07-25 05:04:23,10609.2,5400
2022-07-25 05:04:22,10928.1,5081.05
2022-07-25 05:04:21,11163.9,4845.32
2022-07-25 05:04:20,11360.1,4649.05
2022-07-25 05:04:19,11491.3,4517.91
2022-07-25 05:04:18,11685.5,4323.73
2022-07-25 05:04:17,11338.6,4670.61
2022-07-25 05:04:16,9676.34,6332.85
2022-07-25 05:04:15,8970.36,7038.83
2022-07-25 05:04:14,8972.56,7036.63
2022-07-25 05:04:13,8973.95,7035.23
2022-07-25 05:04:12,8974.1,7035.09
2022-07-25 05:04:11,8973.95,7035.23
2022-07-25 05:04:10,8975.33,7033.86
2022-07-25 05:04:09,8973.52,7035.66
2022-07-25 05:04:08,8972.09,7037.1
2022-07-25 05:04:07,8972.2,7036.99
2022-07-25 05:04:06,8973.39,7035.8
2022-07-25 05:04:05,8973.35,7035.84
2022-07-25 05:04:04,8975.31,7033.88
2022-07-25 05:04:03,8977.05,7032.13
2022-07-25 05:04:02,8975.82,7033.37
2022-07-25 05:04:01,8976.18,7033.01
2022-07-25 05:04:00,8976.71,7032.48
2022-07-25 05:03:59,8977.39,7031.8
2022-07-25 05:03:58,8978.2,7030.99
2022-07-25 05:03:57,8977.35,7031.84
2022-07-25 05:03:56,8978.39,7030.8
2022-07-25 05:03:55,8977.49,7031.7
2022-07-25 05:03:54,8979.23,7029.96
2022-07-25 05:03:53,8978.53,7030.66
2022-07-25 05:03:52,8985.95,7023.24
2022-07-25 05:03:51,8987.66,7021.53
2022-07-25 05:03:50,8987.53,7021.66
2022-07-25 05:03:49,8989.21,7019.98
2022-07-25 05:03:48,9010.19,6999
2022-07-25 05:03:47,9011.22,6997.97
2022-07-25 05:03:46,9035.28,6973.91
2022-07-25 05:03:45,9036.64,6972.55
2022-07-25 05:03:44,9039.1,6970.09
2022-07-25 05:03:43,9069.75,6939.44
2022-07-25 05:03:42,9102.07,6907.12
2022-07-25 05:03:41,9114.36,6894.83
2022-07-25 05:03:40,9375.51,6633.68
2022-07-25 05:03:39,9547.46,6461.72
2022-07-25 05:03:38,9754.86,6254.33
2022-07-25 05:03:37,10250.4,5758.78
2022-07-25 05:03:36,10309.8,5699.37
2022-07-25 05:03:35,10435.4,5573.77
2022-07-25 05:03:34,11020,4989.14
2022-07-25 05:03:33,11200.9,4808.24
2022-07-25 05:03:32,11424.1,4585.04
2022-07-25 05:03:31,11585.1,4424.09
2022-07-25 05:03:30,11216.4,4792.75
2022-07-25 05:03:29,10727.9,5281.26
2022-07-25 05:03:28,10305.2,5704.03
2022-07-25 05:03:27,10314.4,5694.81
2022-07-25 05:03:26,9087.94,6921.25
2022-07-25 05:03:25,9089.46,6919.73
2022-07-25 05:03:24,9089.56,6919.62
2022-07-25 05:03:23,9089.78,6919.41
2022-07-25 05:03:22,9091.14,6918.05
2022-07-25 05:03:21,9092.67,6916.52
2022-07-25 05:03:20,9091.74,6917.45
2022-07-25 05:03:19,9094.31,6914.88
2022-07-25 05:03:18,9092.74,6916.45
2022-07-25 05:03:17,9094.87,6914.32
2022-07-25 05:03:16,9095.89,6913.29
2022-07-25 05:03:15,9098.32,6910.87
2022-07-25 05:03:14,9098.47,6910.72
2022-07-25 05:03:13,9099.56,6909.63
2022-07-25 05:03:12,9100.83,6908.36
2022-07-25 05:03:11,9101.87,6907.32
2022-07-25 05:03:10,9103.68,6905.51
2022-07-25 05:03:09,9103.84,6905.35
2022-07-25 05:03:08,9109.71,6899.48
2022-07-25 05:03:07,9120.09,6889.1
2022-07-25 05:03:06,9120.02,6889.17
2022-07-25 05:03:05,9117.73,6891.46
2022-07-25 05:03:04,9138.58,6870.61
2022-07-25 05:03:03,9144.15,6865.04
2022-07-25 05:03:02,9161.02,6848.17
2022-07-25 05:03:01,9164.73,6844.45
2022-07-25 05:03:00,9193.65,6815.54
2022-07-25 05:02:59,9213.2,6795.99
2022-07-25 05:02:58,9206.68,6802.5
2022-07-25 05:02:57,9221.21,6787.98
2022-07-25 05:02:56,9248.14,6761.04
2022-07-25 05:02:55,9253.17,6756.02
2022-07-25 05:02:54,9287.48,6721.7
2022-07-25 05:02:53,9356.26,6652.93
2022-07-25 05:02:52,9395.07,6614.12
2022-07-25 05:02:51,9630.04,6379.14
2022-07-25 05:02:50,9988.6,6020.59
2022-07-25 05:02:49,10240,5769.2
2022-07-25 05:02:48,10384.3,5624.91
2022-07-25 05:02:47,10757.1,5252.07
2022-07-25 05:02:46,11124,4885.14
2022-07-25 05:02:45,11312.7,4696.51
2022-07-25 05:02:44,11441.7,4567.47
2022-07-25 05:02:43,11601.7,4407.46
2022-07-25 05:02:42,11761.9,4247.27
2022-07-25 05:02:41,10781.8,5227.43
2022-07-25 05:02:40,9553.94,6455.25
2022-07-25 05:02:39,8941.83,7067.36
2022-07-25 05:02:38,8939.47,7069.72
2022-07-25 05:02:37,8942.92,7066.27
2022-07-25 05:02:36,8943.42,7065.77
2022-07-25 05:02:35,8944.5,7064.69
2022-07-25 05:02:34,8947.73,7061.46
2022-07-25 05:02:33,8947.62,7061.57
2022-07-25 05:02:32,8947.7,7061.49
2022-07-25 05:02:31,8954.27,7054.91
2022-07-25 05:02:30,8954.58,7054.61
2022-07-25 05:02:29,8955.34,7053.84
2022-07-25 05:02:28,8957.18,7052
2022-07-25 05:02:27,8963.22,7045.97
2022-07-25 05:02:26,8965.2,7043.98
2022-07-25 05:02:25,8971.02,7038.17
2022-07-25 05:02:24,8970.4,7038.78
2022-07-25 05:02:23,8971.99,7037.2
2022-07-25 05:02:22,8971.55,7037.64
2022-07-25 05:02:21,8977.18,7032.01
2022-07-25 05:02:20,8978.15,7031.04
2022-07-25 05:02:19,8988.41,7020.78
2022-07-25 05:02:18,8988.12,7021.07
2022-07-25 05:02:17,8990.88,7018.3
2022-07-25 05:02:16,9002.81,7006.38
2022-07-25 05:02:15,9003.48,7005.71
2022-07-25 05:02:14,9002.89,7006.3
2022-07-25 05:02:13,9017.29,6991.9
2022-07-25 05:02:12,9019.19,6990
2022-07-25 05:02:11,9033.13,6976.06
2022-07-25 05:02:10,9038.21,6970.97
2022-07-25 05:02:09,9039.33,6969.86
2022-07-25 05:02:08,9053.25,6955.94
2022-07-25 05:02:07,9050.52,6958.67
2022-07-25 05:02:06,9089.71,6919.47
2022-07-25 05:02:05,9159.82,6849.37
2022-07-25 05:02:04,9346.35,6662.84
2022-07-25 05:02:03,9442.21,6566.97
2022-07-25 05:02:02,9801.23,6207.96
2022-07-25 05:02:01,10158,5851.18
2022-07-25 05:02:00,10330.8,5678.39
2022-07-25 05:01:59,10685.2,5323.96
2022-07-25 05:01:58,10879.4,5129.84
2022-07-25 05:01:57,11275.9,4733.3
2022-07-25 05:01:56,11002.8,5006.43
2022-07-25 05:01:55,11094.7,4914.45
2022-07-25 05:01:54,11216.2,4793
2022-07-25 05:01:53,10837.1,5172.13
2022-07-25 05:01:52,10301.8,5707.34
2022-07-25 05:01:51,9792.84,6216.35
2022-07-25 05:01:50,9278.11,6731.08
2022-07-25 05:01:49,9281.77,6727.41
2022-07-25 05:01:48,9283.3,6725.88
2022-07-25 05:01:47,9283.87,6725.31
2022-07-25 05:01:46,9285.51,6723.68
2022-07-25 05:01:45,9286.95,6722.24
2022-07-25 05:01:44,9288.41,6720.78
2022-07-25 05:01:43,9291.86,6717.33
2022-07-25 05:01:42,9290.5,6718.69
2022-07-25 05:01:41,9295.88,6713.31
2022-07-25 05:01:40,9298.54,6710.65
2022-07-25 05:01:39,9300.53,6708.66
2022-07-25 05:01:38,9303.26,6705.93
2022-07-25 05:01:37,9306.13,6703.06
2022-07-25 05:01:36,9306.62,6702.57
2022-07-25 05:01:35,9308.27,6700.92
2022-07-25 05:01:34,9315.86,6693.33
2022-07-25 05:01:33,9330,6679.18
2022-07-25 05:01:32,9332.58,6676.61
2022-07-25 05:01:31,9338.43,6670.75
2022-07-25 05:01:30,9360.14,6649.05
2022-07-25 05:01:29,9372.23,6636.95
2022-07-25 05:01:28,9406.98,6602.2
2022-07-25 05:01:27,9426.33,6582.86
2022-07-25 05:01:26,9444.95,6564.24
2022-07-25 05:01:25,9465.86,6543.32
2022-07-25 05:01:24,9504.53,6504.66
2022-07-25 05:01:23,9528.75,6480.43
2022-07-25 05:01:22,9554.51,6454.68
2022-07-25 05:01:21,9596.94,6412.25
2022-07-25 05:01:20,9648.32,6360.87
2022-07-25 05:01:19,9724.78,6284.41
2022-07-25 05:01:18,9965.43,6043.76
2022-07-25 05:01:17,10124.1,5885.14
2022-07-25 05:01:16,10183.4,5825.74
2022-07-25 05:01:15,10269,5740.2
2022-07-25 05:01:14,10332,5677.22
2022-07-25 05:01:13,10459.3,5549.93
2022-07-25 05:01:12,10553.5,5455.71
2022-07-25 05:01:11,10205.8,5803.36
2022-07-25 05:01:10,9935.15,6074.04
2022-07-25 05:01:09,9967.71,6041.48
2022-07-25 05:01:08,10292.5,5716.68
2022-07-25 05:01:07,10389.6,5619.54
2022-07-25 05:01:06,10527.2,5481.98
2022-07-25 05:01:05,10619.7,5389.49
2022-07-25 05:01:04,10718.9,5290.34
2022-07-25 05:01:03,9769.15,6240.04
2022-07-25 05:01:02,9811.23,6197.96
2022-07-25 05:01:01,9812.73,6196.46
2022-07-25 05:01:00,9307.32,6701.87
2022-07-25 05:00:59,9307.91,6701.28
2022-07-25 05:00:58,9311.64,6697.55
2022-07-25 05:00:57,9312.1,6697.09
2022-07-25 05:00:56,9316.09,6693.1
2022-07-25 05:00:55,9316.28,6692.91
2022-07-25 05:00:54,9317.69,6691.49
2022-07-25 05:00:53,9319.9,6689.29
2022-07-25 05:00:52,9322.38,6686.8
2022-07-25 05:00:51,9321.98,6687.21
2022-07-25 05:00:50,9322.83,6686.36
2022-07-25 05:00:49,9326.35,6682.84
2022-07-25 05:00:48,9327.29,6681.89
2022-07-25 05:00:47,9331.84,6677.35
2022-07-25 05:00:46,9331.89,6677.3
2022-07-25 05:00:45,9335.27,6673.92
2022-07-25 05:00:44,9347.77,6661.41
2022-07-25 05:00:43,9359.93,6649.26
2022-07-25 05:00:42,9361.95,6647.24
2022-07-25 05:00:41,9385.86,6623.33
2022-07-25 05:00:40,9384.24,6624.95
2022-07-25 05:00:39,9404.51,6604.68
2022-07-25 05:00:38,9427.98,6581.21
2022-07-25 05:00:37,9445.97,6563.22
2022-07-25 05:00:36,9464.22,6544.97
2022-07-25 05:00:35,9493.21,6515.98
2022-07-25 05:00:34,9493.8,6515.38
2022-07-25 05:00:33,9604.36,6404.83
2022-07-25 05:00:32,9655.32,6353.87
2022-07-25 05:00:31,10045.8,5963.36
2022-07-25 05:00:30,10201.6,5807.57
2022-07-25 05:00:29,10302.8,5706.43
2022-07-25 05:00:28,10389.5,5619.72
2022-07-25 05:00:27,10438.5,5570.73
2022-07-25 05:00:26,10543.3,5465.85
2022-07-25 05:00:25,10685.8,5323.4
2022-07-25 05:00:24,10190.9,5818.32
2022-07-25 05:00:23,9876.17,6133.02
2022-07-25 05:00:22,9958.03,6051.16
2022-07-25 05:00:21,10007.8,6001.43
2022-07-25 05:00:20,10107.9,5901.28
2022-07-25 05:00:19,10175,5834.18
2022-07-25 05:00:18,10291.2,5717.97
2022-07-25 05:00:17,10541.3,5467.86
2022-07-25 05:00:16,10061.5,5947.72
2022-07-25 05:00:15,9452.72,6556.47
2022-07-25 05:00:14,9497.85,6511.34
2022-07-25 05:00:13,9547.73,6461.45
2022-07-25 05:00:12,9565.71,6443.48
2022-07-25 05:00:11,9068.35,6940.84
2022-07-25 05:00:10,9069.65,6939.54
2022-07-25 05:00:09,9068.3,6940.89
2022-07-25 05:00:08,9069.06,6940.13
2022-07-25 05:00:07,9070.97,6938.22
2022-07-25 05:00:06,9071.28,6937.91
2022-07-25 05:00:05,9071.96,6937.23
2022-07-25 05:00:04,9072.95,6936.24
2022-07-25 05:00:03,9074.56,6934.63
2022-07-25 05:00:02,9075.88,6933.31
2022-07-25 05:00:01,9075.98,6933.21
2022-07-25 05:00:00,9077.38,6931.81
2022-07-25 04:59:59,9080.13,6929.05
2022-07-25 04:59:58,9078.52,6930.66
2022-07-25 04:59:57,9081.48,6927.71
2022-07-25 04:59:56,9081.02,6928.16
2022-07-25 04:59:55,9082.49,6926.7
2022-07-25 04:59:54,9082.87,6926.32
2022-07-25 04:59:53,9085.68,6923.51
2022-07-25 04:59:52,9086.15,6923.04
2022-07-25 04:59:51,9102.33,6906.86
2022-07-25 04:59:50,9102.66,6906.52
2022-07-25 04:59:49,9103.5,6905.69
2022-07-25 04:59:48,9115.54,6893.65
2022-07-25 04:59:47,9177.64,6831.55
2022-07-25 04:59:46,9167.48,6841.7
2022-07-25 04:59:45,9468.54,6540.64
2022-07-25 04:59:44,9594.7,6414.48
2022-07-25 04:59:43,9923.26,6085.93
2022-07-25 04:59:42,10057.8,5951.41
2022-07-25 04:59:41,10182.8,5826.4
2022-07-25 04:59:40,10242.5,5766.66
2022-07-25 04:59:39,10338.6,5670.56
2022-07-25 04:59:38,10448,5561.19
2022-07-25 04:59:37,9999.95,6009.24
2022-07-25 04:59:36,10254.5,5754.69
2022-07-25 04:59:35,9769.77,6239.42
2022-07-25 04:59:34,9856.09,6153.09
2022-07-25 04:59:33,10188.7,5820.44
2022-07-25 04:59:32,10309.9,5699.33
2022-07-25 04:59:31,10521,5488.17
2022-07-25 04:59:30,10634.4,5374.75
2022-07-25 04:59:29,10182.5,5826.73
2022-07-25 04:59:28,10237.2,5771.95
2022-07-25 04:59:27,10335.3,5673.9
2022-07-25 04:59:26,9772.23,6236.95
2022-07-25 04:59:25,9774.79,6234.4
2022-07-25 04:59:24,9258.21,6750.98
2022-07-25 04:59:23,9258.69,6750.5
2022-07-25 04:59:22,9258.74,6750.45
2022-07-25 04:59:21,9262.69,6746.5
2022-07-25 04:59:20,9265.42,6743.77
2022-07-25 04:59:19,9266.43,6742.76
2022-07-25 04:59:18,9270.63,6738.56
2022-07-25 04:59:17,9279.23,6729.95
2022-07-25 04:59:16,9279.31,6729.88
2022-07-25 04:59:15,9282.15,6727.04
2022-07-25 04:59:14,9284.34,6724.85
2022-07-25 04:59:13,9300.12,6709.07
2022-07-25 04:59:12,9300.3,6708.89
2022-07-25 04:59:11,9302.4,6706.79
2022-07-25 04:59:10,9326.46,6682.73
2022-07-25 04:59:09,9326.27,6682.92
2022-07-25 04:59:08,9329.69,6679.5
2022-07-25 04:59:07,9366.79,6642.4
2022-07-25 04:59:06,9385.27,6623.91
2022-07-25 04:59:05,9388.47,6620.71
2022-07-25 04:59:04,9397.22,6611.97
2022-07-25 04:59:03,9424.84,6584.34
2022-07-25 04:59:02,9428.04,6581.15
2022-07-25 04:59:01,9443.3,6565.89
2022-07-25 04:59:00,9477.43,6531.76
2022-07-25 04:58:59,9503.27,6505.92
2022-07-25 04:58:58,9535.35,6473.84
2022-07-25 04:58:57,9702.26,6306.93
2022-07-25 04:58:56,9793.95,6215.24
2022-07-25 04:58:55,9812.49,6196.7
2022-07-25 04:58:54,9927.21,6081.98
2022-07-25 04:58:53,9955.07,6054.12
2022-07-25 04:58:52,10172,5837.22
2022-07-25 04:58:51,10287.4,5721.8
2022-07-25 04:58:50,10391.9,5617.32
2022-07-25 04:58:49,10094.8,5914.36
2022-07-25 04:58:48,10151.6,5857.59
2022-07-25 04:58:47,10275.7,5733.46
2022-07-25 04:58:46,9751.44,6257.74
2022-07-25 04:58:45,9879.31,6129.88
2022-07-25 04:58:44,10303.9,5705.27
2022-07-25 04:58:43,10475.4,5533.82
2022-07-25 04:58:42,10032.8,5976.41
2022-07-25 04:58:41,10088.3,5920.93
2022-07-25 04:58:40,10150.2,5859.01
2022-07-25 04:58:39,10232.7,5776.45
2022-07-25 04:58:38,10322.8,5686.37
2022-07-25 04:58:37,9830.66,6178.53
2022-07-25 04:58:36,9313.73,6695.46
2022-07-25 04:58:35,9314.98,6694.2
2022-07-25 04:58:34,9316.69,6692.5
2022-07-25 04:58:33,9319.58,6689.61
2022-07-25 04:58:32,9320.02,6689.16
2022-07-25 04:58:31,9319.27,6689.92
2022-07-25 04:58:30,9322.77,6686.41
2022-07-25 04:58:29,9324.39,6684.8
2022-07-25 04:58:28,9326.27,6682.92
2022-07-25 04:58:27,9328.27,6680.92
2022-07-25 04:58:26,9334.99,6674.2
2022-07-25 04:58:25,9335.23,6673.96
2022-07-25 04:58:24,9335.72,6673.46
2022-07-25 04:58:23,9344.25,6664.93
2022-07-25 04:58:22,9351.79,6657.39
2022-07-25 04:58:21,9354.23,6654.96
2022-07-25 04:58:20,9363.64,6645.55
2022-07-25 04:58:19,9372.86,6636.33
2022-07-25 04:58:18,9401.26,6607.93
2022-07-25 04:58:17,9404.01,6605.18
2022-07-25 04:58:16,9444.78,6564.41
2022-07-25 04:58:15,9466.08,6543.11
2022-07-25 04:58:14,9469.92,6539.27
2022-07-25 04:58:13,9507.97,6501.21
2022-07-25 04:58:12,9577.75,6431.44
2022-07-25 04:58:11,9616.3,6392.88
2022-07-25 04:58:10,9792.41,6216.78
2022-07-25 04:58:09,9845.49,6163.7
2022-07-25 04:58:08,9899.39,6109.8
2022-07-25 04:58:07,9934.59,6074.59
2022-07-25 04:58:06,10014.6,5994.61
2022-07-25 04:58:05,10095.3,5913.94
2022-07-25 04:58:04,9633.41,6375.78
2022-07-25 04:58:03,9975.57,6033.61
2022-07-25 04:58:02,10069.9,5939.24
2022-07-25 04:58:01,10324.9,5684.27
2022-07-25 04:58:00,10412.7,5596.48
2022-07-25 04:57:59,10452.4,5556.76
2022-07-25 04:57:58,10676.6,5332.57
2022-07-25 04:57:57,10776.5,5232.7
2022-07-25 04:57:56,10894.9,5114.24
2022-07-25 04:57:55,10486.3,5522.92
2022-07-25 04:57:54,10565.6,5443.56
2022-07-25 04:57:53,10113.3,5895.93
2022-07-25 04:57:52,10178.1,5831.05
2022-07-25 04:57:51,10241.4,5767.81
2022-07-25 04:57:50,9786.99,6222.2
2022-07-25 04:57:49,9795.27,6213.92
2022-07-25 04:57:48,9294.33,6714.86
2022-07-25 04:57:47,9294.59,6714.6
2022-07-25 04:57:46,9299.52,6709.66
2022-07-25 04:57:45,9303.26,6705.93
2022-07-25 04:57:44,9305.93,6703.26
2022-07-25 04:57:43,9306.87,6702.32
2022-07-25 04:57:42,9313.44,6695.75
2022-07-25 04:57:41,9320.78,6688.41
2022-07-25 04:57:40,9322.33,6686.86
2022-07-25 04:57:39,9332.34,6676.85
2022-07-25 04:57:38,9341.49,6667.7
2022-07-25 04:57:37,9341.9,6667.29
2022-07-25 04:57:36,9355.73,6653.46
2022-07-25 04:57:35,9364.62,6644.57
2022-07-25 04:57:34,9367.7,6641.49
2022-07-25 04:57:33,9383.17,6626.02
2022-07-25 04:57:32,9393.35,6615.84
2022-07-25 04:57:31,9397,6612.19
2022-07-25 04:57:30,9413.04,6596.15
2022-07-25 04:57:29,9423.47,6585.72
2022-07-25 04:57:28,9404.09,6605.1
2022-07-25 04:57:27,9427.86,6581.33
2022-07-25 04:57:26,9456.19,6553
2022-07-25 04:57:25,9504.48,6504.7
2022-07-25 04:57:24,9549.66,6459.53
2022-07-25 04:57:23,9731.04,6278.15
2022-07-25 04:57:22,9785.29,6223.9
2022-07-25 04:57:21,9826.09,6183.1
2022-07-25 04:57:20,9883.49,6125.7
2022-07-25 04:57:19,9959.77,6049.42
2022-07-25 04:57:18,10015.6,5993.6
2022-07-25 04:57:17,9573.09,6436.1
2022-07-25 04:57:16,9655.54,6353.64
2022-07-25 04:57:15,9798.52,6210.67
2022-07-25 04:57:14,9915.52,6093.66
2022-07-25 04:57:13,10249,5760.22
2022-07-25 04:57:12,10348.2,5661.02
2022-07-25 04:57:11,10566.8,5442.43
2022-07-25 04:57:10,10699.8,5309.41
2022-07-25 04:57:09,10780.9,5228.3
2022-07-25 04:57:08,11008.1,5001.05
2022-07-25 04:57:07,10640.8,5368.4
2022-07-25 04:57:06,10728.5,5280.67
2022-07-25 04:57:05,10184.4,5824.75
2022-07-25 04:57:04,10246.3,5762.85
2022-07-25 04:57:03,9773.93,6235.25
2022-07-25 04:57:02,9794.69,6214.5
2022-07-25 04:57:01,9284.77,6724.41
2022-07-25 04:57:00,9288.39,6720.8
2022-07-25 04:56:59,9288.71,6720.47
2022-07-25 04:56:58,9292.23,6716.96
2022-07-25 04:56:57,9293.66,6715.53
2022-07-25 04:56:56,9295.64,6713.55
2022-07-25 04:56:55,9296.46,6712.73
2022-07-25 04:56:54,9297.49,6711.7
2022-07-25 04:56:53,9298.87,6710.32
2022-07-25 04:56:52,9302.92,6706.27
2022-07-25 04:56:51,9309.19,6700
2022-07-25 04:56:50,9315.31,6693.88
2022-07-25 04:56:49,9318.07,6691.12
2022-07-25 04:56:48,9321.75,6687.44
2022-07-25 04:56:47,9348.13,6661.05
2022-07-25 04:56:46,9355.96,6653.23
2022-07-25 04:56:45,9357.81,6651.38
2022-07-25 04:56:44,9372.79,6636.4
2022-07-25 04:56:43,9398.58,6610.61
2022-07-25 04:56:42,9404.93,6604.26
2022-07-25 04:56:41,9422.87,6586.32
2022-07-25 04:56:40,9454.27,6554.92
2022-07-25 04:56:39,9456.32,6552.87
2022-07-25 04:56:38,9516.59,6492.6
2022-07-25 04:56:37,9556.58,6452.61
2022-07-25 04:56:36,9705.13,6304.06
2022-07-25 04:56:35,9731.62,6277.57
2022-07-25 04:56:34,9800.5,6208.69
2022-07-25 04:56:33,9826.74,6182.45
2022-07-25 04:56:32,9881.38,6127.81
2022-07-25 04:56:31,9969.71,6039.48
2022-07-25 04:56:30,9991.61,6017.58
2022-07-25 04:56:29,9560.71,6448.48
2022-07-25 04:56:28,9613.67,6395.52
2022-07-25 04:56:27,9763.75,6245.43
2022-07-25 04:56:26,10145.5,5863.66
2022-07-25 04:56:25,10280.1,5729.12
2022-07-25 04:56:24,10378.2,5630.96
2022-07-25 04:56:23,10559.5,5449.72
2022-07-25 04:56:22,10723.2,5285.95
2022-07-25 04:56:21,10820.3,5188.93
2022-07-25 04:56:20,11052.4,4956.79
2022-07-25 04:56:19,10732.8,5276.35
2022-07-25 04:56:18,10112.5,5896.68
2022-07-25 04:56:17,10184.9,5824.25
2022-07-25 04:56:16,9734.79,6274.39
2022-07-25 04:56:15,9787.32,6221.87
2022-07-25 04:56:14,9806.06,6203.13
2022-07-25 04:56:13,9198.32,6810.87
2022-07-25 04:56:12,9199.33,6809.86
2022-07-25 04:56:11,9205.11,6804.08
2022-07-25 04:56:10,9205.75,6803.44
2022-07-25 04:56:09,9206.44,6802.74
2022-07-25 04:56:08,9208.36,6800.83
2022-07-25 04:56:07,9210.09,6799.09
2022-07-25 04:56:06,9207.85,6801.34
2022-07-25 04:56:05,9213.41,6795.78
2022-07-25 04:56:04,9213.01,6796.18
2022-07-25 04:56:03,9214.07,6795.12
2022-07-25 04:56:02,9215.41,6793.78
2022-07-25 04:56:01,9217.6,6791.59
2022-07-25 04:56:00,9217.25,6791.93
2022-07-25 04:55:59,9217.45,6791.73
2022-07-25 04:55:58,9224.01,6785.18
2022-07-25 04:55:57,9224.35,6784.84
2022-07-25 04:55:56,9234.84,6774.35
2022-07-25 04:55:55,9245.02,6764.17
2022-07-25 04:55:54,9245.85,6763.34
2022-07-25 04:55:53,9296.18,6713.01
2022-07-25 04:55:52,9299.47,6709.71
2022-07-25 04:55:51,9309.06,6700.13
2022-07-25 04:55:50,9374.86,6634.32
2022-07-25 04:55:49,9371.86,6637.32
2022-07-25 04:55:48,9477.59,6531.6
2022-07-25 04:55:47,9617.05,6392.13
2022-07-25 04:55:46,9631.13,6378.06
2022-07-25 04:55:45,9671.99,6337.2
2022-07-25 04:55:44,9752.69,6256.5
2022-07-25 04:55:43,9797.56,6211.62
2022-07-25 04:55:42,9374.6,6634.59
2022-07-25 04:55:41,9390.2,6618.98
2022-07-25 04:55:40,9402.21,6606.98
2022-07-25 04:55:39,9661.03,6348.16
2022-07-25 04:55:38,9707.52,6301.66
2022-07-25 04:55:37,9994.99,6014.2
2022-07-25 04:55:36,10231.9,5777.3
2022-07-25 04:55:35,10391.4,5617.82
2022-07-25 04:55:34,10500.8,5508.35
2022-07-25 04:55:33,10597.4,5411.76
2022-07-25 04:55:32,10069.6,5939.6
2022-07-25 04:55:31,10396.6,5612.63
2022-07-25 04:55:30,10587.8,5421.41
2022-07-25 04:55:29,10687.3,5321.93
2022-07-25 04:55:28,9685.26,6323.93
2022-07-25 04:55:27,9731.96,6277.23
2022-07-25 04:55:26,9791.43,6217.75
2022-07-25 04:55:25,9800.4,6208.79
2022-07-25 04:55:24,9289.02,6720.16
2022-07-25 04:55:23,9290.34,6718.85
2022-07-25 04:55:22,9293.24,6715.95
2022-07-25 04:55:21,9292.47,6716.72
2022-07-25 04:55:20,9296.53,6712.66
2022-07-25 04:55:19,9296.83,6712.36
2022-07-25 04:55:18,9297.54,6711.64
2022-07-25 04:55:17,9300.39,6708.8
2022-07-25 04:55:16,9302.26,6706.93
2022-07-25 04:55:15,9309.9,6699.29
2022-07-25 04:55:14,9311.43,6697.76
2022-07-25 04:55:13,9315.06,6694.13
2022-07-25 04:55:12,9338.32,6670.87
2022-07-25 04:55:11,9342.07,6667.12
2022-07-25 04:55:10,9345.44,6663.75
2022-07-25 04:55:09,9346.94,6662.25
2022-07-25 04:55:08,9382.13,6627.06
2022-07-25 04:55:07,9386.21,6622.98
2022-07-25 04:55:06,9405.48,6603.71
2022-07-25 04:55:05,9438.86,6570.33
2022-07-25 04:55:04,9439.77,6569.41
2022-07-25 04:55:03,9493.08,6516.11
2022-07-25 04:55:02,9532.66,6476.52
2022-07-25 04:55:01,9692.75,6316.43
2022-07-25 04:55:00,9755.13,6254.05
2022-07-25 04:54:59,9805.27,6203.92
2022-07-25 04:54:58,9818.95,6190.23
2022-07-25 04:54:57,9864.98,6144.2
2022-07-25 04:54:56,9952.73,6056.45
2022-07-25 04:54:55,9960.24,6048.95
2022-07-25 04:54:54,9540.99,6468.2
2022-07-25 04:54:53,9546.97,6462.22
2022-07-25 04:54:52,9887.25,6121.93
2022-07-25 04:54:51,10009.7,5999.51
2022-07-25 04:54:50,10112.4,5896.82
2022-07-25 04:54:49,10373.6,5635.58
2022-07-25 04:54:48,10529.8,5479.35
2022-07-25 04:54:47,10638.2,5371.04
2022-07-25 04:54:46,10728.7,5280.47
2022-07-25 04:54:45,10823.6,5185.56
2022-07-25 04:54:44,10450.4,5558.78
2022-07-25 04:54:43,10548.4,5460.81
2022-07-25 04:54:42,10723.1,5286.07
2022-07-25 04:54:41,9645.1,6364.09
2022-07-25 04:54:40,9674.04,6335.15
2022-07-25 04:54:39,9698.57,6310.62
2022-07-25 04:54:38,9752.24,6256.95
2022-07-25 04:54:37,9799.01,6210.18
2022-07-25 04:54:36,9800.5,6208.69
2022-07-25 04:54:35,9296.34,6712.84
2022-07-25 04:54:34,9296.09,6713.09
2022-07-25 04:54:33,9296.6,6712.59
2022-07-25 04:54:32,9299.48,6709.71
2022-07-25 04:54:31,9302.15,6707.04
2022-07-25 04:54:30,9301.97,6707.22
2022-07-25 04:54:29,9303.75,6705.44
2022-07-25 04:54:28,9307.53,6701.66
2022-07-25 04:54:27,9309.26,6699.93
2022-07-25 04:54:26,9311.3,6697.89
2022-07-25 04:54:25,9314.96,6694.23
2022-07-25 04:54:24,9324.49,6684.7
2022-07-25 04:54:23,9325.05,6684.14
2022-07-25 04:54:22,9353.25,6655.94
2022-07-25 04:54:21,9368.36,6640.83
2022-07-25 04:54:20,9370.04,6639.15
2022-07-25 04:54:19,9410.18,6599.01
2022-07-25 04:54:18,9395.64,6613.55
2022-07-25 04:54:17,9410.1,6599.09
2022-07-25 04:54:16,9466.86,6542.32
2022-07-25 04:54:15,9474.4,6534.79
2022-07-25 04:54:14,9651.77,6357.41
2022-07-25 04:54:13,9728.75,6280.44
2022-07-25 04:54:12,9739.59,6269.59
2022-07-25 04:54:11,9770.74,6238.45
2022-07-25 04:54:10,9814.85,6194.34
2022-07-25 04:54:09,9868.68,6140.51
2022-07-25 04:54:08,9931.51,6077.68
2022-07-25 04:54:07,9468.71,6540.47
2022-07-25 04:54:06,9508.02,6501.16
2022-07-25 04:54:05,9604.88,6404.31
2022-07-25 04:54:04,9813.11,6196.08
2022-07-25 04:54:03,9896.28,6112.91
2022-07-25 04:54:02,10117.9,5891.29
2022-07-25 04:54:01,10449.5,5559.73
2022-07-25 04:54:00,10557.6,5451.59
2022-07-25 04:53:59,10678.1,5331.05
2022-07-25 04:53:58,10784.1,5225.07
2022-07-25 04:53:57,10889.9,5119.25
2022-07-25 04:53:56,10519.6,5489.56
2022-07-25 04:53:55,10058.6,5950.61
2022-07-25 04:53:54,9538.8,6470.38
2022-07-25 04:53:53,9552.8,6456.38
2022-07-25 04:53:52,9587.35,6421.84
2022-07-25 04:53:51,9615.6,6393.59
2022-07-25 04:53:50,9663.93,6345.26
2022-07-25 04:53:49,9708.2,6300.99
2022-07-25 04:53:48,9086.89,6922.3
2022-07-25 04:53:47,9086.11,6923.07
2022-07-25 04:53:46,9085.87,6923.32
2022-07-25 04:53:45,9086.49,6922.69
2022-07-25 04:53:44,9087.34,6921.85
2022-07-25 04:53:43,9088.27,6920.91
2022-07-25 04:53:42,9089.53,6919.65
2022-07-25 04:53:41,9091.01,6918.18
2022-07-25 04:53:40,9090.94,6918.25
2022-07-25 04:53:39,9089.25,6919.94
2022-07-25 04:53:38,9090.65,6918.54
2022-07-25 04:53:37,9092.16,6917.02
2022-07-25 04:53:36,9092.79,6916.4
2022-07-25 04:53:35,9093.38,6915.81
2022-07-25 04:53:34,9095.57,6913.61
2022-07-25 04:53:33,9102.79,6906.4
2022-07-25 04:53:32,9103.39,6905.8
2022-07-25 04:53:31,9121.67,6887.52
2022-07-25 04:53:30,9176.67,6832.52
2022-07-25 04:53:29,9171.12,6838.07
2022-07-25 04:53:28,9171.68,6837.51
2022-07-25 04:53:27,9256.99,6752.2
2022-07-25 04:53:26,9269.52,6739.67
2022-07-25 04:53:25,9422.46,6586.73
2022-07-25 04:53:24,9511.16,6498.02
2022-07-25 04:53:23,9519.09,6490.09
2022-07-25 04:53:22,9547.23,6461.95
2022-07-25 04:53:21,9611.08,6398.11
2022-07-25 04:53:20,9658.45,6350.74
2022-07-25 04:53:19,9724.53,6284.66
2022-07-25 04:53:18,9246.01,6763.18
2022-07-25 04:53:17,9436.08,6573.11
2022-07-25 04:53:16,9519.53,6489.66
2022-07-25 04:53:15,9561.68,6447.51
2022-07-25 04:53:14,10091.8,5917.43
2022-07-25 04:53:13,10270.5,5738.72
2022-07-25 04:53:12,10421.6,5587.54
2022-07-25 04:53:11,10534,5475.23
2022-07-25 04:53:10,10142.9,5866.26
2022-07-25 04:53:09,10221.3,5787.86
2022-07-25 04:53:08,10452.3,5556.93
2022-07-25 04:53:07,10722,5287.15
2022-07-25 04:53:06,9540.12,6469.07
2022-07-25 04:53:05,9579.39,6429.8
2022-07-25 04:53:04,9609.47,6399.72
2022-07-25 04:53:03,9658.04,6351.14
2022-07-25 04:53:02,9695.88,6313.31
2022-07-25 04:53:01,9186.66,6822.53
2022-07-25 04:53:00,9189.44,6819.75
2022-07-25 04:52:59,9189.81,6819.38
2022-07-25 04:52:58,9190.98,6818.21
2022-07-25 04:52:57,9192.11,6817.08
2022-07-25 04:52:56,9194.44,6814.75
2022-07-25 04:52:55,9193.97,6815.21
2022-07-25 04:52:54,9196.31,6812.88
2022-07-25 04:52:53,9196.73,6812.46
2022-07-25 04:52:52,9194.93,6814.26
2022-07-25 04:52:51,9196.35,6812.84
2022-07-25 04:52:50,9199.18,6810.01
2022-07-25 04:52:49,9199.5,6809.69
2022-07-25 04:52:48,9199.67,6809.52
2022-07-25 04:52:47,9205.54,6803.65
2022-07-25 04:52:46,9223.79,6785.4
2022-07-25 04:52:45,9225.77,6783.41
2022-07-25 04:52:44,9228.24,6780.94
2022-07-25 04:52:43,9246.69,6762.5
2022-07-25 04:52:42,9292.95,6716.23
2022-07-25 04:52:41,9294.24,6714.95
2022-07-25 04:52:40,9349.12,6660.07
2022-07-25 04:52:39,9372.68,6636.51
2022-07-25 04:52:38,9501.12,6508.06
2022-07-25 04:52:37,9593.5,6415.68
2022-07-25 04:52:36,9634.08,6375.11
2022-07-25 04:52:35,9662.65,6346.54
2022-07-25 04:52:34,9714.71,6294.48
2022-07-25 04:52:33,9753.52,6255.66
2022-07-25 04:52:32,9820.53,6188.66
2022-07-25 04:52:31,9356.66,6652.52
2022-07-25 04:52:30,9431.81,6577.37
2022-07-25 04:52:29,9626.56,6382.63
2022-07-25 04:52:28,9697.29,6311.9
2022-07-25 04:52:27,10012.7,5996.45
2022-07-25 04:52:26,10340.3,5668.84
2022-07-25 04:52:25,10541.3,5467.91
2022-07-25 04:52:24,10677.7,5331.45
2022-07-25 04:52:23,10774.6,5234.6
2022-07-25 04:52:22,10368.3,5640.86
2022-07-25 04:52:21,10474.7,5534.52
2022-07-25 04:52:20,10171.4,5837.81
2022-07-25 04:52:19,10252.8,5756.43
2022-07-25 04:52:18,9751.37,6257.82
2022-07-25 04:52:17,9779.45,6229.74
2022-07-25 04:52:16,9815.69,6193.49
2022-07-25 04:52:15,9863.63,6145.56
2022-07-25 04:52:14,9904.76,6104.43
2022-07-25 04:52:13,9396.27,6612.92
2022-07-25 04:52:12,9394.49,6614.7
2022-07-25 04:52:11,9396.91,6612.28
2022-07-25 04:52:10,9409.06,6600.13
2022-07-25 04:52:09,9410.99,6598.2
2022-07-25 04:52:08,9413.06,6596.12
2022-07-25 04:52:07,9414.65,6594.54
2022-07-25 04:52:06,9433.73,6575.46
2022-07-25 04:52:05,9434.45,6574.73
2022-07-25 04:52:04,9438.55,6570.64
2022-07-25 04:52:03,9448.9,6560.29
2022-07-25 04:52:02,9460.84,6548.35
2022-07-25 04:52:01,9461.81,6547.38
2022-07-25 04:52:00,9489.43,6519.76
2022-07-25 04:51:59,9490.99,6518.2
2022-07-25 04:51:58,9510.34,6498.84
2022-07-25 04:51:57,9537.11,6472.08
2022-07-25 04:51:56,9540.52,6468.67
2022-07-25 04:51:55,9565.16,6444.03
2022-07-25 04:51:54,9571.87,6437.32
2022-07-25 04:51:53,9584.9,6424.29
2022-07-25 04:51:52,9615.21,6393.98
2022-07-25 04:51:51,9666.28,6342.91
2022-07-25 04:51:50,9714.78,6294.41
2022-07-25 04:51:49,9914.81,6094.38
2022-07-25 04:51:48,9960.91,6048.28
2022-07-25 04:51:47,9993.09,6016.09
2022-07-25 04:51:46,10024.2,5984.97
2022-07-25 04:51:45,10137.2,5872.04
2022-07-25 04:51:44,10223.5,5785.72
2022-07-25 04:51:43,9856.7,6152.49
2022-07-25 04:51:42,9848.07,6161.11
2022-07-25 04:51:41,9876.16,6133.03
2022-07-25 04:51:40,10087.2,5922.02
2022-07-25 04:51:39,10218.4,5790.8
2022-07-25 04:51:38,10317.2,5691.96
2022-07-25 04:51:37,10559.9,5449.31
2022-07-25 04:51:36,10122.8,5886.44
2022-07-25 04:51:35,10194.6,5814.58
2022-07-25 04:51:34,10269.3,5739.88
2022-07-25 04:51:33,10370.3,5638.84
2022-07-25 04:51:32,9794.29,6214.9
2022-07-25 04:51:31,9367.72,6641.47
2022-07-25 04:51:30,9403.19,6606
2022-07-25 04:51:29,9424.55,6584.64
2022-07-25 04:51:28,9449.87,6559.32
2022-07-25 04:51:27,9495.17,6514.02
2022-07-25 04:51:26,9547.05,6462.14
2022-07-25 04:51:25,9561.45,6447.74
2022-07-25 04:51:24,9044.91,6964.27
2022-07-25 04:51:23,9046.47,6962.72
2022-07-25 04:51:22,9045.95,6963.24
2022-07-25 04:51:21,9047.8,6961.39
2022-07-25 04:51:20,9046.56,6962.63
2022-07-25 04:51:19,9048.93,6960.25
2022-07-25 04:51:18,9050.64,6958.55
2022-07-25 04:51:17,9050.64,6958.55
2022-07-25 04:51:16,9053.73,6955.46
2022-07-25 04:51:15,9054.4,6954.79
2022-07-25 04:51:14,9054.02,6955.17
2022-07-25 04:51:13,9053.7,6955.48
2022-07-25 04:51:12,9056.11,6953.08
2022-07-25 04:51:11,9057.14,6952.04
2022-07-25 04:51:10,9058.66,6950.53
2022-07-25 04:51:09,9063.15,6946.04
2022-07-25 04:51:08,9063.02,6946.17
2022-07-25 04:51:07,9064.84,6944.35
2022-07-25 04:51:06,9064.8,6944.39
2022-07-25 04:51:05,9094.8,6914.39
2022-07-25 04:51:04,9088.41,6920.77
2022-07-25 04:51:03,9144.55,6864.63
2022-07-25 04:51:02,9198.59,6810.6
2022-07-25 04:51:01,9392.84,6616.35
2022-07-25 04:51:00,9548.18,6461.01
2022-07-25 04:50:59,9686.83,6322.36
2022-07-25 04:50:58,9714.57,6294.62
2022-07-25 04:50:57,9873.05,6136.14
2022-07-25 04:50:56,10015.2,5993.98
2022-07-25 04:50:55,10078.9,5930.25
2022-07-25 04:50:54,10193.3,5815.89
2022-07-25 04:50:53,9875.18,6134.01
2022-07-25 04:50:52,10128.1,5881.12
2022-07-25 04:50:51,10460.8,5548.41
2022-07-25 04:50:50,10076.4,5932.81
2022-07-25 04:50:49,10139.9,5869.32
2022-07-25 04:50:48,10208.4,5800.82
2022-07-25 04:50:47,10297.8,5711.38
2022-07-25 04:50:46,10408.6,5600.61
2022-07-25 04:50:45,9807.56,6201.63
2022-07-25 04:50:44,9614.32,6394.86
2022-07-25 04:50:43,9629.58,6379.61
2022-07-25 04:50:42,9659.61,6349.57
2022-07-25 04:50:41,9686.88,6322.31
2022-07-25 04:50:40,9743.91,6265.28
2022-07-25 04:50:39,9782.01,6227.18
2022-07-25 04:50:38,9266.69,6742.5
2022-07-25 04:50:37,9267.06,6742.13
2022-07-25 04:50:36,9266.91,6742.27
2022-07-25 04:50:35,9269.86,6739.33
2022-07-25 04:50:34,9277.29,6731.9
2022-07-25 04:50:33,9279.48,6729.71
2022-07-25 04:50:32,9281.76,6727.43
2022-07-25 04:50:31,9284.36,6724.83
2022-07-25 04:50:30,9295.87,6713.32
2022-07-25 04:50:29,9295.71,6713.47
2022-07-25 04:50:28,9300.1,6709.09
2022-07-25 04:50:27,9314.71,6694.48
2022-07-25 04:50:26,9316.32,6692.87
2022-07-25 04:50:25,9317.89,6691.29
2022-07-25 04:50:24,9335.23,6673.96
2022-07-25 04:50:23,9334.34,6674.85
2022-07-25 04:50:22,9336.06,6673.12
2022-07-25 04:50:21,9351.02,6658.17
2022-07-25 04:50:20,9350.3,6658.89
2022-07-25 04:50:19,9355.15,6654.04
2022-07-25 04:50:18,9387.92,6621.27
2022-07-25 04:50:17,9389.9,6619.28
2022-07-25 04:50:16,9391.91,6617.27
2022-07-25 04:50:15,9434.95,6574.23
2022-07-25 04:50:14,9488.07,6521.11
2022-07-25 04:50:13,9519.38,6489.81
2022-07-25 04:50:12,9843.21,6165.98
2022-07-25 04:50:11,10003,6006.23
2022-07-25 04:50:10,10218.7,5790.53
2022-07-25 04:50:09,10275.9,5733.27
2022-07-25 04:50:08,10355.8,5653.41
2022-07-25 04:50:07,10515.7,5493.49
2022-07-25 04:50:06,10749.5,5259.7
2022-07-25 04:50:05,10890.7,5118.51
2022-07-25 04:50:04,10628,5381.23
2022-07-25 04:50:03,10715.4,5293.76
2022-07-25 04:50:02,10157,5852.2
2022-07-25 04:50:01,10216,5793.15
2022-07-25 04:50:00,10334.6,5674.57
2022-07-25 04:49:59,9878.97,6130.22
2022-07-25 04:49:58,9926.28,6082.9
2022-07-25 04:49:57,9430.79,6578.4
2022-07-25 04:49:56,9590.89,6418.3
2022-07-25 04:49:55,9631.5,6377.69
2022-07-25 04:49:54,9663.88,6345.31
2022-07-25 04:49:53,9676.14,6333.05
2022-07-25 04:49:52,9731.22,6277.97
2022-07-25 04:49:51,9783.02,6226.17
2022-07-25 04:49:50,9305.59,6703.6
2022-07-25 04:49:49,9306.39,6702.8
2022-07-25 04:49:48,9308.04,6701.14
2022-07-25 04:49:47,9309.88,6699.3
2022-07-25 04:49:46,9312.13,6697.06
2022-07-25 04:49:45,9311.59,6697.6
2022-07-25 04:49:44,9312.7,6696.49
2022-07-25 04:49:43,9318.02,6691.16
2022-07-25 04:49:42,9321.61,6687.57
2022-07-25 04:49:41,9322.44,6686.75
2022-07-25 04:49:40,9332.83,6676.36
2022-07-25 04:49:39,9334.34,6674.84
2022-07-25 04:49:38,9336.62,6672.57
2022-07-25 04:49:37,9345.71,6663.47
2022-07-25 04:49:36,9357.37,6651.82
2022-07-25 04:49:35,9362.37,6646.82
2022-07-25 04:49:34,9361.27,6647.92
2022-07-25 04:49:33,9392.48,6616.71
2022-07-25 04:49:32,9390.53,6618.65
2022-07-25 04:49:31,9436.12,6573.06
2022-07-25 04:49:30,9458.13,6551.06
2022-07-25 04:49:29,9458.44,6550.75
2022-07-25 04:49:28,9517.44,6491.75
2022-07-25 04:49:27,9594.54,6414.65
2022-07-25 04:49:26,9592.18,6417
2022-07-25 04:49:25,9915.24,6093.95
2022-07-25 04:49:24,10066.8,5942.38
2022-07-25 04:49:23,10141.3,5867.91
2022-07-25 04:49:22,10331.6,5677.55
2022-07-25 04:49:21,10451.6,5557.61
2022-07-25 04:49:20,10545.4,5463.74
2022-07-25 04:49:19,10611.8,5397.34
2022-07-25 04:49:18,10228.1,5781.07
2022-07-25 04:49:17,10272.6,5736.61
2022-07-25 04:49:16,10390.6,5618.63
2022-07-25 04:49:15,10189,5820.15
2022-07-25 04:49:14,10236.7,5772.44
2022-07-25 04:49:13,10297.6,5711.57
2022-07-25 04:49:12,10340.3,5668.88
2022-07-25 04:49:11,10433,5576.16
2022-07-25 04:49:10,10533.1,5476.12
2022-07-25 04:49:09,10716.5,5292.69
2022-07-25 04:49:08,9597.54,6411.64
2022-07-25 04:49:07,9618.61,6390.58
2022-07-25 04:49:06,9655.68,6353.5
2022-07-25 04:49:05,9698.53,6310.66
2022-07-25 04:49:04,9750.34,6258.85
2022-07-25 04:49:03,9255.18,6754
2022-07-25 04:49:02,9258.42,6750.77
2022-07-25 04:49:01,9258.03,6751.16
2022-07-25 04:49:00,9262.51,6746.68
2022-07-25 04:48:59,9262.17,6747.02
2022-07-25 04:48:58,9263.27,6745.91
2022-07-25 04:48:57,9266.34,6742.84
2022-07-25 04:48:56,9269.02,6740.17
2022-07-25 04:48:55,9271.01,6738.18
2022-07-25 04:48:54,9272.17,6737.02
2022-07-25 04:48:53,9274.1,6735.09
2022-07-25 04:48:52,9273.95,6735.23
2022-07-25 04:48:51,9276.7,6732.49
2022-07-25 04:48:50,9276.86,6732.32
2022-07-25 04:48:49,9278.68,6730.5
2022-07-25 04:48:48,9283.45,6725.74
2022-07-25 04:48:47,9303.41,6705.78
2022-07-25 04:48:46,9303.04,6706.15
2022-07-25 04:48:45,9336.13,6673.06
2022-07-25 04:48:44,9337.46,6671.73
2022-07-25 04:48:43,9369.82,6639.37
2022-07-25 04:48:42,9415.73,6593.46
2022-07-25 04:48:41,9440.63,6568.56
2022-07-25 04:48:40,9493.8,6515.38
2022-07-25 04:48:39,9521.18,6488.01
2022-07-25 04:48:38,9614.93,6394.26
2022-07-25 04:48:37,9776.69,6232.5
2022-07-25 04:48:36,9975.74,6033.45
2022-07-25 04:48:35,10074.4,5934.76
2022-07-25 04:48:34,10134.6,5874.62
2022-07-25 04:48:33,10207.8,5801.37
2022-07-25 04:48:32,10335.8,5673.36
2022-07-25 04:48:31,10427.5,5581.65
2022-07-25 04:48:30,10160.4,5848.81
2022-07-25 04:48:29,9804.77,6204.42
2022-07-25 04:48:28,10086.7,5922.5
2022-07-25 04:48:27,10186.4,5822.77
2022-07-25 04:48:26,10276.3,5732.93
2022-07-25 04:48:25,10362.5,5646.69
2022-07-25 04:48:24,10410.8,5598.38
2022-07-25 04:48:23,9981.61,6027.57
2022-07-25 04:48:22,10054.2,5955.01
2022-07-25 04:48:21,9572.39,6436.8
2022-07-25 04:48:20,9745.06,6264.13
2022-07-25 04:48:19,9761.01,6248.18
2022-07-25 04:48:18,9797.49,6211.7
2022-07-25 04:48:17,9824.4,6184.79
2022-07-25 04:48:16,9877.5,6131.69
2022-07-25 04:48:15,9918.45,6090.73
2022-07-25 04:48:14,9307.8,6701.39
2022-07-25 04:48:13,9310.28,6698.91
2022-07-25 04:48:12,9310.69,6698.5
2022-07-25 04:48:11,9312.89,6696.29
2022-07-25 04:48:10,9316.06,6693.12
2022-07-25 04:48:09,9317.09,6692.1
2022-07-25 04:48:08,9319.43,6689.75
2022-07-25 04:48:07,9335.88,6673.31
2022-07-25 04:48:06,9341.59,6667.6
2022-07-25 04:48:05,9344.31,6664.88
2022-07-25 04:48:04,9360.32,6648.86
2022-07-25 04:48:03,9391.18,6618
2022-07-25 04:48:02,9393.92,6615.27
2022-07-25 04:48:01,9410.27,6598.91
2022-07-25 04:48:00,9432.36,6576.82
2022-07-25 04:47:59,9448.25,6560.94
2022-07-25 04:47:58,9450.88,6558.31
2022-07-25 04:47:57,9497.03,6512.16
2022-07-25 04:47:56,9514.06,6495.13
2022-07-25 04:47:55,9538.94,6470.25
2022-07-25 04:47:54,9558.76,6450.43
2022-07-25 04:47:53,9618.79,6390.4
2022-07-25 04:47:52,9625.5,6383.69
2022-07-25 04:47:51,9785.96,6223.23
2022-07-25 04:47:50,9915.22,6093.97
2022-07-25 04:47:49,9943.13,6066.06
2022-07-25 04:47:48,10125.4,5883.83
2022-07-25 04:47:47,10258.3,5750.87
2022-07-25 04:47:46,10321.4,5687.81
2022-07-25 04:47:45,10402,5607.16
2022-07-25 04:47:44,10483.2,5526.03
2022-07-25 04:47:43,10073.2,5935.96
2022-07-25 04:47:42,10278.6,5730.54
2022-07-25 04:47:41,9855.52,6153.66
2022-07-25 04:47:40,10003.2,6005.97
2022-07-25 04:47:39,10047,5962.23
2022-07-25 04:47:38,10125.4,5883.83
2022-07-25 04:47:37,10184.3,5824.86
2022-07-25 04:47:36,9736.7,6272.49
2022-07-25 04:47:35,9824.44,6184.75
2022-07-25 04:47:34,9317.68,6691.51
2022-07-25 04:47:33,9566.65,6442.54
2022-07-25 04:47:32,9676.82,6332.37
2022-07-25 04:47:31,9737.76,6271.43
2022-07-25 04:47:30,9778.82,6230.37
2022-07-25 04:47:29,9806.59,6202.6
2022-07-25 04:47:28,9866.05,6143.13
2022-07-25 04:47:27,9903.25,6105.94
2022-07-25 04:47:26,9400.36,6608.82
2022-07-25 04:47:25,9402.79,6606.4
2022-07-25 04:47:24,9404.3,6604.89
2022-07-25 04:47:23,9409.65,6599.54
2022-07-25 04:47:22,9410.09,6599.1
2022-07-25 04:47:21,9413.74,6595.45
2022-07-25 04:47:20,9415.78,6593.41
2022-07-25 04:47:19,9419.93,6589.26
2022-07-25 04:47:18,9424.12,6585.07
2022-07-25 04:47:17,9424.25,6584.93
2022-07-25 04:47:16,9447.25,6561.93
2022-07-25 04:47:15,9451.73,6557.46
2022-07-25 04:47:14,9453.1,6556.09
2022-07-25 04:47:13,9475.63,6533.56
2022-07-25 04:47:12,9480.01,6529.18
2022-07-25 04:47:11,9485.15,6524.04
2022-07-25 04:47:10,9506.4,6502.79
2022-07-25 04:47:09,9536.6,6472.59
2022-07-25 04:47:08,9557.98,6451.21
2022-07-25 04:47:07,9569.3,6439.89
2022-07-25 04:47:06,9608.47,6400.72
2022-07-25 04:47:05,9665.83,6343.36
2022-07-25 04:47:04,9694.86,6314.33
2022-07-25 04:47:03,9921.28,6087.91
2022-07-25 04:47:02,9978.97,6030.22
2022-07-25 04:47:01,10059.8,5949.4
2022-07-25 04:47:00,10292.4,5716.78
2022-07-25 04:46:59,10333.8,5675.38
2022-07-25 04:46:58,10455.9,5553.27
2022-07-25 04:46:57,10548,5461.16
2022-07-25 04:46:56,10791.6,5217.58
2022-07-25 04:46:55,10394,5615.23
2022-07-25 04:46:54,10585.9,5423.3
2022-07-25 04:46:53,10179.7,5829.44
2022-07-25 04:46:52,10241.5,5767.73
2022-07-25 04:46:51,10316.2,5693
2022-07-25 04:46:50,10397.9,5611.32
2022-07-25 04:46:49,9872.25,6136.94
2022-07-25 04:46:48,9253.62,6755.56
2022-07-25 04:46:47,9290.45,6718.74
2022-07-25 04:46:46,9313.27,6695.91
2022-07-25 04:46:45,9356.44,6652.74
2022-07-25 04:46:44,9518.67,6490.52
2022-07-25 04:46:43,9534.6,6474.59
2022-07-25 04:46:42,9566.69,6442.5
2022-07-25 04:46:41,9589.81,6419.38
2022-07-25 04:46:40,9642.23,6366.96
2022-07-25 04:46:39,9685.88,6323.3
2022-07-25 04:46:38,9071.03,6938.16
2022-07-25 04:46:37,9073.79,6935.4
2022-07-25 04:46:36,9074.36,6934.83
2022-07-25 04:46:35,9075.5,6933.69
2022-07-25 04:46:34,9073.98,6935.21
2022-07-25 04:46:33,9082.76,6926.43
2022-07-25 04:46:32,9082.89,6926.3
2022-07-25 04:46:31,9083.25,6925.94
2022-07-25 04:46:30,9084.5,6924.68
2022-07-25 04:46:29,9096.85,6912.34
2022-07-25 04:46:28,9098.59,6910.6
2022-07-25 04:46:27,9097.63,6911.56
2022-07-25 04:46:26,9129.02,6880.16
2022-07-25 04:46:25,9129.7,6879.49
2022-07-25 04:46:24,9131.81,6877.38
2022-07-25 04:46:23,9158.45,6850.74
2022-07-25 04:46:22,9174.45,6834.74
2022-07-25 04:46:21,9176.27,6832.92
2022-07-25 04:46:20,9213.8,6795.39
2022-07-25 04:46:19,9218.62,6790.57
2022-07-25 04:46:18,9219.39,6789.8
2022-07-25 04:46:17,9291.12,6718.07
2022-07-25 04:46:16,9308.43,6700.76
2022-07-25 04:46:15,9463.09,6546.1
2022-07-25 04:46:14,9556.12,6453.07
2022-07-25 04:46:13,9586.18,6423.01
2022-07-25 04:46:12,9773.49,6235.7
2022-07-25 04:46:11,9914.3,6094.89
2022-07-25 04:46:10,9980.92,6028.27
2022-07-25 04:46:09,10303.6,5705.63
2022-07-25 04:46:08,10177.3,5831.88
2022-07-25 04:46:07,10384.3,5624.89
2022-07-25 04:46:06,10531.5,5477.72
2022-07-25 04:46:05,10389.6,5619.59
2022-07-25 04:46:04,10128,5881.16
2022-07-25 04:46:03,10228.2,5780.97
2022-07-25 04:46:02,9765.35,6243.84
2022-07-25 04:46:01,9773.32,6235.86
2022-07-25 04:46:00,9154.9,6854.29
2022-07-25 04:45:59,9204.87,6804.32
2022-07-25 04:45:58,9206.33,6802.86
2022-07-25 04:45:57,9343.61,6665.58
2022-07-25 04:45:56,9539.24,6469.95
2022-07-25 04:45:55,9626.91,6382.27
2022-07-25 04:45:54,9654.72,6354.47
2022-07-25 04:45:53,9682.11,6327.08
2022-07-25 04:45:52,9724.59,6284.6
2022-07-25 04:45:51,9768.36,6240.82
2022-07-25 04:45:50,9426.75,6582.43
2022-07-25 04:45:49,9281.18,6728.01
2022-07-25 04:45:48,9279.11,6730.08
2022-07-25 04:45:47,9279.96,6729.22
2022-07-25 04:45:46,9287.04,6722.15
2022-07-25 04:45:45,9296.98,6712.21
2022-07-25 04:45:44,9300.05,6709.14
2022-07-25 04:45:43,9303.25,6705.94
2022-07-25 04:45:42,9316.62,6692.57
2022-07-25 04:45:41,9317.86,6691.33
2022-07-25 04:45:40,9318.78,6690.41
2022-07-25 04:45:39,9370.7,6638.49
2022-07-25 04:45:38,9373.85,6635.34
2022-07-25 04:45:37,9373.29,6635.9
2022-07-25 04:45:36,9411.39,6597.8
2022-07-25 04:45:35,9435.15,6574.04
2022-07-25 04:45:34,9436.36,6572.83
2022-07-25 04:45:33,9462.42,6546.77
2022-07-25 04:45:32,9486.88,6522.31
2022-07-25 04:45:31,9505.68,6503.51
2022-07-25 04:45:30,9558.5,6450.69
2022-07-25 04:45:29,9563.21,6445.98
2022-07-25 04:45:28,9567.75,6441.44
2022-07-25 04:45:27,9648.98,6360.21
2022-07-25 04:45:26,9716.55,6292.64
2022-07-25 04:45:25,9989.08,6020.11
2022-07-25 04:45:24,10141.4,5867.77
2022-07-25 04:45:23,10380,5629.16
2022-07-25 04:45:22,10449.6,5559.59
2022-07-25 04:45:21,10528.9,5480.31
2022-07-25 04:45:20,10909.6,5099.57
2022-07-25 04:45:19,11052.2,4957
2022-07-25 04:45:18,11229.1,4780.11
2022-07-25 04:45:17,10206.2,5802.98
2022-07-25 04:45:16,10264.2,5745.02
2022-07-25 04:45:15,9816,6193.19
2022-07-25 04:45:14,9312.6,6696.59
2022-07-25 04:45:13,9335.49,6673.7
2022-07-25 04:45:12,9340.05,6669.14
2022-07-25 04:45:11,9346.15,6663.04
2022-07-25 04:45:10,9396.96,6612.22
2022-07-25 04:45:09,9411.54,6597.65
2022-07-25 04:45:08,9563.16,6446.03
2022-07-25 04:45:07,9629.83,6379.36
2022-07-25 04:45:06,9649.88,6359.3
2022-07-25 04:45:05,9676.63,6332.55
2022-07-25 04:45:04,9717.24,6291.95
2022-07-25 04:45:03,9764.72,6244.47
2022-07-25 04:45:02,9801.75,6207.44
2022-07-25 04:45:01,9287.62,6721.57
2022-07-25 04:45:00,9287.6,6721.59
2022-07-25 04:44:59,9290.93,6718.25
2022-07-25 04:44:58,9298.3,6710.89
2022-07-25 04:44:57,9312.72,6696.47
2022-07-25 04:44:56,9313.48,6695.7
2022-07-25 04:44:55,9322.33,6686.86
2022-07-25 04:44:54,9338.79,6670.4
2022-07-25 04:44:53,9346.68,6662.51
2022-07-25 04:44:52,9347.83,6661.36
2022-07-25 04:44:51,9364.95,6644.23
2022-07-25 04:44:50,9395.68,6613.5
2022-07-25 04:44:49,9400.73,6608.46
2022-07-25 04:44:48,9423.57,6585.62
2022-07-25 04:44:47,9456.3,6552.89
2022-07-25 04:44:46,9458.87,6550.31
2022-07-25 04:44:45,9483.95,6525.23
2022-07-25 04:44:44,9506.45,6502.74
2022-07-25 04:44:43,9509.94,6499.25
2022-07-25 04:44:42,9572.4,6436.79
2022-07-25 04:44:41,9564.98,6444.21
2022-07-25 04:44:40,9666.42,6342.77
2022-07-25 04:44:39,9693.44,6315.74
2022-07-25 04:44:38,9915.59,6093.6
2022-07-25 04:44:37,10267.1,5742.13
2022-07-25 04:44:36,10356.2,5652.98
2022-07-25 04:44:35,10586.6,5422.54
2022-07-25 04:44:34,10807.5,5201.66
2022-07-25 04:44:33,10932.6,5076.57
2022-07-25 04:44:32,11026.3,4982.93
2022-07-25 04:44:31,11150.9,4858.31
2022-07-25 04:44:30,11271,4738.18
2022-07-25 04:44:29,10896,5113.23
2022-07-25 04:44:28,9813.71,6195.48
2022-07-25 04:44:27,9304.73,6704.46
2022-07-25 04:44:26,9337.94,6671.25
2022-07-25 04:44:25,9341.83,6667.36
2022-07-25 04:44:24,9390.7,6618.48
2022-07-25 04:44:23,9406.88,6602.31
2022-07-25 04:44:22,9479.69,6529.5
2022-07-25 04:44:21,9627.54,6381.65
2022-07-25 04:44:20,9645.21,6363.97
2022-07-25 04:44:19,9676.57,6332.62
2022-07-25 04:44:18,9702.36,6306.82
2022-07-25 04:44:17,9760.11,6249.08
2022-07-25 04:44:16,9803.07,6206.12
2022-07-25 04:44:15,9801.73,6207.46
2022-07-25 04:44:14,9299.71,6709.48
2022-07-25 04:44:13,9303.68,6705.5
2022-07-25 04:44:12,9303.96,6705.23
2022-07-25 04:44:11,9310.03,6699.15
2022-07-25 04:44:10,9312.83,6696.36
2022-07-25 04:44:09,9314.62,6694.57
2022-07-25 04:44:08,9315.37,6693.82
2022-07-25 04:44:07,9322.68,6686.5
2022-07-25 04:44:06,9326.08,6683.11
2022-07-25 04:44:05,9327.56,6681.63
2022-07-25 04:44:04,9333.14,6676.05
2022-07-25 04:44:03,9332.53,6676.66
2022-07-25 04:44:02,9336.21,6672.98
2022-07-25 04:44:01,9333.38,6675.81
2022-07-25 04:44:00,9338.08,6671.11
2022-07-25 04:43:59,9343.37,6665.82
2022-07-25 04:43:58,9374.1,6635.09
2022-07-25 04:43:57,9406.16,6603.03
2022-07-25 04:43:56,9447.67,6561.52
2022-07-25 04:43:55,9449.2,6559.98
2022-07-25 04:43:54,9535.92,6473.27
2022-07-25 04:43:53,9588.84,6420.35
2022-07-25 04:43:52,9641.3,6367.88
2022-07-25 04:43:51,9894.31,6114.87
2022-07-25 04:43:50,9960.13,6049.05
2022-07-25 04:43:49,10155.1,5854.09
2022-07-25 04:43:48,10460.8,5548.39
2022-07-25 04:43:47,10735.3,5273.87
2022-07-25 04:43:46,10904.4,5104.75
2022-07-25 04:43:45,11028.6,4980.59
2022-07-25 04:43:44,11158.3,4850.93
2022-07-25 04:43:43,10718.2,5290.94
2022-07-25 04:43:42,10867.4,5141.75
2022-07-25 04:43:41,10437.7,5571.46
2022-07-25 04:43:40,9341.72,6667.47
2022-07-25 04:43:39,9369.55,6639.63
2022-07-25 04:43:38,9371.67,6637.52
2022-07-25 04:43:37,9386,6623.19
2022-07-25 04:43:36,9388.99,6620.2
2022-07-25 04:43:35,9417.29,6591.9
2022-07-25 04:43:34,9436.81,6572.38
2022-07-25 04:43:33,9574.79,6434.4
2022-07-25 04:43:32,9646.16,6363.03
2022-07-25 04:43:31,9660.43,6348.76
2022-07-25 04:43:30,9693.73,6315.46
2022-07-25 04:43:29,9739.88,6269.31
2022-07-25 04:43:28,9791.3,6217.89
2022-07-25 04:43:27,9814.18,6195.01
2022-07-25 04:43:26,9300.59,6708.59
2022-07-25 04:43:25,9304.1,6705.09
2022-07-25 04:43:24,9305.07,6704.12
2022-07-25 04:43:23,9308.75,6700.44
2022-07-25 04:43:22,9319.76,6689.43
2022-07-25 04:43:21,9323.57,6685.61
2022-07-25 04:43:20,9335.9,6673.29
2022-07-25 04:43:19,9341.33,6667.86
2022-07-25 04:43:18,9360.67,6648.52
2022-07-25 04:43:17,9377.89,6631.3
2022-07-25 04:43:16,9391.64,6617.55
2022-07-25 04:43:15,9399.13,6610.06
2022-07-25 04:43:14,9432.68,6576.5
2022-07-25 04:43:13,9445.45,6563.73
2022-07-25 04:43:12,9467.28,6541.91
2022-07-25 04:43:11,9489.87,6519.32
2022-07-25 04:43:10,9509.55,6499.63
2022-07-25 04:43:09,9540.15,6469.04
2022-07-25 04:43:08,9551.6,6457.59
2022-07-25 04:43:07,9577.85,6431.34
2022-07-25 04:43:06,9622.35,6386.84
2022-07-25 04:43:05,9671.52,6337.67
2022-07-25 04:43:04,9862.89,6146.3
2022-07-25 04:43:03,9986.37,6022.82
2022-07-25 04:43:02,10178.8,5830.37
2022-07-25 04:43:01,10277,5732.2
2022-07-25 04:43:00,10615.4,5393.8
2022-07-25 04:42:59,10739.2,5269.96
2022-07-25 04:42:58,11004.5,5004.65
2022-07-25 04:42:57,11126.6,4882.63
2022-07-25 04:42:56,10619.5,5389.73
2022-07-25 04:42:55,10717.4,5291.84
2022-07-25 04:42:54,10218.8,5790.41
2022-07-25 04:42:53,9634.81,6374.38
2022-07-25 04:42:52,9019.45,6989.74
2022-07-25 04:42:51,9044.22,6964.97
2022-07-25 04:42:50,9046.98,6962.21
2022-07-25 04:42:49,9059.86,6949.33
2022-07-25 04:42:48,9059.9,6949.29
2022-07-25 04:42:47,9060.45,6948.73
2022-07-25 04:42:46,9102.79,6906.39
2022-07-25 04:42:45,9132.84,6876.35
2022-07-25 04:42:44,9298.12,6711.07
2022-07-25 04:42:43,9324.43,6684.75
2022-07-25 04:42:42,9355.65,6653.54
2022-07-25 04:42:41,9381.51,6627.68
2022-07-25 04:42:40,9429.42,6579.77
2022-07-25 04:42:39,9476.32,6532.87
2022-07-25 04:42:38,8952.1,7057.09
2022-07-25 04:42:37,8951.77,7057.42
2022-07-25 04:42:36,8953.19,7056
2022-07-25 04:42:35,8953.88,7055.31
2022-07-25 04:42:34,8953.43,7055.75
2022-07-25 04:42:33,8954.74,7054.45
2022-07-25 04:42:32,8955.54,7053.65
2022-07-25 04:42:31,8955.35,7053.84
2022-07-25 04:42:30,8956.53,7052.66
2022-07-25 04:42:29,8955.25,7053.94
2022-07-25 04:42:28,8953.46,7055.73
2022-07-25 04:42:27,8951.89,7057.3
2022-07-25 04:42:26,8953.3,7055.88
2022-07-25 04:42:25,8953.73,7055.45
2022-07-25 04:42:24,8956.79,7052.4
2022-07-25 04:42:23,8959.55,7049.64
2022-07-25 04:42:22,8958.62,7050.57
2022-07-25 04:42:21,8970.56,7038.63
2022-07-25 04:42:20,8968.05,7041.14
2022-07-25 04:42:19,8996.89,7012.3
2022-07-25 04:42:18,9309.93,6699.26
2022-07-25 04:42:17,9411.63,6597.56
2022-07-25 04:42:16,9453.84,6555.34
2022-07-25 04:42:15,9608.96,6400.23
2022-07-25 04:42:14,9914.51,6094.68
2022-07-25 04:42:13,10234.7,5774.47
2022-07-25 04:42:12,10666,5343.23
2022-07-25 04:42:11,10881.6,5127.64
2022-07-25 04:42:10,10769.2,5239.98
2022-07-25 04:42:09,10610.2,5399
2022-07-25 04:42:08,10691.5,5317.73
2022-07-25 04:42:07,10828.2,5180.95
2022-07-25 04:42:06,10943.5,5065.72
2022-07-25 04:42:05,9221.75,6787.43
2022-07-25 04:42:04,9222.74,6786.45
2022-07-25 04:42:03,9232.57,6776.62
2022-07-25 04:42:02,9258.03,6751.16
2022-07-25 04:42:01,9259.25,6749.93
2022-07-25 04:42:00,9302.77,6706.42
2022-07-25 04:41:59,9323.65,6685.54
2022-07-25 04:41:58,9473.99,6535.2
2022-07-25 04:41:57,9527.84,6481.35
2022-07-25 04:41:56,9543.68,6465.51
2022-07-25 04:41:55,9571.76,6437.43
2022-07-25 04:41:54,9616.07,6393.11
2022-07-25 04:41:53,9661.76,6347.43
2022-07-25 04:41:52,9690.1,6319.09
2022-07-25 04:41:51,9170.91,6838.28
2022-07-25 04:41:50,9172.22,6836.97
2022-07-25 04:41:49,9172.65,6836.54
2022-07-25 04:41:48,9170.35,6838.84
2022-07-25 04:41:47,9173.78,6835.41
2022-07-25 04:41:46,9172.98,6836.2
2022-07-25 04:41:45,9174.61,6834.57
2022-07-25 04:41:44,9181.14,6828.05
2022-07-25 04:41:43,9181.24,6827.95
2022-07-25 04:41:42,9184,6825.19
2022-07-25 04:41:41,9185.84,6823.35
2022-07-25 04:41:40,9206.26,6802.93
2022-07-25 04:41:39,9206.5,6802.69
2022-07-25 04:41:38,9206.41,6802.77
2022-07-25 04:41:37,9232.13,6777.06
2022-07-25 04:41:36,9235.36,6773.82
2022-07-25 04:41:35,9237.07,6772.12
2022-07-25 04:41:34,9271,6738.19
2022-07-25 04:41:33,9260,6749.18
2022-07-25 04:41:32,9357.32,6651.87
2022-07-25 04:41:31,9378.68,6630.5
2022-07-25 04:41:30,9527.77,6481.42
2022-07-25 04:41:29,9595.27,6413.92
2022-07-25 04:41:28,9682.04,6327.14
2022-07-25 04:41:27,9761.81,6247.38
2022-07-25 04:41:26,9952.61,6056.58
2022-07-25 04:41:25,10219.7,5789.45
2022-07-25 04:41:24,10748.8,5260.39
2022-07-25 04:41:23,10922.9,5086.24
2022-07-25 04:41:22,10407.6,5601.54
2022-07-25 04:41:21,10536.5,5472.68
2022-07-25 04:41:20,10620.2,5389
2022-07-25 04:41:19,10736.5,5272.7
2022-07-25 04:41:18,10230.1,5779.05
2022-07-25 04:41:17,9128.22,6880.96
2022-07-25 04:41:16,9128.5,6880.68
2022-07-25 04:41:15,9150.77,6858.42
2022-07-25 04:41:14,9153.7,6855.49
2022-07-25 04:41:13,9178.52,6830.67
2022-07-25 04:41:12,9206.62,6802.57
2022-07-25 04:41:11,9238.82,6770.36
2022-07-25 04:41:10,9422.72,6586.47
2022-07-25 04:41:09,9440.28,6568.91
2022-07-25 04:41:08,9466.69,6542.5
2022-07-25 04:41:07,9486.18,6523.01
2022-07-25 04:41:06,9534.25,6474.93
2022-07-25 04:41:05,9582.36,6426.83
2022-07-25 04:41:04,8959.03,7050.16
2022-07-25 04:41:03,8962.97,7046.22
2022-07-25 04:41:02,8961.96,7047.23
2022-07-25 04:41:01,8962.95,7046.24
2022-07-25 04:41:00,8961.65,7047.54
2022-07-25 04:40:59,8962.97,7046.22
2022-07-25 04:40:58,8963.05,7046.14
2022-07-25 04:40:57,8962.28,7046.9
2022-07-25 04:40:56,8963.29,7045.89
2022-07-25 04:40:55,8962.16,7047.03
2022-07-25 04:40:54,8961.78,7047.4
2022-07-25 04:40:53,8975.26,7033.93
2022-07-25 04:40:52,8975.11,7034.08
2022-07-25 04:40:51,8975.63,7033.55
2022-07-25 04:40:50,8975.56,7033.62
2022-07-25 04:40:49,8993.08,7016.11
2022-07-25 04:40:48,8994.95,7014.23
2022-07-25 04:40:47,8994.46,7014.73
2022-07-25 04:40:46,9017.53,6991.66
2022-07-25 04:40:45,9017.38,6991.81
2022-07-25 04:40:44,9064.6,6944.59
2022-07-25 04:40:43,9097.34,6911.84
2022-07-25 04:40:42,9408.03,6601.16
2022-07-25 04:40:41,9557.75,6451.43
2022-07-25 04:40:40,9662.57,6346.61
2022-07-25 04:40:39,9992.16,6017.03
2022-07-25 04:40:38,10227.8,5781.4
2022-07-25 04:40:37,10427.6,5581.55
2022-07-25 04:40:36,10751.3,5257.87
2022-07-25 04:40:35,10911.7,5097.5
2022-07-25 04:40:34,10457.3,5551.88
2022-07-25 04:40:33,10585.8,5423.4
2022-07-25 04:40:32,10692.5,5316.65
2022-07-25 04:40:31,10338.2,5671.01
2022-07-25 04:40:30,9774.91,6234.27
2022-07-25 04:40:29,9158.5,6850.69
2022-07-25 04:40:28,9162.29,6846.9
2022-07-25 04:40:27,9167.08,6842.11
2022-07-25 04:40:26,9203.36,6805.82
2022-07-25 04:40:25,9209.2,6799.99
2022-07-25 04:40:24,9515,6494.18
2022-07-25 04:40:23,9601.18,6408.01
2022-07-25 04:40:22,9646.75,6362.44
2022-07-25 04:40:21,9684.8,6324.38
2022-07-25 04:40:20,9725.2,6283.99
2022-07-25 04:40:19,9768.73,6240.46
2022-07-25 04:40:18,9806.28,6202.91
2022-07-25 04:40:17,9305.37,6703.82
2022-07-25 04:40:16,9305.94,6703.25
2022-07-25 04:40:15,9307.55,6701.64
2022-07-25 04:40:14,9306.85,6702.34
2022-07-25 04:40:13,9315.94,6693.25
2022-07-25 04:40:12,9320.91,6688.28
2022-07-25 04:40:11,9320.41,6688.77
2022-07-25 04:40:10,9330.96,6678.23
2022-07-25 04:40:09,9331.05,6678.14
2022-07-25 04:40:08,9333.57,6675.62
2022-07-25 04:40:07,9344.59,6664.59
2022-07-25 04:40:06,9346.69,6662.5
2022-07-25 04:40:05,9361.54,6647.65
2022-07-25 04:40:04,9378.64,6630.55
2022-07-25 04:40:03,9397.17,6612.02
2022-07-25 04:40:02,9421.52,6587.67
2022-07-25 04:40:01,9443.33,6565.86
2022-07-25 04:40:00,9460.75,6548.44
2022-07-25 04:39:59,9492.15,6517.04
2022-07-25 04:39:58,9518.82,6490.36
2022-07-25 04:39:57,9561.04,6448.15
2022-07-25 04:39:56,9637.18,6372
2022-07-25 04:39:55,9657.44,6351.75
2022-07-25 04:39:54,9849.07,6160.11
2022-07-25 04:39:53,9929.45,6079.73
2022-07-25 04:39:52,10153.5,5855.65
2022-07-25 04:39:51,10251.9,5757.3
2022-07-25 04:39:50,10408.3,5600.91
2022-07-25 04:39:49,10689.1,5320.07
2022-07-25 04:39:48,10892,5117.19
2022-07-25 04:39:47,11100.4,4908.8
2022-07-25 04:39:46,10694.7,5314.51
2022-07-25 04:39:45,10791.7,5217.52
2022-07-25 04:39:44,10379.2,5629.95
2022-07-25 04:39:43,10455.8,5553.41
2022-07-25 04:39:42,9883.63,6125.55
2022-07-25 04:39:41,9897.94,6111.25
2022-07-25 04:39:40,9397.08,6612.11
2022-07-25 04:39:39,9401.63,6607.56
2022-07-25 04:39:38,9427.42,6581.77
2022-07-25 04:39:37,9457.54,6551.65
2022-07-25 04:39:36,9616.94,6392.25
2022-07-25 04:39:35,9651.26,6357.93
2022-07-25 04:39:34,9675.9,6333.29
2022-07-25 04:39:33,9697.23,6311.96
2022-07-25 04:39:32,9754.54,6254.64
2022-07-25 04:39:31,9804.23,6204.95
2022-07-25 04:39:30,9819.4,6189.78
2022-07-25 04:39:29,9320.48,6688.71
2022-07-25 04:39:28,9322.96,6686.22
2022-07-25 04:39:27,9330.57,6678.61
2022-07-25 04:39:26,9339.02,6670.17
2022-07-25 04:39:25,9340.96,6668.23
2022-07-25 04:39:24,9348.71,6660.48
2022-07-25 04:39:23,9357.93,6651.26
2022-07-25 04:39:22,9370.32,6638.87
2022-07-25 04:39:21,9370.43,6638.76
2022-07-25 04:39:20,9397.37,6611.81
2022-07-25 04:39:19,9411.95,6597.24
2022-07-25 04:39:18,9417.32,6591.86
2022-07-25 04:39:17,9447.08,6562.11
2022-07-25 04:39:16,9462.27,6546.91
2022-07-25 04:39:15,9464.13,6545.05
2022-07-25 04:39:14,9518.74,6490.45
2022-07-25 04:39:13,9521.01,6488.18
2022-07-25 04:39:12,9542.57,6466.61
2022-07-25 04:39:11,9570.63,6438.56
2022-07-25 04:39:10,9575.62,6433.57
2022-07-25 04:39:09,9644.57,6364.62
2022-07-25 04:39:08,9678.76,6330.43
2022-07-25 04:39:07,9864.7,6144.49
2022-07-25 04:39:06,9958.51,6050.68
2022-07-25 04:39:05,10055,5954.22
2022-07-25 04:39:04,10213.5,5795.71
2022-07-25 04:39:03,10547.3,5461.86
2022-07-25 04:39:02,10689.3,5319.87
2022-07-25 04:39:01,10833.6,5175.55
2022-07-25 04:39:00,10572.8,5436.38
2022-07-25 04:38:59,10675.8,5333.36
2022-07-25 04:38:58,10762.1,5247.12
2022-07-25 04:38:57,10317.8,5691.41
2022-07-25 04:38:56,10432.2,5577
2022-07-25 04:38:55,9965.95,6043.23
2022-07-25 04:38:54,9478.3,6530.89
2022-07-25 04:38:53,9497.55,6511.63
2022-07-25 04:38:52,9495.27,6513.92
2022-07-25 04:38:51,9496.49,6512.7
2022-07-25 04:38:50,9498.66,6510.52
2022-07-25 04:38:49,9512.16,6497.03
2022-07-25 04:38:48,9545.91,6463.28
2022-07-25 04:38:47,9668.94,6340.24
2022-07-25 04:38:46,9765.76,6243.43
2022-07-25 04:38:45,9788.2,6220.99
2022-07-25 04:38:44,9818.81,6190.38
2022-07-25 04:38:43,9852.1,6157.09
2022-07-25 04:38:42,9902.16,6107.02
2022-07-25 04:38:41,9946.55,6062.64
2022-07-25 04:38:40,9674.99,6334.2
2022-07-25 04:38:39,9432.23,6576.96
2022-07-25 04:38:38,9445.36,6563.83
2022-07-25 04:38:37,9446.41,6562.78
2022-07-25 04:38:36,9452.24,6556.95
2022-07-25 04:38:35,9465.7,6543.49
2022-07-25 04:38:34,9475.2,6533.99
2022-07-25 04:38:33,9477.3,6531.88
2022-07-25 04:38:32,9503.38,6505.8
2022-07-25 04:38:31,9526.57,6482.62
2022-07-25 04:38:30,9526.47,6482.71
2022-07-25 04:38:29,9562.73,6446.45
2022-07-25 04:38:28,9598.99,6410.2
2022-07-25 04:38:27,9598.77,6410.41
2022-07-25 04:38:26,9641.13,6368.05
2022-07-25 04:38:25,9672.23,6336.95
2022-07-25 04:38:24,9701,6308.18
2022-07-25 04:38:23,9723.36,6285.83
2022-07-25 04:38:22,9809.64,6199.55
2022-07-25 04:38:21,9820.16,6189.02
2022-07-25 04:38:20,9984.1,6025.09
2022-07-25 04:38:19,10093.3,5915.93
2022-07-25 04:38:18,10122,5887.17
2022-07-25 04:38:17,10347.4,5661.75
2022-07-25 04:38:16,10452.3,5556.89
2022-07-25 04:38:15,10558.1,5451.11
2022-07-25 04:38:14,10884.8,5124.34
2022-07-25 04:38:13,11012.3,4996.9
2022-07-25 04:38:12,10559,5450.16
2022-07-25 04:38:11,10657.2,5352
2022-07-25 04:38:10,10750.5,5258.73
2022-07-25 04:38:09,10348.2,5660.96
2022-07-25 04:38:08,10430.7,5578.51
2022-07-25 04:38:07,9204.43,6804.76
2022-07-25 04:38:06,9232,6777.18
2022-07-25 04:38:05,9233.48,6775.7
2022-07-25 04:38:04,9234.02,6775.16
2022-07-25 04:38:03,9260.74,6748.45
2022-07-25 04:38:02,9264.63,6744.56
2022-07-25 04:38:01,9276.89,6732.29
2022-07-25 04:38:00,9321.58,6687.61
2022-07-25 04:37:59,9347.34,6661.84
2022-07-25 04:37:58,9543.34,6465.84
2022-07-25 04:37:57,9560.48,6448.71
2022-07-25 04:37:56,9588.66,6420.53
2022-07-25 04:37:55,9614.4,6394.79
2022-07-25 04:37:54,9663.86,6345.33
2022-07-25 04:37:53,9706.47,6302.72
2022-07-25 04:37:52,9195.57,6813.62
2022-07-25 04:37:51,9195.93,6813.25
2022-07-25 04:37:50,9197.94,6811.25
2022-07-25 04:37:49,9197.86,6811.33
2022-07-25 04:37:48,9204.78,6804.41
2022-07-25 04:37:47,9206.3,6802.89
2022-07-25 04:37:46,9208.11,6801.08
2022-07-25 04:37:45,9207.96,6801.23
2022-07-25 04:37:44,9238.6,6770.59
2022-07-25 04:37:43,9239.14,6770.05
2022-07-25 04:37:42,9240.3,6768.89
2022-07-25 04:37:41,9261.54,6747.64
2022-07-25 04:37:40,9286.65,6722.54
2022-07-25 04:37:39,9288.02,6721.17
2022-07-25 04:37:38,9321.26,6687.93
2022-07-25 04:37:37,9344.89,6664.29
2022-07-25 04:37:36,9374.53,6634.66
2022-07-25 04:37:35,9401.55,6607.64
2022-07-25 04:37:34,9566.86,6442.33
2022-07-25 04:37:33,9654.48,6354.7
2022-07-25 04:37:32,9661.35,6347.84
2022-07-25 04:37:31,9716.54,6292.65
2022-07-25 04:37:30,9865.45,6143.73
2022-07-25 04:37:29,10052.3,5956.93
2022-07-25 04:37:28,10149.9,5859.3
2022-07-25 04:37:27,10701.6,5307.6
2022-07-25 04:37:26,10390.6,5618.59
2022-07-25 04:37:25,10525.3,5483.92
2022-07-25 04:37:24,10625.6,5383.63
2022-07-25 04:37:23,10689,5320.14
2022-07-25 04:37:22,10829.6,5179.56
2022-07-25 04:37:21,10945.9,5063.32
2022-07-25 04:37:20,9765.75,6243.43
2022-07-25 04:37:19,9267.24,6741.95
2022-07-25 04:37:18,9270.16,6739.03
2022-07-25 04:37:17,9286.93,6722.26
2022-07-25 04:37:16,9290.03,6719.16
2022-07-25 04:37:15,9291.49,6717.7
2022-07-25 04:37:14,9303.06,6706.13
2022-07-25 04:37:13,9302.57,6706.62
2022-07-25 04:37:12,9343.7,6665.48
2022-07-25 04:37:11,9356.42,6652.77
2022-07-25 04:37:10,9491.94,6517.25
2022-07-25 04:37:09,9584.06,6425.12
2022-07-25 04:37:08,9605.63,6403.56
2022-07-25 04:37:07,9630.79,6378.4
2022-07-25 04:37:06,9676.33,6332.86
2022-07-25 04:37:05,9729.48,6279.7
2022-07-25 04:37:04,9746,6263.19
2022-07-25 04:37:03,9253.32,6755.87
2022-07-25 04:37:02,9258.89,6750.3
2022-07-25 04:37:01,9260.35,6748.84
2022-07-25 04:37:00,9262.22,6746.97
2022-07-25 04:36:59,9270.34,6738.85
2022-07-25 04:36:58,9270.32,6738.86
2022-07-25 04:36:57,9269.81,6739.37
2022-07-25 04:36:56,9279.93,6729.26
2022-07-25 04:36:55,9276.09,6733.1
2022-07-25 04:36:54,9289.49,6719.7
2022-07-25 04:36:53,9291.97,6717.21
2022-07-25 04:36:52,9294.14,6715.05
2022-07-25 04:36:51,9355.68,6653.51
2022-07-25 04:36:50,9348.97,6660.22
2022-07-25 04:36:49,9363.73,6645.46
2022-07-25 04:36:48,9434.32,6574.87
2022-07-25 04:36:47,9448.28,6560.91
2022-07-25 04:36:46,9627.5,6381.68
2022-07-25 04:36:45,9692.46,6316.73
2022-07-25 04:36:44,9709.83,6299.36
2022-07-25 04:36:43,9763.87,6245.32
2022-07-25 04:36:42,9901.07,6108.12
2022-07-25 04:36:41,10062.4,5946.8
2022-07-25 04:36:40,10363.1,5646.07
2022-07-25 04:36:39,10831.5,5177.69
2022-07-25 04:36:38,10478.9,5530.33
2022-07-25 04:36:37,10549.1,5460.1
2022-07-25 04:36:36,10646,5363.22
2022-07-25 04:36:35,10747.8,5261.41
2022-07-25 04:36:34,10871.6,5137.55
2022-07-25 04:36:33,10427.1,5582.13
2022-07-25 04:36:32,9285.24,6723.95
2022-07-25 04:36:31,9287.84,6721.34
2022-07-25 04:36:30,9290.37,6718.82
2022-07-25 04:36:29,9319.54,6689.65
2022-07-25 04:36:28,9322.21,6686.97
2022-07-25 04:36:27,9324.76,6684.43
2022-07-25 04:36:26,9368.58,6640.61
2022-07-25 04:36:25,9369.55,6639.64
2022-07-25 04:36:24,9417.11,6592.08
2022-07-25 04:36:23,9431.93,6577.26
2022-07-25 04:36:22,9569.29,6439.9
2022-07-25 04:36:21,9625.98,6383.21
2022-07-25 04:36:20,9639.55,6369.64
2022-07-25 04:36:19,9684.68,6324.51
2022-07-25 04:36:18,9729.43,6279.76
2022-07-25 04:36:17,9776.18,6233.01
2022-07-25 04:36:16,9800.77,6208.42
2022-07-25 04:36:15,9177.76,6831.43
2022-07-25 04:36:14,9177.94,6831.25
2022-07-25 04:36:13,9179.78,6829.41
2022-07-25 04:36:12,9189.06,6820.13
2022-07-25 04:36:11,9188.98,6820.21
2022-07-25 04:36:10,9188.07,6821.12
2022-07-25 04:36:09,9199.52,6809.67
2022-07-25 04:36:08,9206.37,6802.82
2022-07-25 04:36:07,9219.61,6789.58
2022-07-25 04:36:06,9220.29,6788.9
2022-07-25 04:36:05,9247.24,6761.95
2022-07-25 04:36:04,9286.07,6723.12
2022-07-25 04:36:03,9287.51,6721.68
2022-07-25 04:36:02,9338.57,6670.61
2022-07-25 04:36:01,9347.37,6661.82
2022-07-25 04:36:00,9379.79,6629.39
2022-07-25 04:35:59,9447.5,6561.69
2022-07-25 04:35:58,9467.39,6541.79
2022-07-25 04:35:57,9725.55,6283.64
2022-07-25 04:35:56,9744.94,6264.25
2022-07-25 04:35:55,9827.25,6181.94
2022-07-25 04:35:54,10023.3,5985.88
2022-07-25 04:35:53,10110.9,5898.31
2022-07-25 04:35:52,10350.7,5658.47
2022-07-25 04:35:51,10465,5544.16
2022-07-25 04:35:50,9923.4,6085.79
2022-07-25 04:35:49,10273.6,5735.61
2022-07-25 04:35:48,10402.8,5606.43
2022-07-25 04:35:47,10512,5497.14
2022-07-25 04:35:46,10060.3,5948.89
2022-07-25 04:35:45,10106.4,5902.75
2022-07-25 04:35:44,9532.22,6476.97
2022-07-25 04:35:43,9545.96,6463.23
2022-07-25 04:35:42,9037.66,6971.53
2022-07-25 04:35:41,9038.05,6971.13
2022-07-25 04:35:40,9039.44,6969.75
2022-07-25 04:35:39,9040.86,6968.32
2022-07-25 04:35:38,9042.89,6966.3
2022-07-25 04:35:37,9044.59,6964.6
2022-07-25 04:35:36,9091.66,6917.53
2022-07-25 04:35:35,9094.59,6914.59
2022-07-25 04:35:34,9352.98,6656.21
2022-07-25 04:35:33,9473.21,6535.98
2022-07-25 04:35:32,9525.35,6483.84
2022-07-25 04:35:31,9566.25,6442.93
2022-07-25 04:35:30,9608.13,6401.06
2022-07-25 04:35:29,9655.31,6353.88
2022-07-25 04:35:28,9684.24,6324.94
2022-07-25 04:35:27,9162.99,6846.2
2022-07-25 04:35:26,9165.08,6844.11
2022-07-25 04:35:25,9167.86,6841.33
2022-07-25 04:35:24,9167.77,6841.41
2022-07-25 04:35:23,9168.47,6840.72
2022-07-25 04:35:22,9170.28,6838.91
2022-07-25 04:35:21,9184.68,6824.51
2022-07-25 04:35:20,9185.51,6823.68
2022-07-25 04:35:19,9185.97,6823.22
2022-07-25 04:35:18,9184.34,6824.84
2022-07-25 04:35:17,9206.74,6802.45
2022-07-25 04:35:16,9196.48,6812.7
2022-07-25 04:35:15,9197.28,6811.91
2022-07-25 04:35:14,9221.86,6787.33
2022-07-25 04:35:13,9221.86,6787.32
2022-07-25 04:35:12,9224.27,6784.92
2022-07-25 04:35:11,9328,6681.18
2022-07-25 04:35:10,9330.24,6678.95
2022-07-25 04:35:09,9404.98,6604.2
2022-07-25 04:35:08,9758.27,6250.91
2022-07-25 04:35:07,9857.09,6152.09
2022-07-25 04:35:06,10072.6,5936.64
2022-07-25 04:35:05,10435.7,5573.47
2022-07-25 04:35:04,10577.4,5431.75
2022-07-25 04:35:03,10698.2,5310.98
2022-07-25 04:35:02,10793,5216.18
2022-07-25 04:35:01,10993.8,5015.42
2022-07-25 04:35:00,11198.3,4810.93
2022-07-25 04:34:59,10155.3,5853.87
2022-07-25 04:34:58,9677.35,6331.84
2022-07-25 04:34:57,9723.13,6286.05
2022-07-25 04:34:56,9783.24,6225.95
2022-07-25 04:34:55,9792.22,6216.97
2022-07-25 04:34:54,9292.86,6716.33
2022-07-25 04:34:53,9298.6,6710.59
2022-07-25 04:34:52,9298.85,6710.34
2022-07-25 04:34:51,9335.94,6673.25
2022-07-25 04:34:50,9334.73,6674.46
2022-07-25 04:34:49,9358.51,6650.68
2022-07-25 04:34:48,9406.4,6602.78
2022-07-25 04:34:47,9546.01,6463.18
2022-07-25 04:34:46,9634.28,6374.91
2022-07-25 04:34:45,9654.04,6355.14
2022-07-25 04:34:44,9687.57,6321.61
2022-07-25 04:34:43,9731.1,6278.09
2022-07-25 04:34:42,9771.6,6237.59
2022-07-25 04:34:41,9815.62,6193.57
2022-07-25 04:34:40,9321.71,6687.48
2022-07-25 04:34:39,9322.9,6686.29
2022-07-25 04:34:38,9336.93,6672.25
2022-07-25 04:34:37,9338.62,6670.57
2022-07-25 04:34:36,9340.25,6668.93
2022-07-25 04:34:35,9342.74,6666.45
2022-07-25 04:34:34,9375.75,6633.44
2022-07-25 04:34:33,9376.2,6632.99
2022-07-25 04:34:32,9376.54,6632.65
2022-07-25 04:34:31,9407.71,6601.48
2022-07-25 04:34:30,9416.9,6592.28
2022-07-25 04:34:29,9430.34,6578.85
2022-07-25 04:34:28,9454.68,6554.51
2022-07-25 04:34:27,9461.76,6547.43
2022-07-25 04:34:26,9479.35,6529.84
2022-07-25 04:34:25,9505.76,6503.43
2022-07-25 04:34:24,9540.91,6468.28
2022-07-25 04:34:23,9542.21,6466.97
2022-07-25 04:34:22,9634.57,6374.62
2022-07-25 04:34:21,9675.42,6333.77
2022-07-25 04:34:20,9865.02,6144.16
2022-07-25 04:34:19,10233.3,5775.93
2022-07-25 04:34:18,10314.9,5694.25
2022-07-25 04:34:17,10580.5,5428.66
2022-07-25 04:34:16,10688.4,5320.81
2022-07-25 04:34:15,10762.4,5246.79
2022-07-25 04:34:14,10997.9,5011.32
2022-07-25 04:34:13,11133.7,4875.53
2022-07-25 04:34:12,11274.6,4734.59
2022-07-25 04:34:11,10099,5910.17
2022-07-25 04:34:10,10195.8,5813.41
2022-07-25 04:34:09,9636.37,6372.81
2022-07-25 04:34:08,9638.09,6371.1
2022-07-25 04:34:07,9135.41,6873.77
2022-07-25 04:34:06,9142.15,6867.04
2022-07-25 04:34:05,9143.56,6865.63
2022-07-25 04:34:04,9168.54,6840.65
2022-07-25 04:34:03,9168.94,6840.25
2022-07-25 04:34:02,9205.85,6803.34
2022-07-25 04:34:01,9210.79,6798.39
2022-07-25 04:34:00,9368.81,6640.38
2022-07-25 04:33:59,9411.12,6598.07
2022-07-25 04:33:58,9430.55,6578.63
2022-07-25 04:33:57,9455.11,6554.08
2022-07-25 04:33:56,9498.66,6510.53
2022-07-25 04:33:55,9548.24,6460.95
2022-07-25 04:33:54,9046.13,6963.06
2022-07-25 04:33:53,9043.72,6965.47
2022-07-25 04:33:52,9044.09,6965.09
2022-07-25 04:33:51,9048.46,6960.73
2022-07-25 04:33:50,9048.21,6960.98
2022-07-25 04:33:49,9048.23,6960.95
2022-07-25 04:33:48,9046.18,6963.01
2022-07-25 04:33:47,9050.13,6959.06
2022-07-25 04:33:46,9049.31,6959.88
2022-07-25 04:33:45,9050.81,6958.38
2022-07-25 04:33:44,9052.07,6957.12
2022-07-25 04:33:43,9053.07,6956.12
2022-07-25 04:33:42,9052.97,6956.22
2022-07-25 04:33:41,9054.44,6954.75
2022-07-25 04:33:40,9056.27,6952.92
2022-07-25 04:33:39,9055.41,6953.77
2022-07-25 04:33:38,9055.08,6954.11
2022-07-25 04:33:37,9082.36,6926.82
2022-07-25 04:33:36,9083.27,6925.92
2022-07-25 04:33:35,9089.11,6920.08
2022-07-25 04:33:34,9234.42,6774.77
2022-07-25 04:33:33,9247.84,6761.35
2022-07-25 04:33:32,9643.85,6365.33
2022-07-25 04:33:31,9969.06,6040.12
2022-07-25 04:33:30,10137.6,5871.55
2022-07-25 04:33:29,10332.9,5676.29
2022-07-25 04:33:28,10445.6,5563.56
2022-07-25 04:33:27,10728.8,5280.43
2022-07-25 04:33:26,10938.2,5071.02
2022-07-25 04:33:25,11085.7,4923.5
2022-07-25 04:33:24,11238.4,4770.78
2022-07-25 04:33:23,10539.3,5469.85
2022-07-25 04:33:22,10389,5620.14
2022-07-25 04:33:21,9955.34,6053.85
2022-07-25 04:33:20,9359.72,6649.47
2022-07-25 04:33:19,9362.15,6647.04
2022-07-25 04:33:18,9383.34,6625.85
2022-07-25 04:33:17,9377.91,6631.28
2022-07-25 04:33:16,9393.79,6615.39
2022-07-25 04:33:15,9399.09,6610.09
2022-07-25 04:33:14,9424.62,6584.56
2022-07-25 04:33:13,9437.61,6571.58
2022-07-25 04:33:12,9601.47,6407.71
2022-07-25 04:33:11,9656.64,6352.55
2022-07-25 04:33:10,9678.78,6330.41
2022-07-25 04:33:09,9705.89,6303.3
2022-07-25 04:33:08,9753.26,6255.93
2022-07-25 04:33:07,9810.18,6199.01
2022-07-25 04:33:06,9196.53,6812.66
2022-07-25 04:33:05,9198.15,6811.04
2022-07-25 04:33:04,9199.28,6809.91
2022-07-25 04:33:03,9210.64,6798.55
2022-07-25 04:33:02,9212.53,6796.66
2022-07-25 04:33:01,9212.55,6796.63
2022-07-25 04:33:00,9221.32,6787.87
2022-07-25 04:32:59,9236.63,6772.56
2022-07-25 04:32:58,9236.89,6772.29
2022-07-25 04:32:57,9259.76,6749.43
2022-07-25 04:32:56,9276.59,6732.6
2022-07-25 04:32:55,9291.27,6717.92
2022-07-25 04:32:54,9318.21,6690.97
2022-07-25 04:32:53,9334.47,6674.72
2022-07-25 04:32:52,9354.07,6655.12
2022-07-25 04:32:51,9378.9,6630.28
2022-07-25 04:32:50,9394.4,6614.79
2022-07-25 04:32:49,9425.3,6583.88
2022-07-25 04:32:48,9450.27,6558.92
2022-07-25 04:32:47,9454.8,6554.39
2022-07-25 04:32:46,9511.61,6497.58
2022-07-25 04:32:45,9532.61,6476.58
2022-07-25 04:32:44,9599.85,6409.34
2022-07-25 04:32:43,9833.07,6176.11
2022-07-25 04:32:42,10041.3,5967.85
2022-07-25 04:32:41,10112.5,5896.67
2022-07-25 04:32:40,10387.2,5621.98
2022-07-25 04:32:39,10670.1,5339.06
2022-07-25 04:32:38,10802,5207.23
2022-07-25 04:32:37,10922.6,5086.62
2022-07-25 04:32:36,10742.8,5266.42
2022-07-25 04:32:35,10636.1,5373.06
2022-07-25 04:32:34,10736.3,5272.92
2022-07-25 04:32:33,10297.7,5711.46
2022-07-25 04:32:32,9174.63,6834.56
2022-07-25 04:32:31,9176.09,6833.09
2022-07-25 04:32:30,9166.73,6842.45
2022-07-25 04:32:29,9168.26,6840.93
2022-07-25 04:32:28,9199.55,6809.63
2022-07-25 04:32:27,9230.01,6779.18
2022-07-25 04:32:26,9309.08,6700.11
2022-07-25 04:32:25,9576.25,6432.94
2022-07-25 04:32:24,9651.36,6357.82
2022-07-25 04:32:23,9687.28,6321.9
2022-07-25 04:32:22,9705.13,6304.06
2022-07-25 04:32:21,9759.9,6249.29
2022-07-25 04:32:20,9811.61,6197.57
2022-07-25 04:32:19,9303.04,6706.15
2022-07-25 04:32:18,9304.97,6704.22
2022-07-25 04:32:17,9307.39,6701.8
2022-07-25 04:32:16,9311.73,6697.45
2022-07-25 04:32:15,9314.07,6695.12
2022-07-25 04:32:14,9313.02,6696.17
2022-07-25 04:32:13,9318.56,6690.63
2022-07-25 04:32:12,9319.31,6689.88
2022-07-25 04:32:11,9319.63,6689.56
2022-07-25 04:32:10,9323.17,6686.02
2022-07-25 04:32:09,9340.23,6668.96
2022-07-25 04:32:08,9341.39,6667.79
2022-07-25 04:32:07,9340.82,6668.37
2022-07-25 04:32:06,9388.88,6620.31
2022-07-25 04:32:05,9405.35,6603.84
2022-07-25 04:32:04,9407.51,6601.68
2022-07-25 04:32:03,9457.16,6552.03
2022-07-25 04:32:02,9474.82,6534.37
2022-07-25 04:32:01,9485.83,6523.36
2022-07-25 04:32:00,9534.88,6474.31
2022-07-25 04:31:59,9538.07,6471.11
2022-07-25 04:31:58,9604.93,6404.26
2022-07-25 04:31:57,9639.25,6369.93
2022-07-25 04:31:56,9792.7,6216.49
2022-07-25 04:31:55,9927.61,6081.57
2022-07-25 04:31:54,10017.3,5991.85
2022-07-25 04:31:53,10311.7,5697.47
2022-07-25 04:31:52,10455.6,5553.63
2022-07-25 04:31:51,10797.2,5211.98
2022-07-25 04:31:50,10914.7,5094.46
2022-07-25 04:31:49,11042.8,4966.39
2022-07-25 04:31:48,11180.1,4829.12
2022-07-25 04:31:47,10673.3,5335.91
2022-07-25 04:31:46,10781.9,5227.32
2022-07-25 04:31:45,9705.13,6304.06
2022-07-25 04:31:44,9116.43,6892.76
2022-07-25 04:31:43,9117,6892.18
2022-07-25 04:31:42,9118.51,6890.68
2022-07-25 04:31:41,9121.74,6887.45
2022-07-25 04:31:40,9153.46,6855.73
2022-07-25 04:31:39,9154.64,6854.55
2022-07-25 04:31:38,9178.76,6830.43
2022-07-25 04:31:37,9215.87,6793.32
2022-07-25 04:31:36,9340.42,6668.77
2022-07-25 04:31:35,9434.13,6575.06
2022-07-25 04:31:34,9445.47,6563.72
2022-07-25 04:31:33,9477.41,6531.78
2022-07-25 04:31:32,9506.29,6502.9
2022-07-25 04:31:31,9553.39,6455.8
2022-07-25 04:31:30,9593.71,6415.48
2022-07-25 04:31:29,8978.55,7030.64
2022-07-25 04:31:28,8979.63,7029.55
2022-07-25 04:31:27,8981.81,7027.38
2022-07-25 04:31:26,8981.48,7027.71
2022-07-25 04:31:25,8980.55,7028.63
2022-07-25 04:31:24,8979.45,7029.74
2022-07-25 04:31:23,8980.86,7028.33
2022-07-25 04:31:22,8979.96,7029.23
2022-07-25 04:31:21,8982.18,7027.01
2022-07-25 04:31:20,8981.36,7027.83
2022-07-25 04:31:19,8979.34,7029.85
2022-07-25 04:31:18,8981.26,7027.93
2022-07-25 04:31:17,8981.25,7027.94
2022-07-25 04:31:16,8980.23,7028.96
2022-07-25 04:31:15,8981.43,7027.76
2022-07-25 04:31:14,8981.08,7028.11
2022-07-25 04:31:13,8984.71,7024.48
2022-07-25 04:31:12,9047.91,6961.27
2022-07-25 04:31:11,9103.5,6905.69
2022-07-25 04:31:10,9098.09,6911.1
2022-07-25 04:31:09,9437.08,6572.11
2022-07-25 04:31:08,9568.39,6440.8
2022-07-25 04:31:07,9740.14,6269.04
2022-07-25 04:31:06,10006.6,6002.61
2022-07-25 04:31:05,10172.4,5836.81
2022-07-25 04:31:04,10363.2,5645.98
2022-07-25 04:31:03,10463.1,5546.05
2022-07-25 04:31:02,10589.8,5419.41
2022-07-25 04:31:01,10426.8,5582.42
2022-07-25 04:31:00,10590.4,5418.74
2022-07-25 04:30:59,10151.7,5857.52
2022-07-25 04:30:58,10188.2,5821.03
2022-07-25 04:30:57,9721.18,6288
2022-07-25 04:30:56,9776.23,6232.96
2022-07-25 04:30:55,9270.58,6738.61
2022-07-25 04:30:54,9271.48,6737.7
2022-07-25 04:30:53,9263.61,6745.58
2022-07-25 04:30:52,9266.43,6742.75
2022-07-25 04:30:51,9317.72,6691.47
2022-07-25 04:30:50,9323.79,6685.4
2022-07-25 04:30:49,9634.72,6374.47
2022-07-25 04:30:48,9712.84,6296.35
2022-07-25 04:30:47,9759.86,6249.32
2022-07-25 04:30:46,9789.78,6219.41
2022-07-25 04:30:45,9828.77,6180.42
2022-07-25 04:30:44,9873.95,6135.23
2022-07-25 04:30:43,9912.79,6096.4
2022-07-25 04:30:42,9398.64,6610.55
2022-07-25 04:30:41,9400.6,6608.59
2022-07-25 04:30:40,9402.16,6607.03
2022-07-25 04:30:39,9415.49,6593.7
2022-07-25 04:30:38,9420.24,6588.95
2022-07-25 04:30:37,9419.44,6589.74
2022-07-25 04:30:36,9443.38,6565.81
2022-07-25 04:30:35,9445.69,6563.5
2022-07-25 04:30:34,9462.91,6546.28
2022-07-25 04:30:33,9496.48,6512.71
2022-07-25 04:30:32,9497.64,6511.55
2022-07-25 04:30:31,9519.27,6489.92
2022-07-25 04:30:30,9555.06,6454.13
2022-07-25 04:30:29,9562.62,6446.57
2022-07-25 04:30:28,9589.72,6419.47
2022-07-25 04:30:27,9625.59,6383.59
2022-07-25 04:30:26,9647.64,6361.55
2022-07-25 04:30:25,9688.42,6320.77
2022-07-25 04:30:24,9695.11,6314.08
2022-07-25 04:30:23,9775.28,6233.91
2022-07-25 04:30:22,9830.37,6178.82
2022-07-25 04:30:21,9993.77,6015.42
2022-07-25 04:30:20,10051.9,5957.24
2022-07-25 04:30:19,10320.2,5689.02
2022-07-25 04:30:18,10407.2,5602.01
2022-07-25 04:30:17,10523.1,5486.14
2022-07-25 04:30:16,10848.9,5160.25
2022-07-25 04:30:15,10986.1,5023.09
2022-07-25 04:30:14,11090.3,4918.86
2022-07-25 04:30:13,10663,5346.19
2022-07-25 04:30:12,10799.8,5209.41
2022-07-25 04:30:11,10402.7,5606.48
2022-07-25 04:30:10,9313.48,6695.71
2022-07-25 04:30:09,9280.68,6728.51
2022-07-25 04:30:08,9309.12,6700.07
2022-07-25 04:30:07,9309.94,6699.25
2022-07-25 04:30:06,9309.64,6699.55
2022-07-25 04:30:05,9342.16,6667.02
2022-07-25 04:30:04,9344.56,6664.63
2022-07-25 04:30:03,9345.79,6663.4
2022-07-25 04:30:02,9400.34,6608.84
2022-07-25 04:30:01,9438.14,6571.05
2022-07-25 04:30:00,9623.87,6385.32
2022-07-25 04:29:59,9638.23,6370.96
2022-07-25 04:29:58,9673.05,6336.14
2022-07-25 04:29:57,9709.3,6299.89
2022-07-25 04:29:56,9754.74,6254.45
2022-07-25 04:29:55,9791.63,6217.56
2022-07-25 04:29:54,9187.92,6821.27
2022-07-25 04:29:53,9185.58,6823.61
2022-07-25 04:29:52,9187.78,6821.41
2022-07-25 04:29:51,9190.22,6818.97
2022-07-25 04:29:50,9201.06,6808.12
2022-07-25 04:29:49,9201.39,6807.79
2022-07-25 04:29:48,9203.61,6805.58
2022-07-25 04:29:47,9247,6762.18
2022-07-25 04:29:46,9248.38,6760.81
2022-07-25 04:29:45,9248.02,6761.17
2022-07-25 04:29:44,9300.73,6708.45
2022-07-25 04:29:43,9302.48,6706.71
2022-07-25 04:29:42,9315.13,6694.05
2022-07-25 04:29:41,9357.09,6652.1
2022-07-25 04:29:40,9359.71,6649.48
2022-07-25 04:29:39,9388.99,6620.2
2022-07-25 04:29:38,9415.46,6593.72
2022-07-25 04:29:37,9416.14,6593.05
2022-07-25 04:29:36,9498.1,6511.09
2022-07-25 04:29:35,9593.73,6415.45
2022-07-25 04:29:34,9743.02,6266.16
2022-07-25 04:29:33,9778.5,6230.68
2022-07-25 04:29:32,9941.49,6067.7
2022-07-25 04:29:31,10072.3,5936.85
2022-07-25 04:29:30,10310.4,5698.79
2022-07-25 04:29:29,10420.4,5588.78
2022-07-25 04:29:28,10663.1,5346.13
2022-07-25 04:29:27,10380.1,5629.1
2022-07-25 04:29:26,10512.1,5497.11
2022-07-25 04:29:25,10623.1,5386.07
2022-07-25 04:29:24,10188.4,5820.8
2022-07-25 04:29:23,9729.61,6279.58
2022-07-25 04:29:22,9786.16,6223.03
2022-07-25 04:29:21,9196.37,6812.81
2022-07-25 04:29:20,9197.61,6811.57
2022-07-25 04:29:19,9199.69,6809.5
2022-07-25 04:29:18,9197.25,6811.94
2022-07-25 04:29:17,9182.8,6826.38
2022-07-25 04:29:16,9222.04,6787.15
2022-07-25 04:29:15,9237.34,6771.85
2022-07-25 04:29:14,9295.74,6713.45
2022-07-25 04:29:13,9580.81,6428.38
2022-07-25 04:29:12,9659.94,6349.25
2022-07-25 04:29:11,9685.05,6324.14
2022-07-25 04:29:10,9726.46,6282.73
2022-07-25 04:29:09,9772.25,6236.94
2022-07-25 04:29:08,9823.98,6185.21
2022-07-25 04:29:07,9840.75,6168.44
2022-07-25 04:29:06,9336.79,6672.39
2022-07-25 04:29:05,9339.29,6669.89
2022-07-25 04:29:04,9338.06,6671.12
2022-07-25 04:29:03,9345.24,6663.95
2022-07-25 04:29:02,9347.97,6661.21
2022-07-25 04:29:01,9346.2,6662.99
2022-07-25 04:29:00,9357.09,6652.1
2022-07-25 04:28:59,9359.13,6650.06
2022-07-25 04:28:58,9360.2,6648.98
2022-07-25 04:28:57,9370.05,6639.14
2022-07-25 04:28:56,9370.78,6638.41
2022-07-25 04:28:55,9373.18,6636
2022-07-25 04:28:54,9388.87,6620.32
2022-07-25 04:28:53,9403.04,6606.15
2022-07-25 04:28:52,9405.36,6603.83
2022-07-25 04:28:51,9423.87,6585.32
2022-07-25 04:28:50,9472.25,6536.94
2022-07-25 04:28:49,9531.36,6477.83
2022-07-25 04:28:48,9554.67,6454.52
2022-07-25 04:28:47,9575.8,6433.39
2022-07-25 04:28:46,9686.29,6322.9
2022-07-25 04:28:45,9760.45,6248.74
2022-07-25 04:28:44,10020.9,5988.25
2022-07-25 04:28:43,10345.8,5663.39
2022-07-25 04:28:42,10454.8,5554.37
2022-07-25 04:28:41,10779.1,5230.07
2022-07-25 04:28:40,10891.6,5117.59
2022-07-25 04:28:39,11000.3,5008.86
2022-07-25 04:28:38,11151.6,4857.57
2022-07-25 04:28:37,11298.9,4710.28
2022-07-25 04:28:36,10287.5,5721.7
2022-07-25 04:28:35,9090.82,6918.37
2022-07-25 04:28:34,9092.02,6917.16
2022-07-25 04:28:33,9097.41,6911.78
2022-07-25 04:28:32,9115.27,6893.91
2022-07-25 04:28:31,9116.36,6892.83
2022-07-25 04:28:30,9119.84,6889.34
2022-07-25 04:28:29,9134.5,6874.69
2022-07-25 04:28:28,9134.52,6874.67
2022-07-25 04:28:27,9179.89,6829.3
2022-07-25 04:28:26,9200.25,6808.93
2022-07-25 04:28:25,9353.76,6655.43
2022-07-25 04:28:24,9407,6602.19
2022-07-25 04:28:23,9426.32,6582.87
2022-07-25 04:28:22,9451.33,6557.86
2022-07-25 04:28:21,9493.85,6515.34
2022-07-25 04:28:20,9537.59,6471.59
2022-07-25 04:28:19,9564.29,6444.89
2022-07-25 04:28:18,9039.43,6969.75
2022-07-25 04:28:17,9041.58,6967.61
2022-07-25 04:28:16,9043.93,6965.26
2022-07-25 04:28:15,9044.27,6964.92
2022-07-25 04:28:14,9045.72,6963.46
2022-07-25 04:28:13,9046.27,6962.92
2022-07-25 04:28:12,9044.95,6964.24
2022-07-25 04:28:11,9045.82,6963.37
2022-07-25 04:28:10,9046.45,6962.74
2022-07-25 04:28:09,9046.27,6962.92
2022-07-25 04:28:08,9047.74,6961.45
2022-07-25 04:28:07,9047.14,6962.05
2022-07-25 04:28:06,9049.51,6959.68
2022-07-25 04:28:05,9071.01,6938.18
2022-07-25 04:28:04,9079,6930.19
2022-07-25 04:28:03,9082.37,6926.82
2022-07-25 04:28:02,9086.15,6923.04
2022-07-25 04:28:01,9128.13,6881.06
2022-07-25 04:28:00,9130.44,6878.75
2022-07-25 04:27:59,9298.84,6710.34
2022-07-25 04:27:58,9337.61,6671.57
2022-07-25 04:27:57,9413.22,6595.97
2022-07-25 04:27:56,10112.8,5896.36
2022-07-25 04:27:55,10260.3,5748.85
2022-07-25 04:27:54,10642.5,5366.7
2022-07-25 04:27:53,10798.7,5210.46
2022-07-25 04:27:52,10937.2,5071.96
2022-07-25 04:27:51,11043.5,4965.7
2022-07-25 04:27:50,11182.8,4826.38
2022-07-25 04:27:49,11356.2,4652.98
2022-07-25 04:27:48,9788.46,6220.73
2022-07-25 04:27:47,9173.3,6835.89
2022-07-25 04:27:46,9175.34,6833.84
2022-07-25 04:27:45,9177.68,6831.51
2022-07-25 04:27:44,9190.25,6818.93
2022-07-25 04:27:43,9190.87,6818.32
2022-07-25 04:27:42,9194.86,6814.32
2022-07-25 04:27:41,9239.6,6769.58
2022-07-25 04:27:40,9235.91,6773.27
2022-07-25 04:27:39,9240.17,6769.02
2022-07-25 04:27:38,9302.66,6706.53
2022-07-25 04:27:37,9328.48,6680.71
2022-07-25 04:27:36,9505.73,6503.45
2022-07-25 04:27:35,9538.48,6470.7
2022-07-25 04:27:34,9569.87,6439.32
2022-07-25 04:27:33,9590.04,6419.14
2022-07-25 04:27:32,9636.77,6372.41
2022-07-25 04:27:31,9684.81,6324.38
2022-07-25 04:27:30,9701.98,6307.21
2022-07-25 04:27:29,9081.81,6927.38
2022-07-25 04:27:28,9094.35,6914.84
2022-07-25 04:27:27,9093.36,6915.83
2022-07-25 04:27:26,9095.43,6913.76
2022-07-25 04:27:25,9096.79,6912.4
2022-07-25 04:27:24,9113.41,6895.77
2022-07-25 04:27:23,9113.14,6896.04
2022-07-25 04:27:22,9130.13,6879.05
2022-07-25 04:27:21,9149.31,6859.87
2022-07-25 04:27:20,9151.13,6858.06
2022-07-25 04:27:19,9176.7,6832.49
2022-07-25 04:27:18,9193.76,6815.43
2022-07-25 04:27:17,9194.14,6815.05
2022-07-25 04:27:16,9229.64,6779.55
2022-07-25 04:27:15,9252.47,6756.72
2022-07-25 04:27:14,9230.04,6779.15
2022-07-25 04:27:13,9301.79,6707.4
2022-07-25 04:27:12,9324.56,6684.63
2022-07-25 04:27:11,9520,6489.19
2022-07-25 04:27:10,9606.15,6403.04
2022-07-25 04:27:09,9788.71,6220.48
2022-07-25 04:27:08,9903.74,6105.45
2022-07-25 04:27:07,10200,5809.23
2022-07-25 04:27:06,10383,5626.15
2022-07-25 04:27:05,10768.7,5240.51
2022-07-25 04:27:04,10904.8,5104.41
2022-07-25 04:27:03,10501.2,5507.95
2022-07-25 04:27:02,10616.2,5392.94
2022-07-25 04:27:01,10713.1,5296.11
2022-07-25 04:27:00,9651.9,6357.29
2022-07-25 04:26:59,9351.03,6658.16
2022-07-25 04:26:58,9049.66,6959.53
2022-07-25 04:26:57,9036.18,6973
2022-07-25 04:26:56,9037.24,6971.94
2022-07-25 04:26:55,9039.78,6969.4
2022-07-25 04:26:54,9040.24,6968.94
2022-07-25 04:26:53,9042,6967.19
2022-07-25 04:26:52,9043.88,6965.3
2022-07-25 04:26:51,9042.91,6966.28
2022-07-25 04:26:50,9073.68,6935.51
2022-07-25 04:26:49,9076.39,6932.8
2022-07-25 04:26:48,9305.39,6703.8
2022-07-25 04:26:47,9439.77,6569.41
2022-07-25 04:26:46,9522.74,6486.45
2022-07-25 04:26:45,9557.33,6451.86
2022-07-25 04:26:44,9586.45,6422.74
2022-07-25 04:26:43,9631.91,6377.27
2022-07-25 04:26:42,9677.88,6331.31
2022-07-25 04:26:41,9170.18,6839.01
2022-07-25 04:26:40,9173.17,6836.02
2022-07-25 04:26:39,9174.39,6834.8
2022-07-25 04:26:38,9174.41,6834.78
2022-07-25 04:26:37,9176.41,6832.77
2022-07-25 04:26:36,9180.23,6828.95
2022-07-25 04:26:35,9183.84,6825.34
2022-07-25 04:26:34,9195.57,6813.62
2022-07-25 04:26:33,9219.04,6790.14
2022-07-25 04:26:32,9219.22,6789.97
2022-07-25 04:26:31,9224.65,6784.54
2022-07-25 04:26:30,9265.16,6744.02
2022-07-25 04:26:29,9267.59,6741.6
2022-07-25 04:26:28,9266.16,6743.03
2022-07-25 04:26:27,9319.17,6690.02
2022-07-25 04:26:26,9319.61,6689.58
2022-07-25 04:26:25,9320.27,6688.92
2022-07-25 04:26:24,9397.43,6611.76
2022-07-25 04:26:23,9473.49,6535.69
2022-07-25 04:26:22,9685.85,6323.34
2022-07-25 04:26:21,9955.67,6053.52
2022-07-25 04:26:20,10110.1,5899.04
2022-07-25 04:26:19,10393,5616.17
2022-07-25 04:26:18,10743,5266.23
2022-07-25 04:26:17,10910.8,5098.38
2022-07-25 04:26:16,11037.3,4971.87
2022-07-25 04:26:15,11172.8,4836.35
2022-07-25 04:26:14,10664.1,5345.08
2022-07-25 04:26:13,10765.9,5243.31
2022-07-25 04:26:12,9706.54,6302.64
2022-07-25 04:26:11,9095.86,6913.32
2022-07-25 04:26:10,9096.26,6912.93
2022-07-25 04:26:09,9111.49,6897.7
2022-07-25 04:26:08,9112.77,6896.42
2022-07-25 04:26:07,9112.19,6897
2022-07-25 04:26:06,9130.44,6878.75
2022-07-25 04:26:05,9129.63,6879.56
2022-07-25 04:26:04,9131.47,6877.71
2022-07-25 04:26:03,9139.43,6869.76
2022-07-25 04:26:02,9139.96,6869.23
2022-07-25 04:26:01,9183.64,6825.55
2022-07-25 04:26:00,9189.48,6819.7
2022-07-25 04:25:59,9347.61,6661.58
2022-07-25 04:25:58,9405.59,6603.6
2022-07-25 04:25:57,9418.87,6590.32
2022-07-25 04:25:56,9453.46,6555.73
2022-07-25 04:25:55,9476.56,6532.63
2022-07-25 04:25:54,9524.69,6484.5
2022-07-25 04:25:53,9567.26,6441.93
2022-07-25 04:25:52,9075.89,6933.3
2022-07-25 04:25:51,9077.37,6931.82
2022-07-25 04:25:50,9078.27,6930.92
2022-07-25 04:25:49,9086.83,6922.36
2022-07-25 04:25:48,9089.56,6919.63
2022-07-25 04:25:47,9089.02,6920.16
2022-07-25 04:25:46,9104.56,6904.62
2022-07-25 04:25:45,9106.54,6902.65
2022-07-25 04:25:44,9107.25,6901.94
2022-07-25 04:25:43,9126.54,6882.64
2022-07-25 04:25:42,9127.08,6882.11
2022-07-25 04:25:41,9128.88,6880.31
2022-07-25 04:25:40,9132.09,6877.09
2022-07-25 04:25:39,9135.16,6874.02
2022-07-25 04:25:38,9201.19,6808
2022-07-25 04:25:37,9213.73,6795.45
2022-07-25 04:25:36,9231.3,6777.89
2022-07-25 04:25:35,9612.54,6396.65
2022-07-25 04:25:34,9802.66,6206.53
2022-07-25 04:25:33,9975.61,6033.58
2022-07-25 04:25:32,10151.5,5857.66
2022-07-25 04:25:31,10683.9,5325.29
2022-07-25 04:25:30,10833.5,5175.71
2022-07-25 04:25:29,10988.9,5020.29
2022-07-25 04:25:28,11112.6,4896.63
2022-07-25 04:25:27,10570.1,5439.07
2022-07-25 04:25:26,10698.1,5311.07
2022-07-25 04:25:25,10812.6,5196.62
2022-07-25 04:25:24,9180.67,6828.52
2022-07-25 04:25:23,9182.55,6826.64
2022-07-25 04:25:22,9182.09,6827.1
2022-07-25 04:25:21,9182.62,6826.57
2022-07-25 04:25:20,9183.08,6826.11
2022-07-25 04:25:19,9193.39,6815.8
2022-07-25 04:25:18,9207.6,6801.59
2022-07-25 04:25:17,9207.29,6801.89
2022-07-25 04:25:16,9206.47,6802.72
2022-07-25 04:25:15,9243.68,6765.51
2022-07-25 04:25:14,9245.18,6764.01
2022-07-25 04:25:13,9303.69,6705.5
2022-07-25 04:25:12,9310.89,6698.3
2022-07-25 04:25:11,9454.95,6554.23
2022-07-25 04:25:10,9515.2,6493.98
2022-07-25 04:25:09,9527.4,6481.79
2022-07-25 04:25:08,9560.37,6448.82
2022-07-25 04:25:07,9592.58,6416.61
2022-07-25 04:25:06,9640.97,6368.21
2022-07-25 04:25:05,9678.75,6330.44
2022-07-25 04:25:04,9164.07,6845.12
2022-07-25 04:25:03,9165.59,6843.6
2022-07-25 04:25:02,9165.85,6843.34
2022-07-25 04:25:01,9172.92,6836.27
2022-07-25 04:25:00,9173.26,6835.93
2022-07-25 04:24:59,9172.72,6836.47
2022-07-25 04:24:58,9177.65,6831.54
2022-07-25 04:24:57,9199.6,6809.59
2022-07-25 04:24:56,9200.99,6808.19
2022-07-25 04:24:55,9200.51,6808.68
2022-07-25 04:24:54,9249.52,6759.67
2022-07-25 04:24:53,9252.89,6756.3
2022-07-25 04:24:52,9254.04,6755.14
2022-07-25 04:24:51,9320.57,6688.62
2022-07-25 04:24:50,9371.82,6637.37
2022-07-25 04:24:49,9358.46,6650.73
2022-07-25 04:24:48,9683.74,6325.45
2022-07-25 04:24:47,9865.8,6143.38
2022-07-25 04:24:46,10080.7,5928.52
2022-07-25 04:24:45,10177.6,5831.59
2022-07-25 04:24:44,10539.8,5469.37
2022-07-25 04:24:43,10644.7,5364.49
2022-07-25 04:24:42,10869.6,5139.58
2022-07-25 04:24:41,11044,4965.22
2022-07-25 04:24:40,11151.3,4857.89
2022-07-25 04:24:39,10746.3,5262.87
2022-07-25 04:24:38,10296.6,5712.59
2022-07-25 04:24:37,10364.9,5644.31
2022-07-25 04:24:36,9886.65,6122.54
2022-07-25 04:24:35,9378.11,6631.07
2022-07-25 04:24:34,9389.78,6619.41
2022-07-25 04:24:33,9391.25,6617.93
2022-07-25 04:24:32,9393.19,6616
2022-07-25 04:24:31,9420.95,6588.24
2022-07-25 04:24:30,9421.81,6587.38
2022-07-25 04:24:29,9422.5,6586.69
2022-07-25 04:24:28,9427.54,6581.64
2022-07-25 04:24:27,9451.57,6557.61
2022-07-25 04:24:26,9453.29,6555.9
2022-07-25 04:24:25,9482.93,6526.25
2022-07-25 04:24:24,9517.59,6491.6
2022-07-25 04:24:23,9558.67,6450.52
2022-07-25 04:24:22,9744.31,6264.87
2022-07-25 04:24:21,9759.06,6250.13
2022-07-25 04:24:20,9787.36,6221.83
2022-07-25 04:24:19,9802.23,6206.95
2022-07-25 04:24:18,9857.18,6152.01
2022-07-25 04:24:17,9908.33,6100.86
2022-07-25 04:24:16,9406.59,6602.6
2022-07-25 04:24:15,9407.87,6601.32
2022-07-25 04:24:14,9410.06,6599.13
2022-07-25 04:24:13,9435.11,6574.08
2022-07-25 04:24:12,9440.94,6568.25
2022-07-25 04:24:11,9440.37,6568.82
2022-07-25 04:24:10,9509.16,6500.03
2022-07-25 04:24:09,9514.25,6494.94
2022-07-25 04:24:08,9505.27,6503.91
2022-07-25 04:24:07,9589.89,6419.3
2022-07-25 04:24:06,9590.78,6418.41
2022-07-25 04:24:05,9597.73,6411.45
2022-07-25 04:24:04,9687.01,6322.18
2022-07-25 04:24:03,9679.66,6329.52
2022-07-25 04:24:02,9734.77,6274.42
2022-07-25 04:24:01,9852.32,6156.87
2022-07-25 04:24:00,10030.9,5978.25
2022-07-25 04:23:59,10257.4,5751.79
2022-07-25 04:23:58,10339.7,5669.49
2022-07-25 04:23:57,10439.4,5569.74
2022-07-25 04:23:56,10572.8,5436.41
2022-07-25 04:23:55,10767.9,5241.27
2022-07-25 04:23:54,11008.8,5000.39
2022-07-25 04:23:53,11159.9,4849.25
2022-07-25 04:23:52,10275.5,5733.66
2022-07-25 04:23:51,10169,5840.2
2022-07-25 04:23:50,10257.4,5751.75
2022-07-25 04:23:49,9790.55,6218.64
2022-07-25 04:23:48,9285.92,6723.27
2022-07-25 04:23:47,9286.67,6722.52
2022-07-25 04:23:46,9289.19,6719.99
2022-07-25 04:23:45,9289.16,6720.02
2022-07-25 04:23:44,9298.84,6710.35
2022-07-25 04:23:43,9302.23,6706.96
2022-07-25 04:23:42,9303.52,6705.67
2022-07-25 04:23:41,9333.3,6675.88
2022-07-25 04:23:40,9334.22,6674.97
2022-07-25 04:23:39,9338.65,6670.54
2022-07-25 04:23:38,9357.63,6651.56
2022-07-25 04:23:37,9377.36,6631.83
2022-07-25 04:23:36,9377.3,6631.89
2022-07-25 04:23:35,9429.61,6579.58
2022-07-25 04:23:34,9448.75,6560.44
2022-07-25 04:23:33,9604.62,6404.57
2022-07-25 04:23:32,9664.96,6344.23
2022-07-25 04:23:31,9686.89,6322.29
2022-07-25 04:23:30,9713.29,6295.89
2022-07-25 04:23:29,9756.38,6252.81
2022-07-25 04:23:28,9810.84,6198.35
2022-07-25 04:23:27,9829.34,6179.84
2022-07-25 04:23:26,9318.18,6691
2022-07-25 04:23:25,9337.2,6671.98
2022-07-25 04:23:24,9337.73,6671.46
2022-07-25 04:23:23,9359.18,6650.01
2022-07-25 04:23:22,9376.44,6632.75
2022-07-25 04:23:21,9378.13,6631.05
2022-07-25 04:23:20,9415.89,6593.3
2022-07-25 04:23:19,9429.32,6579.86
2022-07-25 04:23:18,9431.04,6578.15
2022-07-25 04:23:17,9488.92,6520.27
2022-07-25 04:23:16,9497.66,6511.52
2022-07-25 04:23:15,9481.69,6527.5
2022-07-25 04:23:14,9550.51,6458.68
2022-07-25 04:23:13,9646.52,6362.67
2022-07-25 04:23:12,9821.3,6187.88
2022-07-25 04:23:11,10102.1,5907.12
2022-07-25 04:23:10,10300.9,5708.3
2022-07-25 04:23:09,10416.9,5592.29
2022-07-25 04:23:08,10503.9,5505.27
2022-07-25 04:23:07,10844.9,5164.33
2022-07-25 04:23:06,10980.1,5029.05
2022-07-25 04:23:05,11096.4,4912.81
2022-07-25 04:23:04,11202.1,4807.05
2022-07-25 04:23:03,10268.4,5740.8
2022-07-25 04:23:02,10370.8,5638.41
2022-07-25 04:23:01,9269.09,6740.1
2022-07-25 04:23:00,9271.4,6737.79
2022-07-25 04:22:59,9279.65,6729.53
2022-07-25 04:22:58,9282.66,6726.53
2022-07-25 04:22:57,9286.29,6722.9
2022-07-25 04:22:56,9307.63,6701.56
2022-07-25 04:22:55,9308.14,6701.05
2022-07-25 04:22:54,9312.5,6696.69
2022-07-25 04:22:53,9337.23,6671.96
2022-07-25 04:22:52,9337.1,6672.09
2022-07-25 04:22:51,9341.16,6668.02
2022-07-25 04:22:50,9361.98,6647.21
2022-07-25 04:22:49,9371.47,6637.71
2022-07-25 04:22:48,9376.19,6633
2022-07-25 04:22:47,9410.16,6599.03
2022-07-25 04:22:46,9431.68,6577.51
2022-07-25 04:22:45,9575.7,6433.48
2022-07-25 04:22:44,9667.91,6341.28
2022-07-25 04:22:43,9684.29,6324.9
2022-07-25 04:22:42,9717.57,6291.62
2022-07-25 04:22:41,9767.13,6242.05
2022-07-25 04:22:40,9823.86,6185.33
2022-07-25 04:22:39,9853.09,6156.1
2022-07-25 04:22:38,9232.57,6776.62
2022-07-25 04:22:37,9254.05,6755.14
2022-07-25 04:22:36,9255.53,6753.66
2022-07-25 04:22:35,9275.57,6733.62
2022-07-25 04:22:34,9294.48,6714.71
2022-07-25 04:22:33,9300.04,6709.14
2022-07-25 04:22:32,9322.58,6686.61
2022-07-25 04:22:31,9349.41,6659.78
2022-07-25 04:22:30,9363,6646.19
2022-07-25 04:22:29,9378.75,6630.44
2022-07-25 04:22:28,9436.98,6572.2
2022-07-25 04:22:27,9450.49,6558.69
2022-07-25 04:22:26,9510.04,6499.15
2022-07-25 04:22:25,9609.62,6399.56
2022-07-25 04:22:24,9760.79,6248.4
2022-07-25 04:22:23,10082.9,5926.29
2022-07-25 04:22:22,10345.9,5663.27
2022-07-25 04:22:21,10473.4,5535.8
2022-07-25 04:22:20,10656.5,5352.64
2022-07-25 04:22:19,10818.9,5190.28
2022-07-25 04:22:18,10901,5108.16
2022-07-25 04:22:17,11046.9,4962.28
2022-07-25 04:22:16,11173.7,4835.46
2022-07-25 04:22:15,10764,5245.2
2022-07-25 04:22:14,9755.42,6253.77
2022-07-25 04:22:13,9159.66,6849.53
2022-07-25 04:22:12,9159.22,6849.97
2022-07-25 04:22:11,9161.45,6847.74
2022-07-25 04:22:10,9163.47,6845.72
2022-07-25 04:22:09,9164.89,6844.29
2022-07-25 04:22:08,9164.93,6844.26
2022-07-25 04:22:07,9164.21,6844.98
2022-07-25 04:22:06,9168.39,6840.8
2022-07-25 04:22:05,9168.32,6840.87
2022-07-25 04:22:04,9169.89,6839.3
2022-07-25 04:22:03,9171.47,6837.71
2022-07-25 04:22:02,9178.79,6830.39
2022-07-25 04:22:01,9213.88,6795.3
2022-07-25 04:22:00,9240.85,6768.34
2022-07-25 04:21:59,9255.94,6753.25
2022-07-25 04:21:58,9571.92,6437.27
2022-07-25 04:21:57,9655.81,6353.38
2022-07-25 04:21:56,9689,6320.18
2022-07-25 04:21:55,9718.98,6290.2
2022-07-25 04:21:54,9772.56,6236.63
2022-07-25 04:21:53,9815.71,6193.48
2022-07-25 04:21:52,9222.76,6786.43
2022-07-25 04:21:51,9222.96,6786.23
2022-07-25 04:21:50,9224.63,6784.56
2022-07-25 04:21:49,9223.97,6785.22
2022-07-25 04:21:48,9250.72,6758.47
2022-07-25 04:21:47,9251.67,6757.52
2022-07-25 04:21:46,9253.5,6755.69
2022-07-25 04:21:45,9319.15,6690.04
2022-07-25 04:21:44,9329.26,6679.93
2022-07-25 04:21:43,9331.36,6677.83
2022-07-25 04:21:42,9409.35,6599.84
2022-07-25 04:21:41,9435.34,6573.85
2022-07-25 04:21:40,9452.21,6556.98
2022-07-25 04:21:39,9555.66,6453.52
2022-07-25 04:21:38,9604.89,6404.3
2022-07-25 04:21:37,9895.89,6113.29
2022-07-25 04:21:36,10049.9,5959.3
2022-07-25 04:21:35,10124.2,5885.01
2022-07-25 04:21:34,10199.8,5809.44
2022-07-25 04:21:33,10376.6,5632.56
2022-07-25 04:21:32,10721.8,5287.39
2022-07-25 04:21:31,10920.8,5088.39
2022-07-25 04:21:30,11080.2,4929.02
2022-07-25 04:21:29,10047.5,5961.65
2022-07-25 04:21:28,10085.4,5923.79
2022-07-25 04:21:27,10159.2,5849.95
2022-07-25 04:21:26,9584.45,6424.74
2022-07-25 04:21:25,8974.29,7034.9
2022-07-25 04:21:24,8974.9,7034.29
2022-07-25 04:21:23,8974.91,7034.28
2022-07-25 04:21:22,8977.13,7032.06
2022-07-25 04:21:21,8975.63,7033.56
2022-07-25 04:21:20,8977.48,7031.71
2022-07-25 04:21:19,8976.27,7032.91
2022-07-25 04:21:18,8977.39,7031.79
2022-07-25 04:21:17,8977.55,7031.64
2022-07-25 04:21:16,8979.98,7029.21
2022-07-25 04:21:15,8980.37,7028.82
2022-07-25 04:21:14,8970.02,7039.16
2022-07-25 04:21:13,8993.79,7015.4
2022-07-25 04:21:12,9013.47,6995.71
2022-07-25 04:21:11,9038.24,6970.95
2022-07-25 04:21:10,9340.51,6668.68
2022-07-25 04:21:09,9416.3,6592.89
2022-07-25 04:21:08,9447.28,6561.91
2022-07-25 04:21:07,9468.01,6541.18
2022-07-25 04:21:06,9513.68,6495.51
2022-07-25 04:21:05,9563.66,6445.53
2022-07-25 04:21:04,9578.04,6431.15
2022-07-25 04:21:03,9056.01,6953.18
2022-07-25 04:21:02,9056.31,6952.88
2022-07-25 04:21:01,9056.57,6952.62
2022-07-25 04:21:00,9076.21,6932.98
2022-07-25 04:20:59,9078.93,6930.25
2022-07-25 04:20:58,9079.67,6929.52
2022-07-25 04:20:57,9106.22,6902.97
2022-07-25 04:20:56,9108.13,6901.06
2022-07-25 04:20:55,9109.69,6899.5
2022-07-25 04:20:54,9147.68,6861.51
2022-07-25 04:20:53,9143.96,6865.23
2022-07-25 04:20:52,9166.96,6842.23
2022-07-25 04:20:51,9243.94,6765.24
2022-07-25 04:20:50,9347.57,6661.62
2022-07-25 04:20:49,9615.93,6393.25
2022-07-25 04:20:48,9901.49,6107.7
2022-07-25 04:20:47,10252,5757.23
2022-07-25 04:20:46,10407.8,5601.43
2022-07-25 04:20:45,10510.3,5498.87
2022-07-25 04:20:44,10596,5413.23
2022-07-25 04:20:43,10960.9,5048.27
2022-07-25 04:20:42,11141.5,4867.68
2022-07-25 04:20:41,10657.7,5351.51
2022-07-25 04:20:40,10191.8,5817.42
2022-07-25 04:20:39,9614.21,6394.98
2022-07-25 04:20:38,9662.97,6346.22
2022-07-25 04:20:37,9286.8,6722.39
2022-07-25 04:20:36,9203.42,6805.77
2022-07-25 04:20:35,9204.01,6805.18
2022-07-25 04:20:34,9205.31,6803.88
2022-07-25 04:20:33,9224.62,6784.57
2022-07-25 04:20:32,9224.88,6784.3
2022-07-25 04:20:31,9228.5,6780.69
2022-07-25 04:20:30,9245.25,6763.93
2022-07-25 04:20:29,9248.64,6760.55
2022-07-25 04:20:28,9250.82,6758.37
2022-07-25 04:20:27,9277.93,6731.26
2022-07-25 04:20:26,9277.29,6731.89
2022-07-25 04:20:25,9279.28,6729.91
2022-07-25 04:20:24,9323.15,6686.04
2022-07-25 04:20:23,9349.71,6659.48
2022-07-25 04:20:22,9524.47,6484.72
2022-07-25 04:20:21,9551.45,6457.74
2022-07-25 04:20:20,9579.09,6430.09
2022-07-25 04:20:19,9601.01,6408.18
2022-07-25 04:20:18,9664.28,6344.91
2022-07-25 04:20:17,9710.7,6298.49
2022-07-25 04:20:16,9198.3,6810.89
2022-07-25 04:20:15,9201.19,6807.99
2022-07-25 04:20:14,9201.73,6807.46
2022-07-25 04:20:13,9203.13,6806.06
2022-07-25 04:20:12,9201.55,6807.63
2022-07-25 04:20:11,9205.79,6803.4
2022-07-25 04:20:10,9229.55,6779.63
2022-07-25 04:20:09,9244.68,6764.51
2022-07-25 04:20:08,9239.84,6769.34
2022-07-25 04:20:07,9280.94,6728.25
2022-07-25 04:20:06,9283.68,6725.51
2022-07-25 04:20:05,9306.42,6702.77
2022-07-25 04:20:04,9389.24,6619.95
2022-07-25 04:20:03,9468.77,6540.42
2022-07-25 04:20:02,9645.65,6363.54
2022-07-25 04:20:01,9818.47,6190.71
2022-07-25 04:20:00,10347.8,5661.42
2022-07-25 04:19:59,10479.3,5529.92
2022-07-25 04:19:58,10643.3,5365.85
2022-07-25 04:19:57,10746.1,5263.07
2022-07-25 04:19:56,10820.6,5188.64
2022-07-25 04:19:55,11078.7,4930.5
2022-07-25 04:19:54,11224.8,4784.43
2022-07-25 04:19:53,10702.6,5306.62
2022-07-25 04:19:52,9727.24,6281.95
2022-07-25 04:19:51,9770.87,6238.32
2022-07-25 04:19:50,9801.62,6207.57
2022-07-25 04:19:49,9308.31,6700.87
2022-07-25 04:19:48,9309.07,6700.12
2022-07-25 04:19:47,9308.62,6700.57
2022-07-25 04:19:46,9313.31,6695.87
2022-07-25 04:19:45,9316.14,6693.05
2022-07-25 04:19:44,9316.63,6692.56
2022-07-25 04:19:43,9340.75,6668.43
2022-07-25 04:19:42,9345.98,6663.21
2022-07-25 04:19:41,9345.89,6663.3
2022-07-25 04:19:40,9372.02,6637.17
2022-07-25 04:19:39,9373.75,6635.43
2022-07-25 04:19:38,9375.03,6634.16
2022-07-25 04:19:37,9434.37,6574.82
2022-07-25 04:19:36,9459.84,6549.34
2022-07-25 04:19:35,9646.5,6362.69
2022-07-25 04:19:34,9677.74,6331.45
2022-07-25 04:19:33,9706.76,6302.43
2022-07-25 04:19:32,9722.47,6286.72
2022-07-25 04:19:31,9768.55,6240.64
2022-07-25 04:19:30,9823.52,6185.66
2022-07-25 04:19:29,9317.59,6691.6
2022-07-25 04:19:28,9318.96,6690.23
2022-07-25 04:19:27,9320.87,6688.32
2022-07-25 04:19:26,9321.06,6688.13
2022-07-25 04:19:25,9341.44,6667.75
2022-07-25 04:19:24,9344.97,6664.21
2022-07-25 04:19:23,9348.44,6660.75
2022-07-25 04:19:22,9366.34,6642.84
2022-07-25 04:19:21,9370.59,6638.59
2022-07-25 04:19:20,9387.79,6621.39
2022-07-25 04:19:19,9420.03,6589.16
2022-07-25 04:19:18,9409.24,6599.95
2022-07-25 04:19:17,9557.75,6451.44
2022-07-25 04:19:16,9566.82,6442.36
2022-07-25 04:19:15,9756.64,6252.54
2022-07-25 04:19:14,10164,5845.15
2022-07-25 04:19:13,10261,5748.18
2022-07-25 04:19:12,10414.8,5594.4
2022-07-25 04:19:11,10543.5,5465.73
2022-07-25 04:19:10,10718.6,5290.59
2022-07-25 04:19:09,10813.2,5195.98
2022-07-25 04:19:08,10921.9,5087.32
2022-07-25 04:19:07,11152.4,4856.8
2022-07-25 04:19:06,11279.4,4729.78
2022-07-25 04:19:05,9572.16,6437.02
2022-07-25 04:19:04,9621.29,6387.89
2022-07-25 04:19:03,9675.26,6333.93
2022-07-25 04:19:02,9064.38,6944.81
2022-07-25 04:19:01,9064.9,6944.29
2022-07-25 04:19:00,9063.71,6945.48
2022-07-25 04:18:59,9066.6,6942.59
2022-07-25 04:18:58,9071.98,6937.21
2022-07-25 04:18:57,9088.88,6920.31
2022-07-25 04:18:56,9090.5,6918.68
2022-07-25 04:18:55,9091.54,6917.65
2022-07-25 04:18:54,9112.98,6896.2
2022-07-25 04:18:53,9112.93,6896.25
2022-07-25 04:18:52,9103.05,6906.14
2022-07-25 04:18:51,9135.23,6873.96
2022-07-25 04:18:50,9137.52,6871.66
2022-07-25 04:18:49,9186.28,6822.91
2022-07-25 04:18:48,9211.43,6797.76
2022-07-25 04:18:47,9395.56,6613.62
2022-07-25 04:18:46,9423.34,6585.85
2022-07-25 04:18:45,9451.38,6557.81
2022-07-25 04:18:44,9467.6,6541.59
2022-07-25 04:18:43,9532.05,6477.14
2022-07-25 04:18:42,9574.32,6434.87
2022-07-25 04:18:41,8955.38,7053.81
2022-07-25 04:18:40,8956.05,7053.14
2022-07-25 04:18:39,8956.93,7052.26
2022-07-25 04:18:38,8953.68,7055.5
2022-07-25 04:18:37,8958.38,7050.81
2022-07-25 04:18:36,8959.09,7050.1
2022-07-25 04:18:35,8960.63,7048.56
2022-07-25 04:18:34,8990,7019.19
2022-07-25 04:18:33,8985.02,7024.17
2022-07-25 04:18:32,8984.71,7024.47
2022-07-25 04:18:31,9028.05,6981.14
2022-07-25 04:18:30,9027.54,6981.65
2022-07-25 04:18:29,9028.83,6980.36
2022-07-25 04:18:28,9105.7,6903.49
2022-07-25 04:18:27,9213.08,6796.11
2022-07-25 04:18:26,9349.47,6659.72
2022-07-25 04:18:25,9676.49,6332.7
2022-07-25 04:18:24,10105.3,5903.86
2022-07-25 04:18:23,10272,5737.15
2022-07-25 04:18:22,10624.1,5385.05
2022-07-25 04:18:21,10767.4,5241.8
2022-07-25 04:18:20,10890.1,5119.1
2022-07-25 04:18:19,11034,4975.22
2022-07-25 04:18:18,11148.1,4861.09
2022-07-25 04:18:17,10651.5,5357.72
2022-07-25 04:18:16,9684.03,6325.16
2022-07-25 04:18:15,9058.29,6950.89
2022-07-25 04:18:14,9058.26,6950.93
2022-07-25 04:18:13,9062.05,6947.14
2022-07-25 04:18:12,9062.51,6946.68
2022-07-25 04:18:11,9064.81,6944.38
2022-07-25 04:18:10,9063.36,6945.82
2022-07-25 04:18:09,9068.82,6940.37
2022-07-25 04:18:08,9067.72,6941.47
2022-07-25 04:18:07,9066.57,6942.61
2022-07-25 04:18:06,9072.5,6936.68
2022-07-25 04:18:05,9072.81,6936.37
2022-07-25 04:18:04,9063.59,6945.6
2022-07-25 04:18:03,9070.86,6938.32
2022-07-25 04:18:02,9127.28,6881.91
2022-07-25 04:18:01,9130.32,6878.87
2022-07-25 04:18:00,9331.81,6677.38
2022-07-25 04:17:59,9479.28,6529.9
2022-07-25 04:17:58,9557.41,6451.78
2022-07-25 04:17:57,9579.15,6430.04
2022-07-25 04:17:56,9611.77,6397.42
2022-07-25 04:17:55,9665.52,6343.67
2022-07-25 04:17:54,9722.62,6286.57
2022-07-25 04:17:53,9738.48,6270.7
2022-07-25 04:17:52,9231.32,6777.87
2022-07-25 04:17:51,9260.44,6748.75
2022-07-25 04:17:50,9261.17,6748.02
2022-07-25 04:17:49,9262.03,6747.16
2022-07-25 04:17:48,9292.82,6716.37
2022-07-25 04:17:47,9295.08,6714.11
2022-07-25 04:17:46,9314.49,6694.7
2022-07-25 04:17:45,9324.67,6684.52
2022-07-25 04:17:44,9329.27,6679.92
2022-07-25 04:17:43,9366.26,6642.93
2022-07-25 04:17:42,9366.73,6642.46
2022-07-25 04:17:41,9405.63,6603.56
2022-07-25 04:17:40,9450.88,6558.31
2022-07-25 04:17:39,9515.66,6493.53
2022-07-25 04:17:38,9857.25,6151.93
2022-07-25 04:17:37,9954.46,6054.72
2022-07-25 04:17:36,10340.8,5668.43
2022-07-25 04:17:35,10685,5324.16
2022-07-25 04:17:34,10845.6,5163.54
2022-07-25 04:17:33,10913.7,5095.53
2022-07-25 04:17:32,11028.1,4981.13
2022-07-25 04:17:31,11097.9,4911.32
2022-07-25 04:17:30,11267.3,4741.84
2022-07-25 04:17:29,11432,4577.16
2022-07-25 04:17:28,9802.45,6206.73
2022-07-25 04:17:27,9176.77,6832.41
2022-07-25 04:17:26,9177.67,6831.52
2022-07-25 04:17:25,9196.36,6812.83
2022-07-25 04:17:24,9197.14,6812.05
2022-07-25 04:17:23,9200.86,6808.33
2022-07-25 04:17:22,9218.34,6790.84
2022-07-25 04:17:21,9218.25,6790.94
2022-07-25 04:17:20,9223.25,6785.94
2022-07-25 04:17:19,9247.22,6761.96
2022-07-25 04:17:18,9247.83,6761.36
2022-07-25 04:17:17,9250.28,6758.91
2022-07-25 04:17:16,9257.28,6751.91
2022-07-25 04:17:15,9258.65,6750.54
2022-07-25 04:17:14,9297.84,6711.35
2022-07-25 04:17:13,9307.89,6701.3
2022-07-25 04:17:12,9462.18,6547.01
2022-07-25 04:17:11,9523.16,6486.03
2022-07-25 04:17:10,9534.52,6474.67
2022-07-25 04:17:09,9564.46,6444.73
2022-07-25 04:17:08,9600.8,6408.39
2022-07-25 04:17:07,9652.8,6356.38
2022-07-25 04:17:06,9694.6,6314.59
2022-07-25 04:17:05,9212.01,6797.18
2022-07-25 04:17:04,9220.97,6788.22
2022-07-25 04:17:03,9220.64,6788.55
2022-07-25 04:17:02,9229.26,6779.93
2022-07-25 04:17:01,9242.98,6766.21
2022-07-25 04:17:00,9245.02,6764.17
2022-07-25 04:16:59,9268.27,6740.92
2022-07-25 04:16:58,9283.37,6725.82
2022-07-25 04:16:57,9284.41,6724.78
2022-07-25 04:16:56,9303.05,6706.13
2022-07-25 04:16:55,9312.44,6696.75
2022-07-25 04:16:54,9328.36,6680.82
2022-07-25 04:16:53,9372.83,6636.36
2022-07-25 04:16:52,9428.27,6580.92
2022-07-25 04:16:51,9530.56,6478.62
2022-07-25 04:16:50,9661.78,6347.41
2022-07-25 04:16:49,9929.27,6079.92
2022-07-25 04:16:48,10455.7,5553.45
2022-07-25 04:16:47,10694.3,5314.87
2022-07-25 04:16:46,10853.7,5155.5
2022-07-25 04:16:45,10934.9,5074.29
2022-07-25 04:16:44,11015.2,4994
2022-07-25 04:16:43,11142.8,4866.4
2022-07-25 04:16:42,11286.5,4722.72
2022-07-25 04:16:41,11471.5,4537.68
2022-07-25 04:16:40,9314.53,6694.66
2022-07-25 04:16:39,9330.19,6679
2022-07-25 04:16:38,9331.39,6677.8
2022-07-25 04:16:37,9344.69,6664.5
2022-07-25 04:16:36,9351.47,6657.71
2022-07-25 04:16:35,9354.86,6654.33
2022-07-25 04:16:34,9373.45,6635.73
2022-07-25 04:16:33,9377.56,6631.62
2022-07-25 04:16:32,9377.78,6631.41
2022-07-25 04:16:31,9398.09,6611.09
2022-07-25 04:16:30,9403.16,6606.02
2022-07-25 04:16:29,9407.2,6601.99
2022-07-25 04:16:28,9423.73,6585.46
2022-07-25 04:16:27,9433.68,6575.51
2022-07-25 04:16:26,9468.43,6540.76
2022-07-25 04:16:25,9496.1,6513.09
2022-07-25 04:16:24,9638.52,6370.67
2022-07-25 04:16:23,9668.24,6340.95
2022-07-25 04:16:22,9701.95,6307.23
2022-07-25 04:16:21,9727.99,6281.19
2022-07-25 04:16:20,9782.25,6226.94
2022-07-25 04:16:19,9841.34,6167.84
2022-07-25 04:16:18,9319.36,6689.83
2022-07-25 04:16:17,9320.09,6689.09
2022-07-25 04:16:16,9335.58,6673.61
2022-07-25 04:16:15,9339.45,6669.73
2022-07-25 04:16:14,9349.27,6659.92
2022-07-25 04:16:13,9358.37,6650.82
2022-07-25 04:16:12,9362.32,6646.86
2022-07-25 04:16:11,9383.44,6625.75
2022-07-25 04:16:10,9415.46,6593.73
2022-07-25 04:16:09,9424.38,6584.81
2022-07-25 04:16:08,9437.96,6571.22
2022-07-25 04:16:07,9484.59,6524.6
2022-07-25 04:16:06,9546.45,6462.74
2022-07-25 04:16:05,9550.31,6458.88
2022-07-25 04:16:04,9600.24,6408.94
2022-07-25 04:16:03,9741.09,6268.1
2022-07-25 04:16:02,9908.16,6101.02
2022-07-25 04:16:01,10023.2,5986.03
2022-07-25 04:16:00,10518.5,5490.7
2022-07-25 04:15:59,10718.2,5290.94
2022-07-25 04:15:58,10844.7,5164.5
2022-07-25 04:15:57,10928.9,5080.34
2022-07-25 04:15:56,11027.6,4981.57
2022-07-25 04:15:55,11150.1,4859.05
2022-07-25 04:15:54,11300.3,4708.88
2022-07-25 04:15:53,10923.1,5086.11
2022-07-25 04:15:52,9305.1,6704.09
2022-07-25 04:15:51,9307.59,6701.6
2022-07-25 04:15:50,9309.25,6699.94
2022-07-25 04:15:49,9309.61,6699.58
2022-07-25 04:15:48,9314.36,6694.83
2022-07-25 04:15:47,9317.06,6692.13
2022-07-25 04:15:46,9320.14,6689.05
2022-07-25 04:15:45,9318.98,6690.21
2022-07-25 04:15:44,9326.25,6682.94
2022-07-25 04:15:43,9326.06,6683.13
2022-07-25 04:15:42,9388.29,6620.9
2022-07-25 04:15:41,9390.34,6618.85
2022-07-25 04:15:40,9422.95,6586.23
2022-07-25 04:15:39,9459.11,6550.07
2022-07-25 04:15:38,9498.7,6510.48
2022-07-25 04:15:37,9688.35,6320.84
2022-07-25 04:15:36,9710,6299.19
2022-07-25 04:15:35,9731.61,6277.58
2022-07-25 04:15:34,9748.7,6260.49
2022-07-25 04:15:33,9814.75,6194.43
2022-07-25 04:15:32,9877.37,6131.81
2022-07-25 04:15:31,9881.46,6127.73
2022-07-25 04:15:30,9405.28,6603.91
2022-07-25 04:15:29,9421.39,6587.79
2022-07-25 04:15:28,9425.01,6584.18
2022-07-25 04:15:27,9450.65,6558.54
2022-07-25 04:15:26,9463.84,6545.35
2022-07-25 04:15:25,9465.16,6544.03
2022-07-25 04:15:24,9501.28,6507.9
2022-07-25 04:15:23,9512.3,6496.88
2022-07-25 04:15:22,9514.36,6494.83
2022-07-25 04:15:21,9548.24,6460.95
2022-07-25 04:15:20,9563.78,6445.41
2022-07-25 04:15:19,9586.75,6422.44
2022-07-25 04:15:18,9607.36,6401.83
2022-07-25 04:15:17,9610.14,6399.05
2022-07-25 04:15:16,9637.43,6371.76
2022-07-25 04:15:15,9892.08,6117.11
2022-07-25 04:15:14,9972.77,6036.41
2022-07-25 04:15:13,10120.9,5888.26
2022-07-25 04:15:12,10487.2,5522.02
2022-07-25 04:15:11,10604,5405.22
2022-07-25 04:15:10,10727.2,5281.97
2022-07-25 04:15:09,10938,5071.2
2022-07-25 04:15:08,11086.9,4922.25
2022-07-25 04:15:07,11206.2,4803
2022-07-25 04:15:06,10788.3,5220.91
2022-07-25 04:15:05,9607.82,6401.36
2022-07-25 04:15:04,9656.78,6352.41
2022-07-25 04:15:03,9686.61,6322.58
2022-07-25 04:15:02,9052.7,6956.49
2022-07-25 04:15:01,9052.7,6956.49
2022-07-25 04:15:00,9053.64,6955.54
2022-07-25 04:14:59,9054.66,6954.53
2022-07-25 04:14:58,9054.12,6955.06
2022-07-25 04:14:57,9053.89,6955.3
2022-07-25 04:14:56,9054.01,6955.18
2022-07-25 04:14:55,9058.84,6950.35
2022-07-25 04:14:54,9102.96,6906.23
2022-07-25 04:14:53,9108.8,6900.38
2022-07-25 04:14:52,9110.49,6898.7
2022-07-25 04:14:51,9175.11,6834.08
2022-07-25 04:14:50,9191.15,6818.04
2022-07-25 04:14:49,9353.8,6655.39
2022-07-25 04:14:48,9396.1,6613.09
2022-07-25 04:14:47,9414.98,6594.2
2022-07-25 04:14:46,9439.57,6569.62
2022-07-25 04:14:45,9484.36,6524.83
2022-07-25 04:14:44,9543.19,6466
2022-07-25 04:14:43,9555.77,6453.42
2022-07-25 04:14:42,9050.97,6958.22
2022-07-25 04:14:41,9065.46,6943.73
2022-07-25 04:14:40,9065.76,6943.43
2022-07-25 04:14:39,9066.63,6942.56
2022-07-25 04:14:38,9084.74,6924.45
2022-07-25 04:14:37,9084.29,6924.89
2022-07-25 04:14:36,9085.14,6924.04
2022-07-25 04:14:35,9103.68,6905.51
2022-07-25 04:14:34,9108.41,6900.78
2022-07-25 04:14:33,9108.84,6900.34
2022-07-25 04:14:32,9136.5,6872.68
2022-07-25 04:14:31,9139.68,6869.51
2022-07-25 04:14:30,9132.52,6876.66
2022-07-25 04:14:29,9181.25,6827.94
2022-07-25 04:14:28,9293.11,6716.07
2022-07-25 04:14:27,9462.61,6546.58
2022-07-25 04:14:26,9785.44,6223.75
2022-07-25 04:14:25,9938.4,6070.79
2022-07-25 04:14:24,10320.2,5689.02
2022-07-25 04:14:23,10405.8,5603.35
2022-07-25 04:14:22,10705.6,5303.59
2022-07-25 04:14:21,10921,5088.23
2022-07-25 04:14:20,11071.2,4938.02
2022-07-25 04:14:19,11226.3,4782.88
2022-07-25 04:14:18,10110.4,5898.79
2022-07-25 04:14:17,9545.44,6463.74
2022-07-25 04:14:16,9596.5,6412.69
2022-07-25 04:14:15,9626.36,6382.82
2022-07-25 04:14:14,9006.18,7003.01
2022-07-25 04:14:13,9006.79,7002.4
2022-07-25 04:14:12,9016.8,6992.38
2022-07-25 04:14:11,9017.14,6992.05
2022-07-25 04:14:10,9016.72,6992.46
2022-07-25 04:14:09,9036.57,6972.62
2022-07-25 04:14:08,9037.46,6971.73
2022-07-25 04:14:07,9038.35,6970.84
2022-07-25 04:14:06,9051.07,6958.11
2022-07-25 04:14:05,9051.12,6958.07
2022-07-25 04:14:04,9097.63,6911.56
2022-07-25 04:14:03,9233.66,6775.53
2022-07-25 04:14:02,9307.57,6701.62
2022-07-25 04:14:01,9321.75,6687.43
2022-07-25 04:14:00,9351.68,6657.5
2022-07-25 04:13:59,9373.1,6636.09
2022-07-25 04:13:58,9426.25,6582.93
2022-07-25 04:13:57,9466.43,6542.75
2022-07-25 04:13:56,8964.94,7044.25
2022-07-25 04:13:55,8969.01,7040.18
2022-07-25 04:13:54,8966.79,7042.39
2022-07-25 04:13:53,8966.92,7042.27
2022-07-25 04:13:52,8967.37,7041.81
2022-07-25 04:13:51,8967,7042.19
2022-07-25 04:13:50,8966.51,7042.68
2022-07-25 04:13:49,8967.73,7041.46
2022-07-25 04:13:48,8967.66,7041.53
2022-07-25 04:13:47,8968.17,7041.02
2022-07-25 04:13:46,8957.43,7051.76
2022-07-25 04:13:45,8962.05,7047.13
2022-07-25 04:13:44,8962.52,7046.67
2022-07-25 04:13:43,8963.93,7045.26
2022-07-25 04:13:42,9010.91,6998.28
2022-07-25 04:13:41,9093.84,6915.34
2022-07-25 04:13:40,9160.57,6848.61
2022-07-25 04:13:39,9632.86,6376.33
2022-07-25 04:13:38,9845.72,6163.46
2022-07-25 04:13:37,10251.4,5757.79
2022-07-25 04:13:36,10407.7,5601.51
2022-07-25 04:13:35,10497.3,5511.9
2022-07-25 04:13:34,10707.2,5301.95
2022-07-25 04:13:33,10987.3,5021.89
2022-07-25 04:13:32,11180.4,4828.76
2022-07-25 04:13:31,10725.1,5284.11
2022-07-25 04:13:30,10241.7,5767.47
2022-07-25 04:13:29,9794.84,6214.34
2022-07-25 04:13:28,9825.55,6183.64
2022-07-25 04:13:27,9314.65,6694.54
2022-07-25 04:13:26,9318.43,6690.76
2022-07-25 04:13:25,9339.39,6669.8
2022-07-25 04:13:24,9339.47,6669.71
2022-07-25 04:13:23,9346.74,6662.45
2022-07-25 04:13:22,9366.88,6642.31
2022-07-25 04:13:21,9371.19,6638
2022-07-25 04:13:20,9386.54,6622.65
2022-07-25 04:13:19,9394.38,6614.81
2022-07-25 04:13:18,9397.63,6611.55
2022-07-25 04:13:17,9446.26,6562.93
2022-07-25 04:13:16,9484.26,6524.93
2022-07-25 04:13:15,9650.08,6359.11
2022-07-25 04:13:14,9667.09,6342.09
2022-07-25 04:13:13,9693.2,6315.99
2022-07-25 04:13:12,9722.12,6287.07
2022-07-25 04:13:11,9761.18,6248.01
2022-07-25 04:13:10,9813.07,6196.12
2022-07-25 04:13:09,9226.4,6782.79
2022-07-25 04:13:08,9230.43,6778.76
2022-07-25 04:13:07,9230.8,6778.39
2022-07-25 04:13:06,9231.32,6777.87
2022-07-25 04:13:05,9232.38,6776.81
2022-07-25 04:13:04,9232.77,6776.41
2022-07-25 04:13:03,9233.61,6775.58
2022-07-25 04:13:02,9232.86,6776.33
2022-07-25 04:13:01,9234.04,6775.14
2022-07-25 04:13:00,9262.16,6747.02
2022-07-25 04:12:59,9261.38,6747.81
2022-07-25 04:12:58,9290.43,6718.76
2022-07-25 04:12:57,9321,6688.18
2022-07-25 04:12:56,9331.91,6677.27
2022-07-25 04:12:55,9368.51,6640.68
2022-07-25 04:12:54,9427.01,6582.18
2022-07-25 04:12:53,9491.59,6517.6
2022-07-25 04:12:52,9680.56,6328.62
2022-07-25 04:12:51,9949.7,6059.49
2022-07-25 04:12:50,10153.9,5855.33
2022-07-25 04:12:49,10433.6,5575.55
2022-07-25 04:12:48,10527.2,5481.98
2022-07-25 04:12:47,10623.4,5385.77
2022-07-25 04:12:46,10848.9,5160.26
2022-07-25 04:12:45,10991.9,5017.33
2022-07-25 04:12:44,10504,5505.16
2022-07-25 04:12:43,10108.6,5900.55
2022-07-25 04:12:42,9651.59,6357.59
2022-07-25 04:12:41,9704.3,6304.89
2022-07-25 04:12:40,9215.45,6793.74
2022-07-25 04:12:39,9216.94,6792.25
2022-07-25 04:12:38,9215.61,6793.58
2022-07-25 04:12:37,9219.93,6789.26
2022-07-25 04:12:36,9220.84,6788.35
2022-07-25 04:12:35,9221.41,6787.77
2022-07-25 04:12:34,9222.3,6786.89
2022-07-25 04:12:33,9227.82,6781.36
2022-07-25 04:12:32,9229.21,6779.97
2022-07-25 04:12:31,9278.72,6730.46
2022-07-25 04:12:30,9285.48,6723.71
2022-07-25 04:12:29,9569.38,6439.8
2022-07-25 04:12:28,9626.59,6382.6
2022-07-25 04:12:27,9668.48,6340.71
2022-07-25 04:12:26,9703.8,6305.39
2022-07-25 04:12:25,9728.19,6280.99
2022-07-25 04:12:24,9781.79,6227.39
2022-07-25 04:12:23,9827.8,6181.38
2022-07-25 04:12:22,9312.55,6696.64
2022-07-25 04:12:21,9315.11,6694.07
2022-07-25 04:12:20,9316.71,6692.48
2022-07-25 04:12:19,9318.07,6691.11
2022-07-25 04:12:18,9318.52,6690.66
2022-07-25 04:12:17,9320.21,6688.98
2022-07-25 04:12:16,9344.18,6665.01
2022-07-25 04:12:15,9357.35,6651.84
2022-07-25 04:12:14,9358.54,6650.65
2022-07-25 04:12:13,9365.2,6643.99
2022-07-25 04:12:12,9410.71,6598.48
2022-07-25 04:12:11,9418.45,6590.73
2022-07-25 04:12:10,9422.74,6586.44
2022-07-25 04:12:09,9506.94,6502.25
2022-07-25 04:12:08,9507.83,6501.36
2022-07-25 04:12:07,9513.28,6495.91
2022-07-25 04:12:06,9667.02,6342.16
2022-07-25 04:12:05,9676.41,6332.78
2022-07-25 04:12:04,10101.6,5907.59
2022-07-25 04:12:03,10247.4,5761.77
2022-07-25 04:12:02,10397.6,5611.57
2022-07-25 04:12:01,10581.5,5427.73
2022-07-25 04:12:00,10695,5314.21
2022-07-25 04:11:59,10928.8,5080.41
2022-07-25 04:11:58,11051.8,4957.4
2022-07-25 04:11:57,11169.1,4840.12
2022-07-25 04:11:56,10670.6,5338.56
2022-07-25 04:11:55,10245.7,5763.46
2022-07-25 04:11:54,9677.94,6331.24
2022-07-25 04:11:53,9186.8,6822.38
2022-07-25 04:11:52,9188.29,6820.9
2022-07-25 04:11:51,9188.4,6820.79
2022-07-25 04:11:50,9212.86,6796.33
2022-07-25 04:11:49,9206.96,6802.23
2022-07-25 04:11:48,9206.18,6803.01
2022-07-25 04:11:47,9228.88,6780.3
2022-07-25 04:11:46,9228.38,6780.81
2022-07-25 04:11:45,9233.52,6775.66
2022-07-25 04:11:44,9255.14,6754.04
2022-07-25 04:11:43,9257.42,6751.77
2022-07-25 04:11:42,9297.78,6711.41
2022-07-25 04:11:41,9311.23,6697.96
2022-07-25 04:11:40,9470.25,6538.93
2022-07-25 04:11:39,9520.03,6489.16
2022-07-25 04:11:38,9538.65,6470.54
2022-07-25 04:11:37,9566.82,6442.37
2022-07-25 04:11:36,9625.84,6383.34
2022-07-25 04:11:35,9669.57,6339.62
2022-07-25 04:11:34,9690.67,6318.52
2022-07-25 04:11:33,9201.03,6808.16
2022-07-25 04:11:32,9203.67,6805.52
2022-07-25 04:11:31,9214.99,6794.2
2022-07-25 04:11:30,9217.37,6791.82
2022-07-25 04:11:29,9231.28,6777.91
2022-07-25 04:11:28,9245.12,6764.07
2022-07-25 04:11:27,9245.43,6763.76
2022-07-25 04:11:26,9263.89,6745.29
2022-07-25 04:11:25,9278.46,6730.73
2022-07-25 04:11:24,9297.27,6711.92
2022-07-25 04:11:23,9298.75,6710.44
2022-07-25 04:11:22,9310.8,6698.39
2022-07-25 04:11:21,9335.19,6674
2022-07-25 04:11:20,9335.85,6673.34
2022-07-25 04:11:19,9411.49,6597.7
2022-07-25 04:11:18,9458.91,6550.28
2022-07-25 04:11:17,9546.03,6463.16
2022-07-25 04:11:16,10020.9,5988.34
2022-07-25 04:11:15,10237.2,5771.95
2022-07-25 04:11:14,10537.3,5471.91
2022-07-25 04:11:13,10763.3,5245.92
2022-07-25 04:11:12,10911,5098.23
2022-07-25 04:11:11,11005.2,5003.96
2022-07-25 04:11:10,11115.8,4893.42
2022-07-25 04:11:09,11266.9,4742.25
2022-07-25 04:11:08,10886.3,5122.89
2022-07-25 04:11:07,9174.84,6834.35
2022-07-25 04:11:06,9176.86,6832.32
2022-07-25 04:11:05,9177.17,6832.02
2022-07-25 04:11:04,9178.16,6831.02
2022-07-25 04:11:03,9179.27,6829.92
2022-07-25 04:11:02,9180.9,6828.28
2022-07-25 04:11:01,9181.98,6827.21
2022-07-25 04:11:00,9181.72,6827.47
2022-07-25 04:10:59,9195.41,6813.78
2022-07-25 04:10:58,9213.11,6796.07
2022-07-25 04:10:57,9213.47,6795.71
2022-07-25 04:10:56,9222.33,6786.86
2022-07-25 04:10:55,9260.46,6748.72
2022-07-25 04:10:54,9262.76,6746.43
2022-07-25 04:10:53,9309.88,6699.31
2022-07-25 04:10:52,9315.65,6693.54
2022-07-25 04:10:51,9466.26,6542.93
2022-07-25 04:10:50,9534.56,6474.63
2022-07-25 04:10:49,9550,6459.18
2022-07-25 04:10:48,9578.08,6431.11
2022-07-25 04:10:47,9620.53,6388.66
2022-07-25 04:10:46,9672,6337.19
2022-07-25 04:10:45,9717.66,6291.53
2022-07-25 04:10:44,9723.84,6285.35
2022-07-25 04:10:43,9229.42,6779.77
2022-07-25 04:10:42,9228.13,6781.06
2022-07-25 04:10:41,9240.32,6768.86
2022-07-25 04:10:40,9260.7,6748.49
2022-07-25 04:10:39,9263.69,6745.5
2022-07-25 04:10:38,9277.66,6731.52
2022-07-25 04:10:37,9302.24,6706.95
2022-07-25 04:10:36,9303.72,6705.46
2022-07-25 04:10:35,9333.89,6675.29
2022-07-25 04:10:34,9339.38,6669.81
2022-07-25 04:10:33,9345.2,6663.99
2022-07-25 04:10:32,9382.24,6626.95
2022-07-25 04:10:31,9382.36,6626.82
2022-07-25 04:10:30,9488.84,6520.35
2022-07-25 04:10:29,9562.74,6446.45
2022-07-25 04:10:28,9917.75,6091.44
2022-07-25 04:10:27,10296,5713.22
2022-07-25 04:10:26,10406.8,5602.4
2022-07-25 04:10:25,10700.7,5308.5
2022-07-25 04:10:24,10853.2,5156.03
2022-07-25 04:10:23,11007.2,5001.94
2022-07-25 04:10:22,11157,4852.22
2022-07-25 04:10:21,11307.6,4701.6
2022-07-25 04:10:20,10798.5,5210.67
2022-07-25 04:10:19,9806.42,6202.77
2022-07-25 04:10:18,9203.43,6805.76
2022-07-25 04:10:17,9205.73,6803.46
2022-07-25 04:10:16,9205.66,6803.53
2022-07-25 04:10:15,9207.41,6801.78
2022-07-25 04:10:14,9207.3,6801.89
2022-07-25 04:10:13,9209.95,6799.24
2022-07-25 04:10:12,9211.15,6798.04
2022-07-25 04:10:11,9211.77,6797.42
2022-07-25 04:10:10,9241.6,6767.59
2022-07-25 04:10:09,9242.12,6767.07
2022-07-25 04:10:08,9243.59,6765.6
2022-07-25 04:10:07,9259.81,6749.38
2022-07-25 04:10:06,9277.02,6732.16
2022-07-25 04:10:05,9280.45,6728.73
2022-07-25 04:10:04,9298.86,6710.32
2022-07-25 04:10:03,9337.3,6671.88
2022-07-25 04:10:02,9369.94,6639.24
2022-07-25 04:10:01,9551.97,6457.22
2022-07-25 04:10:00,9571.93,6437.26
2022-07-25 04:09:59,9601.79,6407.39
2022-07-25 04:09:58,9615.8,6393.39
2022-07-25 04:09:57,9670.61,6338.58
2022-07-25 04:09:56,9721.65,6287.54
2022-07-25 04:09:55,9213.89,6795.3
2022-07-25 04:09:54,9217.11,6792.08
2022-07-25 04:09:53,9217.99,6791.2
2022-07-25 04:09:52,9232.03,6777.16
2022-07-25 04:09:51,9248.48,6760.71
2022-07-25 04:09:50,9250.13,6759.06
2022-07-25 04:09:49,9273.76,6735.43
2022-07-25 04:09:48,9296.59,6712.6
2022-07-25 04:09:47,9296.84,6712.35
2022-07-25 04:09:46,9309.66,6699.53
2022-07-25 04:09:45,9356.76,6652.43
2022-07-25 04:09:44,9365.46,6643.73
2022-07-25 04:09:43,9434.54,6574.64
2022-07-25 04:09:42,9541.28,6467.91
2022-07-25 04:09:41,9603,6406.18
2022-07-25 04:09:40,9899.68,6109.51
2022-07-25 04:09:39,10448.3,5560.89
2022-07-25 04:09:38,10671.3,5337.92
2022-07-25 04:09:37,10840.8,5168.39
2022-07-25 04:09:36,10915.7,5093.54
2022-07-25 04:09:35,11060.9,4948.32
2022-07-25 04:09:34,11156.6,4852.56
2022-07-25 04:09:33,11325.8,4683.36
2022-07-25 04:09:32,10323.8,5685.34
2022-07-25 04:09:31,9174.65,6834.54
2022-07-25 04:09:30,9179.19,6830
2022-07-25 04:09:29,9179.01,6830.18
2022-07-25 04:09:28,9179.88,6829.31
2022-07-25 04:09:27,9195.5,6813.69
2022-07-25 04:09:26,9195.85,6813.33
2022-07-25 04:09:25,9200.55,6808.64
2022-07-25 04:09:24,9216.37,6792.81
2022-07-25 04:09:23,9216.13,6793.05
2022-07-25 04:09:22,9217.52,6791.67
2022-07-25 04:09:21,9241.7,6767.49
2022-07-25 04:09:20,9242.99,6766.19
2022-07-25 04:09:19,9242.1,6767.09
2022-07-25 04:09:18,9279.26,6729.93
2022-07-25 04:09:17,9269.63,6739.55
2022-07-25 04:09:16,9271.87,6737.32
2022-07-25 04:09:15,9319.4,6689.79
2022-07-25 04:09:14,9354.89,6654.3
2022-07-25 04:09:13,9501.52,6507.67
2022-07-25 04:09:12,9547.14,6462.05
2022-07-25 04:09:11,9568.68,6440.51
2022-07-25 04:09:10,9604.43,6404.75
2022-07-25 04:09:09,9650.93,6358.26
2022-07-25 04:09:08,9695.1,6314.09
2022-07-25 04:09:07,9733.86,6275.33
2022-07-25 04:09:06,9109.65,6899.53
2022-07-25 04:09:05,9116.94,6892.25
2022-07-25 04:09:04,9125.29,6883.9
2022-07-25 04:09:03,9125.84,6883.35
2022-07-25 04:09:02,9163.57,6845.61
2022-07-25 04:09:01,9165.07,6844.12
2022-07-25 04:09:00,9166.23,6842.96
2022-07-25 04:08:59,9230.91,6778.27
2022-07-25 04:08:58,9230.88,6778.3
2022-07-25 04:08:57,9314.21,6694.98
2022-07-25 04:08:56,9353.31,6655.88
2022-07-25 04:08:55,9370.84,6638.35
2022-07-25 04:08:54,9857.32,6151.87
2022-07-25 04:08:53,9995.59,6013.6
2022-07-25 04:08:52,10139.4,5869.8
2022-07-25 04:08:51,10310.7,5698.44
2022-07-25 04:08:50,10432.4,5576.83
2022-07-25 04:08:49,10760.5,5248.67
2022-07-25 04:08:48,10918.8,5090.37
2022-07-25 04:08:47,11068.1,4941.13
2022-07-25 04:08:46,11186.1,4823.07
2022-07-25 04:08:45,10245.7,5763.45
2022-07-25 04:08:44,9692.93,6316.26
2022-07-25 04:08:43,9186.87,6822.32
2022-07-25 04:08:42,9187.45,6821.73
2022-07-25 04:08:41,9188.75,6820.43
2022-07-25 04:08:40,9192.79,6816.4
2022-07-25 04:08:39,9192.27,6816.92
2022-07-25 04:08:38,9193.96,6815.23
2022-07-25 04:08:37,9195.85,6813.34
2022-07-25 04:08:36,9195.18,6814
2022-07-25 04:08:35,9185.9,6823.29
2022-07-25 04:08:34,9187.15,6822.03
2022-07-25 04:08:33,9187.06,6822.13
2022-07-25 04:08:32,9188.88,6820.31
2022-07-25 04:08:31,9190.75,6818.44
2022-07-25 04:08:30,9193.63,6815.56
2022-07-25 04:08:29,9227.94,6781.25
2022-07-25 04:08:28,9252.02,6757.17
2022-07-25 04:08:27,9261.18,6748
2022-07-25 04:08:26,9582.64,6426.55
2022-07-25 04:08:25,9649.71,6359.48
2022-07-25 04:08:24,9697.75,6311.43
2022-07-25 04:08:23,9725.73,6283.46
2022-07-25 04:08:22,9771.74,6237.45
2022-07-25 04:08:21,9833.64,6175.54
2022-07-25 04:08:20,9863.57,6145.62
2022-07-25 04:08:19,9251.62,6757.57
2022-07-25 04:08:18,9269.32,6739.86
2022-07-25 04:08:17,9295.77,6713.41
2022-07-25 04:08:16,9297.82,6711.36
2022-07-25 04:08:15,9316.41,6692.78
2022-07-25 04:08:14,9353.23,6655.96
2022-07-25 04:08:13,9355.86,6653.33
2022-07-25 04:08:12,9393.99,6615.2
2022-07-25 04:08:11,9408.07,6601.12
2022-07-25 04:08:10,9443.41,6565.78
2022-07-25 04:08:09,9486.13,6523.06
2022-07-25 04:08:08,9514.88,6494.3
2022-07-25 04:08:07,9765.91,6243.28
2022-07-25 04:08:06,9865.96,6143.23
2022-07-25 04:08:05,10106.5,5902.66
2022-07-25 04:08:04,10404,5605.14
2022-07-25 04:08:03,10515.7,5493.45
2022-07-25 04:08:02,10644.7,5364.52
2022-07-25 04:08:01,10743.6,5265.59
2022-07-25 04:08:00,10885.8,5123.4
2022-07-25 04:07:59,10606.1,5403.07
2022-07-25 04:07:58,10097.6,5911.62
2022-07-25 04:07:57,9993.76,6015.43
2022-07-25 04:07:56,9519.89,6489.29
2022-07-25 04:07:55,9570.24,6438.95
2022-07-25 04:07:54,9068.32,6940.87
2022-07-25 04:07:53,9067.4,6941.78
2022-07-25 04:07:52,9070.23,6938.95
2022-07-25 04:07:51,9073.13,6936.06
2022-07-25 04:07:50,9073.04,6936.15
2022-07-25 04:07:49,9072.26,6936.93
2022-07-25 04:07:48,9061.72,6947.47
2022-07-25 04:07:47,9064.25,6944.94
2022-07-25 04:07:46,9062.38,6946.81
2022-07-25 04:07:45,9067.51,6941.68
2022-07-25 04:07:44,9066.75,6942.44
2022-07-25 04:07:43,9059.79,6949.4
2022-07-25 04:07:42,9060.78,6948.41
2022-07-25 04:07:41,9111.41,6897.77
2022-07-25 04:07:40,9118.39,6890.79
2022-07-25 04:07:39,9431.77,6577.41
2022-07-25 04:07:38,9499.76,6509.43
2022-07-25 04:07:37,9542.88,6466.31
2022-07-25 04:07:36,9578.82,6430.37
2022-07-25 04:07:35,9599.29,6409.89
2022-07-25 04:07:34,9646.38,6362.8
2022-07-25 04:07:33,9693.34,6315.84
2022-07-25 04:07:32,9173.41,6835.77
2022-07-25 04:07:31,9189.91,6819.28
2022-07-25 04:07:30,9191.71,6817.48
2022-07-25 04:07:29,9191.26,6817.93
2022-07-25 04:07:28,9189.48,6819.71
2022-07-25 04:07:27,9215.82,6793.36
2022-07-25 04:07:26,9217.69,6791.5
2022-07-25 04:07:25,9242.17,6767.02
2022-07-25 04:07:24,9254.79,6754.4
2022-07-25 04:07:23,9258.64,6750.55
2022-07-25 04:07:22,9292,6717.19
2022-07-25 04:07:21,9399.21,6609.97
2022-07-25 04:07:20,9570.31,6438.88
2022-07-25 04:07:19,9760.66,6248.52
2022-07-25 04:07:18,10017.4,5991.82
2022-07-25 04:07:17,10262.8,5746.41
2022-07-25 04:07:16,10509.3,5499.91
2022-07-25 04:07:15,10657.7,5351.5
2022-07-25 04:07:14,10750.4,5258.82
2022-07-25 04:07:13,10901.4,5107.84
2022-07-25 04:07:12,10510.2,5499
2022-07-25 04:07:11,10700.8,5308.39
2022-07-25 04:07:10,10283.6,5725.6
2022-07-25 04:07:09,9699.57,6309.62
2022-07-25 04:07:08,9724.89,6284.3
2022-07-25 04:07:07,9771.43,6237.75
2022-07-25 04:07:06,9821.91,6187.28
2022-07-25 04:07:05,9195.83,6813.36
2022-07-25 04:07:04,9196.15,6813.04
2022-07-25 04:07:03,9206.44,6802.75
2022-07-25 04:07:02,9208.02,6801.17
2022-07-25 04:07:01,9211.64,6797.54
2022-07-25 04:07:00,9212.07,6797.12
2022-07-25 04:06:59,9244.35,6764.84
2022-07-25 04:06:58,9245.5,6763.68
2022-07-25 04:06:57,9245.21,6763.98
2022-07-25 04:06:56,9284.19,6725
2022-07-25 04:06:55,9279.31,6729.88
2022-07-25 04:06:54,9306.76,6702.43
2022-07-25 04:06:53,9335.28,6673.91
2022-07-25 04:06:52,9364.66,6644.52
2022-07-25 04:06:51,9546.5,6462.68
2022-07-25 04:06:50,9565.12,6444.06
2022-07-25 04:06:49,9585.8,6423.38
2022-07-25 04:06:48,9616.9,6392.29
2022-07-25 04:06:47,9663.36,6345.82
2022-07-25 04:06:46,9711.66,6297.53
2022-07-25 04:06:45,9730.43,6278.76
2022-07-25 04:06:44,9244.82,6764.37
2022-07-25 04:06:43,9245.94,6763.25
2022-07-25 04:06:42,9245.28,6763.91
2022-07-25 04:06:41,9263.93,6745.26
2022-07-25 04:06:40,9285.72,6723.46
2022-07-25 04:06:39,9287.02,6722.17
2022-07-25 04:06:38,9309.21,6699.97
2022-07-25 04:06:37,9323.47,6685.72
2022-07-25 04:06:36,9314.04,6695.14
2022-07-25 04:06:35,9323.86,6685.32
2022-07-25 04:06:34,9381.85,6627.34
2022-07-25 04:06:33,9382.81,6626.38
2022-07-25 04:06:32,9448.99,6560.2
2022-07-25 04:06:31,9505.74,6503.45
2022-07-25 04:06:30,9628.76,6380.43
2022-07-25 04:06:29,9927.6,6081.59
2022-07-25 04:06:28,10263.4,5745.81
2022-07-25 04:06:27,10390.6,5618.54
2022-07-25 04:06:26,10615.1,5394.04
2022-07-25 04:06:25,10849.9,5159.32
2022-07-25 04:06:24,11031.5,4977.66
2022-07-25 04:06:23,11152.3,4856.88
2022-07-25 04:06:22,11293.3,4715.93
2022-07-25 04:06:21,10164.3,5844.87
2022-07-25 04:06:20,9705.45,6303.73
2022-07-25 04:06:19,9192.05,6817.13
2022-07-25 04:06:18,9195.12,6814.06
2022-07-25 04:06:17,9197.79,6811.4
2022-07-25 04:06:16,9197.74,6811.45
2022-07-25 04:06:15,9225.09,6784.1
2022-07-25 04:06:14,9215.27,6793.92
2022-07-25 04:06:13,9215.49,6793.7
2022-07-25 04:06:12,9239.82,6769.37
2022-07-25 04:06:11,9242.62,6766.57
2022-07-25 04:06:10,9243.2,6765.99
2022-07-25 04:06:09,9263.87,6745.31
2022-07-25 04:06:08,9265.28,6743.91
2022-07-25 04:06:07,9286.54,6722.64
2022-07-25 04:06:06,9317.75,6691.44
2022-07-25 04:06:05,9352.67,6656.52
2022-07-25 04:06:04,9526.43,6482.75
2022-07-25 04:06:03,9543.12,6466.07
2022-07-25 04:06:02,9578.48,6430.7
2022-07-25 04:06:01,9592.11,6417.07
2022-07-25 04:06:00,9638.16,6371.02
2022-07-25 04:05:59,9690.4,6318.78
2022-07-25 04:05:58,9266.34,6742.85
2022-07-25 04:05:57,9191.61,6817.58
2022-07-25 04:05:56,9203.3,6805.89
2022-07-25 04:05:55,9216.9,6792.29
2022-07-25 04:05:54,9220.33,6788.86
2022-07-25 04:05:53,9234.65,6774.54
2022-07-25 04:05:52,9253.21,6755.98
2022-07-25 04:05:51,9253.48,6755.71
2022-07-25 04:05:50,9256.89,6752.29
2022-07-25 04:05:49,9288.84,6720.35
2022-07-25 04:05:48,9292.81,6716.38
2022-07-25 04:05:47,9288.06,6721.13
2022-07-25 04:05:46,9325.16,6684.03
2022-07-25 04:05:45,9360.8,6648.39
2022-07-25 04:05:44,9377.09,6632.1
2022-07-25 04:05:43,9626.67,6382.52
2022-07-25 04:05:42,9790.09,6219.1
2022-07-25 04:05:41,10132.7,5876.44
2022-07-25 04:05:40,10326,5683.21
2022-07-25 04:05:39,10429.3,5579.86
2022-07-25 04:05:38,10631.8,5377.4
2022-07-25 04:05:37,10896.8,5112.35
2022-07-25 04:05:36,11006.8,5002.43
2022-07-25 04:05:35,11125.4,4883.8
2022-07-25 04:05:34,10708.3,5300.91
2022-07-25 04:05:33,10298.2,5711.02
2022-07-25 04:05:32,10389,5620.18
2022-07-25 04:05:31,10406.8,5602.36
2022-07-25 04:05:30,9264.59,6744.59
2022-07-25 04:05:29,9266.03,6743.16
2022-07-25 04:05:28,9283.5,6725.69
2022-07-25 04:05:27,9283.47,6725.72
2022-07-25 04:05:26,9284.3,6724.89
2022-07-25 04:05:25,9285.97,6723.21
2022-07-25 04:05:24,9314.03,6695.16
2022-07-25 04:05:23,9316.48,6692.71
2022-07-25 04:05:22,9334.88,6674.31
2022-07-25 04:05:21,9349.38,6659.81
2022-07-25 04:05:20,9350.44,6658.75
2022-07-25 04:05:19,9404.02,6605.17
2022-07-25 04:05:18,9437.87,6571.32
2022-07-25 04:05:17,9616.97,6392.22
2022-07-25 04:05:16,9652.27,6356.91
2022-07-25 04:05:15,9680.63,6328.55
2022-07-25 04:05:14,9713.06,6296.13
2022-07-25 04:05:13,9770.44,6238.75
2022-07-25 04:05:12,9815.33,6193.86
2022-07-25 04:05:11,9828.02,6181.17
2022-07-25 04:05:10,9220.74,6788.45
2022-07-25 04:05:09,9233.15,6776.03
2022-07-25 04:05:08,9249.06,6760.13
2022-07-25 04:05:07,9249.3,6759.89
2022-07-25 04:05:06,9265.19,6744
2022-07-25 04:05:05,9283.32,6725.87
2022-07-25 04:05:04,9283.27,6725.92
2022-07-25 04:05:03,9322.29,6686.9
2022-07-25 04:05:02,9338.11,6671.07
2022-07-25 04:05:01,9346.03,6663.15
2022-07-25 04:05:00,9412.46,6596.73
2022-07-25 04:04:59,9408.4,6600.78
2022-07-25 04:04:58,9430.56,6578.63
2022-07-25 04:04:57,9491.15,6518.03
2022-07-25 04:04:56,9519.47,6489.72
2022-07-25 04:04:55,9725.84,6283.34
2022-07-25 04:04:54,9820.85,6188.34
2022-07-25 04:04:53,10035.2,5974.04
2022-07-25 04:04:52,10115.9,5893.25
2022-07-25 04:04:51,10162,5847.21
2022-07-25 04:04:50,10506.9,5502.34
2022-07-25 04:04:49,10771.7,5237.47
2022-07-25 04:04:48,10951.2,5057.97
2022-07-25 04:04:47,11056.4,4952.82
2022-07-25 04:04:46,10532.6,5476.56
2022-07-25 04:04:45,10113.2,5896
2022-07-25 04:04:44,10215,5794.21
2022-07-25 04:04:43,9068.23,6940.95
2022-07-25 04:04:42,9068.45,6940.73
2022-07-25 04:04:41,9068.95,6940.23
2022-07-25 04:04:40,9076.86,6932.32
2022-07-25 04:04:39,9080.39,6928.8
2022-07-25 04:04:38,9079.04,6930.15
2022-07-25 04:04:37,9080.19,6929
2022-07-25 04:04:36,9089.75,6919.44
2022-07-25 04:04:35,9086.67,6922.52
2022-07-25 04:04:34,9098.96,6910.23
2022-07-25 04:04:33,9155.7,6853.48
2022-07-25 04:04:32,9171.85,6837.34
2022-07-25 04:04:31,9468.61,6540.58
2022-07-25 04:04:30,9531.65,6477.54
2022-07-25 04:04:29,9567.29,6441.9
2022-07-25 04:04:28,9609.68,6399.51
2022-07-25 04:04:27,9644.89,6364.3
2022-07-25 04:04:26,9693.64,6315.54
2022-07-25 04:04:25,9739.88,6269.3
2022-07-25 04:04:24,9226.77,6782.42
2022-07-25 04:04:23,9239.86,6769.32
2022-07-25 04:04:22,9246.22,6762.96
2022-07-25 04:04:21,9247.45,6761.74
2022-07-25 04:04:20,9268,6741.18
2022-07-25 04:04:19,9272.92,6736.27
2022-07-25 04:04:18,9277.29,6731.89
2022-07-25 04:04:17,9290.04,6719.15
2022-07-25 04:04:16,9291.56,6717.63
2022-07-25 04:04:15,9315.4,6693.78
2022-07-25 04:04:14,9317.05,6692.14
2022-07-25 04:04:13,9345,6664.19
2022-07-25 04:04:12,9347.54,6661.64
2022-07-25 04:04:11,9350.61,6658.58
2022-07-25 04:04:10,9380.6,6628.59
2022-07-25 04:04:09,9430.21,6578.98
2022-07-25 04:04:08,9493.34,6515.85
2022-07-25 04:04:07,9642.93,6366.26
2022-07-25 04:04:06,10046.1,5963.05
2022-07-25 04:04:05,10320.9,5688.27
2022-07-25 04:04:04,10525.2,5483.96
2022-07-25 04:04:03,10649.8,5359.43
2022-07-25 04:04:02,10732.3,5276.91
2022-07-25 04:04:01,10989.8,5019.43
2022-07-25 04:04:00,11130.9,4878.29
2022-07-25 04:03:59,11260.8,4748.41
2022-07-25 04:03:58,10123.2,5885.98
2022-07-25 04:03:57,9555.42,6453.77
2022-07-25 04:03:56,9604.52,6404.67
2022-07-25 04:03:55,8995.18,7014.01
2022-07-25 04:03:54,9011.18,6998
2022-07-25 04:03:53,9011.65,6997.54
2022-07-25 04:03:52,9012.8,6996.39
2022-07-25 04:03:51,9029.98,6979.21
2022-07-25 04:03:50,9030.77,6978.42
2022-07-25 04:03:49,9030.26,6978.93
2022-07-25 04:03:48,9041.05,6968.14
2022-07-25 04:03:47,9041.43,6967.76
2022-07-25 04:03:46,9050.3,6958.89
2022-07-25 04:03:45,9091.78,6917.41
2022-07-25 04:03:44,9117.86,6891.32
2022-07-25 04:03:43,9290.9,6718.28
2022-07-25 04:03:42,9324.48,6684.71
2022-07-25 04:03:41,9351.14,6658.05
2022-07-25 04:03:40,9364.38,6644.8
2022-07-25 04:03:39,9417.27,6591.92
2022-07-25 04:03:38,9465.77,6543.42
2022-07-25 04:03:37,9474.77,6534.41
2022-07-25 04:03:36,8984.5,7024.69
2022-07-25 04:03:35,8982.93,7026.26
2022-07-25 04:03:34,8986.32,7022.87
2022-07-25 04:03:33,8984.82,7024.37
2022-07-25 04:03:32,8986.2,7022.98
2022-07-25 04:03:31,8988.93,7020.26
2022-07-25 04:03:30,8988.55,7020.64
2022-07-25 04:03:29,8988.37,7020.82
2022-07-25 04:03:28,8991.68,7017.51
2022-07-25 04:03:27,8992.94,7016.25
2022-07-25 04:03:26,8993.61,7015.58
2022-07-25 04:03:25,8998.69,7010.5
2022-07-25 04:03:24,9001.92,7007.27
2022-07-25 04:03:23,9001.64,7007.55
2022-07-25 04:03:22,9006.41,7002.78
2022-07-25 04:03:21,9006.6,7002.59
2022-07-25 04:03:20,9153.49,6855.7
2022-07-25 04:03:19,9162.54,6846.64
2022-07-25 04:03:18,9344.98,6664.21
2022-07-25 04:03:17,10102.5,5906.72
2022-07-25 04:03:16,10250.8,5758.38
2022-07-25 04:03:15,10483.4,5525.8
2022-07-25 04:03:14,10836.9,5172.31
2022-07-25 04:03:13,10951.6,5057.59
2022-07-25 04:03:12,11093.3,4915.88
2022-07-25 04:03:11,11236,4773.21
2022-07-25 04:03:10,11396.4,4612.78
2022-07-25 04:03:09,9860.97,6148.22
2022-07-25 04:03:08,9481.9,6527.29
2022-07-25 04:03:07,9360.88,6648.31
2022-07-25 04:03:06,9378.43,6630.76
2022-07-25 04:03:05,9378.66,6630.52
2022-07-25 04:03:04,9380.02,6629.16
2022-07-25 04:03:03,9394.89,6614.3
2022-07-25 04:03:02,9389.25,6619.94
2022-07-25 04:03:01,9402.24,6606.95
2022-07-25 04:03:00,9405.1,6604.09
2022-07-25 04:02:59,9447.96,6561.23
2022-07-25 04:02:58,9593.47,6415.71
2022-07-25 04:02:57,9668.18,6341
2022-07-25 04:02:56,9681.45,6327.74
2022-07-25 04:02:55,9720.86,6288.32
2022-07-25 04:02:54,9765.81,6243.38
2022-07-25 04:02:53,9817.21,6191.97
2022-07-25 04:02:52,9845.86,6163.33
2022-07-25 04:02:51,9333.66,6675.53
2022-07-25 04:02:50,9338.07,6671.12
2022-07-25 04:02:49,9343.85,6665.34
2022-07-25 04:02:48,9351.31,6657.88
2022-07-25 04:02:47,9354.93,6654.26
2022-07-25 04:02:46,9362.78,6646.41
2022-07-25 04:02:45,9375.54,6633.65
2022-07-25 04:02:44,9377.29,6631.9
2022-07-25 04:02:43,9385.79,6623.4
2022-07-25 04:02:42,9403.05,6606.13
2022-07-25 04:02:41,9404.34,6604.84
2022-07-25 04:02:40,9414.27,6594.92
2022-07-25 04:02:39,9436.88,6572.3
2022-07-25 04:02:38,9450.3,6558.88
2022-07-25 04:02:37,9478.03,6531.16
2022-07-25 04:02:36,9479.44,6529.75
2022-07-25 04:02:35,9493.94,6515.25
2022-07-25 04:02:34,9558.83,6450.36
2022-07-25 04:02:33,9566.79,6442.4
2022-07-25 04:02:32,9623.58,6385.61
2022-07-25 04:02:31,9725.72,6283.47
2022-07-25 04:02:30,9857.06,6152.13
2022-07-25 04:02:29,10176.8,5832.39
2022-07-25 04:02:28,10597.7,5411.45
2022-07-25 04:02:27,10792.4,5216.75
2022-07-25 04:02:26,10865.3,5143.88
2022-07-25 04:02:25,10973.1,5036.1
2022-07-25 04:02:24,11043.4,4965.83
2022-07-25 04:02:23,11194.3,4814.91
2022-07-25 04:02:22,11364.5,4644.68
2022-07-25 04:02:21,10641.6,5367.58
2022-07-25 04:02:20,9204.28,6804.9
2022-07-25 04:02:19,9205.57,6803.61
2022-07-25 04:02:18,9207.71,6801.48
2022-07-25 04:02:17,9236.75,6772.44
2022-07-25 04:02:16,9236.59,6772.59
2022-07-25 04:02:15,9233.18,6776.01
2022-07-25 04:02:14,9252.52,6756.66
2022-07-25 04:02:13,9252.92,6756.27
2022-07-25 04:02:12,9295.23,6713.96
2022-07-25 04:02:11,9330.41,6678.77
2022-07-25 04:02:10,9521,6488.19
2022-07-25 04:02:09,9535.45,6473.74
2022-07-25 04:02:08,9566.08,6443.11
2022-07-25 04:02:07,9595.78,6413.4
2022-07-25 04:02:06,9640.88,6368.31
2022-07-25 04:02:05,9684.49,6324.7
2022-07-25 04:02:04,9685.18,6324.01
2022-07-25 04:02:03,9169.6,6839.59
2022-07-25 04:02:02,9171.02,6838.17
2022-07-25 04:02:01,9171.79,6837.39
2022-07-25 04:02:00,9181.66,6827.52
2022-07-25 04:01:59,9182.98,6826.21
2022-07-25 04:01:58,9183.23,6825.96
2022-07-25 04:01:57,9184.92,6824.27
2022-07-25 04:01:56,9200.23,6808.96
2022-07-25 04:01:55,9202.96,6806.23
2022-07-25 04:01:54,9220.74,6788.45
2022-07-25 04:01:53,9221.07,6788.11
2022-07-25 04:01:52,9222.04,6787.15
2022-07-25 04:01:51,9243.43,6765.76
2022-07-25 04:01:50,9244.53,6764.65
2022-07-25 04:01:49,9276.09,6733.1
2022-07-25 04:01:48,9294.99,6714.2
2022-07-25 04:01:47,9294.2,6714.99
2022-07-25 04:01:46,9341.85,6667.34
2022-07-25 04:01:45,9402.78,6606.41
2022-07-25 04:01:44,9412.03,6597.16
2022-07-25 04:01:43,9685.34,6323.84
2022-07-25 04:01:42,9829.11,6180.08
2022-07-25 04:01:41,9986.54,6022.65
2022-07-25 04:01:40,10313.6,5695.59
2022-07-25 04:01:39,10432.3,5576.88
2022-07-25 04:01:38,10790.8,5218.39
2022-07-25 04:01:37,10913.6,5095.56
2022-07-25 04:01:36,11045.4,4963.8
2022-07-25 04:01:35,11204.4,4804.78
2022-07-25 04:01:34,10791,5218.15
2022-07-25 04:01:33,10673.8,5335.37
2022-07-25 04:01:32,9933.18,6076
2022-07-25 04:01:31,9332.9,6676.28
2022-07-25 04:01:30,9347.07,6662.12
2022-07-25 04:01:29,9356.48,6652.71
2022-07-25 04:01:28,9360.14,6649.05
2022-07-25 04:01:27,9378.69,6630.5
2022-07-25 04:01:26,9380.14,6629.04
2022-07-25 04:01:25,9383,6626.19
2022-07-25 04:01:24,9430.23,6578.96
2022-07-25 04:01:23,9455.27,6553.91
2022-07-25 04:01:22,9644.41,6364.78
2022-07-25 04:01:21,9659.39,6349.8
2022-07-25 04:01:20,9690.54,6318.65
2022-07-25 04:01:19,9714.2,6294.98
2022-07-25 04:01:18,9771.95,6237.24
2022-07-25 04:01:17,9816.91,6192.27
2022-07-25 04:01:16,9291.39,6717.79
2022-07-25 04:01:15,9292.86,6716.33
2022-07-25 04:01:14,9306.33,6702.86
2022-07-25 04:01:13,9312.45,6696.74
2022-07-25 04:01:12,9313.46,6695.73
2022-07-25 04:01:11,9329.17,6680.02
2022-07-25 04:01:10,9331.21,6677.98
2022-07-25 04:01:09,9342.41,6666.78
2022-07-25 04:01:08,9359.23,6649.96
2022-07-25 04:01:07,9361.38,6647.8
2022-07-25 04:01:06,9395.5,6613.68
2022-07-25 04:01:05,9412.43,6596.75
2022-07-25 04:01:04,9412.82,6596.37
2022-07-25 04:01:03,9455.74,6553.45
2022-07-25 04:01:02,9476.68,6532.51
2022-07-25 04:01:01,9479.71,6529.47
2022-07-25 04:01:00,9539.05,6470.14
2022-07-25 04:00:59,9543.07,6466.12
2022-07-25 04:00:58,9605.89,6403.3
2022-07-25 04:00:57,9618.85,6390.34
2022-07-25 04:00:56,9775.93,6233.26
2022-07-25 04:00:55,9905.34,6103.84
2022-07-25 04:00:54,10016.1,5993.06
2022-07-25 04:00:53,10201.1,5808.07
2022-07-25 04:00:52,10436.1,5573.11
2022-07-25 04:00:51,10774.6,5234.6
2022-07-25 04:00:50,10892.1,5117.06
2022-07-25 04:00:49,11041.6,4967.55
2022-07-25 04:00:48,11165.2,4844.03
2022-07-25 04:00:47,10635.7,5373.49
2022-07-25 04:00:46,10775.5,5233.66
2022-07-25 04:00:45,10068.2,5941
2022-07-25 04:00:44,9089.19,6920
2022-07-25 04:00:43,9090.12,6919.07
2022-07-25 04:00:42,9091.71,6917.48
2022-07-25 04:00:41,9113.08,6896.11
2022-07-25 04:00:40,9115.06,6894.12
2022-07-25 04:00:39,9140.14,6869.05
2022-07-25 04:00:38,9141.75,6867.44
2022-07-25 04:00:37,9171.72,6837.47
2022-07-25 04:00:36,9175.6,6833.59
2022-07-25 04:00:35,9330.81,6678.38
2022-07-25 04:00:34,9394.43,6614.76
2022-07-25 04:00:33,9413.82,6595.37
2022-07-25 04:00:32,9439.48,6569.7
2022-07-25 04:00:31,9492.16,6517.02
2022-07-25 04:00:30,9544.98,6464.21
2022-07-25 04:00:29,9038.26,6970.93
2022-07-25 04:00:28,9039.28,6969.91
2022-07-25 04:00:27,9040.26,6968.93
2022-07-25 04:00:26,9040.36,6968.83
2022-07-25 04:00:25,9041.82,6967.37
2022-07-25 04:00:24,9045.98,6963.21
2022-07-25 04:00:23,9046.34,6962.85
2022-07-25 04:00:22,9046.16,6963.03
2022-07-25 04:00:21,9060.22,6948.97
2022-07-25 04:00:20,9060.36,6948.82
2022-07-25 04:00:19,9062.47,6946.72
2022-07-25 04:00:18,9061.56,6947.63
2022-07-25 04:00:17,9080.65,6928.53
2022-07-25 04:00:16,9082.38,6926.81
2022-07-25 04:00:15,9087.7,6921.49
2022-07-25 04:00:14,9104.7,6904.48
2022-07-25 04:00:13,9106.33,6902.86
2022-07-25 04:00:12,9108.34,6900.85
2022-07-25 04:00:11,9163.35,6845.84
2022-07-25 04:00:10,9167.15,6842.03
2022-07-25 04:00:09,9268.07,6741.12
2022-07-25 04:00:08,9583.96,6425.23
2022-07-25 04:00:07,9681.94,6327.25
2022-07-25 04:00:06,10170,5839.15
2022-07-25 04:00:05,10303.9,5705.31
2022-07-25 04:00:04,10433.8,5575.39
2022-07-25 04:00:03,10522.7,5486.44
2022-07-25 04:00:02,10592.1,5417.1
2022-07-25 04:00:01,10946.7,5062.45
2022-07-25 04:00:00,11172.4,4836.8
2022-07-25 03:59:59,10270.8,5738.34
2022-07-25 03:59:58,9804.3,6204.89
2022-07-25 03:59:57,9869.05,6140.14
2022-07-25 03:59:56,9916.19,6093
2022-07-25 03:59:55,9945.45,6063.73
2022-07-25 03:59:54,9359.09,6650.1
2022-07-25 03:59:53,9363.99,6645.2
2022-07-25 03:59:52,9381.6,6627.59
2022-07-25 03:59:51,9381.22,6627.97
2022-07-25 03:59:50,9386.76,6622.43
2022-07-25 03:59:49,9431.47,6577.72
2022-07-25 03:59:48,9476.79,6532.4
2022-07-25 03:59:47,9654.41,6354.78
2022-07-25 03:59:46,9670.57,6338.61
2022-07-25 03:59:45,9703.84,6305.34
2022-07-25 03:59:44,9747.91,6261.28
2022-07-25 03:59:43,9787.07,6222.12
2022-07-25 03:59:42,9826.66,6182.52
2022-07-25 03:59:41,9306.3,6702.89
2022-07-25 03:59:40,9307.34,6701.85
2022-07-25 03:59:39,9308.9,6700.29
2022-07-25 03:59:38,9308.92,6700.27
2022-07-25 03:59:37,9312.95,6696.24
2022-07-25 03:59:36,9313.47,6695.71
2022-07-25 03:59:35,9312.09,6697.1
2022-07-25 03:59:34,9313.2,6695.98
2022-07-25 03:59:33,9326.95,6682.23
2022-07-25 03:59:32,9330.09,6679.1
2022-07-25 03:59:31,9346.38,6662.8
2022-07-25 03:59:30,9357.6,6651.59
2022-07-25 03:59:29,9382.45,6626.74
2022-07-25 03:59:28,9412.3,6596.89
2022-07-25 03:59:27,9439.62,6569.57
2022-07-25 03:59:26,9457.37,6551.81
2022-07-25 03:59:25,9491.69,6517.49
2022-07-25 03:59:24,9549.25,6459.94
2022-07-25 03:59:23,9551.75,6457.44
2022-07-25 03:59:22,9604.64,6404.55
2022-07-25 03:59:21,9709.08,6300.11
2022-07-25 03:59:20,9863.6,6145.59
2022-07-25 03:59:19,9994.65,6014.54
2022-07-25 03:59:18,10270.5,5738.71
2022-07-25 03:59:17,10378.5,5630.71
2022-07-25 03:59:16,10456.7,5552.53
2022-07-25 03:59:15,10543.2,5466.03
2022-07-25 03:59:14,10744,5265.22
2022-07-25 03:59:13,11057,4952.21
2022-07-25 03:59:12,10697.1,5312.04
2022-07-25 03:59:11,10813.4,5195.76
2022-07-25 03:59:10,9985.16,6024.03
2022-07-25 03:59:09,9773.97,6235.21
2022-07-25 03:59:08,9812.73,6196.46
2022-07-25 03:59:07,9836.51,6172.68
2022-07-25 03:59:06,9328.48,6680.7
2022-07-25 03:59:05,9340.5,6668.69
2022-07-25 03:59:04,9362.04,6647.15
2022-07-25 03:59:03,9361.91,6647.28
2022-07-25 03:59:02,9411.57,6597.62
2022-07-25 03:59:01,9434.78,6574.41
2022-07-25 03:59:00,9594.24,6414.95
2022-07-25 03:58:59,9637.86,6371.32
2022-07-25 03:58:58,9664.68,6344.51
2022-07-25 03:58:57,9689.84,6319.35
2022-07-25 03:58:56,9735.99,6273.19
2022-07-25 03:58:55,9796.36,6212.82
2022-07-25 03:58:54,9309.23,6699.95
2022-07-25 03:58:53,9312.25,6696.93
2022-07-25 03:58:52,9320.94,6688.25
2022-07-25 03:58:51,9323.89,6685.29
2022-07-25 03:58:50,9327.08,6682.11
2022-07-25 03:58:49,9328.12,6681.07
2022-07-25 03:58:48,9339.73,6669.46
2022-07-25 03:58:47,9342.71,6666.48
2022-07-25 03:58:46,9358.64,6650.55
2022-07-25 03:58:45,9372.52,6636.66
2022-07-25 03:58:44,9374.6,6634.59
2022-07-25 03:58:43,9405.03,6604.16
2022-07-25 03:58:42,9408.42,6600.77
2022-07-25 03:58:41,9416.18,6593.01
2022-07-25 03:58:40,9454.01,6555.18
2022-07-25 03:58:39,9455.8,6553.39
2022-07-25 03:58:38,9477.17,6532.02
2022-07-25 03:58:37,9526.06,6483.13
2022-07-25 03:58:36,9519.2,6489.99
2022-07-25 03:58:35,9560.45,6448.74
2022-07-25 03:58:34,9593.76,6415.43
2022-07-25 03:58:33,9701.41,6307.78
2022-07-25 03:58:32,9902.88,6106.31
2022-07-25 03:58:31,10079.8,5929.4
2022-07-25 03:58:30,10165.6,5843.55
2022-07-25 03:58:29,10502.5,5506.72
2022-07-25 03:58:28,10644.2,5364.95
2022-07-25 03:58:27,10765.9,5243.3
2022-07-25 03:58:26,10887,5122.23
2022-07-25 03:58:25,10682.1,5327.14
2022-07-25 03:58:24,10713.7,5295.5
2022-07-25 03:58:23,10803.2,5205.99
2022-07-25 03:58:22,10355,5654.16
2022-07-25 03:58:21,9783.33,6225.86
2022-07-25 03:58:20,9815.52,6193.67
2022-07-25 03:58:19,9182.31,6826.88
2022-07-25 03:58:18,9230.22,6778.96
2022-07-25 03:58:17,9232.58,6776.61
2022-07-25 03:58:16,9288.96,6720.22
2022-07-25 03:58:15,9309.73,6699.45
2022-07-25 03:58:14,9470.66,6538.53
2022-07-25 03:58:13,9523.78,6485.41
2022-07-25 03:58:12,9538.73,6470.46
2022-07-25 03:58:11,9573.65,6435.53
2022-07-25 03:58:10,9617.76,6391.43
2022-07-25 03:58:09,9661.25,6347.94
2022-07-25 03:58:08,9690.84,6318.35
2022-07-25 03:58:07,9173.12,6836.07
2022-07-25 03:58:06,9176.66,6832.52
2022-07-25 03:58:05,9176.08,6833.11
2022-07-25 03:58:04,9185.9,6823.29
2022-07-25 03:58:03,9186.91,6822.27
2022-07-25 03:58:02,9188.91,6820.28
2022-07-25 03:58:01,9201.37,6807.82
2022-07-25 03:58:00,9201.56,6807.63
2022-07-25 03:57:59,9204.46,6804.73
2022-07-25 03:57:58,9216.74,6792.45
2022-07-25 03:57:57,9217.02,6792.17
2022-07-25 03:57:56,9218.37,6790.82
2022-07-25 03:57:55,9237.36,6771.82
2022-07-25 03:57:54,9238.16,6771.03
2022-07-25 03:57:53,9239.53,6769.66
2022-07-25 03:57:52,9261.08,6748.11
2022-07-25 03:57:51,9283.04,6726.14
2022-07-25 03:57:50,9301.12,6708.07
2022-07-25 03:57:49,9312.34,6696.84
2022-07-25 03:57:48,9334.69,6674.5
2022-07-25 03:57:47,9372.37,6636.82
2022-07-25 03:57:46,9425.74,6583.45
2022-07-25 03:57:45,9653.19,6356
2022-07-25 03:57:44,9734.01,6275.18
2022-07-25 03:57:43,9902.82,6106.36
2022-07-25 03:57:42,10257.7,5751.52
2022-07-25 03:57:41,10409.9,5599.31
2022-07-25 03:57:40,10545.8,5463.41
2022-07-25 03:57:39,10904.6,5104.57
2022-07-25 03:57:38,11083.7,4925.53
2022-07-25 03:57:37,10695.4,5313.81
2022-07-25 03:57:36,10800.2,5208.98
2022-07-25 03:57:35,10366.9,5642.27
2022-07-25 03:57:34,9802.82,6206.37
2022-07-25 03:57:33,9835.34,6173.85
2022-07-25 03:57:32,9220.74,6788.45
2022-07-25 03:57:31,9211.02,6798.17
2022-07-25 03:57:30,9238.85,6770.34
2022-07-25 03:57:29,9238.29,6770.89
2022-07-25 03:57:28,9248.87,6760.31
2022-07-25 03:57:27,9291.16,6718.03
2022-07-25 03:57:26,9349.12,6660.07
2022-07-25 03:57:25,9482.69,6526.5
2022-07-25 03:57:24,9508.17,6501.02
2022-07-25 03:57:23,9549.55,6459.63
2022-07-25 03:57:22,9573.54,6435.65
2022-07-25 03:57:21,9625.92,6383.27
2022-07-25 03:57:20,9672.9,6336.29
2022-07-25 03:57:19,9677.62,6331.57
2022-07-25 03:57:18,9168.9,6840.29
2022-07-25 03:57:17,9183.85,6825.34
2022-07-25 03:57:16,9183.19,6826
2022-07-25 03:57:15,9185.85,6823.34
2022-07-25 03:57:14,9186.47,6822.72
2022-07-25 03:57:13,9201.77,6807.41
2022-07-25 03:57:12,9204.67,6804.52
2022-07-25 03:57:11,9204.87,6804.31
2022-07-25 03:57:10,9230.31,6778.88
2022-07-25 03:57:09,9231.72,6777.47
2022-07-25 03:57:08,9233.33,6775.86
2022-07-25 03:57:07,9250.41,6758.77
2022-07-25 03:57:06,9253.61,6755.57
2022-07-25 03:57:05,9255.79,6753.39
2022-07-25 03:57:04,9294.32,6714.86
2022-07-25 03:57:03,9296.83,6712.36
2022-07-25 03:57:02,9315.31,6693.88
2022-07-25 03:57:01,9359.98,6649.21
2022-07-25 03:57:00,9369.42,6639.77
2022-07-25 03:56:59,9412.21,6596.98
2022-07-25 03:56:58,9503.09,6506.09
2022-07-25 03:56:57,9539.56,6469.63
2022-07-25 03:56:56,9729.69,6279.5
2022-07-25 03:56:55,10029.7,5979.49
2022-07-25 03:56:54,10334.9,5674.31
2022-07-25 03:56:53,10431.3,5577.93
2022-07-25 03:56:52,10699.4,5309.76
2022-07-25 03:56:51,10912.9,5096.24
2022-07-25 03:56:50,11076.1,4933.05
2022-07-25 03:56:49,11222.9,4786.28
2022-07-25 03:56:48,11316.1,4693.04
2022-07-25 03:56:47,10256.9,5752.28
2022-07-25 03:56:46,9704.71,6304.48
2022-07-25 03:56:45,9201.93,6807.25
2022-07-25 03:56:44,9218.44,6790.75
2022-07-25 03:56:43,9240.52,6768.67
2022-07-25 03:56:42,9242.27,6766.92
2022-07-25 03:56:41,9277.9,6731.29
2022-07-25 03:56:40,9302.57,6706.62
2022-07-25 03:56:39,9440.2,6568.99
2022-07-25 03:56:38,9527.25,6481.93
2022-07-25 03:56:37,9543.12,6466.07
2022-07-25 03:56:36,9571.98,6437.21
2022-07-25 03:56:35,9613.44,6395.75
2022-07-25 03:56:34,9660.53,6348.66
2022-07-25 03:56:33,9689.79,6319.4
2022-07-25 03:56:32,9174.93,6834.26
2022-07-25 03:56:31,9179.84,6829.35
2022-07-25 03:56:30,9179.53,6829.66
2022-07-25 03:56:29,9180.38,6828.81
2022-07-25 03:56:28,9182.5,6826.69
2022-07-25 03:56:27,9184.38,6824.81
2022-07-25 03:56:26,9184.86,6824.33
2022-07-25 03:56:25,9187.18,6822.01
2022-07-25 03:56:24,9187.17,6822.02
2022-07-25 03:56:23,9188.2,6820.98
2022-07-25 03:56:22,9202.94,6806.24
2022-07-25 03:56:21,9203.87,6805.32
2022-07-25 03:56:20,9204.79,6804.4
2022-07-25 03:56:19,9225.24,6783.95
2022-07-25 03:56:18,9228.63,6780.55
2022-07-25 03:56:17,9229.16,6780.03
2022-07-25 03:56:16,9255.13,6754.06
2022-07-25 03:56:15,9250.35,6758.84
2022-07-25 03:56:14,9277.24,6731.95
2022-07-25 03:56:13,9308.18,6701.01
2022-07-25 03:56:12,9339.24,6669.95
2022-07-25 03:56:11,9404.14,6605.05
2022-07-25 03:56:10,9523.77,6485.42
2022-07-25 03:56:09,9819.23,6189.95
2022-07-25 03:56:08,9996.9,6012.29
2022-07-25 03:56:07,10489.5,5519.68
2022-07-25 03:56:06,10588.7,5420.53
2022-07-25 03:56:05,10766.1,5243.07
2022-07-25 03:56:04,10948.4,5060.78
2022-07-25 03:56:03,11031.5,4977.71
2022-07-25 03:56:02,11203.7,4805.48
2022-07-25 03:56:01,11328,4681.23
2022-07-25 03:56:00,9874.07,6135.12
2022-07-25 03:55:59,9612.79,6396.39
2022-07-25 03:55:58,9081.2,6927.98
2022-07-25 03:55:57,9081.41,6927.78
2022-07-25 03:55:56,9100.94,6908.24
2022-07-25 03:55:55,9102.76,6906.43
2022-07-25 03:55:54,9103.76,6905.43
2022-07-25 03:55:53,9132.02,6877.17
2022-07-25 03:55:52,9132.34,6876.84
2022-07-25 03:55:51,9178.07,6831.11
2022-07-25 03:55:50,9184.68,6824.5
2022-07-25 03:55:49,9333.7,6675.48
2022-07-25 03:55:48,9393.01,6616.18
2022-07-25 03:55:47,9407.05,6602.14
2022-07-25 03:55:46,9439.05,6570.14
2022-07-25 03:55:45,9473.11,6536.08
2022-07-25 03:55:44,9516.05,6493.14
2022-07-25 03:55:43,9553.02,6456.16
2022-07-25 03:55:42,9043.11,6966.07
2022-07-25 03:55:41,9044.47,6964.71
2022-07-25 03:55:40,9044.87,6964.32
2022-07-25 03:55:39,9045.22,6963.96
2022-07-25 03:55:38,9047.05,6962.14
2022-07-25 03:55:37,9047.86,6961.32
2022-07-25 03:55:36,9048.47,6960.72
2022-07-25 03:55:35,9049.95,6959.23
2022-07-25 03:55:34,9048.91,6960.27
2022-07-25 03:55:33,9050.18,6959.01
2022-07-25 03:55:32,9049.88,6959.3
2022-07-25 03:55:31,9052.53,6956.66
2022-07-25 03:55:30,9067.56,6941.63
2022-07-25 03:55:29,9068.82,6940.37
2022-07-25 03:55:28,9072.88,6936.3
2022-07-25 03:55:27,9075.39,6933.8
2022-07-25 03:55:26,9093.73,6915.46
2022-07-25 03:55:25,9095.34,6913.85
2022-07-25 03:55:24,9100.53,6908.66
2022-07-25 03:55:23,9276.58,6732.61
2022-07-25 03:55:22,9286.37,6722.81
2022-07-25 03:55:21,9866.23,6142.95
2022-07-25 03:55:20,10251.2,5757.95
2022-07-25 03:55:19,10443.6,5565.64
2022-07-25 03:55:18,10609.7,5399.5
2022-07-25 03:55:17,10708.6,5300.61
2022-07-25 03:55:16,10794.2,5215
2022-07-25 03:55:15,11075.2,4933.97
2022-07-25 03:55:14,11229.9,4779.25
2022-07-25 03:55:13,11349,4660.14
2022-07-25 03:55:12,9648.25,6360.94
2022-07-25 03:55:11,9697.63,6311.56
2022-07-25 03:55:10,9719.65,6289.54
2022-07-25 03:55:09,9242.17,6767.02
2022-07-25 03:55:08,9242.44,6766.75
2022-07-25 03:55:07,9243.95,6765.24
2022-07-25 03:55:06,9257.97,6751.22
2022-07-25 03:55:05,9258.37,6750.82
2022-07-25 03:55:04,9287.94,6721.25
2022-07-25 03:55:03,9309.44,6699.75
2022-07-25 03:55:02,9398.99,6610.2
2022-07-25 03:55:01,9527.3,6481.88
2022-07-25 03:55:00,9543.19,6466
2022-07-25 03:54:59,9577.66,6431.53
2022-07-25 03:54:58,9612.36,6396.82
2022-07-25 03:54:57,9662.13,6347.06
2022-07-25 03:54:56,9693.59,6315.6
2022-07-25 03:54:55,9066.64,6942.55
2022-07-25 03:54:54,9066.61,6942.58
2022-07-25 03:54:53,9077.21,6931.97
2022-07-25 03:54:52,9078.09,6931.1
2022-07-25 03:54:51,9080.86,6928.33
2022-07-25 03:54:50,9082.19,6927
2022-07-25 03:54:49,9092.77,6916.42
2022-07-25 03:54:48,9091.65,6917.54
2022-07-25 03:54:47,9093.09,6916.09
2022-07-25 03:54:46,9108.14,6901.05
2022-07-25 03:54:45,9108.37,6900.82
2022-07-25 03:54:44,9110.11,6899.07
2022-07-25 03:54:43,9121.52,6887.67
2022-07-25 03:54:42,9131.98,6877.2
2022-07-25 03:54:41,9132.59,6876.59
2022-07-25 03:54:40,9138.95,6870.23
2022-07-25 03:54:39,9193.83,6815.36
2022-07-25 03:54:38,9212.44,6796.75
2022-07-25 03:54:37,9211.25,6797.94
2022-07-25 03:54:36,9270.65,6738.54
2022-07-25 03:54:35,9411.65,6597.53
2022-07-25 03:54:34,9574.62,6434.56
2022-07-25 03:54:33,9940.33,6068.86
2022-07-25 03:54:32,10316.2,5693.01
2022-07-25 03:54:31,10444.5,5564.72
2022-07-25 03:54:30,10581.8,5427.34
2022-07-25 03:54:29,10804.6,5204.59
2022-07-25 03:54:28,10886.9,5122.28
2022-07-25 03:54:27,11033.1,4976.11
2022-07-25 03:54:26,11162.8,4846.41
2022-07-25 03:54:25,9502.07,6507.11
2022-07-25 03:54:24,9551.8,6457.39
2022-07-25 03:54:23,8946.09,7063.1
2022-07-25 03:54:22,8945.06,7064.13
2022-07-25 03:54:21,8945.33,7063.86
2022-07-25 03:54:20,8948.8,7060.39
2022-07-25 03:54:19,8947.08,7062.11
2022-07-25 03:54:18,8939.07,7070.12
2022-07-25 03:54:17,8955.57,7053.62
2022-07-25 03:54:16,8984.32,7024.87
2022-07-25 03:54:15,8991.48,7017.71
2022-07-25 03:54:14,9306.84,6702.35
2022-07-25 03:54:13,9383.85,6625.34
2022-07-25 03:54:12,9432.27,6576.92
2022-07-25 03:54:11,9461.44,6547.75
2022-07-25 03:54:10,9503.81,6505.38
2022-07-25 03:54:09,9547.32,6461.86
2022-07-25 03:54:08,9578.03,6431.16
2022-07-25 03:54:07,9059.83,6949.36
2022-07-25 03:54:06,9060.49,6948.7
2022-07-25 03:54:05,9061.02,6948.17
2022-07-25 03:54:04,9062.34,6946.85
2022-07-25 03:54:03,9070.41,6938.78
2022-07-25 03:54:02,9070.93,6938.26
2022-07-25 03:54:01,9071.9,6937.28
2022-07-25 03:54:00,9072.72,6936.47
2022-07-25 03:53:59,9090.53,6918.66
2022-07-25 03:53:58,9091.72,6917.46
2022-07-25 03:53:57,9091.68,6917.51
2022-07-25 03:53:56,9111.64,6897.55
2022-07-25 03:53:55,9111.02,6898.17
2022-07-25 03:53:54,9112.52,6896.67
2022-07-25 03:53:53,9131.55,6877.64
2022-07-25 03:53:52,9135.53,6873.66
2022-07-25 03:53:51,9160.11,6849.07
2022-07-25 03:53:50,9160.27,6848.92
2022-07-25 03:53:49,9174.56,6834.63
2022-07-25 03:53:48,9285.35,6723.84
2022-07-25 03:53:47,9295.66,6713.53
2022-07-25 03:53:46,9677.09,6332.09
2022-07-25 03:53:45,10204.7,5804.5
2022-07-25 03:53:44,10304.4,5704.82
2022-07-25 03:53:43,10712.6,5296.59
2022-07-25 03:53:42,10829.9,5179.28
2022-07-25 03:53:41,10976.1,5033.06
2022-07-25 03:53:40,11098.6,4910.55
2022-07-25 03:53:39,11241.6,4767.6
2022-07-25 03:53:38,10858.3,5150.88
2022-07-25 03:53:37,9777.16,6232.02
2022-07-25 03:53:36,9301.63,6707.55
2022-07-25 03:53:35,9263.98,6745.21
2022-07-25 03:53:34,9266.5,6742.68
2022-07-25 03:53:33,9268.86,6740.32
2022-07-25 03:53:32,9269.91,6739.28
2022-07-25 03:53:31,9300.71,6708.48
2022-07-25 03:53:30,9301.74,6707.45
2022-07-25 03:53:29,9305.76,6703.43
2022-07-25 03:53:28,9345.23,6663.95
2022-07-25 03:53:27,9335.87,6673.32
2022-07-25 03:53:26,9335.84,6673.35
2022-07-25 03:53:25,9381.21,6627.98
2022-07-25 03:53:24,9401.65,6607.54
2022-07-25 03:53:23,9508.48,6500.71
2022-07-25 03:53:22,9627.57,6381.61
2022-07-25 03:53:21,9645.16,6364.02
2022-07-25 03:53:20,9676.59,6332.59
2022-07-25 03:53:19,9717.78,6291.41
2022-07-25 03:53:18,9757.27,6251.92
2022-07-25 03:53:17,9795.92,6213.27
2022-07-25 03:53:16,9185.95,6823.24
2022-07-25 03:53:15,9190.48,6818.71
2022-07-25 03:53:14,9190.99,6818.2
2022-07-25 03:53:13,9191.01,6818.18
2022-07-25 03:53:12,9218.23,6790.95
2022-07-25 03:53:11,9217.82,6791.37
2022-07-25 03:53:10,9223.52,6785.67
2022-07-25 03:53:09,9270.54,6738.65
2022-07-25 03:53:08,9270.28,6738.91
2022-07-25 03:53:07,9284.59,6724.6
2022-07-25 03:53:06,9312.19,6696.99
2022-07-25 03:53:05,9337.45,6671.74
2022-07-25 03:53:04,9338.16,6671.02
2022-07-25 03:53:03,9414.99,6594.2
2022-07-25 03:53:02,9416.59,6592.6
2022-07-25 03:53:01,9469.95,6539.23
2022-07-25 03:53:00,9573.77,6435.42
2022-07-25 03:52:59,9622.52,6386.66
2022-07-25 03:52:58,9942.61,6066.58
2022-07-25 03:52:57,10352.1,5657.07
2022-07-25 03:52:56,10442.6,5566.62
2022-07-25 03:52:55,10576.2,5432.94
2022-07-25 03:52:54,10770.5,5238.73
2022-07-25 03:52:53,10923.2,5085.97
2022-07-25 03:52:52,11036.7,4972.47
2022-07-25 03:52:51,11163,4846.16
2022-07-25 03:52:50,10274.8,5734.42
2022-07-25 03:52:49,9705.8,6303.39
2022-07-25 03:52:48,9074.72,6934.47
2022-07-25 03:52:47,9076.89,6932.3
2022-07-25 03:52:46,9076.79,6932.39
2022-07-25 03:52:45,9078.34,6930.85
2022-07-25 03:52:44,9078.61,6930.58
2022-07-25 03:52:43,9079.61,6929.58
2022-07-25 03:52:42,9080.93,6928.25
2022-07-25 03:52:41,9068.05,6941.14
2022-07-25 03:52:40,9072.2,6936.99
2022-07-25 03:52:39,9079.14,6930.05
2022-07-25 03:52:38,9110.59,6898.59
2022-07-25 03:52:37,9091.1,6918.09
2022-07-25 03:52:36,9349.66,6659.52
2022-07-25 03:52:35,9447.77,6561.42
2022-07-25 03:52:34,9527.82,6481.37
2022-07-25 03:52:33,9531.8,6477.39
2022-07-25 03:52:32,9496.32,6512.87
2022-07-25 03:52:31,9514.91,6494.28
2022-07-25 03:52:30,9548.04,6461.14
2022-07-25 03:52:29,9595.06,6414.13
2022-07-25 03:52:28,9630.76,6378.43
2022-07-25 03:52:27,9007.61,7001.58
2022-07-25 03:52:26,9000.39,7008.79
2022-07-25 03:52:25,9011.8,6997.39
2022-07-25 03:52:24,9026.98,6982.21
2022-07-25 03:52:23,9051.49,6957.7
2022-07-25 03:52:22,9048.46,6960.73
2022-07-25 03:52:21,9052.77,6956.42
2022-07-25 03:52:20,9055.62,6953.56
2022-07-25 03:52:19,9059.78,6949.4
2022-07-25 03:52:18,9089.63,6919.56
2022-07-25 03:52:17,9095.88,6913.31
2022-07-25 03:52:16,9095.93,6913.26
2022-07-25 03:52:15,9133.29,6875.89
2022-07-25 03:52:14,9133.63,6875.56
2022-07-25 03:52:13,9120.36,6888.82
2022-07-25 03:52:12,9172.52,6836.67
2022-07-25 03:52:11,9202.01,6807.18
2022-07-25 03:52:10,9209.2,6799.99
2022-07-25 03:52:09,9319.14,6690.05
2022-07-25 03:52:08,9426.65,6582.54
2022-07-25 03:52:07,9500.17,6509.02
2022-07-25 03:52:06,9812.09,6197.09
2022-07-25 03:52:05,10342.3,5666.9
2022-07-25 03:52:04,10550.4,5458.77
2022-07-25 03:52:03,10717.2,5291.95
2022-07-25 03:52:02,10815.1,5194.12
2022-07-25 03:52:01,10952.8,5056.36
2022-07-25 03:52:00,11064.2,4944.95
2022-07-25 03:51:59,10606.8,5402.38
2022-07-25 03:51:58,9674.99,6334.2
2022-07-25 03:51:57,9056.31,6952.88
2022-07-25 03:51:56,9055.59,6953.6
2022-07-25 03:51:55,9057.53,6951.66
2022-07-25 03:51:54,9058.13,6951.06
2022-07-25 03:51:53,9061.11,6948.08
2022-07-25 03:51:52,9063.22,6945.97
2022-07-25 03:51:51,9063.7,6945.49
2022-07-25 03:51:50,9068.93,6940.25
2022-07-25 03:51:49,9068,6941.19
2022-07-25 03:51:48,9069.71,6939.48
2022-07-25 03:51:47,9119.48,6889.7
2022-07-25 03:51:46,9128.69,6880.5
2022-07-25 03:51:45,9446.37,6562.81
2022-07-25 03:51:44,9501.56,6507.62
2022-07-25 03:51:43,9546.77,6462.41
2022-07-25 03:51:42,9589.33,6419.86
2022-07-25 03:51:41,9608.26,6400.93
2022-07-25 03:51:40,9661.32,6347.87
2022-07-25 03:51:39,9710.76,6298.43
2022-07-25 03:51:38,9728.34,6280.85
2022-07-25 03:51:37,9211.68,6797.51
2022-07-25 03:51:36,9210.86,6798.33
2022-07-25 03:51:35,9238.24,6770.95
2022-07-25 03:51:34,9238.95,6770.24
2022-07-25 03:51:33,9239.35,6769.84
2022-07-25 03:51:32,9269.82,6739.37
2022-07-25 03:51:31,9270.26,6738.93
2022-07-25 03:51:30,9271.36,6737.82
2022-07-25 03:51:29,9304.08,6705.11
2022-07-25 03:51:28,9305.37,6703.82
2022-07-25 03:51:27,9304.84,6704.34
2022-07-25 03:51:26,9341.92,6667.27
2022-07-25 03:51:25,9342.91,6666.28
2022-07-25 03:51:24,9387.66,6621.52
2022-07-25 03:51:23,9391.75,6617.44
2022-07-25 03:51:22,9461.97,6547.22
2022-07-25 03:51:21,9533.54,6475.64
2022-07-25 03:51:20,9581.4,6427.78
2022-07-25 03:51:19,10038.4,5970.77
2022-07-25 03:51:18,10149.8,5859.43
2022-07-25 03:51:17,10544.9,5464.25
2022-07-25 03:51:16,10774.3,5234.93
2022-07-25 03:51:15,10901.3,5107.89
2022-07-25 03:51:14,11003.1,5006.09
2022-07-25 03:51:13,11123,4886.16
2022-07-25 03:51:12,11277.9,4731.34
2022-07-25 03:51:11,10282.9,5726.31
2022-07-25 03:51:10,10320.2,5688.96
2022-07-25 03:51:09,9180.53,6828.66
2022-07-25 03:51:08,9183.64,6825.55
2022-07-25 03:51:07,9183.04,6826.15
2022-07-25 03:51:06,9209.87,6799.32
2022-07-25 03:51:05,9215.58,6793.61
2022-07-25 03:51:04,9217.19,6792
2022-07-25 03:51:03,9243.72,6765.46
2022-07-25 03:51:02,9245.14,6764.05
2022-07-25 03:51:01,9247.09,6762.1
2022-07-25 03:51:00,9265.26,6743.93
2022-07-25 03:50:59,9265.77,6743.42
2022-07-25 03:50:58,9278.69,6730.5
2022-07-25 03:50:57,9308.85,6700.34
2022-07-25 03:50:56,9451.37,6557.82
2022-07-25 03:50:55,9529.51,6479.68
2022-07-25 03:50:54,9554.67,6454.52
2022-07-25 03:50:53,9583.47,6425.71
2022-07-25 03:50:52,9607.05,6402.13
2022-07-25 03:50:51,9660.35,6348.84
2022-07-25 03:50:50,9712.95,6296.24
2022-07-25 03:50:49,9198.79,6810.39
2022-07-25 03:50:48,9207.57,6801.62
2022-07-25 03:50:47,9218.43,6790.76
2022-07-25 03:50:46,9219.97,6789.22
2022-07-25 03:50:45,9239.42,6769.77
2022-07-25 03:50:44,9252.56,6756.63
2022-07-25 03:50:43,9254.09,6755.1
2022-07-25 03:50:42,9274.53,6734.66
2022-07-25 03:50:41,9290.2,6718.99
2022-07-25 03:50:40,9290.27,6718.91
2022-07-25 03:50:39,9327.02,6682.17
2022-07-25 03:50:38,9329.49,6679.7
2022-07-25 03:50:37,9334.46,6674.73
2022-07-25 03:50:36,9376.82,6632.37
2022-07-25 03:50:35,9382.98,6626.2
2022-07-25 03:50:34,9470.65,6538.54
2022-07-25 03:50:33,9715.66,6293.53
2022-07-25 03:50:32,10006.2,6002.95
2022-07-25 03:50:31,10288.9,5720.28
2022-07-25 03:50:30,10351.4,5657.79
2022-07-25 03:50:29,10490.6,5518.63
2022-07-25 03:50:28,10550.6,5458.58
2022-07-25 03:50:27,10884.4,5124.77
2022-07-25 03:50:26,11073.6,4935.61
2022-07-25 03:50:25,11218.3,4790.92
2022-07-25 03:50:24,9883.77,6125.42
2022-07-25 03:50:23,9721.27,6287.92
2022-07-25 03:50:22,9771.66,6237.53
2022-07-25 03:50:21,9814.1,6195.09
2022-07-25 03:50:20,9301.82,6707.36
2022-07-25 03:50:19,9303.25,6705.94
2022-07-25 03:50:18,9318.63,6690.56
2022-07-25 03:50:17,9318.62,6690.57
2022-07-25 03:50:16,9320.01,6689.18
2022-07-25 03:50:15,9322.83,6686.36
2022-07-25 03:50:14,9353.03,6656.16
2022-07-25 03:50:13,9353.09,6656.09
2022-07-25 03:50:12,9352.53,6656.65
2022-07-25 03:50:11,9390.4,6618.79
2022-07-25 03:50:10,9382.33,6626.86
2022-07-25 03:50:09,9385.3,6623.88
2022-07-25 03:50:08,9438.52,6570.67
2022-07-25 03:50:07,9494.32,6514.87
2022-07-25 03:50:06,9636.34,6372.85
2022-07-25 03:50:05,9676.27,6332.92
2022-07-25 03:50:04,9697.27,6311.92
2022-07-25 03:50:03,9726.63,6282.56
2022-07-25 03:50:02,9774.64,6234.55
2022-07-25 03:50:01,9820.24,6188.95
2022-07-25 03:50:00,9848.22,6160.97
2022-07-25 03:49:59,9351.88,6657.31
2022-07-25 03:49:58,9355.56,6653.62
2022-07-25 03:49:57,9375.55,6633.63
2022-07-25 03:49:56,9392.6,6616.59
2022-07-25 03:49:55,9393.21,6615.98
2022-07-25 03:49:54,9414.43,6594.76
2022-07-25 03:49:53,9415.19,6594
2022-07-25 03:49:52,9434.42,6574.77
2022-07-25 03:49:51,9461.27,6547.91
2022-07-25 03:49:50,9477.8,6531.39
2022-07-25 03:49:49,9515.58,6493.61
2022-07-25 03:49:48,9519.8,6489.39
2022-07-25 03:49:47,9585.5,6423.69
2022-07-25 03:49:46,9695.98,6313.21
2022-07-25 03:49:45,10004.7,6004.52
2022-07-25 03:49:44,10235.5,5773.69
2022-07-25 03:49:43,10326.5,5682.72
2022-07-25 03:49:42,10593.5,5415.65
2022-07-25 03:49:41,10671.9,5337.25
2022-07-25 03:49:40,10767.8,5241.42
2022-07-25 03:49:39,11010.5,4998.68
2022-07-25 03:49:38,11142.5,4866.72
2022-07-25 03:49:37,11267.3,4741.87
2022-07-25 03:49:36,10226.5,5782.72
2022-07-25 03:49:35,10296.6,5712.61
2022-07-25 03:49:34,9822.88,6186.3
2022-07-25 03:49:33,9205.11,6804.08
2022-07-25 03:49:32,9219.36,6789.82
2022-07-25 03:49:31,9223.36,6785.83
2022-07-25 03:49:30,9223.66,6785.52
2022-07-25 03:49:29,9238.22,6770.97
2022-07-25 03:49:28,9245.08,6764.11
2022-07-25 03:49:27,9248.01,6761.18
2022-07-25 03:49:26,9268.23,6740.96
2022-07-25 03:49:25,9268.56,6740.63
2022-07-25 03:49:24,9274.16,6735.02
2022-07-25 03:49:23,9283.38,6725.81
2022-07-25 03:49:22,9285.81,6723.38
2022-07-25 03:49:21,9302.48,6706.71
2022-07-25 03:49:20,9340.38,6668.81
2022-07-25 03:49:19,9373.77,6635.42
2022-07-25 03:49:18,9560.98,6448.2
2022-07-25 03:49:17,9581.84,6427.35
2022-07-25 03:49:16,9612.44,6396.75
2022-07-25 03:49:15,9640.28,6368.91
2022-07-25 03:49:14,9701.69,6307.5
2022-07-25 03:49:13,9743.41,6265.78
2022-07-25 03:49:12,9301.82,6707.36
2022-07-25 03:49:11,9243.3,6765.88
2022-07-25 03:49:10,9244.54,6764.65
2022-07-25 03:49:09,9246.06,6763.13
2022-07-25 03:49:08,9238.39,6770.79
2022-07-25 03:49:07,9242.59,6766.59
2022-07-25 03:49:06,9260.7,6748.49
2022-07-25 03:49:05,9259.12,6750.07
2022-07-25 03:49:04,9273.73,6735.45
2022-07-25 03:49:03,9272.71,6736.48
2022-07-25 03:49:02,9296.83,6712.36
2022-07-25 03:49:01,9333.88,6675.3
2022-07-25 03:49:00,9353.87,6655.31
2022-07-25 03:48:59,9591.63,6417.56
2022-07-25 03:48:58,9635.28,6373.91
2022-07-25 03:48:57,9880.3,6128.88
2022-07-25 03:48:56,10040.9,5968.27
2022-07-25 03:48:55,10238.8,5770.42
2022-07-25 03:48:54,10319.2,5689.96
2022-07-25 03:48:53,10558.5,5450.65
2022-07-25 03:48:52,10928.1,5081.07
2022-07-25 03:48:51,10533.7,5475.54
2022-07-25 03:48:50,10664.1,5345.09
2022-07-25 03:48:49,10207.6,5801.59
2022-07-25 03:48:48,10269.4,5739.82
2022-07-25 03:48:47,10364.7,5644.46
2022-07-25 03:48:46,9913.54,6095.65
2022-07-25 03:48:45,9724.77,6284.41
2022-07-25 03:48:44,9309.02,6700.16
2022-07-25 03:48:43,9323.21,6685.98
2022-07-25 03:48:42,9326.89,6682.29
2022-07-25 03:48:41,9329.23,6679.95
2022-07-25 03:48:40,9348.72,6660.47
2022-07-25 03:48:39,9350.28,6658.91
2022-07-25 03:48:38,9369.79,6639.39
2022-07-25 03:48:37,9373.37,6635.82
2022-07-25 03:48:36,9375.57,6633.62
2022-07-25 03:48:35,9395.47,6613.71
2022-07-25 03:48:34,9397.86,6611.33
2022-07-25 03:48:33,9431.68,6577.51
2022-07-25 03:48:32,9447.12,6562.07
2022-07-25 03:48:31,9589.31,6419.88
2022-07-25 03:48:30,9670.66,6338.53
2022-07-25 03:48:29,9687.44,6321.75
2022-07-25 03:48:28,9713.55,6295.64
2022-07-25 03:48:27,9742.18,6267
2022-07-25 03:48:26,9786.5,6222.69
2022-07-25 03:48:25,9849.89,6159.3
2022-07-25 03:48:24,9325.43,6683.76
2022-07-25 03:48:23,9341.73,6667.46
2022-07-25 03:48:22,9355.83,6653.36
2022-07-25 03:48:21,9357.92,6651.27
2022-07-25 03:48:20,9391.24,6617.95
2022-07-25 03:48:19,9409.41,6599.78
2022-07-25 03:48:18,9411.96,6597.22
2022-07-25 03:48:17,9473.5,6535.69
2022-07-25 03:48:16,9483.21,6525.98
2022-07-25 03:48:15,9539.11,6470.08
2022-07-25 03:48:14,9552.99,6456.2
2022-07-25 03:48:13,9769,6240.19
2022-07-25 03:48:12,9795.26,6213.93
2022-07-25 03:48:11,9811.52,6197.67
2022-07-25 03:48:10,9880.45,6128.74
2022-07-25 03:48:09,9949.35,6059.84
2022-07-25 03:48:08,10018.3,5990.87
2022-07-25 03:48:07,9730.94,6278.25
2022-07-25 03:48:06,9838.18,6171.01
2022-07-25 03:48:05,10018.7,5990.48
2022-07-25 03:48:04,10096.8,5912.42
2022-07-25 03:48:03,10463.9,5545.29
2022-07-25 03:48:02,10590.8,5418.39
2022-07-25 03:48:01,10705.8,5303.37
2022-07-25 03:48:00,10267.5,5741.69
2022-07-25 03:47:59,10343.1,5666.05
2022-07-25 03:47:58,9773.08,6236.11
2022-07-25 03:47:57,9803.57,6205.62
2022-07-25 03:47:56,9298.8,6710.39
2022-07-25 03:47:55,9316.41,6692.77
2022-07-25 03:47:54,9317.48,6691.7
2022-07-25 03:47:53,9317.83,6691.36
2022-07-25 03:47:52,9338.85,6670.34
2022-07-25 03:47:51,9339.69,6669.5
2022-07-25 03:47:50,9359.87,6649.32
2022-07-25 03:47:49,9361.54,6647.65
2022-07-25 03:47:48,9366.75,6642.44
2022-07-25 03:47:47,9386.06,6623.13
2022-07-25 03:47:46,9387.71,6621.48
2022-07-25 03:47:45,9429.33,6579.86
2022-07-25 03:47:44,9455.34,6553.85
2022-07-25 03:47:43,9607.84,6401.35
2022-07-25 03:47:42,9656.66,6352.53
2022-07-25 03:47:41,9675.09,6334.09
2022-07-25 03:47:40,9703.35,6305.84
2022-07-25 03:47:39,9744.29,6264.9
2022-07-25 03:47:38,9794.76,6214.43
2022-07-25 03:47:37,9710.32,6298.87
2022-07-25 03:47:36,9297.06,6712.13
2022-07-25 03:47:35,9299.94,6709.25
2022-07-25 03:47:34,9331.05,6678.14
2022-07-25 03:47:33,9343.67,6665.52
2022-07-25 03:47:32,9345.89,6663.29
2022-07-25 03:47:31,9380.27,6628.92
2022-07-25 03:47:30,9401.68,6607.51
2022-07-25 03:47:29,9425.37,6583.82
2022-07-25 03:47:28,9482.72,6526.47
2022-07-25 03:47:27,9522.62,6486.56
2022-07-25 03:47:26,9729.45,6279.73
2022-07-25 03:47:25,9747.81,6261.38
2022-07-25 03:47:24,9796.73,6212.45
2022-07-25 03:47:23,9856.52,6152.67
2022-07-25 03:47:22,9896.22,6112.96
2022-07-25 03:47:21,9978.12,6031.07
2022-07-25 03:47:20,9527.49,6481.69
2022-07-25 03:47:19,9708.27,6300.91
2022-07-25 03:47:18,9841.47,6167.72
2022-07-25 03:47:17,10166.3,5842.91
2022-07-25 03:47:16,10391.3,5617.91
2022-07-25 03:47:15,10502.9,5506.33
2022-07-25 03:47:14,10594.3,5414.84
2022-07-25 03:47:13,10674.9,5334.25
2022-07-25 03:47:12,10717.5,5291.68
2022-07-25 03:47:11,10364.3,5644.93
2022-07-25 03:47:10,10417.6,5591.59
2022-07-25 03:47:09,9398.02,6611.16
2022-07-25 03:47:08,9424.02,6585.17
2022-07-25 03:47:07,9426.01,6583.18
2022-07-25 03:47:06,9428.91,6580.27
2022-07-25 03:47:05,9449.16,6560.03
2022-07-25 03:47:04,9452.43,6556.76
2022-07-25 03:47:03,9454.87,6554.32
2022-07-25 03:47:02,9477.42,6531.77
2022-07-25 03:47:01,9481.21,6527.97
2022-07-25 03:47:00,9495.75,6513.44
2022-07-25 03:46:59,9500.47,6508.71
2022-07-25 03:46:58,9503.14,6506.05
2022-07-25 03:46:57,9551.12,6458.07
2022-07-25 03:46:56,9596.38,6412.81
2022-07-25 03:46:55,9771.65,6237.54
2022-07-25 03:46:54,9785.11,6224.07
2022-07-25 03:46:53,9813.9,6195.29
2022-07-25 03:46:52,9855.64,6153.55
2022-07-25 03:46:51,9904.46,6104.73
2022-07-25 03:46:50,9958.28,6050.9
2022-07-25 03:46:49,9436.1,6573.09
2022-07-25 03:46:48,9473.61,6535.57
2022-07-25 03:46:47,9475.65,6533.53
2022-07-25 03:46:46,9479.21,6529.98
2022-07-25 03:46:45,9516.95,6492.23
2022-07-25 03:46:44,9532.46,6476.73
2022-07-25 03:46:43,9535.42,6473.77
2022-07-25 03:46:42,9603.68,6405.51
2022-07-25 03:46:41,9640.07,6369.12
2022-07-25 03:46:40,9806.6,6202.59
2022-07-25 03:46:39,9864.01,6145.18
2022-07-25 03:46:38,9909.88,6099.31
2022-07-25 03:46:37,9970.13,6039.05
2022-07-25 03:46:36,10024,5985.14
2022-07-25 03:46:35,10088.3,5920.89
2022-07-25 03:46:34,10166.1,5843.11
2022-07-25 03:46:33,9640.94,6368.25
2022-07-25 03:46:32,9691.43,6317.76
2022-07-25 03:46:31,9798.32,6210.86
2022-07-25 03:46:30,9927.96,6081.23
2022-07-25 03:46:29,10070.6,5938.57
2022-07-25 03:46:28,10366.8,5642.41
2022-07-25 03:46:27,10464.1,5545.07
2022-07-25 03:46:26,10528.5,5480.73
2022-07-25 03:46:25,10619,5390.16
2022-07-25 03:46:24,10729.1,5280.07
2022-07-25 03:46:23,10837.6,5171.63
2022-07-25 03:46:22,10421.7,5587.44
2022-07-25 03:46:21,9298.86,6710.33
2022-07-25 03:46:20,9299.41,6709.78
2022-07-25 03:46:19,9322.49,6686.7
2022-07-25 03:46:18,9324.52,6684.66
2022-07-25 03:46:17,9327.48,6681.71
2022-07-25 03:46:16,9350.55,6658.64
2022-07-25 03:46:15,9354.51,6654.68
2022-07-25 03:46:14,9355.56,6653.63
2022-07-25 03:46:13,9381.78,6627.41
2022-07-25 03:46:12,9385.2,6623.98
2022-07-25 03:46:11,9399.48,6609.7
2022-07-25 03:46:10,9434.54,6574.64
2022-07-25 03:46:09,9461.05,6548.14
2022-07-25 03:46:08,9639.69,6369.5
2022-07-25 03:46:07,9677.37,6331.82
2022-07-25 03:46:06,9695.15,6314.04
2022-07-25 03:46:05,9714.66,6294.53
2022-07-25 03:46:04,9766.6,6242.59
2022-07-25 03:46:03,9817.55,6191.63
2022-07-25 03:46:02,9315.04,6694.15
2022-07-25 03:46:01,9323.04,6686.15
2022-07-25 03:46:00,9352.05,6657.14
2022-07-25 03:45:59,9352.54,6656.65
2022-07-25 03:45:58,9356.54,6652.64
2022-07-25 03:45:57,9402.32,6606.86
2022-07-25 03:45:56,9403.63,6605.55
2022-07-25 03:45:55,9446.02,6563.17
2022-07-25 03:45:54,9499.04,6510.14
2022-07-25 03:45:53,9569.57,6439.62
2022-07-25 03:45:52,9713.66,6295.53
2022-07-25 03:45:51,9749.04,6260.15
2022-07-25 03:45:50,9782.99,6226.2
2022-07-25 03:45:49,9846.45,6162.74
2022-07-25 03:45:48,9907.54,6101.65
2022-07-25 03:45:47,9567.12,6442.07
2022-07-25 03:45:46,9361.91,6647.28
2022-07-25 03:45:45,9416.17,6593.02
2022-07-25 03:45:44,9436.93,6572.26
2022-07-25 03:45:43,9655.61,6353.57
2022-07-25 03:45:42,9760.96,6248.23
2022-07-25 03:45:41,9932.1,6077.09
2022-07-25 03:45:40,10243.2,5765.98
2022-07-25 03:45:39,10359.2,5650.02
2022-07-25 03:45:38,10490.6,5518.55
2022-07-25 03:45:37,10557.7,5451.47
2022-07-25 03:45:36,10668.2,5341.01
2022-07-25 03:45:35,10132,5877.18
2022-07-25 03:45:34,9569.83,6439.36
2022-07-25 03:45:33,9586.12,6423.07
2022-07-25 03:45:32,9002.27,7006.91
2022-07-25 03:45:31,8998.46,7010.73
2022-07-25 03:45:30,8998.68,7010.5
2022-07-25 03:45:29,9019.39,6989.79
2022-07-25 03:45:28,9020.69,6988.5
2022-07-25 03:45:27,9022.15,6987.04
2022-07-25 03:45:26,9046.29,6962.9
2022-07-25 03:45:25,9045.97,6963.22
2022-07-25 03:45:24,9048.5,6960.69
2022-07-25 03:45:23,9099.78,6909.41
2022-07-25 03:45:22,9107.99,6901.2
2022-07-25 03:45:21,9270.48,6738.71
2022-07-25 03:45:20,9332.07,6677.11
2022-07-25 03:45:19,9351.46,6657.73
2022-07-25 03:45:18,9378.24,6630.95
2022-07-25 03:45:17,9423.97,6585.22
2022-07-25 03:45:16,9469.31,6539.88
2022-07-25 03:45:15,8953.24,7055.95
2022-07-25 03:45:14,8953.47,7055.72
2022-07-25 03:45:13,8952.74,7056.45
2022-07-25 03:45:12,8953.32,7055.87
2022-07-25 03:45:11,8946.11,7063.07
2022-07-25 03:45:10,8949.37,7059.82
2022-07-25 03:45:09,9007.34,7001.84
2022-07-25 03:45:08,9011.48,6997.71
2022-07-25 03:45:07,9237.12,6772.07
2022-07-25 03:45:06,9348.66,6660.52
2022-07-25 03:45:05,9420.13,6589.06
2022-07-25 03:45:04,9452.18,6557
2022-07-25 03:45:03,9477.83,6531.36
2022-07-25 03:45:02,9526.59,6482.59
2022-07-25 03:45:01,9575.32,6433.87
2022-07-25 03:45:00,9580.61,6428.58
2022-07-25 03:44:59,8965.64,7043.55
2022-07-25 03:44:58,9003.28,7005.91
2022-07-25 03:44:57,9064.65,6944.54
2022-07-25 03:44:56,9213.94,6795.25
2022-07-25 03:44:55,9453.96,6555.23
2022-07-25 03:44:54,9761.05,6248.14
2022-07-25 03:44:53,9912.79,6096.4
2022-07-25 03:44:52,10296.7,5712.52
2022-07-25 03:44:51,10397,5612.17
2022-07-25 03:44:50,10493.9,5515.25
2022-07-25 03:44:49,10599.3,5409.85
2022-07-25 03:44:48,10699.2,5310.02
2022-07-25 03:44:47,10175.7,5833.47
2022-07-25 03:44:46,9699.43,6309.75
2022-07-25 03:44:45,9108.9,6900.28
2022-07-25 03:44:44,9109.93,6899.25
2022-07-25 03:44:43,9111.16,6898.03
2022-07-25 03:44:42,9115,6894.18
2022-07-25 03:44:41,9139.7,6869.49
2022-07-25 03:44:40,9141.91,6867.27
2022-07-25 03:44:39,9143.29,6865.9
2022-07-25 03:44:38,9174.39,6834.79
2022-07-25 03:44:37,9173.41,6835.78
2022-07-25 03:44:36,9222.13,6787.05
2022-07-25 03:44:35,9237.02,6772.17
2022-07-25 03:44:34,9402.35,6606.84
2022-07-25 03:44:33,9447.65,6561.54
2022-07-25 03:44:32,9478.74,6530.45
2022-07-25 03:44:31,9495.9,6513.29
2022-07-25 03:44:30,9542.69,6466.5
2022-07-25 03:44:29,9596.23,6412.96
2022-07-25 03:44:28,9604.35,6404.84
2022-07-25 03:44:27,9091.92,6917.27
2022-07-25 03:44:26,9091.93,6917.25
2022-07-25 03:44:25,9093.14,6916.05
2022-07-25 03:44:24,9092.91,6916.28
2022-07-25 03:44:23,9088.19,6921
2022-07-25 03:44:22,9089.16,6920.03
2022-07-25 03:44:21,9155.17,6854.02
2022-07-25 03:44:20,9160.02,6849.16
2022-07-25 03:44:19,9463.63,6545.56
2022-07-25 03:44:18,9538.46,6470.73
2022-07-25 03:44:17,9573.12,6436.06
2022-07-25 03:44:16,9597.88,6411.31
2022-07-25 03:44:15,9647.91,6361.27
2022-07-25 03:44:14,9703.11,6306.08
2022-07-25 03:44:13,9737.39,6271.8
2022-07-25 03:44:12,9117.8,6891.39
2022-07-25 03:44:11,9148.96,6860.23
2022-07-25 03:44:10,9219.66,6789.53
2022-07-25 03:44:09,9257.59,6751.59
2022-07-25 03:44:08,9521.36,6487.83
2022-07-25 03:44:07,9651.39,6357.8
2022-07-25 03:44:06,9722.19,6287
2022-07-25 03:44:05,9902.96,6106.23
2022-07-25 03:44:04,10241.9,5767.25
2022-07-25 03:44:03,10390,5619.23
2022-07-25 03:44:02,10512.4,5496.82
2022-07-25 03:44:01,10607.8,5401.36
2022-07-25 03:44:00,10166.1,5843.09
2022-07-25 03:43:59,10255.7,5753.46
2022-07-25 03:43:58,9815.85,6193.34
2022-07-25 03:43:57,9823.94,6185.25
2022-07-25 03:43:56,9327.22,6681.97
2022-07-25 03:43:55,9333.52,6675.66
2022-07-25 03:43:54,9335.03,6674.16
2022-07-25 03:43:53,9347.68,6661.51
2022-07-25 03:43:52,9360.86,6648.33
2022-07-25 03:43:51,9368.28,6640.91
2022-07-25 03:43:50,9389.68,6619.51
2022-07-25 03:43:49,9392.3,6616.89
2022-07-25 03:43:48,9437.71,6571.48
2022-07-25 03:43:47,9444.83,6564.36
2022-07-25 03:43:46,9606.16,6403.03
2022-07-25 03:43:45,9666.93,6342.25
2022-07-25 03:43:44,9680.67,6328.52
2022-07-25 03:43:43,9718.28,6290.91
2022-07-25 03:43:42,9765.11,6244.08
2022-07-25 03:43:41,9807.68,6201.5
2022-07-25 03:43:40,9840.32,6168.86
2022-07-25 03:43:39,9329.15,6680.04
2022-07-25 03:43:38,9329.54,6679.65
2022-07-25 03:43:37,9322,6687.19
2022-07-25 03:43:36,9385.24,6623.95
2022-07-25 03:43:35,9388.22,6620.97
2022-07-25 03:43:34,9481.79,6527.39
2022-07-25 03:43:33,9731.91,6277.27
2022-07-25 03:43:32,9817.58,6191.61
2022-07-25 03:43:31,9849.5,6159.68
2022-07-25 03:43:30,9893.56,6115.63
2022-07-25 03:43:29,9952.91,6056.28
2022-07-25 03:43:28,10005,6004.23
2022-07-25 03:43:27,9537.55,6471.63
2022-07-25 03:43:26,9563.27,6445.92
2022-07-25 03:43:25,9565,6444.19
2022-07-25 03:43:24,9598.31,6410.88
2022-07-25 03:43:23,9644.91,6364.28
2022-07-25 03:43:22,9637,6372.19
2022-07-25 03:43:21,9722.73,6286.45
2022-07-25 03:43:20,9756.66,6252.53
2022-07-25 03:43:19,9818.24,6190.95
2022-07-25 03:43:18,10145.3,5863.88
2022-07-25 03:43:17,10239.3,5769.88
2022-07-25 03:43:16,10305.9,5703.26
2022-07-25 03:43:15,10518.3,5490.89
2022-07-25 03:43:14,10607.6,5401.58
2022-07-25 03:43:13,10718.3,5290.87
2022-07-25 03:43:12,10828.6,5180.6
2022-07-25 03:43:11,9770.92,6238.27
2022-07-25 03:43:10,9820.25,6188.94
2022-07-25 03:43:09,9618.63,6390.56
2022-07-25 03:43:08,9330.09,6679.1
2022-07-25 03:43:07,9330.64,6678.55
2022-07-25 03:43:06,9350.08,6659.11
2022-07-25 03:43:05,9354.14,6655.04
2022-07-25 03:43:04,9353.33,6655.86
2022-07-25 03:43:03,9373.6,6635.59
2022-07-25 03:43:02,9375.73,6633.46
2022-07-25 03:43:01,9399.76,6609.43
2022-07-25 03:43:00,9415.35,6593.84
2022-07-25 03:42:59,9579.15,6430.04
2022-07-25 03:42:58,9639.1,6370.09
2022-07-25 03:42:57,9661.02,6348.16
2022-07-25 03:42:56,9685.2,6323.99
2022-07-25 03:42:55,9739.22,6269.96
2022-07-25 03:42:54,9790.89,6218.3
2022-07-25 03:42:53,9820.92,6188.27
2022-07-25 03:42:52,9326.44,6682.75
2022-07-25 03:42:51,9374.46,6634.73
2022-07-25 03:42:50,9385.31,6623.87
2022-07-25 03:42:49,9386.52,6622.67
2022-07-25 03:42:48,9451.55,6557.64
2022-07-25 03:42:47,9496.68,6512.5
2022-07-25 03:42:46,9690.14,6319.05
2022-07-25 03:42:45,9705.35,6303.84
2022-07-25 03:42:44,9734.51,6274.68
2022-07-25 03:42:43,9779.72,6229.47
2022-07-25 03:42:42,9826.35,6182.84
2022-07-25 03:42:41,9888.88,6120.31
2022-07-25 03:42:40,9266.54,6742.65
2022-07-25 03:42:39,9268.8,6740.39
2022-07-25 03:42:38,9293.75,6715.44
2022-07-25 03:42:37,9295.2,6713.98
2022-07-25 03:42:36,9310.84,6698.35
2022-07-25 03:42:35,9361.89,6647.29
2022-07-25 03:42:34,9396.72,6612.47
2022-07-25 03:42:33,9465.3,6543.89
2022-07-25 03:42:32,9650.57,6358.61
2022-07-25 03:42:31,9766.14,6243.05
2022-07-25 03:42:30,10084.2,5925.01
2022-07-25 03:42:29,10308.1,5701.09
2022-07-25 03:42:28,10424.1,5585.14
2022-07-25 03:42:27,10509.8,5499.39
2022-07-25 03:42:26,10614.5,5394.7
2022-07-25 03:42:25,10725.5,5283.7
2022-07-25 03:42:24,10311.8,5697.38
2022-07-25 03:42:23,9845.89,6163.3
2022-07-25 03:42:22,9634.78,6374.4
2022-07-25 03:42:21,9220.24,6788.95
2022-07-25 03:42:20,9235.52,6773.67
2022-07-25 03:42:19,9239.06,6770.13
2022-07-25 03:42:18,9257.68,6751.51
2022-07-25 03:42:17,9257.13,6752.05
2022-07-25 03:42:16,9259.09,6750.1
2022-07-25 03:42:15,9268.71,6740.48
2022-07-25 03:42:14,9260.22,6748.97
2022-07-25 03:42:13,9296.23,6712.96
2022-07-25 03:42:12,9311.46,6697.72
2022-07-25 03:42:11,9464.33,6544.86
2022-07-25 03:42:10,9502.02,6507.16
2022-07-25 03:42:09,9525.29,6483.89
2022-07-25 03:42:08,9551.55,6457.64
2022-07-25 03:42:07,9599.34,6409.85
2022-07-25 03:42:06,9648.32,6360.87
2022-07-25 03:42:05,9666.48,6342.7
2022-07-25 03:42:04,9159.36,6849.82
2022-07-25 03:42:03,9174.31,6834.88
2022-07-25 03:42:02,9219.73,6789.46
2022-07-25 03:42:01,9225.15,6784.04
2022-07-25 03:42:00,9544.88,6464.31
2022-07-25 03:41:59,9610.66,6398.53
2022-07-25 03:41:58,9663.68,6345.51
2022-07-25 03:41:57,9699.26,6309.93
2022-07-25 03:41:56,9743.79,6265.4
2022-07-25 03:41:55,9811.12,6198.07
2022-07-25 03:41:54,9837.67,6171.52
2022-07-25 03:41:53,9322.41,6686.78
2022-07-25 03:41:52,9349.36,6659.83
2022-07-25 03:41:51,9350.36,6658.83
2022-07-25 03:41:50,9350.45,6658.73
2022-07-25 03:41:49,9408.79,6600.4
2022-07-25 03:41:48,9437.51,6571.68
2022-07-25 03:41:47,9478.58,6530.61
2022-07-25 03:41:46,9475.92,6533.27
2022-07-25 03:41:45,9696.4,6312.79
2022-07-25 03:41:44,9812,6197.19
2022-07-25 03:41:43,9939.39,6069.8
2022-07-25 03:41:42,10147.4,5861.79
2022-07-25 03:41:41,10429.6,5579.6
2022-07-25 03:41:40,10563.6,5445.57
2022-07-25 03:41:39,10649.8,5359.42
2022-07-25 03:41:38,10752.3,5256.91
2022-07-25 03:41:37,10835.7,5173.51
2022-07-25 03:41:36,9685.5,6323.69
2022-07-25 03:41:35,9702.36,6306.83
2022-07-25 03:41:34,9095,6914.18
2022-07-25 03:41:33,9096.05,6913.14
2022-07-25 03:41:32,9096.39,6912.79
2022-07-25 03:41:31,9118.67,6890.52
2022-07-25 03:41:30,9120.28,6888.91
2022-07-25 03:41:29,9128.64,6880.55
2022-07-25 03:41:28,9148.15,6861.04
2022-07-25 03:41:27,9148.73,6860.46
2022-07-25 03:41:26,9180.91,6828.27
2022-07-25 03:41:25,9217.53,6791.66
2022-07-25 03:41:24,9361.14,6648.05
2022-07-25 03:41:23,9429.44,6579.75
2022-07-25 03:41:22,9461.35,6547.84
2022-07-25 03:41:21,9499.03,6510.16
2022-07-25 03:41:20,9535.03,6474.16
2022-07-25 03:41:19,9602.41,6406.78
2022-07-25 03:41:18,9634.79,6374.4
2022-07-25 03:41:17,9001.05,7008.14
2022-07-25 03:41:16,9020.6,6988.59
2022-07-25 03:41:15,9022.84,6986.35
2022-07-25 03:41:14,9066.91,6942.28
2022-07-25 03:41:13,9093.06,6916.13
2022-07-25 03:41:12,9267.86,6741.32
2022-07-25 03:41:11,9291.25,6717.94
2022-07-25 03:41:10,9318.41,6690.78
2022-07-25 03:41:09,9348.68,6660.51
2022-07-25 03:41:08,9393.29,6615.89
2022-07-25 03:41:07,9437.71,6571.47
2022-07-25 03:41:06,9440.41,6568.78
2022-07-25 03:41:05,8921.52,7087.67
2022-07-25 03:41:04,8921.51,7087.68
2022-07-25 03:41:03,8923.87,7085.32
2022-07-25 03:41:02,8925.84,7083.35
2022-07-25 03:41:01,8926.23,7082.96
2022-07-25 03:41:00,8969.39,7039.8
2022-07-25 03:40:59,9010.17,6999.02
2022-07-25 03:40:58,9026.26,6982.93
2022-07-25 03:40:57,9558.02,6451.17
2022-07-25 03:40:56,9724.73,6284.45
2022-07-25 03:40:55,9902.8,6106.39
2022-07-25 03:40:54,9969.72,6039.47
2022-07-25 03:40:53,10237,5772.2
2022-07-25 03:40:52,10414.8,5594.38
2022-07-25 03:40:51,10579.6,5429.62
2022-07-25 03:40:50,10693.6,5315.54
2022-07-25 03:40:49,9701.99,6307.2
2022-07-25 03:40:48,9746.71,6262.48
2022-07-25 03:40:47,9784.84,6224.35
2022-07-25 03:40:46,9283.83,6725.36
2022-07-25 03:40:45,9289.25,6719.94
2022-07-25 03:40:44,9289.95,6719.24
2022-07-25 03:40:43,9290.66,6718.53
2022-07-25 03:40:42,9295.83,6713.36
2022-07-25 03:40:41,9297.54,6711.64
2022-07-25 03:40:40,9299.14,6710.05
2022-07-25 03:40:39,9341.52,6667.66
2022-07-25 03:40:38,9346.64,6662.55
2022-07-25 03:40:37,9562.27,6446.92
2022-07-25 03:40:36,9711.74,6297.44
2022-07-25 03:40:35,9791.04,6218.15
2022-07-25 03:40:34,9828.29,6180.9
2022-07-25 03:40:33,9843.86,6165.33
2022-07-25 03:40:32,9894.4,6114.79
2022-07-25 03:40:31,9963.87,6045.32
2022-07-25 03:40:30,9489.34,6519.84
2022-07-25 03:40:29,9492.26,6516.93
2022-07-25 03:40:28,9505.39,6503.79
2022-07-25 03:40:27,9509.79,6499.39
2022-07-25 03:40:26,9526.95,6482.24
2022-07-25 03:40:25,9576.45,6432.74
2022-07-25 03:40:24,9718.53,6290.66
2022-07-25 03:40:23,9802.07,6207.12
2022-07-25 03:40:22,9837.06,6172.13
2022-07-25 03:40:21,9870.56,6138.63
2022-07-25 03:40:20,9916.52,6092.67
2022-07-25 03:40:19,10011.1,5998.13
2022-07-25 03:40:18,10035.4,5973.83
2022-07-25 03:40:17,9544.55,6464.64
2022-07-25 03:40:16,9606.03,6403.16
2022-07-25 03:40:15,9616.54,6392.65
2022-07-25 03:40:14,9621.52,6387.67
2022-07-25 03:40:13,9668.16,6341.03
2022-07-25 03:40:12,9719.29,6289.9
2022-07-25 03:40:11,9736.04,6273.14
2022-07-25 03:40:10,9831.2,6177.99
2022-07-25 03:40:09,9861.42,6147.77
2022-07-25 03:40:08,10172,5837.2
2022-07-25 03:40:07,10315.6,5693.64
2022-07-25 03:40:06,10491.9,5517.27
2022-07-25 03:40:05,10572.1,5437.07
2022-07-25 03:40:04,10633.5,5375.68
2022-07-25 03:40:03,10759.4,5249.75
2022-07-25 03:40:02,10871.4,5137.77
2022-07-25 03:40:01,10799.4,5209.79
2022-07-25 03:40:00,9997.07,6012.11
2022-07-25 03:39:59,9357.16,6652.03
2022-07-25 03:39:58,9372.92,6636.27
2022-07-25 03:39:57,9376.75,6632.43
2022-07-25 03:39:56,9388.64,6620.55
2022-07-25 03:39:55,9396.41,6612.78
2022-07-25 03:39:54,9376.3,6632.89
2022-07-25 03:39:53,9396.26,6612.93
2022-07-25 03:39:52,9397.81,6611.38
2022-07-25 03:39:51,9434.78,6574.41
2022-07-25 03:39:50,9469.72,6539.47
2022-07-25 03:39:49,9642.18,6367.01
2022-07-25 03:39:48,9672.19,6337
2022-07-25 03:39:47,9708.85,6300.34
2022-07-25 03:39:46,9733.06,6276.13
2022-07-25 03:39:45,9781.03,6228.16
2022-07-25 03:39:44,9854.54,6154.64
2022-07-25 03:39:43,9858.92,6150.27
2022-07-25 03:39:42,9334.7,6674.48
2022-07-25 03:39:41,9362.87,6646.32
2022-07-25 03:39:40,9366,6643.19
2022-07-25 03:39:39,9367.01,6642.18
2022-07-25 03:39:38,9420.23,6588.96
2022-07-25 03:39:37,9446.44,6562.75
2022-07-25 03:39:36,9604.51,6404.68
2022-07-25 03:39:35,9633.38,6375.81
2022-07-25 03:39:34,9666.65,6342.54
2022-07-25 03:39:33,9699.16,6310.02
2022-07-25 03:39:32,9759.24,6249.95
2022-07-25 03:39:31,9809.59,6199.59
2022-07-25 03:39:30,9815.43,6193.75
2022-07-25 03:39:29,9383.44,6625.75
2022-07-25 03:39:28,9385.01,6624.18
2022-07-25 03:39:27,9384.69,6624.5
2022-07-25 03:39:26,9444.95,6564.24
2022-07-25 03:39:25,9462.81,6546.38
2022-07-25 03:39:24,9509.22,6499.97
2022-07-25 03:39:23,9555.73,6453.46
2022-07-25 03:39:22,9732.78,6276.41
2022-07-25 03:39:21,9861.8,6147.38
2022-07-25 03:39:20,10052.3,5956.88
2022-07-25 03:39:19,10323.6,5685.63
2022-07-25 03:39:18,10469.2,5540.01
2022-07-25 03:39:17,10610.3,5398.84
2022-07-25 03:39:16,10693.1,5316.12
2022-07-25 03:39:15,10806.8,5202.43
2022-07-25 03:39:14,10277.3,5731.9
2022-07-25 03:39:13,10338.7,5670.49
2022-07-25 03:39:12,9249.38,6759.81
2022-07-25 03:39:11,9251.37,6757.82
2022-07-25 03:39:10,9253.53,6755.66
2022-07-25 03:39:09,9269.93,6739.26
2022-07-25 03:39:08,9272.74,6736.45
2022-07-25 03:39:07,9286.2,6722.98
2022-07-25 03:39:06,9302.32,6706.87
2022-07-25 03:39:05,9315.15,6694.04
2022-07-25 03:39:04,9340.41,6668.78
2022-07-25 03:39:03,9393.17,6616.02
2022-07-25 03:39:02,9405.64,6603.55
2022-07-25 03:39:01,9585.61,6423.58
2022-07-25 03:39:00,9646.41,6362.77
2022-07-25 03:38:59,9666.54,6342.64
2022-07-25 03:38:58,9713.72,6295.47
2022-07-25 03:38:57,9761.85,6247.34
2022-07-25 03:38:56,9830.45,6178.74
2022-07-25 03:38:55,9851.32,6157.86
2022-07-25 03:38:54,9334.23,6674.95
2022-07-25 03:38:53,9337.33,6671.86
2022-07-25 03:38:52,9371.01,6638.18
2022-07-25 03:38:51,9388.26,6620.93
2022-07-25 03:38:50,9533.29,6475.89
2022-07-25 03:38:49,9563.47,6445.72
2022-07-25 03:38:48,9591.41,6417.78
2022-07-25 03:38:47,9621.21,6387.98
2022-07-25 03:38:46,9652.37,6356.82
2022-07-25 03:38:45,9707.82,6301.36
2022-07-25 03:38:44,9754.46,6254.72
2022-07-25 03:38:43,9131.24,6877.95
2022-07-25 03:38:42,9150.37,6858.82
2022-07-25 03:38:41,9149.84,6859.34
2022-07-25 03:38:40,9155.13,6854.06
2022-07-25 03:38:39,9169.79,6839.4
2022-07-25 03:38:38,9163.94,6845.25
2022-07-25 03:38:37,9223.71,6785.48
2022-07-25 03:38:36,9294.86,6714.33
2022-07-25 03:38:35,9505.74,6503.45
2022-07-25 03:38:34,9714.07,6295.12
2022-07-25 03:38:33,10048.6,5960.55
2022-07-25 03:38:32,10168,5841.17
2022-07-25 03:38:31,10351.6,5657.58
2022-07-25 03:38:30,10479.2,5529.96
2022-07-25 03:38:29,10566.5,5442.73
2022-07-25 03:38:28,10662.3,5346.88
2022-07-25 03:38:27,10160.5,5848.68
2022-07-25 03:38:26,9611.61,6397.58
2022-07-25 03:38:25,9002.02,7007.16
2022-07-25 03:38:24,9002.06,7007.13
2022-07-25 03:38:23,9026.2,6982.99
2022-07-25 03:38:22,9026.75,6982.44
2022-07-25 03:38:21,9027.82,6981.36
2022-07-25 03:38:20,9049.18,6960.01
2022-07-25 03:38:19,9050.97,6958.22
2022-07-25 03:38:18,9063.53,6945.66
2022-07-25 03:38:17,9067.47,6941.72
2022-07-25 03:38:16,9067.69,6941.5
2022-07-25 03:38:15,9111.31,6897.88
2022-07-25 03:38:14,9150.5,6858.69
2022-07-25 03:38:13,9320.1,6689.09
2022-07-25 03:38:12,9335.39,6673.79
2022-07-25 03:38:11,9360.8,6648.39
2022-07-25 03:38:10,9387.48,6621.71
2022-07-25 03:38:09,9427.1,6582.09
2022-07-25 03:38:08,9475.98,6533.21
2022-07-25 03:38:07,9479.59,6529.6
2022-07-25 03:38:06,8881.49,7127.7
2022-07-25 03:38:05,8902.3,7106.88
2022-07-25 03:38:04,9024.37,6984.82
2022-07-25 03:38:03,9239.63,6769.56
2022-07-25 03:38:02,9318.54,6690.65
2022-07-25 03:38:01,9346.24,6662.95
2022-07-25 03:38:00,9370.62,6638.57
2022-07-25 03:37:59,9416.05,6593.14
2022-07-25 03:37:58,9461.87,6547.31
2022-07-25 03:37:57,9425.12,6584.07
2022-07-25 03:37:56,8858.22,7150.97
2022-07-25 03:37:55,8857.46,7151.73
2022-07-25 03:37:54,8859.06,7150.13
2022-07-25 03:37:53,8860.12,7149.06
2022-07-25 03:37:52,8861.23,7147.96
2022-07-25 03:37:51,8858.36,7150.83
2022-07-25 03:37:50,8942.08,7067.11
2022-07-25 03:37:49,8944.64,7064.55
2022-07-25 03:37:48,9213.35,6795.84
2022-07-25 03:37:47,9640.55,6368.64
2022-07-25 03:37:46,9763.78,6245.41
2022-07-25 03:37:45,10078.5,5930.71
2022-07-25 03:37:44,10249.8,5759.38
2022-07-25 03:37:43,10329.7,5679.51
2022-07-25 03:37:42,10457.1,5552.05
2022-07-25 03:37:41,10576.9,5432.29
2022-07-25 03:37:40,10153.2,5855.97
2022-07-25 03:37:39,9579,6430.18
2022-07-25 03:37:38,9058.85,6950.34
2022-07-25 03:37:37,9060.64,6948.55
2022-07-25 03:37:36,9062.55,6946.64
2022-07-25 03:37:35,9061.9,6947.29
2022-07-25 03:37:34,9064.39,6944.79
2022-07-25 03:37:33,9064.88,6944.31
2022-07-25 03:37:32,9065.88,6943.31
2022-07-25 03:37:31,9065.47,6943.72
2022-07-25 03:37:30,9068.34,6940.84
2022-07-25 03:37:29,9062.09,6947.09
2022-07-25 03:37:28,9063.5,6945.69
2022-07-25 03:37:27,9143.91,6865.28
2022-07-25 03:37:26,9149.3,6859.89
2022-07-25 03:37:25,9440,6569.18
2022-07-25 03:37:24,9518.82,6490.36
2022-07-25 03:37:23,9558.49,6450.7
2022-07-25 03:37:22,9590.69,6418.5
2022-07-25 03:37:21,9618.02,6391.17
2022-07-25 03:37:20,9667.17,6342.02
2022-07-25 03:37:19,9699.65,6309.54
2022-07-25 03:37:18,9755.26,6253.93
2022-07-25 03:37:17,9356.76,6652.43
2022-07-25 03:37:16,9600.89,6408.3
2022-07-25 03:37:15,9680.49,6328.7
2022-07-25 03:37:14,9714.25,6294.94
2022-07-25 03:37:13,9730.48,6278.7
2022-07-25 03:37:12,9780.45,6228.74
2022-07-25 03:37:11,9849.08,6160.11
2022-07-25 03:37:10,9858.42,6150.77
2022-07-25 03:37:09,9267.87,6741.32
2022-07-25 03:37:08,9290.37,6718.81
2022-07-25 03:37:07,9291.82,6717.36
2022-07-25 03:37:06,9334.19,6675
2022-07-25 03:37:05,9353.43,6655.75
2022-07-25 03:37:04,9344.82,6664.37
2022-07-25 03:37:03,9480.28,6528.91
2022-07-25 03:37:02,9482.91,6526.28
2022-07-25 03:37:01,9708.99,6300.2
2022-07-25 03:37:00,10014.4,5994.76
2022-07-25 03:36:59,10136.4,5872.83
2022-07-25 03:36:58,10187.7,5821.53
2022-07-25 03:36:57,10274.9,5734.34
2022-07-25 03:36:56,10500,5509.21
2022-07-25 03:36:55,10615.1,5394.12
2022-07-25 03:36:54,10720.9,5288.24
2022-07-25 03:36:53,9718.12,6291.07
2022-07-25 03:36:52,9773.3,6235.88
2022-07-25 03:36:51,9814.92,6194.27
2022-07-25 03:36:50,9694.46,6314.73
2022-07-25 03:36:49,9319.76,6689.43
2022-07-25 03:36:48,9320.41,6688.78
2022-07-25 03:36:47,9331.33,6677.86
2022-07-25 03:36:46,9334.3,6674.89
2022-07-25 03:36:45,9336.18,6673.01
2022-07-25 03:36:44,9338.3,6670.89
2022-07-25 03:36:43,9367.04,6642.15
2022-07-25 03:36:42,9369.54,6639.64
2022-07-25 03:36:41,9369.96,6639.23
2022-07-25 03:36:40,9411.77,6597.41
2022-07-25 03:36:39,9415.9,6593.29
2022-07-25 03:36:38,9416.94,6592.25
2022-07-25 03:36:37,9469.34,6539.84
2022-07-25 03:36:36,9500.9,6508.29
2022-07-25 03:36:35,9640.57,6368.62
2022-07-25 03:36:34,9686.28,6322.91
2022-07-25 03:36:33,9713.11,6296.08
2022-07-25 03:36:32,9724.09,6285.09
2022-07-25 03:36:31,9788.96,6220.22
2022-07-25 03:36:30,9886.81,6122.38
2022-07-25 03:36:29,9426,6583.19
2022-07-25 03:36:28,9725.96,6283.22
2022-07-25 03:36:27,9813.56,6195.63
2022-07-25 03:36:26,9865.8,6143.39
2022-07-25 03:36:25,9890.07,6119.12
2022-07-25 03:36:24,9970.81,6038.38
2022-07-25 03:36:23,10032.1,5977.09
2022-07-25 03:36:22,10039.9,5969.25
2022-07-25 03:36:21,9457.39,6551.8
2022-07-25 03:36:20,9476.05,6533.13
2022-07-25 03:36:19,9471.71,6537.47
2022-07-25 03:36:18,9546.74,6462.45
2022-07-25 03:36:17,9551.23,6457.96
2022-07-25 03:36:16,9598.88,6410.3
2022-07-25 03:36:15,9666.28,6342.91
2022-07-25 03:36:14,9728.78,6280.41
2022-07-25 03:36:13,10037.7,5971.5
2022-07-25 03:36:12,10120.7,5888.44
2022-07-25 03:36:11,10177.8,5831.43
2022-07-25 03:36:10,10256.6,5752.62
2022-07-25 03:36:09,10444.4,5564.79
2022-07-25 03:36:08,10563.5,5445.66
2022-07-25 03:36:07,10675.8,5333.42
2022-07-25 03:36:06,10210.2,5798.99
2022-07-25 03:36:05,9640.61,6368.57
2022-07-25 03:36:04,9687.61,6321.58
2022-07-25 03:36:03,9696.61,6312.58
2022-07-25 03:36:02,9081.04,6928.14
2022-07-25 03:36:01,9083,6926.19
2022-07-25 03:36:00,9084.02,6925.17
2022-07-25 03:35:59,9085.77,6923.42
2022-07-25 03:35:58,9106.1,6903.09
2022-07-25 03:35:57,9106.29,6902.9
2022-07-25 03:35:56,9108.16,6901.02
2022-07-25 03:35:55,9130.74,6878.45
2022-07-25 03:35:54,9130.66,6878.53
2022-07-25 03:35:53,9131.92,6877.27
2022-07-25 03:35:52,9162.01,6847.18
2022-07-25 03:35:51,9164.08,6845.11
2022-07-25 03:35:50,9164.2,6844.99
2022-07-25 03:35:49,9211.54,6797.65
2022-07-25 03:35:48,9250.65,6758.54
2022-07-25 03:35:47,9411.37,6597.82
2022-07-25 03:35:46,9424.82,6584.36
2022-07-25 03:35:45,9459.5,6549.69
2022-07-25 03:35:44,9547.06,6462.13
2022-07-25 03:35:43,9600.58,6408.61
2022-07-25 03:35:42,9880.62,6128.56
2022-07-25 03:35:41,10009.6,5999.62
2022-07-25 03:35:40,9552.33,6456.86
2022-07-25 03:35:39,9580.18,6429.01
2022-07-25 03:35:38,9620.13,6389.05
2022-07-25 03:35:37,9668.41,6340.78
2022-07-25 03:35:36,9701.39,6307.8
2022-07-25 03:35:35,9211.34,6797.85
2022-07-25 03:35:34,9211.25,6797.94
2022-07-25 03:35:33,9224.73,6784.46
2022-07-25 03:35:32,9227.26,6781.93
2022-07-25 03:35:31,9227.3,6781.89
2022-07-25 03:35:30,9249.38,6759.8
2022-07-25 03:35:29,9270.29,6738.9
2022-07-25 03:35:28,9265.45,6743.74
2022-07-25 03:35:27,9339.01,6670.18
2022-07-25 03:35:26,9388.64,6620.55
2022-07-25 03:35:25,9767.02,6242.17
2022-07-25 03:35:24,9970.41,6038.78
2022-07-25 03:35:23,10094.6,5914.61
2022-07-25 03:35:22,10418.3,5590.89
2022-07-25 03:35:21,10550.6,5458.63
2022-07-25 03:35:20,10649,5360.2
2022-07-25 03:35:19,10756.8,5252.37
2022-07-25 03:35:18,10891.6,5117.6
2022-07-25 03:35:17,9814.59,6194.6
2022-07-25 03:35:16,9496.65,6512.54
2022-07-25 03:35:15,9308.69,6700.49
2022-07-25 03:35:14,9311.77,6697.42
2022-07-25 03:35:13,9315.29,6693.9
2022-07-25 03:35:12,9316.66,6692.52
2022-07-25 03:35:11,9317.81,6691.38
2022-07-25 03:35:10,9341.1,6668.09
2022-07-25 03:35:09,9341.6,6667.59
2022-07-25 03:35:08,9331.37,6677.82
2022-07-25 03:35:07,9358.82,6650.36
2022-07-25 03:35:06,9375.83,6633.36
2022-07-25 03:35:05,9375.59,6633.6
2022-07-25 03:35:04,9414.82,6594.36
2022-07-25 03:35:03,9434.99,6574.2
2022-07-25 03:35:02,9461.64,6547.54
2022-07-25 03:35:01,9491.42,6517.77
2022-07-25 03:35:00,9556.97,6452.21
2022-07-25 03:34:59,9747.07,6262.12
2022-07-25 03:34:58,9753.7,6255.48
2022-07-25 03:34:57,9823.5,6185.69
2022-07-25 03:34:56,9852.31,6156.88
2022-07-25 03:34:55,10045.6,5963.61
2022-07-25 03:34:54,10141.1,5868.13
2022-07-25 03:34:53,9785.32,6223.86
2022-07-25 03:34:52,9607.93,6401.26
2022-07-25 03:34:51,9652.57,6356.61
2022-07-25 03:34:50,9699.92,6309.27
2022-07-25 03:34:49,9237.97,6771.22
2022-07-25 03:34:48,9261.42,6747.77
2022-07-25 03:34:47,9265.11,6744.08
2022-07-25 03:34:46,9267.91,6741.27
2022-07-25 03:34:45,9300.84,6708.34
2022-07-25 03:34:44,9303.8,6705.39
2022-07-25 03:34:43,9321.56,6687.63
2022-07-25 03:34:42,9339.47,6669.72
2022-07-25 03:34:41,9344.81,6664.38
2022-07-25 03:34:40,9410.31,6598.88
2022-07-25 03:34:39,9456.05,6553.14
2022-07-25 03:34:38,9781.63,6227.56
2022-07-25 03:34:37,9852.66,6156.52
2022-07-25 03:34:36,10079.7,5929.5
2022-07-25 03:34:35,10172.8,5836.39
2022-07-25 03:34:34,10244.8,5764.37
2022-07-25 03:34:33,10473.6,5535.6
2022-07-25 03:34:32,10562.9,5446.24
2022-07-25 03:34:31,10654,5355.22
2022-07-25 03:34:30,10220.5,5788.65
2022-07-25 03:34:29,10288.3,5720.91
2022-07-25 03:34:28,9716.05,6293.14
2022-07-25 03:34:27,9195.67,6813.52
2022-07-25 03:34:26,9198.55,6810.64
2022-07-25 03:34:25,9199.58,6809.61
2022-07-25 03:34:24,9201.21,6807.98
2022-07-25 03:34:23,9208.74,6800.45
2022-07-25 03:34:22,9210.02,6799.17
2022-07-25 03:34:21,9213.09,6796.09
2022-07-25 03:34:20,9230.25,6778.93
2022-07-25 03:34:19,9230.96,6778.23
2022-07-25 03:34:18,9221.21,6787.97
2022-07-25 03:34:17,9242.86,6766.32
2022-07-25 03:34:16,9244.58,6764.61
2022-07-25 03:34:15,9247.04,6762.15
2022-07-25 03:34:14,9279.32,6729.87
2022-07-25 03:34:13,9272.07,6737.12
2022-07-25 03:34:12,9313.91,6695.27
2022-07-25 03:34:11,9361.01,6648.18
2022-07-25 03:34:10,9518.73,6490.46
2022-07-25 03:34:09,9806.74,6202.45
2022-07-25 03:34:08,9934.4,6074.79
2022-07-25 03:34:07,10040.4,5968.8
2022-07-25 03:34:06,10100.1,5909.05
2022-07-25 03:34:05,10164.6,5844.58
2022-07-25 03:34:04,10252,5757.2
2022-07-25 03:34:03,9807.06,6202.13
2022-07-25 03:34:02,9295.57,6713.62
2022-07-25 03:34:01,9307.05,6702.14
2022-07-25 03:34:00,9306.91,6702.28
2022-07-25 03:33:59,9307.27,6701.91
2022-07-25 03:33:58,9330.54,6678.65
2022-07-25 03:33:57,9329.62,6679.57
2022-07-25 03:33:56,9355.32,6653.87
2022-07-25 03:33:55,9357.32,6651.87
2022-07-25 03:33:54,9384.79,6624.4
2022-07-25 03:33:53,9432.23,6576.95
2022-07-25 03:33:52,9423.65,6585.54
2022-07-25 03:33:51,9458.25,6550.93
2022-07-25 03:33:50,9552.37,6456.81
2022-07-25 03:33:49,9571.34,6437.84
2022-07-25 03:33:48,9788.79,6220.39
2022-07-25 03:33:47,10149.5,5859.7
2022-07-25 03:33:46,10246.6,5762.57
2022-07-25 03:33:45,10469.3,5539.94
2022-07-25 03:33:44,10548.7,5460.53
2022-07-25 03:33:43,10630,5379.18
2022-07-25 03:33:42,10747.7,5261.45
2022-07-25 03:33:41,10334,5675.2
2022-07-25 03:33:40,10398.3,5610.93
2022-07-25 03:33:39,9384.95,6624.23
2022-07-25 03:33:38,9389.07,6620.12
2022-07-25 03:33:37,9388.98,6620.21
2022-07-25 03:33:36,9406.27,6602.92
2022-07-25 03:33:35,9409.41,6599.78
2022-07-25 03:33:34,9410.75,6598.44
2022-07-25 03:33:33,9429.62,6579.56
2022-07-25 03:33:32,9432.38,6576.8
2022-07-25 03:33:31,9444.95,6564.24
2022-07-25 03:33:30,9467.46,6541.72
2022-07-25 03:33:29,9468.99,6540.2
2022-07-25 03:33:28,9503.65,6505.54
2022-07-25 03:33:27,9520.44,6488.75
2022-07-25 03:33:26,9526.89,6482.3
2022-07-25 03:33:25,9599.64,6409.55
2022-07-25 03:33:24,9628.19,6381
2022-07-25 03:33:23,9816.71,6192.48
2022-07-25 03:33:22,9882.44,6126.75
2022-07-25 03:33:21,9915.6,6093.59
2022-07-25 03:33:20,10080.2,5928.98
2022-07-25 03:33:19,10197.7,5811.53
2022-07-25 03:33:18,10257.8,5751.43
2022-07-25 03:33:17,9784.93,6224.25
2022-07-25 03:33:16,9828.58,6180.61
2022-07-25 03:33:15,9883.6,6125.59
2022-07-25 03:33:14,9861.82,6147.36
2022-07-25 03:33:13,9434.58,6574.61
2022-07-25 03:33:12,9449.52,6559.66
2022-07-25 03:33:11,9451.36,6557.83
2022-07-25 03:33:10,9467.57,6541.61
2022-07-25 03:33:09,9511.71,6497.48
2022-07-25 03:33:08,9521.84,6487.35
2022-07-25 03:33:07,9522.73,6486.46
2022-07-25 03:33:06,9606.1,6403.09
2022-07-25 03:33:05,9604.86,6404.32
2022-07-25 03:33:04,9644.42,6364.77
2022-07-25 03:33:03,9723.52,6285.66
2022-07-25 03:33:02,9798.94,6210.25
2022-07-25 03:33:01,9956.59,6052.6
2022-07-25 03:33:00,10047.9,5961.27
2022-07-25 03:32:59,10102.1,5907.07
2022-07-25 03:32:58,10284.2,5724.98
2022-07-25 03:32:57,10562.8,5446.4
2022-07-25 03:32:56,10636.4,5372.8
2022-07-25 03:32:55,10723.7,5285.49
2022-07-25 03:32:54,10259,5750.23
2022-07-25 03:32:53,10349,5660.16
2022-07-25 03:32:52,10454.6,5554.56
2022-07-25 03:32:51,10469,5540.23
2022-07-25 03:32:50,9335.46,6673.72
2022-07-25 03:32:49,9340.91,6668.28
2022-07-25 03:32:48,9366.77,6642.41
2022-07-25 03:32:47,9370.66,6638.53
2022-07-25 03:32:46,9384.45,6624.74
2022-07-25 03:32:45,9412.91,6596.27
2022-07-25 03:32:44,9412.81,6596.38
2022-07-25 03:32:43,9422.81,6586.38
2022-07-25 03:32:42,9446.86,6562.33
2022-07-25 03:32:41,9457.25,6551.94
2022-07-25 03:32:40,9473.45,6535.73
2022-07-25 03:32:39,9530.23,6478.95
2022-07-25 03:32:38,9547.8,6461.38
2022-07-25 03:32:37,9682.19,6327
2022-07-25 03:32:36,9766.14,6243.04
2022-07-25 03:32:35,9822.3,6186.88
2022-07-25 03:32:34,9879.03,6130.16
2022-07-25 03:32:33,10074,5935.14
2022-07-25 03:32:32,10134.7,5874.47
2022-07-25 03:32:31,10203.9,5805.24
2022-07-25 03:32:30,9713.26,6295.93
2022-07-25 03:32:29,9778.23,6230.96
2022-07-25 03:32:28,9837.62,6171.57
2022-07-25 03:32:27,9838,6171.18
2022-07-25 03:32:26,9231.58,6777.61
2022-07-25 03:32:25,9231.29,6777.9
2022-07-25 03:32:24,9232.52,6776.67
2022-07-25 03:32:23,9246.86,6762.33
2022-07-25 03:32:22,9258.27,6750.91
2022-07-25 03:32:21,9266.68,6742.51
2022-07-25 03:32:20,9284.39,6724.79
2022-07-25 03:32:19,9286.49,6722.7
2022-07-25 03:32:18,9331.99,6677.2
2022-07-25 03:32:17,9334.38,6674.81
2022-07-25 03:32:16,9347.29,6661.89
2022-07-25 03:32:15,9411.56,6597.63
2022-07-25 03:32:14,9445.47,6563.71
2022-07-25 03:32:13,9661.83,6347.36
2022-07-25 03:32:12,9701.29,6307.89
2022-07-25 03:32:11,9759.96,6249.23
2022-07-25 03:32:10,10141.7,5867.49
2022-07-25 03:32:09,10365,5644.16
2022-07-25 03:32:08,10491.1,5518.05
2022-07-25 03:32:07,10581.1,5428.06
2022-07-25 03:32:06,10138.9,5870.29
2022-07-25 03:32:05,10224.5,5784.73
2022-07-25 03:32:04,10308,5701.21
2022-07-25 03:32:03,9711.89,6297.3
2022-07-25 03:32:02,9097.23,6911.96
2022-07-25 03:32:01,9115.82,6893.36
2022-07-25 03:32:00,9116.05,6893.13
2022-07-25 03:31:59,9118.23,6890.95
2022-07-25 03:31:58,9137.83,6871.36
2022-07-25 03:31:57,9137.97,6871.21
2022-07-25 03:31:56,9138.14,6871.05
2022-07-25 03:31:55,9155.95,6853.24
2022-07-25 03:31:54,9156.93,6852.25
2022-07-25 03:31:53,9204.66,6804.53
2022-07-25 03:31:52,9236.91,6772.28
2022-07-25 03:31:51,9398.91,6610.27
2022-07-25 03:31:50,9413.37,6595.81
2022-07-25 03:31:49,9447.48,6561.71
2022-07-25 03:31:48,9520.88,6488.3
2022-07-25 03:31:47,9562.51,6446.68
2022-07-25 03:31:46,9919.8,6089.38
2022-07-25 03:31:45,10021.2,5987.94
2022-07-25 03:31:44,9448.81,6560.38
2022-07-25 03:31:43,9473.6,6535.59
2022-07-25 03:31:42,9516.04,6493.14
2022-07-25 03:31:41,9564.15,6445.03
2022-07-25 03:31:40,9584.54,6424.65
2022-07-25 03:31:39,8964.02,7045.17
2022-07-25 03:31:38,8964.69,7044.5
2022-07-25 03:31:37,8981.07,7028.11
2022-07-25 03:31:36,8981.49,7027.7
2022-07-25 03:31:35,8982.75,7026.44
2022-07-25 03:31:34,9006.1,7003.09
2022-07-25 03:31:33,9005.47,7003.71
2022-07-25 03:31:32,9005.98,7003.21
2022-07-25 03:31:31,9007.91,7001.28
2022-07-25 03:31:30,9031.49,6977.7
2022-07-25 03:31:29,9027.07,6982.11
2022-07-25 03:31:28,9079.56,6929.63
2022-07-25 03:31:27,9092.35,6916.84
2022-07-25 03:31:26,9242.07,6767.11
2022-07-25 03:31:25,9355.86,6653.33
2022-07-25 03:31:24,9414.3,6594.88
2022-07-25 03:31:23,9732.09,6277.1
2022-07-25 03:31:22,9821.89,6187.29
2022-07-25 03:31:21,10249.1,5760.07
2022-07-25 03:31:20,10360.4,5648.79
2022-07-25 03:31:19,10448.4,5560.75
2022-07-25 03:31:18,9916.13,6093.05
2022-07-25 03:31:17,9997.48,6011.71
2022-07-25 03:31:16,10070.5,5938.73
2022-07-25 03:31:15,8971.95,7037.23
2022-07-25 03:31:14,8970.67,7038.52
2022-07-25 03:31:13,8971.11,7038.08
2022-07-25 03:31:12,8960.03,7049.16
2022-07-25 03:31:11,8961.92,7047.27
2022-07-25 03:31:10,8962.72,7046.47
2022-07-25 03:31:09,8963.79,7045.39
2022-07-25 03:31:08,8963.01,7046.18
2022-07-25 03:31:07,8958.54,7050.64
2022-07-25 03:31:06,9009.82,6999.37
2022-07-25 03:31:05,9013.79,6995.4
2022-07-25 03:31:04,9311.77,6697.41
2022-07-25 03:31:03,9378.63,6630.56
2022-07-25 03:31:02,9477.27,6531.92
2022-07-25 03:31:01,9516.47,6492.72
2022-07-25 03:31:00,9607.7,6401.48
2022-07-25 03:30:59,9899.1,6110.09
2022-07-25 03:30:58,10011.7,5997.48
2022-07-25 03:30:57,9571.45,6437.74
2022-07-25 03:30:56,9607.31,6401.88
2022-07-25 03:30:55,9654.66,6354.53
2022-07-25 03:30:54,9708.5,6300.69
2022-07-25 03:30:53,9722.71,6286.48
2022-07-25 03:30:52,9103.91,6905.28
2022-07-25 03:30:51,9104.4,6904.78
2022-07-25 03:30:50,9105.42,6903.77
2022-07-25 03:30:49,9106.26,6902.93
2022-07-25 03:30:48,9107.96,6901.22
2022-07-25 03:30:47,9107.83,6901.36
2022-07-25 03:30:46,9129.04,6880.15
2022-07-25 03:30:45,9131.27,6877.91
2022-07-25 03:30:44,9131.2,6877.99
2022-07-25 03:30:43,9154.27,6854.92
2022-07-25 03:30:42,9145.68,6863.51
2022-07-25 03:30:41,9185.57,6823.61
2022-07-25 03:30:40,9218.33,6790.86
2022-07-25 03:30:39,9525.39,6483.79
2022-07-25 03:30:38,9593.36,6415.83
2022-07-25 03:30:37,9689.91,6319.27
2022-07-25 03:30:36,9777.74,6231.45
2022-07-25 03:30:35,9844.91,6164.28
2022-07-25 03:30:34,10151.1,5858.11
2022-07-25 03:30:33,10430.8,5578.36
2022-07-25 03:30:32,10369.3,5639.84
2022-07-25 03:30:31,10078.3,5930.92
2022-07-25 03:30:30,10149.1,5860.08
2022-07-25 03:30:29,10249.1,5760.07
2022-07-25 03:30:28,10312.1,5697.06
2022-07-25 03:30:27,9825.75,6183.43
2022-07-25 03:30:26,9230.89,6778.3
2022-07-25 03:30:25,9232.83,6776.36
2022-07-25 03:30:24,9231.2,6777.99
2022-07-25 03:30:23,9253.63,6755.55
2022-07-25 03:30:22,9256.1,6753.09
2022-07-25 03:30:21,9256.93,6752.25
2022-07-25 03:30:20,9288.67,6720.52
2022-07-25 03:30:19,9290.97,6718.21
2022-07-25 03:30:18,9338.09,6671.1
2022-07-25 03:30:17,9322.86,6686.33
2022-07-25 03:30:16,9446.48,6562.71
2022-07-25 03:30:15,9575.45,6433.73
2022-07-25 03:30:14,9602.86,6406.33
2022-07-25 03:30:13,9933.09,6076.1
2022-07-25 03:30:12,10026.7,5982.51
2022-07-25 03:30:11,10112.4,5896.78
2022-07-25 03:30:10,10202.4,5806.8
2022-07-25 03:30:09,10252.4,5756.78
2022-07-25 03:30:08,9688.11,6321.08
2022-07-25 03:30:07,9714.5,6294.69
2022-07-25 03:30:06,9211.95,6797.24
2022-07-25 03:30:05,9212.22,6796.96
2022-07-25 03:30:04,9213.41,6795.78
2022-07-25 03:30:03,9214.6,6794.59
2022-07-25 03:30:02,9234.28,6774.91
2022-07-25 03:30:01,9232.32,6776.86
2022-07-25 03:30:00,9234.11,6775.08
2022-07-25 03:29:59,9252.6,6756.59
2022-07-25 03:29:58,9253.73,6755.45
2022-07-25 03:29:57,9263.87,6745.32
2022-07-25 03:29:56,9284.98,6724.21
2022-07-25 03:29:55,9285.77,6723.41
2022-07-25 03:29:54,9306.77,6702.41
2022-07-25 03:29:53,9372.44,6636.75
2022-07-25 03:29:52,9367.46,6641.73
2022-07-25 03:29:51,9396.17,6613.02
2022-07-25 03:29:50,9474.5,6534.69
2022-07-25 03:29:49,9690.29,6318.89
2022-07-25 03:29:48,9865.42,6143.77
2022-07-25 03:29:47,9969.93,6039.26
2022-07-25 03:29:46,10282.8,5726.37
2022-07-25 03:29:45,10407.4,5601.74
2022-07-25 03:29:44,10507.9,5501.27
2022-07-25 03:29:43,10623,5386.17
2022-07-25 03:29:42,10717.8,5291.37
2022-07-25 03:29:41,10169.3,5839.84
2022-07-25 03:29:40,9093.48,6915.71
2022-07-25 03:29:39,9094.42,6914.77
2022-07-25 03:29:38,9096.18,6913.01
2022-07-25 03:29:37,9096.66,6912.52
2022-07-25 03:29:36,9097.01,6912.18
2022-07-25 03:29:35,9099.17,6910.02
2022-07-25 03:29:34,9097.45,6911.74
2022-07-25 03:29:33,9110.86,6898.33
2022-07-25 03:29:32,9110.23,6898.96
2022-07-25 03:29:31,9116.14,6893.05
2022-07-25 03:29:30,9165.75,6843.44
2022-07-25 03:29:29,9218.14,6791.05
2022-07-25 03:29:28,9497.21,6511.97
2022-07-25 03:29:27,9581.37,6427.82
2022-07-25 03:29:26,9682.07,6327.12
2022-07-25 03:29:25,9721.2,6287.98
2022-07-25 03:29:24,9858.72,6150.47
2022-07-25 03:29:23,10013.3,5995.92
2022-07-25 03:29:22,10072.5,5936.73
2022-07-25 03:29:21,10109.9,5899.3
2022-07-25 03:29:20,9529.21,6479.98
2022-07-25 03:29:19,9582.8,6426.39
2022-07-25 03:29:18,9516.78,6492.41
2022-07-25 03:29:17,8989.05,7020.14
2022-07-25 03:29:16,8989.51,7019.68
2022-07-25 03:29:15,8990.28,7018.91
2022-07-25 03:29:14,9001.77,7007.41
2022-07-25 03:29:13,9001.81,7007.38
2022-07-25 03:29:12,9001.09,7008.09
2022-07-25 03:29:11,9013.23,6995.95
2022-07-25 03:29:10,9020.81,6988.38
2022-07-25 03:29:09,9020.78,6988.4
2022-07-25 03:29:08,9016.48,6992.71
2022-07-25 03:29:07,9040.85,6968.34
2022-07-25 03:29:06,9042.01,6967.18
2022-07-25 03:29:05,9067.46,6941.72
2022-07-25 03:29:04,9100.32,6908.87
2022-07-25 03:29:03,9165.13,6844.06
2022-07-25 03:29:02,9491.16,6518.03
2022-07-25 03:29:01,9646.82,6362.37
2022-07-25 03:29:00,9976.16,6033.03
2022-07-25 03:28:59,10183.4,5825.79
2022-07-25 03:28:58,10300.7,5708.53
2022-07-25 03:28:57,10381,5628.17
2022-07-25 03:28:56,10477.7,5531.49
2022-07-25 03:28:55,10565.3,5443.91
2022-07-25 03:28:54,10040.2,5969
2022-07-25 03:28:53,9457.42,6551.77
2022-07-25 03:28:52,8844.33,7164.86
2022-07-25 03:28:51,8843.78,7165.41
2022-07-25 03:28:50,8844.08,7165.11
2022-07-25 03:28:49,8844.25,7164.93
2022-07-25 03:28:48,8844.37,7164.82
2022-07-25 03:28:47,8845.37,7163.82
2022-07-25 03:28:46,8845.73,7163.45
2022-07-25 03:28:45,8846.89,7162.3
2022-07-25 03:28:44,8845.85,7163.34
2022-07-25 03:28:43,8846.96,7162.23
2022-07-25 03:28:42,8845.89,7163.3
2022-07-25 03:28:41,8830.46,7178.73
2022-07-25 03:28:40,8936.38,7072.8
2022-07-25 03:28:39,8940.17,7069.02
2022-07-25 03:28:38,9244.45,6764.74
2022-07-25 03:28:37,9527.06,6482.13
2022-07-25 03:28:36,9688.67,6320.52
2022-07-25 03:28:35,9802.63,6206.55
2022-07-25 03:28:34,9848.63,6160.56
2022-07-25 03:28:33,9908.19,6101
2022-07-25 03:28:32,10003.8,6005.43
2022-07-25 03:28:31,9549.33,6459.86
2022-07-25 03:28:30,9563.16,6446.03
2022-07-25 03:28:29,9068.14,6941.05
2022-07-25 03:28:28,9066.48,6942.7
2022-07-25 03:28:27,9067.34,6941.84
2022-07-25 03:28:26,9071.21,6937.98
2022-07-25 03:28:25,9069.97,6939.21
2022-07-25 03:28:24,9071.61,6937.57
2022-07-25 03:28:23,9071.8,6937.38
2022-07-25 03:28:22,9074.68,6934.5
2022-07-25 03:28:21,9074.42,6934.77
2022-07-25 03:28:20,9072.9,6936.29
2022-07-25 03:28:19,9076.61,6932.58
2022-07-25 03:28:18,9077.58,6931.61
2022-07-25 03:28:17,9064.42,6944.77
2022-07-25 03:28:16,9118.83,6890.36
2022-07-25 03:28:15,9172.59,6836.59
2022-07-25 03:28:14,9471.75,6537.44
2022-07-25 03:28:13,9674.14,6335.04
2022-07-25 03:28:12,9981.4,6027.79
2022-07-25 03:28:11,10369.4,5639.77
2022-07-25 03:28:10,10489.5,5519.68
2022-07-25 03:28:09,10603.4,5405.79
2022-07-25 03:28:08,10693.8,5315.37
2022-07-25 03:28:07,10803.1,5206.05
2022-07-25 03:28:06,10310.5,5698.68
2022-07-25 03:28:05,10369.8,5639.39
2022-07-25 03:28:04,9774.61,6234.58
2022-07-25 03:28:03,9266.81,6742.38
2022-07-25 03:28:02,9266.3,6742.89
2022-07-25 03:28:01,9283.01,6726.18
2022-07-25 03:28:00,9288.98,6720.21
2022-07-25 03:27:59,9291.27,6717.92
2022-07-25 03:27:58,9309.09,6700.09
2022-07-25 03:27:57,9335.66,6673.53
2022-07-25 03:27:56,9360.51,6648.68
2022-07-25 03:27:55,9356.66,6652.52
2022-07-25 03:27:54,9383.65,6625.54
2022-07-25 03:27:53,9432.62,6576.56
2022-07-25 03:27:52,9455.29,6553.89
2022-07-25 03:27:51,9632.39,6376.8
2022-07-25 03:27:50,9710.66,6298.53
2022-07-25 03:27:49,9764.84,6244.35
2022-07-25 03:27:48,9932.41,6076.78
2022-07-25 03:27:47,9980.4,6028.79
2022-07-25 03:27:46,10053.9,5955.25
2022-07-25 03:27:45,10122,5887.21
2022-07-25 03:27:44,10180.5,5828.66
2022-07-25 03:27:43,9712.5,6296.69
2022-07-25 03:27:42,9716.75,6292.44
2022-07-25 03:27:41,9206.48,6802.71
2022-07-25 03:27:40,9204.93,6804.25
2022-07-25 03:27:39,9206.32,6802.87
2022-07-25 03:27:38,9208.48,6800.71
2022-07-25 03:27:37,9208.49,6800.7
2022-07-25 03:27:36,9211.41,6797.77
2022-07-25 03:27:35,9212.68,6796.51
2022-07-25 03:27:34,9213.61,6795.57
2022-07-25 03:27:33,9216.16,6793.02
2022-07-25 03:27:32,9242.25,6766.94
2022-07-25 03:27:31,9236.06,6773.13
2022-07-25 03:27:30,9225.34,6783.85
2022-07-25 03:27:29,9288.55,6720.63
2022-07-25 03:27:28,9378.82,6630.37
2022-07-25 03:27:27,9636.58,6372.61
2022-07-25 03:27:26,9937.86,6071.33
2022-07-25 03:27:25,10132.7,5876.46
2022-07-25 03:27:24,10261.6,5747.6
2022-07-25 03:27:23,10325.5,5683.7
2022-07-25 03:27:22,10496.6,5512.57
2022-07-25 03:27:21,10648.2,5360.94
2022-07-25 03:27:20,10753.7,5255.48
2022-07-25 03:27:19,10328.9,5680.33
2022-07-25 03:27:18,9839.21,6169.98
2022-07-25 03:27:17,9892.98,6116.2
2022-07-25 03:27:16,9950.69,6058.49
2022-07-25 03:27:15,9444.54,6564.65
2022-07-25 03:27:14,9445.53,6563.66
2022-07-25 03:27:13,9461.61,6547.58
2022-07-25 03:27:12,9462.29,6546.89
2022-07-25 03:27:11,9465.87,6543.32
2022-07-25 03:27:10,9486.51,6522.68
2022-07-25 03:27:09,9490.71,6518.47
2022-07-25 03:27:08,9491.75,6517.44
2022-07-25 03:27:07,9503.76,6505.43
2022-07-25 03:27:06,9507.48,6501.7
2022-07-25 03:27:05,9576.84,6432.35
2022-07-25 03:27:04,9633.52,6375.67
2022-07-25 03:27:03,9785.04,6224.14
2022-07-25 03:27:02,9824.09,6185.1
2022-07-25 03:27:01,9909.65,6099.54
2022-07-25 03:27:00,9941.16,6068.02
2022-07-25 03:26:59,10011.8,5997.39
2022-07-25 03:26:58,10245.4,5763.82
2022-07-25 03:26:57,10299.9,5709.26
2022-07-25 03:26:56,9709.45,6299.73
2022-07-25 03:26:55,9738.18,6271.01
2022-07-25 03:26:54,9809.55,6199.64
2022-07-25 03:26:53,9849.94,6159.25
2022-07-25 03:26:52,9346.43,6662.75
2022-07-25 03:26:51,9353.53,6655.66
2022-07-25 03:26:50,9366.82,6642.36
2022-07-25 03:26:49,9389.57,6619.62
2022-07-25 03:26:48,9405.11,6604.08
2022-07-25 03:26:47,9416.04,6593.15
2022-07-25 03:26:46,9469.56,6539.63
2022-07-25 03:26:45,9472.17,6537.02
2022-07-25 03:26:44,9482.63,6526.56
2022-07-25 03:26:43,9534.82,6474.37
2022-07-25 03:26:42,9539.93,6469.26
2022-07-25 03:26:41,9572.81,6436.38
2022-07-25 03:26:40,9681.62,6327.57
2022-07-25 03:26:39,9839.9,6169.29
2022-07-25 03:26:38,9951.67,6057.52
2022-07-25 03:26:37,10143.1,5866.08
2022-07-25 03:26:36,10195.8,5813.37
2022-07-25 03:26:35,10380.5,5628.69
2022-07-25 03:26:34,10483.1,5526.1
2022-07-25 03:26:33,10586.6,5422.55
2022-07-25 03:26:32,10679.6,5329.63
2022-07-25 03:26:31,10251.3,5757.88
2022-07-25 03:26:30,9669.61,6339.58
2022-07-25 03:26:29,9700.66,6308.53
2022-07-25 03:26:28,9089.36,6919.83
2022-07-25 03:26:27,9091.01,6918.18
2022-07-25 03:26:26,9092.61,6916.57
2022-07-25 03:26:25,9107.26,6901.93
2022-07-25 03:26:24,9106.95,6902.23
2022-07-25 03:26:23,9115.05,6894.14
2022-07-25 03:26:22,9116.64,6892.55
2022-07-25 03:26:21,9115.92,6893.27
2022-07-25 03:26:20,9134.95,6874.23
2022-07-25 03:26:19,9134.27,6874.92
2022-07-25 03:26:18,9130.5,6878.69
2022-07-25 03:26:17,9211.41,6797.77
2022-07-25 03:26:16,9208.12,6801.07
2022-07-25 03:26:15,9526.74,6482.45
2022-07-25 03:26:14,9625.93,6383.25
2022-07-25 03:26:13,9700.97,6308.22
2022-07-25 03:26:12,9890.23,6118.96
2022-07-25 03:26:11,9937.58,6071.61
2022-07-25 03:26:10,10001.2,6007.95
2022-07-25 03:26:09,10087,5922.21
2022-07-25 03:26:08,9650.09,6359.09
2022-07-25 03:26:07,9699.59,6309.6
2022-07-25 03:26:06,9149.4,6859.79
2022-07-25 03:26:05,9148.36,6860.83
2022-07-25 03:26:04,9150.73,6858.45
2022-07-25 03:26:03,9168.12,6841.07
2022-07-25 03:26:02,9170.45,6838.73
2022-07-25 03:26:01,9171.45,6837.73
2022-07-25 03:26:00,9191.43,6817.76
2022-07-25 03:25:59,9191.81,6817.38
2022-07-25 03:25:58,9221.37,6787.82
2022-07-25 03:25:57,9201.32,6807.86
2022-07-25 03:25:56,9211.52,6797.67
2022-07-25 03:25:55,9245.08,6764.11
2022-07-25 03:25:54,9305.98,6703.21
2022-07-25 03:25:53,9457.86,6551.32
2022-07-25 03:25:52,9519.31,6489.88
2022-07-25 03:25:51,9550.77,6458.42
2022-07-25 03:25:50,9630.13,6379.05
2022-07-25 03:25:49,10000.7,6008.53
2022-07-25 03:25:48,10107.4,5901.75
2022-07-25 03:25:47,10482.6,5526.59
2022-07-25 03:25:46,10116.8,5892.4
2022-07-25 03:25:45,10029,5980.17
2022-07-25 03:25:44,10102.3,5906.9
2022-07-25 03:25:43,10191.7,5817.48
2022-07-25 03:25:42,9650.06,6359.13
2022-07-25 03:25:41,9417.9,6591.28
2022-07-25 03:25:40,9152.59,6856.6
2022-07-25 03:25:39,9168.03,6841.16
2022-07-25 03:25:38,9169.94,6839.25
2022-07-25 03:25:37,9169.76,6839.43
2022-07-25 03:25:36,9185.59,6823.6
2022-07-25 03:25:35,9187.27,6821.92
2022-07-25 03:25:34,9189.75,6819.44
2022-07-25 03:25:33,9201.76,6807.43
2022-07-25 03:25:32,9204.85,6804.33
2022-07-25 03:25:31,9224.5,6784.69
2022-07-25 03:25:30,9224.81,6784.38
2022-07-25 03:25:29,9231.36,6777.83
2022-07-25 03:25:28,9232.29,6776.9
2022-07-25 03:25:27,9438.48,6570.71
2022-07-25 03:25:26,9478.52,6530.66
2022-07-25 03:25:25,9698.62,6310.56
2022-07-25 03:25:24,9845.49,6163.69
2022-07-25 03:25:23,9948.77,6060.41
2022-07-25 03:25:22,10023.1,5986.14
2022-07-25 03:25:21,10089.5,5919.67
2022-07-25 03:25:20,10144.8,5864.34
2022-07-25 03:25:19,9684.41,6324.78
2022-07-25 03:25:18,9173.6,6835.59
2022-07-25 03:25:17,9172.15,6837.04
2022-07-25 03:25:16,9174.32,6834.87
2022-07-25 03:25:15,9175.48,6833.71
2022-07-25 03:25:14,9178.03,6831.16
2022-07-25 03:25:13,9182.01,6827.18
2022-07-25 03:25:12,9179.71,6829.48
2022-07-25 03:25:11,9185.7,6823.48
2022-07-25 03:25:10,9186.63,6822.56
2022-07-25 03:25:09,9212.78,6796.41
2022-07-25 03:25:08,9244.14,6765.05
2022-07-25 03:25:07,9237.88,6771.3
2022-07-25 03:25:06,9575.12,6434.06
2022-07-25 03:25:05,9694.53,6314.65
2022-07-25 03:25:04,9936.89,6072.3
2022-07-25 03:25:03,10152.2,5857.01
2022-07-25 03:25:02,10273.2,5735.96
2022-07-25 03:25:01,10324.2,5685.02
2022-07-25 03:25:00,10557.4,5451.77
2022-07-25 03:24:59,10666,5343.18
2022-07-25 03:24:58,10763.6,5245.64
2022-07-25 03:24:57,10321.9,5687.26
2022-07-25 03:24:56,9768.68,6240.5
2022-07-25 03:24:55,9823.58,6185.61
2022-07-25 03:24:54,9315.16,6694.03
2022-07-25 03:24:53,9315.56,6693.63
2022-07-25 03:24:52,9325.85,6683.34
2022-07-25 03:24:51,9341.83,6667.36
2022-07-25 03:24:50,9345.7,6663.49
2022-07-25 03:24:49,9365.28,6643.9
2022-07-25 03:24:48,9376.31,6632.88
2022-07-25 03:24:47,9376.99,6632.2
2022-07-25 03:24:46,9401.58,6607.61
2022-07-25 03:24:45,9418.4,6590.78
2022-07-25 03:24:44,9445.39,6563.8
2022-07-25 03:24:43,9460.86,6548.33
2022-07-25 03:24:42,9465.04,6544.14
2022-07-25 03:24:41,9556.88,6452.3
2022-07-25 03:24:40,9591.98,6417.21
2022-07-25 03:24:39,9890.36,6118.82
2022-07-25 03:24:38,10001.1,6008.09
2022-07-25 03:24:37,10029.1,5980.07
2022-07-25 03:24:36,10090.6,5918.57
2022-07-25 03:24:35,10141.8,5867.37
2022-07-25 03:24:34,10240,5769.15
2022-07-25 03:24:33,10321,5688.19
2022-07-25 03:24:32,9281.44,6727.75
2022-07-25 03:24:31,9283.85,6725.34
2022-07-25 03:24:30,9299.43,6709.76
2022-07-25 03:24:29,9300.95,6708.23
2022-07-25 03:24:28,9316.45,6692.74
2022-07-25 03:24:27,9317.27,6691.92
2022-07-25 03:24:26,9337.32,6671.87
2022-07-25 03:24:25,9340.62,6668.56
2022-07-25 03:24:24,9376.46,6632.73
2022-07-25 03:24:23,9383.02,6626.16
2022-07-25 03:24:22,9385.43,6623.76
2022-07-25 03:24:21,9438.47,6570.72
2022-07-25 03:24:20,9440.55,6568.63
2022-07-25 03:24:19,9436.52,6572.66
2022-07-25 03:24:18,9534.26,6474.93
2022-07-25 03:24:17,9553.61,6455.57
2022-07-25 03:24:16,9719.65,6289.54
2022-07-25 03:24:15,9952.59,6056.59
2022-07-25 03:24:14,10161.2,5847.96
2022-07-25 03:24:13,10378.6,5630.63
2022-07-25 03:24:12,10505.3,5503.88
2022-07-25 03:24:11,10603,5406.16
2022-07-25 03:24:10,10692.9,5316.25
2022-07-25 03:24:09,10801.1,5208.11
2022-07-25 03:24:08,10422.9,5586.33
2022-07-25 03:24:07,10090.1,5919.12
2022-07-25 03:24:06,9363.63,6645.55
2022-07-25 03:24:05,9367.35,6641.84
2022-07-25 03:24:04,9367.62,6641.56
2022-07-25 03:24:03,9393.95,6615.23
2022-07-25 03:24:02,9394.71,6614.48
2022-07-25 03:24:01,9397.3,6611.89
2022-07-25 03:24:00,9447.33,6561.86
2022-07-25 03:23:59,9451.62,6557.57
2022-07-25 03:23:58,9457.02,6552.17
2022-07-25 03:23:57,9471.45,6537.73
2022-07-25 03:23:56,9512.87,6496.32
2022-07-25 03:23:55,9554.93,6454.26
2022-07-25 03:23:54,9606.53,6402.66
2022-07-25 03:23:53,9817.15,6192.03
2022-07-25 03:23:52,9846.23,6162.95
2022-07-25 03:23:51,10024.3,5984.91
2022-07-25 03:23:50,10099.7,5909.45
2022-07-25 03:23:49,10160.7,5848.46
2022-07-25 03:23:48,10226.5,5782.73
2022-07-25 03:23:47,10300.4,5708.82
2022-07-25 03:23:46,9717.52,6291.67
2022-07-25 03:23:45,9742.23,6266.96
2022-07-25 03:23:44,9256.6,6752.59
2022-07-25 03:23:43,9273.83,6735.36
2022-07-25 03:23:42,9275.09,6734.1
2022-07-25 03:23:41,9274.75,6734.43
2022-07-25 03:23:40,9298.42,6710.77
2022-07-25 03:23:39,9306.68,6702.5
2022-07-25 03:23:38,9308.97,6700.21
2022-07-25 03:23:37,9316.7,6692.49
2022-07-25 03:23:36,9356.34,6652.84
2022-07-25 03:23:35,9358.29,6650.9
2022-07-25 03:23:34,9367.75,6641.44
2022-07-25 03:23:33,9414.06,6595.12
2022-07-25 03:23:32,9404.71,6604.48
2022-07-25 03:23:31,9438.17,6571.02
2022-07-25 03:23:30,9483.11,6526.08
2022-07-25 03:23:29,9646.67,6362.52
2022-07-25 03:23:28,9700.84,6308.35
2022-07-25 03:23:27,9918.99,6090.2
2022-07-25 03:23:26,10119.7,5889.46
2022-07-25 03:23:25,10295.1,5714.13
2022-07-25 03:23:24,10461.4,5547.82
2022-07-25 03:23:23,10544.9,5464.28
2022-07-25 03:23:22,10638.1,5371.04
2022-07-25 03:23:21,10216.1,5793.14
2022-07-25 03:23:20,10309,5700.23
2022-07-25 03:23:19,9831.67,6177.52
2022-07-25 03:23:18,9207.37,6801.82
2022-07-25 03:23:17,9209,6800.19
2022-07-25 03:23:16,9209.37,6799.82
2022-07-25 03:23:15,9209.13,6800.06
2022-07-25 03:23:14,9212.46,6796.73
2022-07-25 03:23:13,9212.13,6797.06
2022-07-25 03:23:12,9211.26,6797.93
2022-07-25 03:23:11,9213.73,6795.45
2022-07-25 03:23:10,9233.64,6775.55
2022-07-25 03:23:09,9261.43,6747.76
2022-07-25 03:23:08,9263.13,6746.05
2022-07-25 03:23:07,9263.67,6745.52
2022-07-25 03:23:06,9344.76,6664.43
2022-07-25 03:23:05,9386.39,6622.8
2022-07-25 03:23:04,9411.9,6597.29
2022-07-25 03:23:03,9855.36,6153.82
2022-07-25 03:23:02,9963.34,6045.84
2022-07-25 03:23:01,10049.6,5959.62
2022-07-25 03:23:00,10101.1,5908.08
2022-07-25 03:22:59,10179.3,5829.87
2022-07-25 03:22:58,10271.2,5738.02
2022-07-25 03:22:57,10331.9,5677.34
2022-07-25 03:22:56,9290.18,6719.01
2022-07-25 03:22:55,9308.2,6700.99
2022-07-25 03:22:54,9308.23,6700.96
2022-07-25 03:22:53,9323.9,6685.29
2022-07-25 03:22:52,9330.11,6679.08
2022-07-25 03:22:51,9356.06,6653.13
2022-07-25 03:22:50,9368.14,6641.05
2022-07-25 03:22:49,9379.06,6630.13
2022-07-25 03:22:48,9413.89,6595.3
2022-07-25 03:22:47,9434.25,6574.94
2022-07-25 03:22:46,9442.8,6566.38
2022-07-25 03:22:45,9469.92,6539.27
2022-07-25 03:22:44,9484.93,6524.26
2022-07-25 03:22:43,9507.31,6501.88
2022-07-25 03:22:42,9603.93,6405.26
2022-07-25 03:22:41,9753.37,6255.82
2022-07-25 03:22:40,9871.06,6138.12
2022-07-25 03:22:39,10307.7,5701.53
2022-07-25 03:22:38,10447.4,5561.75
2022-07-25 03:22:37,10522.4,5486.8
2022-07-25 03:22:36,10621.8,5387.34
2022-07-25 03:22:35,10701,5308.15
2022-07-25 03:22:34,10840.1,5169.05
2022-07-25 03:22:33,10431,5578.21
2022-07-25 03:22:32,9310.86,6698.33
2022-07-25 03:22:31,9312.68,6696.51
2022-07-25 03:22:30,9313.61,6695.57
2022-07-25 03:22:29,9328,6681.19
2022-07-25 03:22:28,9334.39,6674.8
2022-07-25 03:22:27,9337.77,6671.41
2022-07-25 03:22:26,9352.26,6656.93
2022-07-25 03:22:25,9373.59,6635.59
2022-07-25 03:22:24,9377.21,6631.97
2022-07-25 03:22:23,9394.37,6614.82
2022-07-25 03:22:22,9419.89,6589.3
2022-07-25 03:22:21,9439.73,6569.45
2022-07-25 03:22:20,9440.93,6568.26
2022-07-25 03:22:19,9490.71,6518.48
2022-07-25 03:22:18,9513.27,6495.91
2022-07-25 03:22:17,9661.34,6347.85
2022-07-25 03:22:16,9739.89,6269.3
2022-07-25 03:22:15,9788.74,6220.45
2022-07-25 03:22:14,9839.55,6169.64
2022-07-25 03:22:13,10029.9,5979.29
2022-07-25 03:22:12,10109.7,5899.52
2022-07-25 03:22:11,10173.6,5835.6
2022-07-25 03:22:10,9690.98,6318.21
2022-07-25 03:22:09,9756.01,6253.18
2022-07-25 03:22:08,9809.84,6199.35
2022-07-25 03:22:07,9315.23,6693.96
2022-07-25 03:22:06,9225,6784.19
2022-07-25 03:22:05,9226.13,6783.06
2022-07-25 03:22:04,9227.43,6781.75
2022-07-25 03:22:03,9272.04,6737.15
2022-07-25 03:22:02,9270.41,6738.77
2022-07-25 03:22:01,9263.04,6746.15
2022-07-25 03:22:00,9289.08,6720.11
2022-07-25 03:21:59,9317.8,6691.38
2022-07-25 03:21:58,9334.5,6674.69
2022-07-25 03:21:57,9353.35,6655.84
2022-07-25 03:21:56,9371.69,6637.5
2022-07-25 03:21:55,9428.26,6580.93
2022-07-25 03:21:54,9474.28,6534.91
2022-07-25 03:21:53,9848.89,6160.3
2022-07-25 03:21:52,10035.5,5973.7
2022-07-25 03:21:51,10188.9,5820.26
2022-07-25 03:21:50,10384.1,5625.12
2022-07-25 03:21:49,10465.3,5543.94
2022-07-25 03:21:48,10552.3,5456.85
2022-07-25 03:21:47,10657.5,5351.73
2022-07-25 03:21:46,10762.3,5246.9
2022-07-25 03:21:45,9602.45,6406.74
2022-07-25 03:21:44,8973.13,7036.05
2022-07-25 03:21:43,8982.1,7027.09
2022-07-25 03:21:42,8981.59,7027.59
2022-07-25 03:21:41,8982.89,7026.29
2022-07-25 03:21:40,8998.07,7011.12
2022-07-25 03:21:39,9006.5,7002.69
2022-07-25 03:21:38,9007.25,7001.93
2022-07-25 03:21:37,9008.02,7001.17
2022-07-25 03:21:36,9029.55,6979.64
2022-07-25 03:21:35,9030.69,6978.49
2022-07-25 03:21:34,9060.65,6948.54
2022-07-25 03:21:33,9056.39,6952.79
2022-07-25 03:21:32,9056.91,6952.27
2022-07-25 03:21:31,9103.53,6905.66
2022-07-25 03:21:30,9112.25,6896.93
2022-07-25 03:21:29,9284.76,6724.43
2022-07-25 03:21:28,9368.01,6641.18
2022-07-25 03:21:27,9394.47,6614.72
2022-07-25 03:21:26,9649.01,6360.18
2022-07-25 03:21:25,9785.71,6223.47
2022-07-25 03:21:24,9899.1,6110.09
2022-07-25 03:21:23,9937.38,6071.8
2022-07-25 03:21:22,9488.44,6520.75
2022-07-25 03:21:21,9542.06,6467.13
2022-07-25 03:21:20,9582.95,6426.24
2022-07-25 03:21:19,9328.07,6681.12
2022-07-25 03:21:18,9065.57,6943.62
2022-07-25 03:21:17,9064.99,6944.2
2022-07-25 03:21:16,9067.18,6942.01
2022-07-25 03:21:15,9068.12,6941.07
2022-07-25 03:21:14,9069.19,6940
2022-07-25 03:21:13,9069.82,6939.36
2022-07-25 03:21:12,9071.78,6937.41
2022-07-25 03:21:11,9077.19,6932
2022-07-25 03:21:10,9076.05,6933.13
2022-07-25 03:21:09,9078.03,6931.16
2022-07-25 03:21:08,9148.43,6860.76
2022-07-25 03:21:07,9241.89,6767.3
2022-07-25 03:21:06,9245.02,6764.17
2022-07-25 03:21:05,9786.83,6222.36
2022-07-25 03:21:04,10217.7,5791.48
2022-07-25 03:21:03,10412.9,5596.32
2022-07-25 03:21:02,10505.9,5503.34
2022-07-25 03:21:01,10591.5,5417.71
2022-07-25 03:21:00,10663.7,5345.45
2022-07-25 03:20:59,10790.9,5218.25
2022-07-25 03:20:58,10924.9,5084.27
2022-07-25 03:20:57,9218.21,6790.97
2022-07-25 03:20:56,9237.74,6771.45
2022-07-25 03:20:55,9238.59,6770.59
2022-07-25 03:20:54,9240.78,6768.41
2022-07-25 03:20:53,9259.66,6749.52
2022-07-25 03:20:52,9280.7,6728.48
2022-07-25 03:20:51,9280.71,6728.48
2022-07-25 03:20:50,9305.1,6704.09
2022-07-25 03:20:49,9327.35,6681.84
2022-07-25 03:20:48,9326.95,6682.24
2022-07-25 03:20:47,9350.94,6658.25
2022-07-25 03:20:46,9378.94,6630.24
2022-07-25 03:20:45,9386.27,6622.91
2022-07-25 03:20:44,9420.96,6588.23
2022-07-25 03:20:43,9440.85,6568.34
2022-07-25 03:20:42,9596,6413.19
2022-07-25 03:20:41,9660.94,6348.25
2022-07-25 03:20:40,9716.93,6292.26
2022-07-25 03:20:39,9758.68,6250.51
2022-07-25 03:20:38,9930.78,6078.41
2022-07-25 03:20:37,10022.8,5986.38
2022-07-25 03:20:36,10080.5,5928.7
2022-07-25 03:20:35,10143.7,5865.53
2022-07-25 03:20:34,9686.78,6322.41
2022-07-25 03:20:33,9730.86,6278.32
2022-07-25 03:20:32,9772.14,6237.05
2022-07-25 03:20:31,9269.35,6739.84
2022-07-25 03:20:30,9270.27,6738.92
2022-07-25 03:20:29,9283.53,6725.66
2022-07-25 03:20:28,9283,6726.19
2022-07-25 03:20:27,9273.62,6735.57
2022-07-25 03:20:26,9285.61,6723.58
2022-07-25 03:20:25,9286.58,6722.61
2022-07-25 03:20:24,9289.21,6719.98
2022-07-25 03:20:23,9303.52,6705.66
2022-07-25 03:20:22,9302.44,6706.75
2022-07-25 03:20:21,9367.82,6641.37
2022-07-25 03:20:20,9409.38,6599.81
2022-07-25 03:20:19,9749.2,6259.99
2022-07-25 03:20:18,9863.72,6145.47
2022-07-25 03:20:17,10197.3,5811.86
2022-07-25 03:20:16,10426.8,5582.38
2022-07-25 03:20:15,10536.7,5472.54
2022-07-25 03:20:14,10621.8,5387.43
2022-07-25 03:20:13,10712.8,5296.37
2022-07-25 03:20:12,10813.3,5195.91
2022-07-25 03:20:11,10372.6,5636.61
2022-07-25 03:20:10,10442.3,5566.93
2022-07-25 03:20:09,9320.01,6689.18
2022-07-25 03:20:08,9319.07,6690.12
2022-07-25 03:20:07,9321.79,6687.4
2022-07-25 03:20:06,9341.66,6667.52
2022-07-25 03:20:05,9345.24,6663.95
2022-07-25 03:20:04,9350.55,6658.64
2022-07-25 03:20:03,9350.72,6658.47
2022-07-25 03:20:02,9373.28,6635.91
2022-07-25 03:20:01,9400.79,6608.4
2022-07-25 03:20:00,9401.98,6607.2
2022-07-25 03:19:59,9430.05,6579.14
2022-07-25 03:19:58,9433.54,6575.65
2022-07-25 03:19:57,9453.65,6555.54
2022-07-25 03:19:56,9485.35,6523.84
2022-07-25 03:19:55,9548.61,6460.57
2022-07-25 03:19:54,9726.39,6282.8
2022-07-25 03:19:53,9739.4,6269.78
2022-07-25 03:19:52,9822.01,6187.18
2022-07-25 03:19:51,9847.05,6162.13
2022-07-25 03:19:50,10015.2,5993.94
2022-07-25 03:19:49,10137.2,5871.99
2022-07-25 03:19:48,10171.8,5837.35
2022-07-25 03:19:47,9722.29,6286.9
2022-07-25 03:19:46,9766.61,6242.57
2022-07-25 03:19:45,9817.68,6191.5
2022-07-25 03:19:44,9846.07,6163.11
2022-07-25 03:19:43,9345.64,6663.55
2022-07-25 03:19:42,9367.67,6641.52
2022-07-25 03:19:41,9369.16,6640.02
2022-07-25 03:19:40,9392.48,6616.7
2022-07-25 03:19:39,9419.48,6589.71
2022-07-25 03:19:38,9421.27,6587.92
2022-07-25 03:19:37,9448.51,6560.68
2022-07-25 03:19:36,9474.12,6535.07
2022-07-25 03:19:35,9481.15,6528.04
2022-07-25 03:19:34,9501.11,6508.07
2022-07-25 03:19:33,9557.87,6451.32
2022-07-25 03:19:32,9586.61,6422.58
2022-07-25 03:19:31,9767.3,6241.89
2022-07-25 03:19:30,9895.87,6113.32
2022-07-25 03:19:29,10065.1,5944.07
2022-07-25 03:19:28,10168.7,5840.48
2022-07-25 03:19:27,10504.1,5505.09
2022-07-25 03:19:26,10634.1,5375.09
2022-07-25 03:19:25,10731.9,5277.32
2022-07-25 03:19:24,10291.9,5717.31
2022-07-25 03:19:23,10387.7,5621.47
2022-07-25 03:19:22,9839.06,6170.13
2022-07-25 03:19:21,9350.41,6658.78
2022-07-25 03:19:20,9351.66,6657.53
2022-07-25 03:19:19,9353.74,6655.45
2022-07-25 03:19:18,9375.77,6633.42
2022-07-25 03:19:17,9376.53,6632.66
2022-07-25 03:19:16,9377.57,6631.62
2022-07-25 03:19:15,9416.83,6592.36
2022-07-25 03:19:14,9421.4,6587.79
2022-07-25 03:19:13,9419.44,6589.75
2022-07-25 03:19:12,9466.79,6542.39
2022-07-25 03:19:11,9468.25,6540.94
2022-07-25 03:19:10,9511.25,6497.94
2022-07-25 03:19:09,9559.77,6449.42
2022-07-25 03:19:08,9679.32,6329.87
2022-07-25 03:19:07,9733.48,6275.7
2022-07-25 03:19:06,9806.06,6203.13
2022-07-25 03:19:05,9840.01,6169.18
2022-07-25 03:19:04,10025.4,5983.74
2022-07-25 03:19:03,10119.3,5889.87
2022-07-25 03:19:02,10178,5831.2
2022-07-25 03:19:01,9707.72,6301.47
2022-07-25 03:19:00,9749.15,6260.04
2022-07-25 03:18:59,9793.68,6215.5
2022-07-25 03:18:58,9838.44,6170.75
2022-07-25 03:18:57,9360.98,6648.2
2022-07-25 03:18:56,9362.34,6646.85
2022-07-25 03:18:55,9363.68,6645.5
2022-07-25 03:18:54,9382.1,6627.09
2022-07-25 03:18:53,9383.81,6625.38
2022-07-25 03:18:52,9390.34,6618.85
2022-07-25 03:18:51,9415.64,6593.55
2022-07-25 03:18:50,9397.27,6611.91
2022-07-25 03:18:49,9427.72,6581.47
2022-07-25 03:18:48,9446.58,6562.61
2022-07-25 03:18:47,9484.28,6524.91
2022-07-25 03:18:46,9500.3,6508.89
2022-07-25 03:18:45,9684.87,6324.32
2022-07-25 03:18:44,9793.49,6215.7
2022-07-25 03:18:43,9860,6149.19
2022-07-25 03:18:42,10151.8,5857.41
2022-07-25 03:18:41,10287.4,5721.78
2022-07-25 03:18:40,10542,5467.15
2022-07-25 03:18:39,10652.7,5356.47
2022-07-25 03:18:38,10722.1,5287.1
2022-07-25 03:18:37,10269.3,5739.87
2022-07-25 03:18:36,10348.4,5660.79
2022-07-25 03:18:35,10428.2,5581.03
2022-07-25 03:18:34,9827.82,6181.37
2022-07-25 03:18:33,9331.84,6677.35
2022-07-25 03:18:32,9332,6677.19
2022-07-25 03:18:31,9331.94,6677.25
2022-07-25 03:18:30,9336.11,6673.07
2022-07-25 03:18:29,9336.49,6672.7
2022-07-25 03:18:28,9362.35,6646.84
2022-07-25 03:18:27,9366.39,6642.79
2022-07-25 03:18:26,9370.48,6638.71
2022-07-25 03:18:25,9414.43,6594.76
2022-07-25 03:18:24,9417.25,6591.94
2022-07-25 03:18:23,9445.84,6563.35
2022-07-25 03:18:22,9488.82,6520.37
2022-07-25 03:18:21,9579.75,6429.43
2022-07-25 03:18:20,9738.05,6271.14
2022-07-25 03:18:19,9757.27,6251.92
2022-07-25 03:18:18,9839.84,6169.35
2022-07-25 03:18:17,9877.43,6131.76
2022-07-25 03:18:16,10067.1,5942.05
2022-07-25 03:18:15,10161.2,5847.98
2022-07-25 03:18:14,10193.6,5815.57
2022-07-25 03:18:13,9591.8,6417.38
2022-07-25 03:18:12,9643.28,6365.9
2022-07-25 03:18:11,9696.74,6312.45
2022-07-25 03:18:10,9710.21,6298.98
2022-07-25 03:18:09,9095.48,6913.7
2022-07-25 03:18:08,9095.98,6913.21
2022-07-25 03:18:07,9116.59,6892.6
2022-07-25 03:18:06,9136.04,6873.15
2022-07-25 03:18:05,9136.67,6872.52
2022-07-25 03:18:04,9162.69,6846.5
2022-07-25 03:18:03,9172.62,6836.57
2022-07-25 03:18:02,9185.39,6823.8
2022-07-25 03:18:01,9217.74,6791.45
2022-07-25 03:18:00,9211.77,6797.42
2022-07-25 03:17:59,9266.12,6743.07
2022-07-25 03:17:58,9291.9,6717.29
2022-07-25 03:17:57,9461.86,6547.32
2022-07-25 03:17:56,9608.5,6400.69
2022-07-25 03:17:55,9640.68,6368.51
2022-07-25 03:17:54,9827.63,6181.55
2022-07-25 03:17:53,10178.7,5830.44
2022-07-25 03:17:52,10297.4,5711.8
2022-07-25 03:17:51,10393.5,5615.68
2022-07-25 03:17:50,10492.4,5516.83
2022-07-25 03:17:49,10049.9,5959.34
2022-07-25 03:17:48,10139.1,5870.06
2022-07-25 03:17:47,9564.86,6444.32
2022-07-25 03:17:46,9041.23,6967.96
2022-07-25 03:17:45,9039.79,6969.39
2022-07-25 03:17:44,9043.22,6965.96
2022-07-25 03:17:43,9044.02,6965.17
2022-07-25 03:17:42,9045.12,6964.07
2022-07-25 03:17:41,9045.87,6963.32
2022-07-25 03:17:40,9047.59,6961.6
2022-07-25 03:17:39,9051.31,6957.88
2022-07-25 03:17:38,9050.41,6958.77
2022-07-25 03:17:37,9046.82,6962.36
2022-07-25 03:17:36,9094.03,6915.16
2022-07-25 03:17:35,9100.37,6908.82
2022-07-25 03:17:34,9275.84,6733.35
2022-07-25 03:17:33,9450.48,6558.71
2022-07-25 03:17:32,9569.08,6440.11
2022-07-25 03:17:31,9598.11,6411.07
2022-07-25 03:17:30,9630.89,6378.3
2022-07-25 03:17:29,9973.64,6035.55
2022-07-25 03:17:28,10085.9,5923.28
2022-07-25 03:17:27,10160.7,5848.53
2022-07-25 03:17:26,9706.25,6302.94
2022-07-25 03:17:25,9754.11,6255.08
2022-07-25 03:17:24,9806.13,6203.05
2022-07-25 03:17:23,9828.55,6180.64
2022-07-25 03:17:22,9223.39,6785.8
2022-07-25 03:17:21,9222.91,6786.28
2022-07-25 03:17:20,9245.35,6763.84
2022-07-25 03:17:19,9263.04,6746.14
2022-07-25 03:17:18,9263,6746.19
2022-07-25 03:17:17,9284.23,6724.96
2022-07-25 03:17:16,9300.75,6708.43
2022-07-25 03:17:15,9302.77,6706.42
2022-07-25 03:17:14,9334.27,6674.91
2022-07-25 03:17:13,9344.77,6664.42
2022-07-25 03:17:12,9344.32,6664.87
2022-07-25 03:17:11,9431.41,6577.78
2022-07-25 03:17:10,9492.51,6516.68
2022-07-25 03:17:09,9653.51,6355.68
2022-07-25 03:17:08,10031.8,5977.37
2022-07-25 03:17:07,10139.8,5869.38
2022-07-25 03:17:06,10349.3,5659.94
2022-07-25 03:17:05,10463.2,5545.98
2022-07-25 03:17:04,10528.8,5480.4
2022-07-25 03:17:03,10636.4,5372.74
2022-07-25 03:17:02,10723.5,5285.68
2022-07-25 03:17:01,9876.41,6132.77
2022-07-25 03:17:00,9222.05,6787.14
2022-07-25 03:16:59,9223.98,6785.21
2022-07-25 03:16:58,9243.97,6765.22
2022-07-25 03:16:57,9254.94,6754.25
2022-07-25 03:16:56,9257.4,6751.79
2022-07-25 03:16:55,9259.65,6749.54
2022-07-25 03:16:54,9282.73,6726.46
2022-07-25 03:16:53,9270.31,6738.87
2022-07-25 03:16:52,9295.61,6713.58
2022-07-25 03:16:51,9298.91,6710.27
2022-07-25 03:16:50,9300.47,6708.71
2022-07-25 03:16:49,9321.35,6687.84
2022-07-25 03:16:48,9320.31,6688.87
2022-07-25 03:16:47,9342,6667.19
2022-07-25 03:16:46,9375.45,6633.73
2022-07-25 03:16:45,9475.22,6533.97
2022-07-25 03:16:44,9614.25,6394.94
2022-07-25 03:16:43,9868.49,6140.7
2022-07-25 03:16:42,9991.41,6017.78
2022-07-25 03:16:41,10082.7,5926.46
2022-07-25 03:16:40,10143,5866.21
2022-07-25 03:16:39,10220.4,5788.76
2022-07-25 03:16:38,10308.2,5700.97
2022-07-25 03:16:37,10366.8,5642.35
2022-07-25 03:16:36,9335.73,6673.46
2022-07-25 03:16:35,9271.18,6738.01
2022-07-25 03:16:34,9272.74,6736.45
2022-07-25 03:16:33,9284.58,6724.61
2022-07-25 03:16:32,9296.57,6712.62
2022-07-25 03:16:31,9297.3,6711.89
2022-07-25 03:16:30,9310.12,6699.07
2022-07-25 03:16:29,9324.48,6684.71
2022-07-25 03:16:28,9340.39,6668.8
2022-07-25 03:16:27,9342.75,6666.43
2022-07-25 03:16:26,9367.43,6641.76
2022-07-25 03:16:25,9370.8,6638.39
2022-07-25 03:16:24,9470.99,6538.2
2022-07-25 03:16:23,9490.21,6518.98
2022-07-25 03:16:22,9573.73,6435.45
2022-07-25 03:16:21,9990.85,6018.34
2022-07-25 03:16:20,10124.6,5884.58
2022-07-25 03:16:19,10189.3,5819.87
2022-07-25 03:16:18,10389.9,5619.31
2022-07-25 03:16:17,10484,5525.14
2022-07-25 03:16:16,10580.9,5428.24
2022-07-25 03:16:15,10697.7,5311.51
2022-07-25 03:16:14,10188.4,5820.81
2022-07-25 03:16:13,9705.2,6303.98
2022-07-25 03:16:12,9212.96,6796.23
2022-07-25 03:16:11,9214.92,6794.27
2022-07-25 03:16:10,9216.13,6793.06
2022-07-25 03:16:09,9215.61,6793.57
2022-07-25 03:16:08,9215.78,6793.41
2022-07-25 03:16:07,9219.72,6789.46
2022-07-25 03:16:06,9220.11,6789.08
2022-07-25 03:16:05,9213.24,6795.95
2022-07-25 03:16:04,9219.03,6790.16
2022-07-25 03:16:03,9218.31,6790.87
2022-07-25 03:16:02,9256.99,6752.2
2022-07-25 03:16:01,9284.4,6724.79
2022-07-25 03:16:00,9278.52,6730.67
2022-07-25 03:15:59,9331.12,6678.07
2022-07-25 03:15:58,9358.81,6650.38
2022-07-25 03:15:57,9463.34,6545.85
2022-07-25 03:15:56,9614.38,6394.81
2022-07-25 03:15:55,9940.03,6069.16
2022-07-25 03:15:54,10031.7,5977.45
2022-07-25 03:15:53,10086.5,5922.73
2022-07-25 03:15:52,10162.8,5846.42
2022-07-25 03:15:51,10229.9,5779.29
2022-07-25 03:15:50,10310.3,5698.91
2022-07-25 03:15:49,9728.07,6281.12
2022-07-25 03:15:48,9209.59,6799.6
2022-07-25 03:15:47,9210.93,6798.26
2022-07-25 03:15:46,9221.93,6787.26
2022-07-25 03:15:45,9223.12,6786.07
2022-07-25 03:15:44,9225.81,6783.37
2022-07-25 03:15:43,9248.05,6761.14
2022-07-25 03:15:42,9275.16,6734.03
2022-07-25 03:15:41,9277.65,6731.54
2022-07-25 03:15:40,9285.3,6723.89
2022-07-25 03:15:39,9347.84,6661.34
2022-07-25 03:15:38,9350.73,6658.45
2022-07-25 03:15:37,9356.74,6652.44
2022-07-25 03:15:36,9392.27,6616.92
2022-07-25 03:15:35,9469.27,6539.91
2022-07-25 03:15:34,9646.22,6362.96
2022-07-25 03:15:33,9744.93,6264.26
2022-07-25 03:15:32,10208.2,5801.02
2022-07-25 03:15:31,10327,5682.21
2022-07-25 03:15:30,10416,5593.22
2022-07-25 03:15:29,10514.5,5494.66
2022-07-25 03:15:28,10611.1,5398.12
2022-07-25 03:15:27,10728.3,5280.87
2022-07-25 03:15:26,10299.6,5709.61
2022-07-25 03:15:25,9164.48,6844.7
2022-07-25 03:15:24,9165.6,6843.59
2022-07-25 03:15:23,9165.16,6844.03
2022-07-25 03:15:22,9166.15,6843.04
2022-07-25 03:15:21,9168.65,6840.54
2022-07-25 03:15:20,9170.37,6838.82
2022-07-25 03:15:19,9171.85,6837.34
2022-07-25 03:15:18,9185.35,6823.84
2022-07-25 03:15:17,9190.57,6818.62
2022-07-25 03:15:16,9190.51,6818.68
2022-07-25 03:15:15,9196.81,6812.38
2022-07-25 03:15:14,9223.38,6785.8
2022-07-25 03:15:13,9225.81,6783.38
2022-07-25 03:15:12,9221.46,6787.73
2022-07-25 03:15:11,9264.69,6744.5
2022-07-25 03:15:10,9326.83,6682.36
2022-07-25 03:15:09,9326.32,6682.87
2022-07-25 03:15:08,9646.73,6362.46
2022-07-25 03:15:07,9749.92,6259.27
2022-07-25 03:15:06,9820.97,6188.22
2022-07-25 03:15:05,10010.8,5998.35
2022-07-25 03:15:04,10075.3,5933.86
2022-07-25 03:15:03,10141.4,5867.78
2022-07-25 03:15:02,10218.7,5790.51
2022-07-25 03:15:01,9751.96,6257.23
2022-07-25 03:15:00,9810.81,6198.38
2022-07-25 03:14:59,9836.32,6172.87
2022-07-25 03:14:58,9329.51,6679.68
2022-07-25 03:14:57,9333.48,6675.71
2022-07-25 03:14:56,9372.2,6636.98
2022-07-25 03:14:55,9375.4,6633.79
2022-07-25 03:14:54,9376.19,6633
2022-07-25 03:14:53,9416.8,6592.39
2022-07-25 03:14:52,9418.12,6591.07
2022-07-25 03:14:51,9441.9,6567.29
2022-07-25 03:14:50,9472.3,6536.89
2022-07-25 03:14:49,9474.07,6535.12
2022-07-25 03:14:48,9512.84,6496.35
2022-07-25 03:14:47,9574.61,6434.58
2022-07-25 03:14:46,9770.22,6238.97
2022-07-25 03:14:45,9979.81,6029.37
2022-07-25 03:14:44,10185.1,5824.1
2022-07-25 03:14:43,10400.6,5608.54
2022-07-25 03:14:42,10536.4,5472.77
2022-07-25 03:14:41,10616.7,5392.48
2022-07-25 03:14:40,10732.3,5276.85
2022-07-25 03:14:39,10859.7,5149.48
2022-07-25 03:14:38,9788.2,6220.99
2022-07-25 03:14:37,9797.05,6212.14
2022-07-25 03:14:36,9285.48,6723.7
2022-07-25 03:14:35,9287.73,6721.45
2022-07-25 03:14:34,9291.45,6717.74
2022-07-25 03:14:33,9292.38,6716.81
2022-07-25 03:14:32,9294.8,6714.39
2022-07-25 03:14:31,9302.32,6706.87
2022-07-25 03:14:30,9313.83,6695.36
2022-07-25 03:14:29,9322.51,6686.68
2022-07-25 03:14:28,9321.65,6687.54
2022-07-25 03:14:27,9348.96,6660.22
2022-07-25 03:14:26,9350.77,6658.41
2022-07-25 03:14:25,9377.22,6631.97
2022-07-25 03:14:24,9412.63,6596.56
2022-07-25 03:14:23,9413.19,6596
2022-07-25 03:14:22,9500.03,6509.16
2022-07-25 03:14:21,9504.71,6504.48
2022-07-25 03:14:20,9658.64,6350.54
2022-07-25 03:14:19,9772.57,6236.62
2022-07-25 03:14:18,9802.93,6206.25
2022-07-25 03:14:17,9981.34,6027.85
2022-07-25 03:14:16,10089,5920.16
2022-07-25 03:14:15,10142.2,5866.96
2022-07-25 03:14:14,10213,5796.2
2022-07-25 03:14:13,9674.07,6335.12
2022-07-25 03:14:12,9723.58,6285.61
2022-07-25 03:14:11,9763.66,6245.52
2022-07-25 03:14:10,9162.53,6846.66
2022-07-25 03:14:09,9163.45,6845.74
2022-07-25 03:14:08,9163.78,6845.41
2022-07-25 03:14:07,9202.5,6806.69
2022-07-25 03:14:06,9204.58,6804.61
2022-07-25 03:14:05,9205.98,6803.21
2022-07-25 03:14:04,9250.58,6758.61
2022-07-25 03:14:03,9252.59,6756.6
2022-07-25 03:14:02,9275.18,6734
2022-07-25 03:14:01,9317.39,6691.8
2022-07-25 03:14:00,9367.63,6641.56
2022-07-25 03:13:59,9406.5,6602.69
2022-07-25 03:13:58,9858.89,6150.3
2022-07-25 03:13:57,9999.2,6009.99
2022-07-25 03:13:56,10196.3,5812.92
2022-07-25 03:13:55,10310.1,5699.1
2022-07-25 03:13:54,10370.1,5639.09
2022-07-25 03:13:53,10472,5537.21
2022-07-25 03:13:52,10554.9,5454.26
2022-07-25 03:13:51,10689.6,5319.62
2022-07-25 03:13:50,9620.27,6388.91
2022-07-25 03:13:49,9000.86,7008.33
2022-07-25 03:13:48,8999.36,7009.83
2022-07-25 03:13:47,9000.87,7008.32
2022-07-25 03:13:46,9002.03,7007.16
2022-07-25 03:13:45,9002.88,7006.31
2022-07-25 03:13:44,9002.85,7006.34
2022-07-25 03:13:43,9004.38,7004.8
2022-07-25 03:13:42,9003.15,7006.04
2022-07-25 03:13:41,9003.09,7006.09
2022-07-25 03:13:40,9006.63,7002.56
2022-07-25 03:13:39,9006.43,7002.75
2022-07-25 03:13:38,9004.09,7005.09
2022-07-25 03:13:37,8994.21,7014.97
2022-07-25 03:13:36,9048.5,6960.69
2022-07-25 03:13:35,9040.52,6968.66
2022-07-25 03:13:34,9283.03,6726.16
2022-07-25 03:13:33,9415.16,6594.02
2022-07-25 03:13:32,9492.57,6516.62
2022-07-25 03:13:31,9692.44,6316.74
2022-07-25 03:13:30,9875.51,6133.68
2022-07-25 03:13:29,9984.41,6024.78
2022-07-25 03:13:28,10059.4,5949.81
2022-07-25 03:13:27,10114.2,5895
2022-07-25 03:13:26,10176.1,5833.07
2022-07-25 03:13:25,9592.14,6417.05
2022-07-25 03:13:24,8982.03,7027.16
2022-07-25 03:13:23,8982.63,7026.56
2022-07-25 03:13:22,8982.94,7026.25
2022-07-25 03:13:21,9003.57,7005.62
2022-07-25 03:13:20,9003.41,7005.78
2022-07-25 03:13:19,9004.73,7004.46
2022-07-25 03:13:18,9016.91,6992.28
2022-07-25 03:13:17,9017.11,6992.08
2022-07-25 03:13:16,9020.25,6988.94
2022-07-25 03:13:15,9043.09,6966.1
2022-07-25 03:13:14,9046.25,6962.94
2022-07-25 03:13:13,9097.55,6911.64
2022-07-25 03:13:12,9159.01,6850.18
2022-07-25 03:13:11,9317.02,6692.17
2022-07-25 03:13:10,9641.55,6367.64
2022-07-25 03:13:09,9995.09,6014.1
2022-07-25 03:13:08,10174.4,5834.83
2022-07-25 03:13:07,10272.3,5736.9
2022-07-25 03:13:06,10330.8,5678.43
2022-07-25 03:13:05,10455.2,5554.03
2022-07-25 03:13:04,10550.2,5458.97
2022-07-25 03:13:03,10661.9,5347.25
2022-07-25 03:13:02,9465.43,6543.76
2022-07-25 03:13:01,8868.77,7140.42
2022-07-25 03:13:00,8869.28,7139.91
2022-07-25 03:12:59,8869.14,7140.05
2022-07-25 03:12:58,8868.47,7140.72
2022-07-25 03:12:57,8868.91,7140.28
2022-07-25 03:12:56,8868.39,7140.8
2022-07-25 03:12:55,8867.55,7141.64
2022-07-25 03:12:54,8869.47,7139.71
2022-07-25 03:12:53,8869.84,7139.34
2022-07-25 03:12:52,8868.77,7140.42
2022-07-25 03:12:51,8869.27,7139.91
2022-07-25 03:12:50,8869.62,7139.57
2022-07-25 03:12:49,8869.53,7139.66
2022-07-25 03:12:48,8852.77,7156.41
2022-07-25 03:12:47,8955.95,7053.24
2022-07-25 03:12:46,8964.57,7044.62
2022-07-25 03:12:45,9451.36,6557.83
2022-07-25 03:12:44,9652.68,6356.51
2022-07-25 03:12:43,9805.57,6203.61
2022-07-25 03:12:42,9848.09,6161.1
2022-07-25 03:12:41,9900.07,6109.12
2022-07-25 03:12:40,9986.84,6022.35
2022-07-25 03:12:39,10075.5,5933.65
2022-07-25 03:12:38,10120,5889.21
2022-07-25 03:12:37,9106.41,6902.78
2022-07-25 03:12:36,9105.88,6903.3
2022-07-25 03:12:35,9106.34,6902.85
2022-07-25 03:12:34,9106.82,6902.37
2022-07-25 03:12:33,9110.02,6899.17
2022-07-25 03:12:32,9110.16,6899.03
2022-07-25 03:12:31,9109.13,6900.06
2022-07-25 03:12:30,9103.56,6905.63
2022-07-25 03:12:29,9104.11,6905.07
2022-07-25 03:12:28,9105.27,6903.91
2022-07-25 03:12:27,9106.48,6902.7
2022-07-25 03:12:26,9096.87,6912.32
2022-07-25 03:12:25,9191,6818.18
2022-07-25 03:12:24,9203.51,6805.68
2022-07-25 03:12:23,9554.91,6454.28
2022-07-25 03:12:22,9822.59,6186.6
2022-07-25 03:12:21,10015,5994.22
2022-07-25 03:12:20,10389,5620.16
2022-07-25 03:12:19,10472.2,5536.97
2022-07-25 03:12:18,10606.9,5402.32
2022-07-25 03:12:17,10691.3,5317.88
2022-07-25 03:12:16,10800.8,5208.41
2022-07-25 03:12:15,10376.8,5632.34
2022-07-25 03:12:14,10434.6,5574.54
2022-07-25 03:12:13,9420.27,6588.92
2022-07-25 03:12:12,9420.21,6588.98
2022-07-25 03:12:11,9437.28,6571.91
2022-07-25 03:12:10,9449.3,6559.89
2022-07-25 03:12:09,9450.26,6558.93
2022-07-25 03:12:08,9478.28,6530.91
2022-07-25 03:12:07,9484.23,6524.96
2022-07-25 03:12:06,9497.23,6511.96
2022-07-25 03:12:05,9515.78,6493.41
2022-07-25 03:12:04,9520.65,6488.54
2022-07-25 03:12:03,9553.94,6455.25
2022-07-25 03:12:02,9572.46,6436.72
2022-07-25 03:12:01,9578,6431.18
2022-07-25 03:12:00,9657.43,6351.76
2022-07-25 03:11:59,9690.57,6318.62
2022-07-25 03:11:58,9902.55,6106.64
2022-07-25 03:11:57,9947.39,6061.8
2022-07-25 03:11:56,10066.6,5942.61
2022-07-25 03:11:55,10175,5834.19
2022-07-25 03:11:54,10240.3,5768.86
2022-07-25 03:11:53,10310.8,5698.4
2022-07-25 03:11:52,10371.8,5637.38
2022-07-25 03:11:51,9817.46,6191.73
2022-07-25 03:11:50,9858.44,6150.75
2022-07-25 03:11:49,9236.25,6772.94
2022-07-25 03:11:48,9248.45,6760.74
2022-07-25 03:11:47,9282.84,6726.35
2022-07-25 03:11:46,9283.18,6726
2022-07-25 03:11:45,9296.17,6713.02
2022-07-25 03:11:44,9337.39,6671.8
2022-07-25 03:11:43,9337.29,6671.9
2022-07-25 03:11:42,9335.73,6673.45
2022-07-25 03:11:41,9377.94,6631.25
2022-07-25 03:11:40,9393.88,6615.31
2022-07-25 03:11:39,9439.42,6569.77
2022-07-25 03:11:38,9465.23,6543.95
2022-07-25 03:11:37,9470.5,6538.68
2022-07-25 03:11:36,9576.76,6432.43
2022-07-25 03:11:35,9635.36,6373.83
2022-07-25 03:11:34,10043,5966.16
2022-07-25 03:11:33,10208.7,5800.5
2022-07-25 03:11:32,10259,5750.2
2022-07-25 03:11:31,10321.7,5687.49
2022-07-25 03:11:30,10385.3,5623.86
2022-07-25 03:11:29,10509.5,5499.73
2022-07-25 03:11:28,10622.5,5386.72
2022-07-25 03:11:27,10713.6,5295.64
2022-07-25 03:11:26,8940.7,7068.49
2022-07-25 03:11:25,8941.67,7067.52
2022-07-25 03:11:24,8942.78,7066.41
2022-07-25 03:11:23,8944.12,7065.07
2022-07-25 03:11:22,8943.91,7065.27
2022-07-25 03:11:21,8943.83,7065.36
2022-07-25 03:11:20,8945.66,7063.53
2022-07-25 03:11:19,8945.55,7063.63
2022-07-25 03:11:18,8944.2,7064.99
2022-07-25 03:11:17,8944.36,7064.83
2022-07-25 03:11:16,8945.78,7063.4
2022-07-25 03:11:15,8945.28,7063.91
2022-07-25 03:11:14,8941.49,7067.7
2022-07-25 03:11:13,8972.32,7036.87
2022-07-25 03:11:12,8987.96,7021.22
2022-07-25 03:11:11,9063.14,6946.05
2022-07-25 03:11:10,9368.5,6640.69
2022-07-25 03:11:09,9447.5,6561.68
2022-07-25 03:11:08,9787.59,6221.6
2022-07-25 03:11:07,9883.45,6125.73
2022-07-25 03:11:06,9955.96,6053.23
2022-07-25 03:11:05,10031.6,5977.62
2022-07-25 03:11:04,10123.7,5885.51
2022-07-25 03:11:03,10178.1,5831.09
2022-07-25 03:11:02,9169.6,6839.59
2022-07-25 03:11:01,9172.58,6836.61
2022-07-25 03:11:00,9172.11,6837.08
2022-07-25 03:10:59,9171.22,6837.97
2022-07-25 03:10:58,9176.75,6832.44
2022-07-25 03:10:57,9177.73,6831.46
2022-07-25 03:10:56,9180.02,6829.16
2022-07-25 03:10:55,9184.45,6824.74
2022-07-25 03:10:54,9186.44,6822.75
2022-07-25 03:10:53,9188.73,6820.46
2022-07-25 03:10:52,9241.46,6767.73
2022-07-25 03:10:51,9248.54,6760.65
2022-07-25 03:10:50,9257.31,6751.88
2022-07-25 03:10:49,9334.43,6674.75
2022-07-25 03:10:48,9394.76,6614.43
2022-07-25 03:10:47,9804.16,6205.03
2022-07-25 03:10:46,9990.29,6018.89
2022-07-25 03:10:45,10380.7,5628.45
2022-07-25 03:10:44,10480,5529.17
2022-07-25 03:10:43,10586.7,5422.5
2022-07-25 03:10:42,10705,5304.23
2022-07-25 03:10:41,10792.9,5216.27
2022-07-25 03:10:40,10918.4,5090.77
2022-07-25 03:10:39,9711,6298.18
2022-07-25 03:10:38,9338.39,6670.8
2022-07-25 03:10:37,9339.42,6669.77
2022-07-25 03:10:36,9358.68,6650.51
2022-07-25 03:10:35,9372.08,6637.11
2022-07-25 03:10:34,9376.38,6632.8
2022-07-25 03:10:33,9389.73,6619.46
2022-07-25 03:10:32,9408.75,6600.44
2022-07-25 03:10:31,9416.19,6593
2022-07-25 03:10:30,9423.29,6585.9
2022-07-25 03:10:29,9446.29,6562.9
2022-07-25 03:10:28,9458.76,6550.43
2022-07-25 03:10:27,9461.97,6547.22
2022-07-25 03:10:26,9502.31,6506.88
2022-07-25 03:10:25,9496.16,6513.03
2022-07-25 03:10:24,9513.19,6495.99
2022-07-25 03:10:23,9573.98,6435.21
2022-07-25 03:10:22,9645.41,6363.78
2022-07-25 03:10:21,9937.67,6071.52
2022-07-25 03:10:20,10009.1,6000.1
2022-07-25 03:10:19,10043.1,5966.11
2022-07-25 03:10:18,10096.4,5912.75
2022-07-25 03:10:17,10186.4,5822.8
2022-07-25 03:10:16,10276.8,5732.36
2022-07-25 03:10:15,9803.55,6205.64
2022-07-25 03:10:14,9196.21,6812.98
2022-07-25 03:10:13,9209.71,6799.48
2022-07-25 03:10:12,9226.21,6782.97
2022-07-25 03:10:11,9232.23,6776.96
2022-07-25 03:10:10,9259.07,6750.12
2022-07-25 03:10:09,9266.38,6742.8
2022-07-25 03:10:08,9268.55,6740.63
2022-07-25 03:10:07,9292.63,6716.55
2022-07-25 03:10:06,9312.79,6696.4
2022-07-25 03:10:05,9314.72,6694.47
2022-07-25 03:10:04,9352.1,6657.09
2022-07-25 03:10:03,9357.13,6652.05
2022-07-25 03:10:02,9372.51,6636.68
2022-07-25 03:10:01,9443.81,6565.38
2022-07-25 03:10:00,9644.55,6364.64
2022-07-25 03:09:59,9742.63,6266.56
2022-07-25 03:09:58,10106.3,5902.93
2022-07-25 03:09:57,10294.6,5714.61
2022-07-25 03:09:56,10411.5,5597.69
2022-07-25 03:09:55,10508.6,5500.57
2022-07-25 03:09:54,10578,5431.18
2022-07-25 03:09:53,10710.8,5298.43
2022-07-25 03:09:52,10818.4,5190.78
2022-07-25 03:09:51,9202.12,6807.06
2022-07-25 03:09:50,9207.14,6802.05
2022-07-25 03:09:49,9206.73,6802.46
2022-07-25 03:09:48,9208.15,6801.04
2022-07-25 03:09:47,9210.01,6799.18
2022-07-25 03:09:46,9216.62,6792.57
2022-07-25 03:09:45,9216.92,6792.27
2022-07-25 03:09:44,9220.46,6788.73
2022-07-25 03:09:43,9198.57,6810.61
2022-07-25 03:09:42,9227.98,6781.2
2022-07-25 03:09:41,9228.8,6780.39
2022-07-25 03:09:40,9235.58,6773.61
2022-07-25 03:09:39,9279.04,6730.15
2022-07-25 03:09:38,9271.18,6738.01
2022-07-25 03:09:37,9278.04,6731.14
2022-07-25 03:09:36,9383.09,6626.1
2022-07-25 03:09:35,9409.08,6600.11
2022-07-25 03:09:34,9842.04,6167.15
2022-07-25 03:09:33,9979.33,6029.86
2022-07-25 03:09:32,10057.4,5951.76
2022-07-25 03:09:31,10123.2,5886.01
2022-07-25 03:09:30,10188.9,5820.3
2022-07-25 03:09:29,10288.1,5721.06
2022-07-25 03:09:28,10369,5640.21
2022-07-25 03:09:27,9138.99,6870.2
2022-07-25 03:09:26,9140.67,6868.52
2022-07-25 03:09:25,9160.93,6848.25
2022-07-25 03:09:24,9170.7,6838.49
2022-07-25 03:09:23,9170.3,6838.89
2022-07-25 03:09:22,9193.12,6816.07
2022-07-25 03:09:21,9205.42,6803.77
2022-07-25 03:09:20,9204.68,6804.51
2022-07-25 03:09:19,9241.6,6767.59
2022-07-25 03:09:18,9245.77,6763.42
2022-07-25 03:09:17,9247.9,6761.29
2022-07-25 03:09:16,9295.47,6713.72
2022-07-25 03:09:15,9278.93,6730.26
2022-07-25 03:09:14,9360.39,6648.8
2022-07-25 03:09:13,9442.17,6567.02
2022-07-25 03:09:12,9724.09,6285.1
2022-07-25 03:09:11,9823.63,6185.56
2022-07-25 03:09:10,10165.7,5843.44
2022-07-25 03:09:09,10270,5739.21
2022-07-25 03:09:08,10340.3,5668.85
2022-07-25 03:09:07,10462.2,5546.96
2022-07-25 03:09:06,10576.4,5432.78
2022-07-25 03:09:05,10159.6,5849.59
2022-07-25 03:09:04,9699.35,6309.84
2022-07-25 03:09:03,9078.03,6931.16
2022-07-25 03:09:02,9079.16,6930.03
2022-07-25 03:09:01,9078.47,6930.71
2022-07-25 03:09:00,9083.27,6925.92
2022-07-25 03:08:59,9081.59,6927.6
2022-07-25 03:08:58,9081.84,6927.35
2022-07-25 03:08:57,9082.29,6926.9
2022-07-25 03:08:56,9086.51,6922.68
2022-07-25 03:08:55,9086.31,6922.88
2022-07-25 03:08:54,9087.21,6921.97
2022-07-25 03:08:53,9094.13,6915.05
2022-07-25 03:08:52,9095.32,6913.87
2022-07-25 03:08:51,9069.37,6939.82
2022-07-25 03:08:50,9119.86,6889.33
2022-07-25 03:08:49,9191.87,6817.32
2022-07-25 03:08:48,9207.09,6802.1
2022-07-25 03:08:47,9768.87,6240.32
2022-07-25 03:08:46,9924.88,6084.3
2022-07-25 03:08:45,10044.4,5964.76
2022-07-25 03:08:44,10120.4,5888.84
2022-07-25 03:08:43,10166.6,5842.54
2022-07-25 03:08:42,10256.6,5752.59
2022-07-25 03:08:41,10363.3,5645.85
2022-07-25 03:08:40,9149.84,6859.35
2022-07-25 03:08:39,9158.1,6851.09
2022-07-25 03:08:38,9174.03,6835.16
2022-07-25 03:08:37,9174.12,6835.07
2022-07-25 03:08:36,9186.71,6822.48
2022-07-25 03:08:35,9201.86,6807.33
2022-07-25 03:08:34,9189.78,6819.41
2022-07-25 03:08:33,9202.34,6806.85
2022-07-25 03:08:32,9222.71,6786.48
2022-07-25 03:08:31,9236.55,6772.64
2022-07-25 03:08:30,9237.67,6771.52
2022-07-25 03:08:29,9259.41,6749.78
2022-07-25 03:08:28,9266.74,6742.45
2022-07-25 03:08:27,9307.67,6701.52
2022-07-25 03:08:26,9366.52,6642.67
2022-07-25 03:08:25,9519.99,6489.2
2022-07-25 03:08:24,9718.52,6290.66
2022-07-25 03:08:23,9785.53,6223.66
2022-07-25 03:08:22,9870.17,6139.02
2022-07-25 03:08:21,9938.86,6070.33
2022-07-25 03:08:20,10166.5,5842.68
2022-07-25 03:08:19,10417.6,5591.59
2022-07-25 03:08:18,10034.3,5974.9
2022-07-25 03:08:17,9568.79,6440.4
2022-07-25 03:08:16,9597.33,6411.86
2022-07-25 03:08:15,9642.36,6366.83
2022-07-25 03:08:14,9691.91,6317.28
2022-07-25 03:08:13,9213.06,6796.13
2022-07-25 03:08:12,9213.79,6795.4
2022-07-25 03:08:11,9216.61,6792.58
2022-07-25 03:08:10,9215.52,6793.66
2022-07-25 03:08:09,9216.64,6792.55
2022-07-25 03:08:08,9216.96,6792.22
2022-07-25 03:08:07,9219.73,6789.46
2022-07-25 03:08:06,9221.39,6787.79
2022-07-25 03:08:05,9225.54,6783.64
2022-07-25 03:08:04,9226.15,6783.04
2022-07-25 03:08:03,9229.52,6779.67
2022-07-25 03:08:02,9327.41,6681.77
2022-07-25 03:08:01,9324.95,6684.24
2022-07-25 03:08:00,9575.22,6433.97
2022-07-25 03:07:59,9972.56,6036.63
2022-07-25 03:07:58,10097.2,5911.94
2022-07-25 03:07:57,10167.9,5841.27
2022-07-25 03:07:56,10234.8,5774.34
2022-07-25 03:07:55,10279.1,5730.04
2022-07-25 03:07:54,10371.9,5637.32
2022-07-25 03:07:53,10479.4,5529.83
2022-07-25 03:07:52,9464.86,6544.33
2022-07-25 03:07:51,9480.07,6529.12
2022-07-25 03:07:50,9480.1,6529.09
2022-07-25 03:07:49,9500.88,6508.31
2022-07-25 03:07:48,9515.53,6493.66
2022-07-25 03:07:47,9518.7,6490.49
2022-07-25 03:07:46,9568.73,6440.45
2022-07-25 03:07:45,9590.98,6418.21
2022-07-25 03:07:44,9592.4,6416.78
2022-07-25 03:07:43,9630.95,6378.24
2022-07-25 03:07:42,9668.48,6340.71
2022-07-25 03:07:41,9655.43,6353.75
2022-07-25 03:07:40,9712.82,6296.36
2022-07-25 03:07:39,9781.03,6228.16
2022-07-25 03:07:38,9837.84,6171.35
2022-07-25 03:07:37,10166.4,5842.8
2022-07-25 03:07:36,10255,5754.21
2022-07-25 03:07:35,10298.5,5710.7
2022-07-25 03:07:34,10354.8,5654.41
2022-07-25 03:07:33,10465.6,5543.63
2022-07-25 03:07:32,10568,5441.21
2022-07-25 03:07:31,10785,5224.19
2022-07-25 03:07:30,9718.34,6290.85
2022-07-25 03:07:29,9750.83,6258.36
2022-07-25 03:07:28,9791.03,6218.16
2022-07-25 03:07:27,9830.1,6179.09
2022-07-25 03:07:26,9883.18,6126
2022-07-25 03:07:25,9886.02,6123.17
2022-07-25 03:07:24,9373.85,6635.34
2022-07-25 03:07:23,9391.48,6617.7
2022-07-25 03:07:22,9394.84,6614.35
2022-07-25 03:07:21,9395.25,6613.94
2022-07-25 03:07:20,9414.63,6594.55
2022-07-25 03:07:19,9445.63,6563.56
2022-07-25 03:07:18,9449.2,6559.99
2022-07-25 03:07:17,9475.37,6533.82
2022-07-25 03:07:16,9509.49,6499.7
2022-07-25 03:07:15,9546.05,6463.14
2022-07-25 03:07:14,9567.67,6441.52
2022-07-25 03:07:13,9765.8,6243.39
2022-07-25 03:07:12,9846.59,6162.6
2022-07-25 03:07:11,10006.5,6002.7
2022-07-25 03:07:10,10097.1,5912.14
2022-07-25 03:07:09,10150.1,5859.05
2022-07-25 03:07:08,10214.4,5794.79
2022-07-25 03:07:07,10297.2,5712.02
2022-07-25 03:07:06,9830.6,6178.59
2022-07-25 03:07:05,9856.87,6152.32
2022-07-25 03:07:04,9341.84,6667.35
2022-07-25 03:07:03,9342.12,6667.07
2022-07-25 03:07:02,9346.23,6662.96
2022-07-25 03:07:01,9351.69,6657.49
2022-07-25 03:07:00,9357.94,6651.25
2022-07-25 03:06:59,9364.24,6644.95
2022-07-25 03:06:58,9364.36,6644.82
2022-07-25 03:06:57,9438.58,6570.61
2022-07-25 03:06:56,9450.07,6559.12
2022-07-25 03:06:55,9457.49,6551.7
2022-07-25 03:06:54,9510.41,6498.78
2022-07-25 03:06:53,9597.89,6411.29
2022-07-25 03:06:52,9624.14,6385.04
2022-07-25 03:06:51,10047,5962.22
2022-07-25 03:06:50,10163.6,5845.61
2022-07-25 03:06:49,10221.9,5787.27
2022-07-25 03:06:48,10296.7,5712.53
2022-07-25 03:06:47,10362.8,5646.43
2022-07-25 03:06:46,10483.6,5525.59
2022-07-25 03:06:45,10573.2,5435.98
2022-07-25 03:06:44,10220.2,5788.95
2022-07-25 03:06:43,9759.59,6249.59
2022-07-25 03:06:42,9786.89,6222.29
2022-07-25 03:06:41,9801.67,6207.52
2022-07-25 03:06:40,9887.38,6121.81
2022-07-25 03:06:39,9937.79,6071.4
2022-07-25 03:06:38,9429.34,6579.85
2022-07-25 03:06:37,9455.62,6553.57
2022-07-25 03:06:36,9466.31,6542.88
2022-07-25 03:06:35,9469.25,6539.94
2022-07-25 03:06:34,9486.11,6523.08
2022-07-25 03:06:33,9509.64,6499.55
2022-07-25 03:06:32,9510.71,6498.47
2022-07-25 03:06:31,9542.11,6467.07
2022-07-25 03:06:30,9558.76,6450.43
2022-07-25 03:06:29,9566.98,6442.2
2022-07-25 03:06:28,9623.23,6385.95
2022-07-25 03:06:27,9637.31,6371.88
2022-07-25 03:06:26,9836.56,6172.63
2022-07-25 03:06:25,9908.66,6100.53
2022-07-25 03:06:24,10063.8,5945.36
2022-07-25 03:06:23,10158.2,5850.95
2022-07-25 03:06:22,10207.6,5801.59
2022-07-25 03:06:21,10306.8,5702.41
2022-07-25 03:06:20,9750.69,6258.5
2022-07-25 03:06:19,9799.24,6209.95
2022-07-25 03:06:18,9841.61,6167.57
2022-07-25 03:06:17,9236.31,6772.88
2022-07-25 03:06:16,9236.77,6772.41
2022-07-25 03:06:15,9250.7,6758.49
2022-07-25 03:06:14,9268.44,6740.75
2022-07-25 03:06:13,9271.19,6738
2022-07-25 03:06:12,9285.89,6723.3
2022-07-25 03:06:11,9286.71,6722.48
2022-07-25 03:06:10,9336.46,6672.73
2022-07-25 03:06:09,9339.8,6669.39
2022-07-25 03:06:08,9339.32,6669.87
2022-07-25 03:06:07,9451.23,6557.95
2022-07-25 03:06:06,9446.48,6562.71
2022-07-25 03:06:05,9601.05,6408.14
2022-07-25 03:06:04,9738.05,6271.13
2022-07-25 03:06:03,9760.64,6248.55
2022-07-25 03:06:02,9934.05,6075.14
2022-07-25 03:06:01,10044,5965.19
2022-07-25 03:06:00,10105,5904.14
2022-07-25 03:05:59,10190.6,5818.56
2022-07-25 03:05:58,10252.5,5756.65
2022-07-25 03:05:57,9811.61,6197.58
2022-07-25 03:05:56,9929.95,6079.23
2022-07-25 03:05:55,9961.31,6047.88
2022-07-25 03:05:54,9489.68,6519.51
2022-07-25 03:05:53,9533.44,6475.75
2022-07-25 03:05:52,9581.45,6427.74
2022-07-25 03:05:51,9605.87,6403.32
2022-07-25 03:05:50,8980.61,7028.58
2022-07-25 03:05:49,8981.05,7028.13
2022-07-25 03:05:48,8981.33,7027.86
2022-07-25 03:05:47,8982.78,7026.41
2022-07-25 03:05:46,8984.25,7024.94
2022-07-25 03:05:45,8982.63,7026.56
2022-07-25 03:05:44,8983.87,7025.32
2022-07-25 03:05:43,8998.04,7011.14
2022-07-25 03:05:42,9030.95,6978.23
2022-07-25 03:05:41,9043.34,6965.85
2022-07-25 03:05:40,9367.67,6641.52
2022-07-25 03:05:39,9487.44,6521.75
2022-07-25 03:05:38,9505.18,6504
2022-07-25 03:05:37,9568.68,6440.51
2022-07-25 03:05:36,9896.5,6112.69
2022-07-25 03:05:35,9991.59,6017.6
2022-07-25 03:05:34,10080,5929.17
2022-07-25 03:05:33,9622.75,6386.43
2022-07-25 03:05:32,9671.16,6338.03
2022-07-25 03:05:31,9720.82,6288.37
2022-07-25 03:05:30,9214.67,6794.52
2022-07-25 03:05:29,9234.1,6775.09
2022-07-25 03:05:28,9235.39,6773.8
2022-07-25 03:05:27,9235.27,6773.91
2022-07-25 03:05:26,9245.08,6764.11
2022-07-25 03:05:25,9246.32,6762.87
2022-07-25 03:05:24,9248.86,6760.32
2022-07-25 03:05:23,9270.16,6739.02
2022-07-25 03:05:22,9270.48,6738.7
2022-07-25 03:05:21,9306.76,6702.43
2022-07-25 03:05:20,9350.69,6658.5
2022-07-25 03:05:19,9470.3,6538.88
2022-07-25 03:05:18,9678.31,6330.88
2022-07-25 03:05:17,9778.54,6230.65
2022-07-25 03:05:16,9863.13,6146.05
2022-07-25 03:05:15,10024.3,5984.92
2022-07-25 03:05:14,10073,5936.16
2022-07-25 03:05:13,10135.4,5873.79
2022-07-25 03:05:12,10201.9,5807.27
2022-07-25 03:05:11,10320.7,5688.46
2022-07-25 03:05:10,9764.16,6245.03
2022-07-25 03:05:09,10067.7,5941.47
2022-07-25 03:05:08,9576.58,6432.61
2022-07-25 03:05:07,9615.79,6393.4
2022-07-25 03:05:06,9666.09,6343.1
2022-07-25 03:05:05,9690.59,6318.59
2022-07-25 03:05:04,9740.53,6268.66
2022-07-25 03:05:03,9797.45,6211.73
2022-07-25 03:05:02,9274.73,6734.46
2022-07-25 03:05:01,9277.23,6731.95
2022-07-25 03:05:00,9310.07,6699.11
2022-07-25 03:04:59,9311.99,6697.2
2022-07-25 03:04:58,9325.46,6683.73
2022-07-25 03:04:57,9348.14,6661.04
2022-07-25 03:04:56,9350.56,6658.63
2022-07-25 03:04:55,9395.47,6613.72
2022-07-25 03:04:54,9434.82,6574.37
2022-07-25 03:04:53,9601.59,6407.59
2022-07-25 03:04:52,9627.82,6381.37
2022-07-25 03:04:51,9702.16,6307.02
2022-07-25 03:04:50,9736.68,6272.51
2022-07-25 03:04:49,9917.23,6091.95
2022-07-25 03:04:48,10041.9,5967.28
2022-07-25 03:04:47,10084.6,5924.57
2022-07-25 03:04:46,9599.49,6409.7
2022-07-25 03:04:45,9639.82,6369.37
2022-07-25 03:04:44,9685.93,6323.26
2022-07-25 03:04:43,9714.75,6294.44
2022-07-25 03:04:42,9093.55,6915.64
2022-07-25 03:04:41,9094.55,6914.63
2022-07-25 03:04:40,9095.11,6914.08
2022-07-25 03:04:39,9096.65,6912.54
2022-07-25 03:04:38,9095.58,6913.61
2022-07-25 03:04:37,9096.11,6913.07
2022-07-25 03:04:36,9106.4,6902.79
2022-07-25 03:04:35,9101.55,6907.64
2022-07-25 03:04:34,9104.36,6904.83
2022-07-25 03:04:33,9104.59,6904.6
2022-07-25 03:04:32,9198.37,6810.82
2022-07-25 03:04:31,9216.71,6792.48
2022-07-25 03:04:30,9446.88,6562.31
2022-07-25 03:04:29,9803.89,6205.3
2022-07-25 03:04:28,9973.8,6035.39
2022-07-25 03:04:27,10062.5,5946.66
2022-07-25 03:04:26,10124.9,5884.26
2022-07-25 03:04:25,10197.7,5811.5
2022-07-25 03:04:24,10283.1,5726.13
2022-07-25 03:04:23,10386.1,5623.05
2022-07-25 03:04:22,10459.6,5549.61
2022-07-25 03:04:21,9384.45,6624.73
2022-07-25 03:04:20,9438.15,6571.03
2022-07-25 03:04:19,9455.91,6553.28
2022-07-25 03:04:18,9481.28,6527.91
2022-07-25 03:04:17,9541.21,6467.98
2022-07-25 03:04:16,9579.07,6430.12
2022-07-25 03:04:15,9600.44,6408.75
2022-07-25 03:04:14,9145.45,6863.74
2022-07-25 03:04:13,9146.37,6862.82
2022-07-25 03:04:12,9150.39,6858.8
2022-07-25 03:04:11,9180.59,6828.6
2022-07-25 03:04:10,9182.18,6827.01
2022-07-25 03:04:09,9204.2,6804.99
2022-07-25 03:04:08,9233.48,6775.71
2022-07-25 03:04:07,9266.86,6742.33
2022-07-25 03:04:06,9442.88,6566.31
2022-07-25 03:04:05,9458.6,6550.59
2022-07-25 03:04:04,9550.14,6459.05
2022-07-25 03:04:03,9583.94,6425.25
2022-07-25 03:04:02,9646.01,6363.18
2022-07-25 03:04:01,9986.19,6023
2022-07-25 03:04:00,9739.44,6269.75
2022-07-25 03:03:59,9590.2,6418.98
2022-07-25 03:03:58,9613.36,6395.83
2022-07-25 03:03:57,9662.83,6346.36
2022-07-25 03:03:56,9712.8,6296.39
2022-07-25 03:03:55,9724.65,6284.54
2022-07-25 03:03:54,9209.02,6800.16
2022-07-25 03:03:53,9209.21,6799.97
2022-07-25 03:03:52,9209.72,6799.47
2022-07-25 03:03:51,9224.34,6784.85
2022-07-25 03:03:50,9224.19,6784.99
2022-07-25 03:03:49,9226.43,6782.75
2022-07-25 03:03:48,9237.39,6771.8
2022-07-25 03:03:47,9243.3,6765.89
2022-07-25 03:03:46,9245.77,6763.42
2022-07-25 03:03:45,9246.45,6762.73
2022-07-25 03:03:44,9340.94,6668.24
2022-07-25 03:03:43,9345.3,6663.89
2022-07-25 03:03:42,9494.77,6514.42
2022-07-25 03:03:41,9990.48,6018.71
2022-07-25 03:03:40,10149.4,5859.74
2022-07-25 03:03:39,10218,5791.21
2022-07-25 03:03:38,10274.3,5734.9
2022-07-25 03:03:37,10365.4,5643.76
2022-07-25 03:03:36,10453.6,5555.54
2022-07-25 03:03:35,10588.9,5420.32
2022-07-25 03:03:34,10088.2,5920.94
2022-07-25 03:03:33,9612.67,6396.52
2022-07-25 03:03:32,9657.77,6351.42
2022-07-25 03:03:31,9709.41,6299.77
2022-07-25 03:03:30,9735.24,6273.95
2022-07-25 03:03:29,9787.19,6221.99
2022-07-25 03:03:28,9876.98,6132.2
2022-07-25 03:03:27,9888.16,6121.03
2022-07-25 03:03:26,9374.76,6634.43
2022-07-25 03:03:25,9408.67,6600.52
2022-07-25 03:03:24,9412.45,6596.73
2022-07-25 03:03:23,9453.23,6555.96
2022-07-25 03:03:22,9482.36,6526.83
2022-07-25 03:03:21,9638.92,6370.27
2022-07-25 03:03:20,9694.93,6314.25
2022-07-25 03:03:19,9745.09,6264.1
2022-07-25 03:03:18,9767.42,6241.77
2022-07-25 03:03:17,9828.02,6181.17
2022-07-25 03:03:16,9888.06,6121.13
2022-07-25 03:03:15,9940.31,6068.88
2022-07-25 03:03:14,9440.61,6568.58
2022-07-25 03:03:13,9600.19,6409
2022-07-25 03:03:12,9667.34,6341.85
2022-07-25 03:03:11,9691.15,6318.04
2022-07-25 03:03:10,9722.96,6286.23
2022-07-25 03:03:09,9768.82,6240.37
2022-07-25 03:03:08,9816.45,6192.74
2022-07-25 03:03:07,9883.58,6125.61
2022-07-25 03:03:06,9885.57,6123.62
2022-07-25 03:03:05,9283.35,6725.84
2022-07-25 03:03:04,9311.75,6697.44
2022-07-25 03:03:03,9313.11,6696.07
2022-07-25 03:03:02,9338.92,6670.27
2022-07-25 03:03:01,9342.38,6666.8
2022-07-25 03:03:00,9352.47,6656.72
2022-07-25 03:02:59,9373.31,6635.88
2022-07-25 03:02:58,9385.82,6623.37
2022-07-25 03:02:57,9401.29,6607.89
2022-07-25 03:02:56,9472.31,6536.88
2022-07-25 03:02:55,9680.45,6328.74
2022-07-25 03:02:54,9708.11,6301.08
2022-07-25 03:02:53,10026.5,5982.69
2022-07-25 03:02:52,10096.3,5912.9
2022-07-25 03:02:51,10226.9,5782.29
2022-07-25 03:02:50,10306.3,5702.84
2022-07-25 03:02:49,10338.5,5670.72
2022-07-25 03:02:48,9884.52,6124.67
2022-07-25 03:02:47,9942.45,6066.74
2022-07-25 03:02:46,9438.81,6570.38
2022-07-25 03:02:45,9616.99,6392.2
2022-07-25 03:02:44,9651.89,6357.3
2022-07-25 03:02:43,9675.67,6333.52
2022-07-25 03:02:42,9722.06,6287.13
2022-07-25 03:02:41,9776.83,6232.36
2022-07-25 03:02:40,9830.06,6179.12
2022-07-25 03:02:39,9876.51,6132.68
2022-07-25 03:02:38,9353.16,6656.02
2022-07-25 03:02:37,9355.56,6653.63
2022-07-25 03:02:36,9411.86,6597.33
2022-07-25 03:02:35,9423.42,6585.77
2022-07-25 03:02:34,9565.74,6443.45
2022-07-25 03:02:33,9646.58,6362.61
2022-07-25 03:02:32,9670.38,6338.81
2022-07-25 03:02:31,9699.74,6309.45
2022-07-25 03:02:30,9743.43,6265.76
2022-07-25 03:02:29,9791.63,6217.56
2022-07-25 03:02:28,9391.29,6617.9
2022-07-25 03:02:27,9388.56,6620.63
2022-07-25 03:02:26,9617.92,6391.27
2022-07-25 03:02:25,9712.61,6296.58
2022-07-25 03:02:24,9791,6218.19
2022-07-25 03:02:23,9825.75,6183.44
2022-07-25 03:02:22,9840.15,6169.04
2022-07-25 03:02:21,9897.23,6111.96
2022-07-25 03:02:20,9959.43,6049.75
2022-07-25 03:02:19,9465.9,6543.29
2022-07-25 03:02:18,9473.53,6535.66
2022-07-25 03:02:17,9485.89,6523.29
2022-07-25 03:02:16,9492.67,6516.52
2022-07-25 03:02:15,9516.57,6492.61
2022-07-25 03:02:14,9544.68,6464.51
2022-07-25 03:02:13,9570.69,6438.5
2022-07-25 03:02:12,9583.24,6425.95
2022-07-25 03:02:11,9622.3,6386.89
2022-07-25 03:02:10,9673.76,6335.43
2022-07-25 03:02:09,9699.04,6310.15
2022-07-25 03:02:08,9860.41,6148.78
2022-07-25 03:02:07,9935.14,6074.04
2022-07-25 03:02:06,9996.3,6012.89
2022-07-25 03:02:05,10043.4,5965.8
2022-07-25 03:02:04,10253.8,5755.43
2022-07-25 03:02:03,10338.1,5671.07
2022-07-25 03:02:02,10397.2,5611.94
2022-07-25 03:02:01,9928.02,6081.17
2022-07-25 03:02:00,9978.31,6030.88
2022-07-25 03:01:59,10061.1,5948.12
2022-07-25 03:01:58,9619.96,6389.23
2022-07-25 03:01:57,9722.14,6287.05
2022-07-25 03:01:56,9798.69,6210.49
2022-07-25 03:01:55,9836.81,6172.37
2022-07-25 03:01:54,9876.61,6132.57
2022-07-25 03:01:53,9920.99,6088.2
2022-07-25 03:01:52,10024.2,5984.96
2022-07-25 03:01:51,10045,5964.22
2022-07-25 03:01:50,9546.09,6463.09
2022-07-25 03:01:49,9609.73,6399.46
2022-07-25 03:01:48,9632.29,6376.9
2022-07-25 03:01:47,9777.52,6231.67
2022-07-25 03:01:46,9837.26,6171.93
2022-07-25 03:01:45,9874.82,6134.37
2022-07-25 03:01:44,9907.32,6101.87
2022-07-25 03:01:43,9934.68,6074.51
2022-07-25 03:01:42,10007.7,6001.5
2022-07-25 03:01:41,10052,5957.2
2022-07-25 03:01:40,9457.84,6551.35
2022-07-25 03:01:39,9496.85,6512.34
2022-07-25 03:01:38,9654.81,6354.38
2022-07-25 03:01:37,9673.17,6336.02
2022-07-25 03:01:36,9703.34,6305.84
2022-07-25 03:01:35,9734.18,6275.01
2022-07-25 03:01:34,9787.4,6221.78
2022-07-25 03:01:33,9825.57,6183.62
2022-07-25 03:01:32,9223.56,6785.63
2022-07-25 03:01:31,9225.44,6783.75
2022-07-25 03:01:30,9225.68,6783.51
2022-07-25 03:01:29,9244.55,6764.64
2022-07-25 03:01:28,9245.3,6763.89
2022-07-25 03:01:27,9269.05,6740.13
2022-07-25 03:01:26,9280.27,6728.92
2022-07-25 03:01:25,9303.35,6705.84
2022-07-25 03:01:24,9304.52,6704.66
2022-07-25 03:01:23,9351.04,6658.14
2022-07-25 03:01:22,9391.93,6617.26
2022-07-25 03:01:21,9380.62,6628.57
2022-07-25 03:01:20,9443.71,6565.48
2022-07-25 03:01:19,9489.15,6520.04
2022-07-25 03:01:18,9579.15,6430.04
2022-07-25 03:01:17,9731.19,6278
2022-07-25 03:01:16,9761.18,6248.01
2022-07-25 03:01:15,9812.27,6196.92
2022-07-25 03:01:14,9967.6,6041.59
2022-07-25 03:01:13,10096.3,5912.84
2022-07-25 03:01:12,10173,5836.22
2022-07-25 03:01:11,10394.3,5614.88
2022-07-25 03:01:10,9962.92,6046.27
2022-07-25 03:01:09,10030.6,5978.55
2022-07-25 03:01:08,10095.1,5914.06
2022-07-25 03:01:07,9538.26,6470.93
2022-07-25 03:01:06,9581.07,6428.11
2022-07-25 03:01:05,9074.95,6934.23
2022-07-25 03:01:04,9076.97,6932.22
2022-07-25 03:01:03,9076.3,6932.89
2022-07-25 03:01:02,9098.85,6910.34
2022-07-25 03:01:01,9132.09,6877.1
2022-07-25 03:01:00,9139.09,6870.1
2022-07-25 03:00:59,9458.51,6550.68
2022-07-25 03:00:58,9546.51,6462.68
2022-07-25 03:00:57,9580,6429.18
2022-07-25 03:00:56,9588.3,6420.89
2022-07-25 03:00:55,9637.08,6372.11
2022-07-25 03:00:54,9730.78,6278.41
2022-07-25 03:00:53,9752.09,6257.09
2022-07-25 03:00:52,9495.48,6513.71
2022-07-25 03:00:51,9610.91,6398.27
2022-07-25 03:00:50,9679.93,6329.25
2022-07-25 03:00:49,9721.02,6288.16
2022-07-25 03:00:48,9759.21,6249.98
2022-07-25 03:00:47,9803.27,6205.91
2022-07-25 03:00:46,9839.18,6170
2022-07-25 03:00:45,9324.23,6684.95
2022-07-25 03:00:44,9334.53,6674.66
2022-07-25 03:00:43,9333.89,6675.3
2022-07-25 03:00:42,9337.68,6671.51
2022-07-25 03:00:41,9357.84,6651.35
2022-07-25 03:00:40,9358.66,6650.53
2022-07-25 03:00:39,9360.66,6648.53
2022-07-25 03:00:38,9380.63,6628.55
2022-07-25 03:00:37,9386.75,6622.44
2022-07-25 03:00:36,9387.1,6622.09
2022-07-25 03:00:35,9428.64,6580.54
2022-07-25 03:00:34,9422.6,6586.59
2022-07-25 03:00:33,9425.3,6583.89
2022-07-25 03:00:32,9500.24,6508.95
2022-07-25 03:00:31,9558.87,6450.32
2022-07-25 03:00:30,9730.9,6278.29
2022-07-25 03:00:29,9892.74,6116.45
2022-07-25 03:00:28,10147.1,5862.04
2022-07-25 03:00:27,10222.6,5786.61
2022-07-25 03:00:26,10301.8,5707.38
2022-07-25 03:00:25,10423,5586.2
2022-07-25 03:00:24,10507.6,5501.55
2022-07-25 03:00:23,10177.6,5831.54
2022-07-25 03:00:22,10297.6,5711.59
2022-07-25 03:00:21,9802.73,6206.45
2022-07-25 03:00:20,9828.3,6180.89
2022-07-25 03:00:19,9894.18,6115.01
2022-07-25 03:00:18,9968.87,6040.32
2022-07-25 03:00:17,9997.55,6011.63
2022-07-25 03:00:16,9415.11,6594.08
2022-07-25 03:00:15,9424,6585.18
2022-07-25 03:00:14,9424.06,6585.13
2022-07-25 03:00:13,9491.63,6517.55
2022-07-25 03:00:12,9531.27,6477.91
2022-07-25 03:00:11,9684.03,6325.16
2022-07-25 03:00:10,9736.64,6272.55
2022-07-25 03:00:09,9768.9,6240.29
2022-07-25 03:00:08,9816.97,6192.22
2022-07-25 03:00:07,9891.94,6117.25
2022-07-25 03:00:06,9988.69,6020.5
2022-07-25 03:00:05,10176.2,5832.94
2022-07-25 03:00:04,9685.74,6323.45
2022-07-25 03:00:03,9716.5,6292.69
2022-07-25 03:00:02,9764.36,6244.83
2022-07-25 03:00:01,9816.36,6192.83
2022-07-25 03:00:00,9330.02,6679.17
2022-07-25 02:59:59,9331.95,6677.23
2022-07-25 02:59:58,9331.43,6677.76
2022-07-25 02:59:57,9332.67,6676.52
2022-07-25 02:59:56,9350.48,6658.71
2022-07-25 02:59:55,9350.61,6658.57
2022-07-25 02:59:54,9351.75,6657.44
2022-07-25 02:59:53,9369.45,6639.73
2022-07-25 02:59:52,9393.48,6615.7
2022-07-25 02:59:51,9395.47,6613.71
2022-07-25 02:59:50,9408.19,6601
2022-07-25 02:59:49,9460.02,6549.16
2022-07-25 02:59:48,9464.16,6545.03
2022-07-25 02:59:47,9471.64,6537.55
2022-07-25 02:59:46,9528.95,6480.24
2022-07-25 02:59:45,9569.33,6439.86
2022-07-25 02:59:44,9716.25,6292.94
2022-07-25 02:59:43,9764.07,6245.12
2022-07-25 02:59:42,9832.99,6176.2
2022-07-25 02:59:41,9866.73,6142.46
2022-07-25 02:59:40,9906.81,6102.38
2022-07-25 02:59:39,10125.3,5883.87
2022-07-25 02:59:38,10226.6,5782.59
2022-07-25 02:59:37,10286.3,5722.85
2022-07-25 02:59:36,10125.4,5883.82
2022-07-25 02:59:35,10250.4,5758.79
2022-07-25 02:59:34,10334.2,5674.94
2022-07-25 02:59:33,10402.7,5606.53
2022-07-25 02:59:32,9927.07,6082.12
2022-07-25 02:59:31,9979.81,6029.38
2022-07-25 02:59:30,9706.3,6302.88
2022-07-25 02:59:29,9518.69,6490.5
2022-07-25 02:59:28,9548.62,6460.57
2022-07-25 02:59:27,9566.68,6442.51
2022-07-25 02:59:26,9570.21,6438.98
2022-07-25 02:59:25,9616.42,6392.77
2022-07-25 02:59:24,9653.88,6355.31
2022-07-25 02:59:23,9828.86,6180.33
2022-07-25 02:59:22,9865.18,6144.01
2022-07-25 02:59:21,9929.14,6080.05
2022-07-25 02:59:20,9985.4,6023.79
2022-07-25 02:59:19,10189.6,5819.56
2022-07-25 02:59:18,10250.3,5758.9
2022-07-25 02:59:17,10308.2,5700.99
2022-07-25 02:59:16,9824.75,6184.44
2022-07-25 02:59:15,9877.41,6131.77
2022-07-25 02:59:14,9918.77,6090.42
2022-07-25 02:59:13,9804.01,6205.18
2022-07-25 02:59:12,9314.8,6694.39
2022-07-25 02:59:11,9314.38,6694.81
2022-07-25 02:59:10,9316.73,6692.45
2022-07-25 02:59:09,9318.94,6690.25
2022-07-25 02:59:08,9319.29,6689.89
2022-07-25 02:59:07,9346.86,6662.32
2022-07-25 02:59:06,9347.11,6662.08
2022-07-25 02:59:05,9351.78,6657.41
2022-07-25 02:59:04,9375.11,6634.07
2022-07-25 02:59:03,9408.28,6600.9
2022-07-25 02:59:02,9414.89,6594.3
2022-07-25 02:59:01,9416.92,6592.27
2022-07-25 02:59:00,9474.31,6534.88
2022-07-25 02:58:59,9488.34,6520.84
2022-07-25 02:58:58,9550.17,6459.02
2022-07-25 02:58:57,9576,6433.19
2022-07-25 02:58:56,9765.85,6243.34
2022-07-25 02:58:55,9838.12,6171.07
2022-07-25 02:58:54,9844.46,6164.72
2022-07-25 02:58:53,9938.87,6070.32
2022-07-25 02:58:52,9998.98,6010.2
2022-07-25 02:58:51,10210.4,5798.81
2022-07-25 02:58:50,10454.6,5554.55
2022-07-25 02:58:49,10539.8,5469.41
2022-07-25 02:58:48,10071.3,5937.91
2022-07-25 02:58:47,10136.4,5872.76
2022-07-25 02:58:46,10211,5798.2
2022-07-25 02:58:45,10291.2,5717.98
2022-07-25 02:58:44,9712.64,6296.54
2022-07-25 02:58:43,9122.66,6886.53
2022-07-25 02:58:42,9130.71,6878.48
2022-07-25 02:58:41,9131.7,6877.48
2022-07-25 02:58:40,9148.82,6860.37
2022-07-25 02:58:39,9160.93,6848.26
2022-07-25 02:58:38,9162.78,6846.41
2022-07-25 02:58:37,9192.39,6816.79
2022-07-25 02:58:36,9224.72,6784.46
2022-07-25 02:58:35,9396.38,6612.8
2022-07-25 02:58:34,9477.37,6531.82
2022-07-25 02:58:33,9817.81,6191.38
2022-07-25 02:58:32,9906.55,6102.64
2022-07-25 02:58:31,9966.81,6042.38
2022-07-25 02:58:30,10045.4,5963.76
2022-07-25 02:58:29,10133.9,5875.33
2022-07-25 02:58:28,10204.6,5804.59
2022-07-25 02:58:27,9714.57,6294.62
2022-07-25 02:58:26,9090.28,6918.91
2022-07-25 02:58:25,9095.07,6914.12
2022-07-25 02:58:24,9097.97,6911.21
2022-07-25 02:58:23,9102.23,6906.96
2022-07-25 02:58:22,9112.48,6896.71
2022-07-25 02:58:21,9111.6,6897.59
2022-07-25 02:58:20,9111.95,6897.23
2022-07-25 02:58:19,9113.93,6895.26
2022-07-25 02:58:18,9125.39,6883.79
2022-07-25 02:58:17,9126.54,6882.64
2022-07-25 02:58:16,9126.38,6882.81
2022-07-25 02:58:15,9143.85,6865.34
2022-07-25 02:58:14,9145.13,6864.05
2022-07-25 02:58:13,9146.09,6863.1
2022-07-25 02:58:12,9168.96,6840.23
2022-07-25 02:58:11,9170.41,6838.77
2022-07-25 02:58:10,9170.68,6838.5
2022-07-25 02:58:09,9188.03,6821.16
2022-07-25 02:58:08,9211.65,6797.54
2022-07-25 02:58:07,9261.84,6747.35
2022-07-25 02:58:06,9304.48,6704.71
2022-07-25 02:58:05,9763.3,6245.89
2022-07-25 02:58:04,9913.52,6095.67
2022-07-25 02:58:03,9990.21,6018.97
2022-07-25 02:58:02,10332.9,5676.26
2022-07-25 02:58:01,10416.2,5592.98
2022-07-25 02:58:00,10544.5,5464.7
2022-07-25 02:57:59,10646.8,5362.42
2022-07-25 02:57:58,10781.5,5227.73
2022-07-25 02:57:57,9733.15,6276.04
2022-07-25 02:57:56,9120.91,6888.28
2022-07-25 02:57:55,9114.1,6895.09
2022-07-25 02:57:54,9114.22,6894.96
2022-07-25 02:57:53,9119.48,6889.71
2022-07-25 02:57:52,9123.66,6885.52
2022-07-25 02:57:51,9125.65,6883.54
2022-07-25 02:57:50,9153.32,6855.86
2022-07-25 02:57:49,9158.53,6850.66
2022-07-25 02:57:48,9203.75,6805.44
2022-07-25 02:57:47,9279.18,6730
2022-07-25 02:57:46,9603.97,6405.21
2022-07-25 02:57:45,9673.84,6335.35
2022-07-25 02:57:44,9893.65,6115.54
2022-07-25 02:57:43,9945.11,6064.08
2022-07-25 02:57:42,9989.37,6019.82
2022-07-25 02:57:41,10062.9,5946.27
2022-07-25 02:57:40,10145,5864.16
2022-07-25 02:57:39,9711.98,6297.21
2022-07-25 02:57:38,9726.37,6282.82
2022-07-25 02:57:37,9226.97,6782.21
2022-07-25 02:57:36,9228.5,6780.69
2022-07-25 02:57:35,9228.55,6780.64
2022-07-25 02:57:34,9238.08,6771.11
2022-07-25 02:57:33,9241.52,6767.66
2022-07-25 02:57:32,9240.38,6768.8
2022-07-25 02:57:31,9253.34,6755.85
2022-07-25 02:57:30,9254.05,6755.13
2022-07-25 02:57:29,9257.39,6751.8
2022-07-25 02:57:28,9272.62,6736.57
2022-07-25 02:57:27,9272.45,6736.74
2022-07-25 02:57:26,9274.99,6734.2
2022-07-25 02:57:25,9293.4,6715.79
2022-07-25 02:57:24,9295.82,6713.37
2022-07-25 02:57:23,9298.34,6710.84
2022-07-25 02:57:22,9319.85,6689.34
2022-07-25 02:57:21,9359.9,6649.28
2022-07-25 02:57:20,9403.61,6605.57
2022-07-25 02:57:19,9456.96,6552.23
2022-07-25 02:57:18,9725.75,6283.44
2022-07-25 02:57:17,10212.7,5796.5
2022-07-25 02:57:16,10401.7,5607.52
2022-07-25 02:57:15,10515.7,5493.53
2022-07-25 02:57:14,10613.1,5396.07
2022-07-25 02:57:13,10652.6,5356.55
2022-07-25 02:57:12,10791.7,5217.49
2022-07-25 02:57:11,10925,5084.18
2022-07-25 02:57:10,9843.65,6165.54
2022-07-25 02:57:09,9253.04,6756.14
2022-07-25 02:57:08,9254.18,6755
2022-07-25 02:57:07,9263.29,6745.9
2022-07-25 02:57:06,9273.99,6735.2
2022-07-25 02:57:05,9288.88,6720.31
2022-07-25 02:57:04,9316.36,6692.83
2022-07-25 02:57:03,9337.62,6671.57
2022-07-25 02:57:02,9342.26,6666.93
2022-07-25 02:57:01,9375.35,6633.84
2022-07-25 02:57:00,9416.03,6593.16
2022-07-25 02:56:59,9438.81,6570.37
2022-07-25 02:56:58,9624.11,6385.07
2022-07-25 02:56:57,9679.03,6330.16
2022-07-25 02:56:56,9752.2,6256.98
2022-07-25 02:56:55,9935.18,6074.01
2022-07-25 02:56:54,9983.81,6025.38
2022-07-25 02:56:53,10046.7,5962.53
2022-07-25 02:56:52,10115.1,5894.06
2022-07-25 02:56:51,9653.07,6356.11
2022-07-25 02:56:50,9698.72,6310.46
2022-07-25 02:56:49,9207.62,6801.57
2022-07-25 02:56:48,9209.25,6799.94
2022-07-25 02:56:47,9210.55,6798.63
2022-07-25 02:56:46,9212.59,6796.6
2022-07-25 02:56:45,9216.82,6792.36
2022-07-25 02:56:44,9217.24,6791.95
2022-07-25 02:56:43,9203.12,6806.07
2022-07-25 02:56:42,9225.44,6783.75
2022-07-25 02:56:41,9227.02,6782.16
2022-07-25 02:56:40,9229.04,6780.15
2022-07-25 02:56:39,9230.24,6778.95
2022-07-25 02:56:38,9238.77,6770.42
2022-07-25 02:56:37,9240.55,6768.63
2022-07-25 02:56:36,9243.86,6765.32
2022-07-25 02:56:35,9277.22,6731.96
2022-07-25 02:56:34,9277.99,6731.2
2022-07-25 02:56:33,9359.6,6649.59
2022-07-25 02:56:32,9465.04,6544.14
2022-07-25 02:56:31,9618.34,6390.85
2022-07-25 02:56:30,9940,6069.19
2022-07-25 02:56:29,10327.6,5681.62
2022-07-25 02:56:28,10469.3,5539.93
2022-07-25 02:56:27,10556.3,5452.88
2022-07-25 02:56:26,10666.1,5343.12
2022-07-25 02:56:25,10744.7,5264.52
2022-07-25 02:56:24,10878.8,5130.37
2022-07-25 02:56:23,10356.6,5652.59
2022-07-25 02:56:22,9397.22,6611.97
2022-07-25 02:56:21,9108.4,6900.79
2022-07-25 02:56:20,9112.77,6896.42
2022-07-25 02:56:19,9113.66,6895.53
2022-07-25 02:56:18,9140.32,6868.87
2022-07-25 02:56:17,9141.88,6867.3
2022-07-25 02:56:16,9197.17,6812.02
2022-07-25 02:56:15,9202.39,6806.8
2022-07-25 02:56:14,9228.16,6781.03
2022-07-25 02:56:13,9285.41,6723.78
2022-07-25 02:56:12,9362.51,6646.68
2022-07-25 02:56:11,9492.31,6516.88
2022-07-25 02:56:10,9551.9,6457.28
2022-07-25 02:56:09,9588.53,6420.66
2022-07-25 02:56:08,9654.61,6354.58
2022-07-25 02:56:07,9852.3,6156.89
2022-07-25 02:56:06,9913.01,6096.18
2022-07-25 02:56:05,9950.11,6059.08
2022-07-25 02:56:04,9492.73,6516.46
2022-07-25 02:56:03,9539.96,6469.22
2022-07-25 02:56:02,9566.31,6442.87
2022-07-25 02:56:01,9046.4,6962.79
2022-07-25 02:56:00,9047.82,6961.36
2022-07-25 02:55:59,9049.4,6959.79
2022-07-25 02:55:58,9049.23,6959.95
2022-07-25 02:55:57,9049.29,6959.9
2022-07-25 02:55:56,9049.61,6959.58
2022-07-25 02:55:55,9049.4,6959.78
2022-07-25 02:55:54,9052.97,6956.21
2022-07-25 02:55:53,9054.6,6954.59
2022-07-25 02:55:52,9053.95,6955.24
2022-07-25 02:55:51,9056.6,6952.59
2022-07-25 02:55:50,9055.71,6953.48
2022-07-25 02:55:49,9058.98,6950.21
2022-07-25 02:55:48,9062.52,6946.67
2022-07-25 02:55:47,9063.71,6945.47
2022-07-25 02:55:46,9114.17,6895.02
2022-07-25 02:55:45,9162.19,6847
2022-07-25 02:55:44,9313.94,6695.25
2022-07-25 02:55:43,9544.07,6465.12
2022-07-25 02:55:42,9992.21,6016.98
2022-07-25 02:55:41,10323.7,5685.49
2022-07-25 02:55:40,10467.2,5541.98
2022-07-25 02:55:39,10542.6,5466.55
2022-07-25 02:55:38,10661.8,5347.37
2022-07-25 02:55:37,10754.9,5254.28
2022-07-25 02:55:36,10868.1,5141.06
2022-07-25 02:55:35,10446,5563.18
2022-07-25 02:55:34,9330.11,6679.08
2022-07-25 02:55:33,9333.13,6676.06
2022-07-25 02:55:32,9361.32,6647.87
2022-07-25 02:55:31,9362.91,6646.28
2022-07-25 02:55:30,9362.69,6646.5
2022-07-25 02:55:29,9416.67,6592.52
2022-07-25 02:55:28,9412.14,6597.05
2022-07-25 02:55:27,9414.27,6594.92
2022-07-25 02:55:26,9485.07,6524.11
2022-07-25 02:55:25,9520.01,6489.18
2022-07-25 02:55:24,9678.47,6330.71
2022-07-25 02:55:23,9723.27,6285.91
2022-07-25 02:55:22,9820.3,6188.89
2022-07-25 02:55:21,9837.25,6171.93
2022-07-25 02:55:20,9996.71,6012.48
2022-07-25 02:55:19,10157.1,5852.05
2022-07-25 02:55:18,9665.58,6343.61
2022-07-25 02:55:17,9704.33,6304.86
2022-07-25 02:55:16,9752.31,6256.88
2022-07-25 02:55:15,9793.59,6215.6
2022-07-25 02:55:14,9197.63,6811.56
2022-07-25 02:55:13,9196.82,6812.36
2022-07-25 02:55:12,9202.76,6806.43
2022-07-25 02:55:11,9206.21,6802.98
2022-07-25 02:55:10,9207.3,6801.89
2022-07-25 02:55:09,9219.63,6789.56
2022-07-25 02:55:08,9218.37,6790.82
2022-07-25 02:55:07,9221.88,6787.31
2022-07-25 02:55:06,9233.14,6776.05
2022-07-25 02:55:05,9234.31,6774.88
2022-07-25 02:55:04,9260.25,6748.94
2022-07-25 02:55:03,9270.99,6738.2
2022-07-25 02:55:02,9271.87,6737.32
2022-07-25 02:55:01,9298.38,6710.81
2022-07-25 02:55:00,9332.82,6676.36
2022-07-25 02:54:59,9337.16,6672.03
2022-07-25 02:54:58,9388.71,6620.48
2022-07-25 02:54:57,9457.41,6551.78
2022-07-25 02:54:56,9595.14,6414.04
2022-07-25 02:54:55,9828.23,6180.96
2022-07-25 02:54:54,10055.6,5953.58
2022-07-25 02:54:53,10161.1,5848.11
2022-07-25 02:54:52,10354.4,5654.79
2022-07-25 02:54:51,10467.8,5541.34
2022-07-25 02:54:50,10551,5458.16
2022-07-25 02:54:49,10656.3,5352.84
2022-07-25 02:54:48,10227.3,5781.93
2022-07-25 02:54:47,9775.26,6233.93
2022-07-25 02:54:46,9807.86,6201.33
2022-07-25 02:54:45,9451.68,6557.51
2022-07-25 02:54:44,9325.75,6683.43
2022-07-25 02:54:43,9328.55,6680.64
2022-07-25 02:54:42,9328.21,6680.98
2022-07-25 02:54:41,9329.38,6679.8
2022-07-25 02:54:40,9372.44,6636.75
2022-07-25 02:54:39,9375.9,6633.29
2022-07-25 02:54:38,9394.57,6614.61
2022-07-25 02:54:37,9471.48,6537.7
2022-07-25 02:54:36,9502.99,6506.2
2022-07-25 02:54:35,9666.62,6342.57
2022-07-25 02:54:34,9975.02,6034.17
2022-07-25 02:54:33,10091.8,5917.36
2022-07-25 02:54:32,10193.2,5815.94
2022-07-25 02:54:31,10251.6,5757.57
2022-07-25 02:54:30,10314.7,5694.46
2022-07-25 02:54:29,10398.9,5610.27
2022-07-25 02:54:28,10452.1,5557.05
2022-07-25 02:54:27,9955.66,6053.53
2022-07-25 02:54:26,9458.52,6550.66
2022-07-25 02:54:25,9464.75,6544.43
2022-07-25 02:54:24,9466.49,6542.69
2022-07-25 02:54:23,9467.36,6541.82
2022-07-25 02:54:22,9474.39,6534.8
2022-07-25 02:54:21,9477.48,6531.71
2022-07-25 02:54:20,9480.7,6528.49
2022-07-25 02:54:19,9504.57,6504.62
2022-07-25 02:54:18,9521.75,6487.44
2022-07-25 02:54:17,9553.71,6455.48
2022-07-25 02:54:16,9575.77,6433.41
2022-07-25 02:54:15,9608.43,6400.76
2022-07-25 02:54:14,9613.98,6395.2
2022-07-25 02:54:13,9679.75,6329.43
2022-07-25 02:54:12,9723.13,6286.06
2022-07-25 02:54:11,9749.92,6259.27
2022-07-25 02:54:10,9824.75,6184.44
2022-07-25 02:54:09,9873.54,6135.64
2022-07-25 02:54:08,10057.8,5951.41
2022-07-25 02:54:07,10265.5,5743.67
2022-07-25 02:54:06,10336.5,5672.7
2022-07-25 02:54:05,10507.6,5501.59
2022-07-25 02:54:04,10621.8,5387.36
2022-07-25 02:54:03,10716.7,5292.51
2022-07-25 02:54:02,10828.7,5180.51
2022-07-25 02:54:01,10322.6,5686.64
2022-07-25 02:54:00,9795.03,6214.16
2022-07-25 02:53:59,9288.42,6720.77
2022-07-25 02:53:58,9289.79,6719.39
2022-07-25 02:53:57,9321.65,6687.54
2022-07-25 02:53:56,9323.51,6685.68
2022-07-25 02:53:55,9335.59,6673.59
2022-07-25 02:53:54,9359.05,6650.14
2022-07-25 02:53:53,9361.97,6647.22
2022-07-25 02:53:52,9378,6631.19
2022-07-25 02:53:51,9391.88,6617.3
2022-07-25 02:53:50,9392.48,6616.7
2022-07-25 02:53:49,9443.53,6565.66
2022-07-25 02:53:48,9457.9,6551.29
2022-07-25 02:53:47,9636.33,6372.86
2022-07-25 02:53:46,9704.43,6304.76
2022-07-25 02:53:45,9878.38,6130.81
2022-07-25 02:53:44,9943.13,6066.06
2022-07-25 02:53:43,9981.35,6027.84
2022-07-25 02:53:42,10058.5,5950.66
2022-07-25 02:53:41,10122.8,5886.36
2022-07-25 02:53:40,9556.82,6452.36
2022-07-25 02:53:39,9600.37,6408.81
2022-07-25 02:53:38,8980.13,7029.06
2022-07-25 02:53:37,8982.35,7026.84
2022-07-25 02:53:36,8982.47,7026.72
2022-07-25 02:53:35,8982.39,7026.79
2022-07-25 02:53:34,8982.23,7026.96
2022-07-25 02:53:33,8984.41,7024.78
2022-07-25 02:53:32,8984.13,7025.06
2022-07-25 02:53:31,8981.52,7027.67
2022-07-25 02:53:30,9005.41,7003.78
2022-07-25 02:53:29,9007.71,7001.48
2022-07-25 02:53:28,9007.09,7002.1
2022-07-25 02:53:27,9034.98,6974.21
2022-07-25 02:53:26,9034.73,6974.46
2022-07-25 02:53:25,9062.13,6947.06
2022-07-25 02:53:24,9098.15,6911.04
2022-07-25 02:53:23,9101.19,6908
2022-07-25 02:53:22,9369.26,6639.93
2022-07-25 02:53:21,9514.03,6495.16
2022-07-25 02:53:20,9611.3,6397.88
2022-07-25 02:53:19,9788.84,6220.35
2022-07-25 02:53:18,10105.2,5903.95
2022-07-25 02:53:17,10264.3,5744.93
2022-07-25 02:53:16,10398.1,5611.13
2022-07-25 02:53:15,10483.6,5525.54
2022-07-25 02:53:14,9928.48,6080.71
2022-07-25 02:53:13,10020.4,5988.76
2022-07-25 02:53:12,10077.5,5931.67
2022-07-25 02:53:11,9045.15,6964.03
2022-07-25 02:53:10,9044.54,6964.65
2022-07-25 02:53:09,9035.94,6973.25
2022-07-25 02:53:08,9038.26,6970.93
2022-07-25 02:53:07,9040.82,6968.36
2022-07-25 02:53:06,9040.64,6968.55
2022-07-25 02:53:05,9041.95,6967.24
2022-07-25 02:53:04,9049.59,6959.6
2022-07-25 02:53:03,9107.35,6901.84
2022-07-25 02:53:02,9110.04,6899.14
2022-07-25 02:53:01,9378.59,6630.6
2022-07-25 02:53:00,9460.96,6548.22
2022-07-25 02:52:59,9564.74,6444.45
2022-07-25 02:52:58,9601.24,6407.95
2022-07-25 02:52:57,9908.93,6100.25
2022-07-25 02:52:56,10016.6,5992.54
2022-07-25 02:52:55,10134.6,5874.59
2022-07-25 02:52:54,9895.23,6113.96
2022-07-25 02:52:53,9697.14,6312.05
2022-07-25 02:52:52,9751.1,6258.09
2022-07-25 02:52:51,9792.28,6216.91
2022-07-25 02:52:50,9170.56,6838.63
2022-07-25 02:52:49,9170.16,6839.03
2022-07-25 02:52:48,9175.18,6834.01
2022-07-25 02:52:47,9174.95,6834.24
2022-07-25 02:52:46,9176.51,6832.68
2022-07-25 02:52:45,9190.95,6818.24
2022-07-25 02:52:44,9191.99,6817.2
2022-07-25 02:52:43,9193.36,6815.83
2022-07-25 02:52:42,9195.65,6813.54
2022-07-25 02:52:41,9221.6,6787.59
2022-07-25 02:52:40,9224.36,6784.83
2022-07-25 02:52:39,9223.49,6785.7
2022-07-25 02:52:38,9244.95,6764.24
2022-07-25 02:52:37,9332.08,6677.11
2022-07-25 02:52:36,9367.8,6641.39
2022-07-25 02:52:35,9404.05,6605.14
2022-07-25 02:52:34,9759.37,6249.82
2022-07-25 02:52:33,9833.15,6176.04
2022-07-25 02:52:32,9946.46,6062.73
2022-07-25 02:52:31,10173.1,5836.11
2022-07-25 02:52:30,10330.1,5679.05
2022-07-25 02:52:29,10471.1,5538.13
2022-07-25 02:52:28,10550.5,5458.69
2022-07-25 02:52:27,10657.7,5351.47
2022-07-25 02:52:26,10201.5,5807.68
2022-07-25 02:52:25,10282.4,5726.8
2022-07-25 02:52:24,9822.93,6186.25
2022-07-25 02:52:23,9615.77,6393.42
2022-07-25 02:52:22,9315.28,6693.91
2022-07-25 02:52:21,9331.82,6677.36
2022-07-25 02:52:20,9329.52,6679.66
2022-07-25 02:52:19,9332.19,6677
2022-07-25 02:52:18,9355.31,6653.88
2022-07-25 02:52:17,9363.05,6646.13
2022-07-25 02:52:16,9374.49,6634.69
2022-07-25 02:52:15,9385.2,6623.99
2022-07-25 02:52:14,9374.58,6634.61
2022-07-25 02:52:13,9449.53,6559.66
2022-07-25 02:52:12,9535.72,6473.47
2022-07-25 02:52:11,9680.2,6328.98
2022-07-25 02:52:10,9960.36,6048.83
2022-07-25 02:52:09,10077.4,5931.74
2022-07-25 02:52:08,10172.2,5836.98
2022-07-25 02:52:07,10249.5,5759.66
2022-07-25 02:52:06,10334.5,5674.65
2022-07-25 02:52:05,10405.8,5603.41
2022-07-25 02:52:04,9928.01,6081.18
2022-07-25 02:52:03,9352.73,6656.46
2022-07-25 02:52:02,9355.07,6654.11
2022-07-25 02:52:01,9355.72,6653.47
2022-07-25 02:52:00,9380.66,6628.52
2022-07-25 02:51:59,9382.57,6626.62
2022-07-25 02:51:58,9384.86,6624.32
2022-07-25 02:51:57,9413.03,6596.16
2022-07-25 02:51:56,9415.01,6594.18
2022-07-25 02:51:55,9417.08,6592.11
2022-07-25 02:51:54,9451.57,6557.61
2022-07-25 02:51:53,9475.58,6533.61
2022-07-25 02:51:52,9490.54,6518.65
2022-07-25 02:51:51,9526.16,6483.03
2022-07-25 02:51:50,9556.89,6452.29
2022-07-25 02:51:49,9595.48,6413.7
2022-07-25 02:51:48,9619.57,6389.62
2022-07-25 02:51:47,9796.26,6212.93
2022-07-25 02:51:46,9896.92,6112.27
2022-07-25 02:51:45,9942.69,6066.5
2022-07-25 02:51:44,10129.1,5880.12
2022-07-25 02:51:43,10216.2,5792.96
2022-07-25 02:51:42,10301.9,5707.33
2022-07-25 02:51:41,10512.5,5496.73
2022-07-25 02:51:40,10622.2,5386.96
2022-07-25 02:51:39,10082.1,5927.07
2022-07-25 02:51:38,10136.2,5873.01
2022-07-25 02:51:37,9594.68,6414.51
2022-07-25 02:51:36,9640.14,6369.05
2022-07-25 02:51:35,9148.07,6861.11
2022-07-25 02:51:34,9148.25,6860.94
2022-07-25 02:51:33,9150.2,6858.98
2022-07-25 02:51:32,9162.26,6846.93
2022-07-25 02:51:31,9172.96,6836.23
2022-07-25 02:51:30,9174.88,6834.3
2022-07-25 02:51:29,9206.88,6802.3
2022-07-25 02:51:28,9201.41,6807.78
2022-07-25 02:51:27,9208.05,6801.14
2022-07-25 02:51:26,9276.09,6733.1
2022-07-25 02:51:25,9444.13,6565.06
2022-07-25 02:51:24,9514.17,6495.02
2022-07-25 02:51:23,9818.16,6191.02
2022-07-25 02:51:22,9878.41,6130.78
2022-07-25 02:51:21,9947.57,6061.61
2022-07-25 02:51:20,10029,5980.17
2022-07-25 02:51:19,10100.4,5908.78
2022-07-25 02:51:18,10165.9,5843.29
2022-07-25 02:51:17,9589.33,6419.86
2022-07-25 02:51:16,8967.05,7042.13
2022-07-25 02:51:15,8966.76,7042.43
2022-07-25 02:51:14,8976.74,7032.45
2022-07-25 02:51:13,8975.39,7033.8
2022-07-25 02:51:12,8977.17,7032.02
2022-07-25 02:51:11,8988.58,7020.61
2022-07-25 02:51:10,8990.32,7018.86
2022-07-25 02:51:09,8990.01,7019.18
2022-07-25 02:51:08,9007.07,7002.12
2022-07-25 02:51:07,9008.14,7001.04
2022-07-25 02:51:06,9025.19,6984
2022-07-25 02:51:05,9025.48,6983.71
2022-07-25 02:51:04,9025.08,6984.11
2022-07-25 02:51:03,9040.88,6968.3
2022-07-25 02:51:02,9042.82,6966.37
2022-07-25 02:51:01,9102.66,6906.53
2022-07-25 02:51:00,9094.55,6914.64
2022-07-25 02:50:59,9468.06,6541.13
2022-07-25 02:50:58,9596.23,6412.96
2022-07-25 02:50:57,9652.28,6356.91
2022-07-25 02:50:56,9849.75,6159.44
2022-07-25 02:50:55,10213.8,5795.37
2022-07-25 02:50:54,10320,5689.16
2022-07-25 02:50:53,10430.7,5578.47
2022-07-25 02:50:52,10014.4,5994.82
2022-07-25 02:50:51,10083.5,5925.68
2022-07-25 02:50:50,10154.1,5855.07
2022-07-25 02:50:49,9183.94,6825.25
2022-07-25 02:50:48,9184.93,6824.25
2022-07-25 02:50:47,9185.64,6823.55
2022-07-25 02:50:46,9188.02,6821.17
2022-07-25 02:50:45,9183.13,6826.06
2022-07-25 02:50:44,9184.61,6824.58
2022-07-25 02:50:43,9185.33,6823.86
2022-07-25 02:50:42,9186.58,6822.61
2022-07-25 02:50:41,9189.11,6820.07
2022-07-25 02:50:40,9180.74,6828.45
2022-07-25 02:50:39,9260.86,6748.33
2022-07-25 02:50:38,9279.11,6730.07
2022-07-25 02:50:37,9537.6,6471.59
2022-07-25 02:50:36,9931.81,6077.38
2022-07-25 02:50:35,10089.9,5919.25
2022-07-25 02:50:34,10166.2,5842.95
2022-07-25 02:50:33,10230.9,5778.29
2022-07-25 02:50:32,10305.2,5703.99
2022-07-25 02:50:31,10405.7,5603.45
2022-07-25 02:50:30,10474.9,5534.28
2022-07-25 02:50:29,9350.37,6658.82
2022-07-25 02:50:28,9353.39,6655.8
2022-07-25 02:50:27,9354.55,6654.63
2022-07-25 02:50:26,9387.42,6621.77
2022-07-25 02:50:25,9389.36,6619.82
2022-07-25 02:50:24,9399.93,6609.25
2022-07-25 02:50:23,9442.73,6566.45
2022-07-25 02:50:22,9446.4,6562.79
2022-07-25 02:50:21,9447.62,6561.56
2022-07-25 02:50:20,9498.08,6511.11
2022-07-25 02:50:19,9504.03,6505.16
2022-07-25 02:50:18,9522.21,6486.97
2022-07-25 02:50:17,9566.55,6442.63
2022-07-25 02:50:16,9586.16,6423.03
2022-07-25 02:50:15,9591.45,6417.74
2022-07-25 02:50:14,9614.68,6394.51
2022-07-25 02:50:13,9666.28,6342.91
2022-07-25 02:50:12,9855.87,6153.32
2022-07-25 02:50:11,9923.66,6085.53
2022-07-25 02:50:10,10121.8,5887.39
2022-07-25 02:50:09,10189.5,5819.71
2022-07-25 02:50:08,10267.3,5741.91
2022-07-25 02:50:07,10457.4,5551.78
2022-07-25 02:50:06,10545.1,5464.13
2022-07-25 02:50:05,10649.4,5359.79
2022-07-25 02:50:04,10732.3,5276.85
2022-07-25 02:50:03,10183.5,5825.7
2022-07-25 02:50:02,9071.53,6937.66
2022-07-25 02:50:01,9068.89,6940.3
2022-07-25 02:50:00,9072.04,6937.15
2022-07-25 02:49:59,9072.51,6936.68
2022-07-25 02:49:58,9066.36,6942.83
2022-07-25 02:49:57,9095.41,6913.78
2022-07-25 02:49:56,9095.96,6913.23
2022-07-25 02:49:55,9095.93,6913.26
2022-07-25 02:49:54,9134.84,6874.35
2022-07-25 02:49:53,9128.27,6880.92
2022-07-25 02:49:52,9172.65,6836.54
2022-07-25 02:49:51,9240.68,6768.51
2022-07-25 02:49:50,9444.51,6564.68
2022-07-25 02:49:49,9611.74,6397.45
2022-07-25 02:49:48,9857.84,6151.34
2022-07-25 02:49:47,9902.33,6106.86
2022-07-25 02:49:46,9965.86,6043.32
2022-07-25 02:49:45,10008.1,6001.05
2022-07-25 02:49:44,10106.9,5902.27
2022-07-25 02:49:43,10196.4,5812.74
2022-07-25 02:49:42,9678.65,6330.54
2022-07-25 02:49:41,9055.87,6953.32
2022-07-25 02:49:40,9058.18,6951.01
2022-07-25 02:49:39,9058.46,6950.72
2022-07-25 02:49:38,9059.31,6949.88
2022-07-25 02:49:37,9059.13,6950.05
2022-07-25 02:49:36,9060.45,6948.74
2022-07-25 02:49:35,9060.18,6949.01
2022-07-25 02:49:34,9062.16,6947.03
2022-07-25 02:49:33,9072.34,6936.85
2022-07-25 02:49:32,9078.95,6930.23
2022-07-25 02:49:31,9079.54,6929.65
2022-07-25 02:49:30,9107.94,6901.24
2022-07-25 02:49:29,9108.5,6900.69
2022-07-25 02:49:28,9109.49,6899.69
2022-07-25 02:49:27,9137.27,6871.91
2022-07-25 02:49:26,9237.96,6771.23
2022-07-25 02:49:25,9232.88,6776.3
2022-07-25 02:49:24,9623.14,6386.05
2022-07-25 02:49:23,9953.19,6055.99
2022-07-25 02:49:22,10119.1,5890.1
2022-07-25 02:49:21,10339.6,5669.61
2022-07-25 02:49:20,10432.8,5576.4
2022-07-25 02:49:19,10499.6,5509.59
2022-07-25 02:49:18,10615,5394.19
2022-07-25 02:49:17,10736.1,5273.09
2022-07-25 02:49:16,9658.52,6350.66
2022-07-25 02:49:15,9674.7,6334.48
2022-07-25 02:49:14,9071.53,6937.66
2022-07-25 02:49:13,9071.56,6937.63
2022-07-25 02:49:12,9075.28,6933.91
2022-07-25 02:49:11,9095.29,6913.9
2022-07-25 02:49:10,9095.38,6913.8
2022-07-25 02:49:09,9086.08,6923.11
2022-07-25 02:49:08,9109.36,6899.83
2022-07-25 02:49:07,9112.53,6896.66
2022-07-25 02:49:06,9125.28,6883.91
2022-07-25 02:49:05,9140.96,6868.23
2022-07-25 02:49:04,9141.59,6867.6
2022-07-25 02:49:03,9180.68,6828.5
2022-07-25 02:49:02,9258.24,6750.95
2022-07-25 02:49:01,9448.07,6561.11
2022-07-25 02:49:00,9636.88,6372.3
2022-07-25 02:48:59,9828.31,6180.87
2022-07-25 02:48:58,9915.05,6094.14
2022-07-25 02:48:57,10003.3,6005.87
2022-07-25 02:48:56,10073.5,5935.69
2022-07-25 02:48:55,10129.1,5880.08
2022-07-25 02:48:54,9670.25,6338.94
2022-07-25 02:48:53,9162.92,6846.27
2022-07-25 02:48:52,9164.12,6845.07
2022-07-25 02:48:51,9167.51,6841.68
2022-07-25 02:48:50,9178.26,6830.93
2022-07-25 02:48:49,9179.69,6829.49
2022-07-25 02:48:48,9180.56,6828.63
2022-07-25 02:48:47,9201.84,6807.34
2022-07-25 02:48:46,9203.86,6805.32
2022-07-25 02:48:45,9207.65,6801.54
2022-07-25 02:48:44,9232.28,6776.91
2022-07-25 02:48:43,9232.86,6776.33
2022-07-25 02:48:42,9234.5,6774.69
2022-07-25 02:48:41,9258.11,6751.08
2022-07-25 02:48:40,9259.79,6749.4
2022-07-25 02:48:39,9352.75,6656.43
2022-07-25 02:48:38,9388.18,6621.01
2022-07-25 02:48:37,9574.88,6434.3
2022-07-25 02:48:36,9939.55,6069.64
2022-07-25 02:48:35,10008.5,6000.73
2022-07-25 02:48:34,10330.5,5678.7
2022-07-25 02:48:33,10484.4,5524.77
2022-07-25 02:48:32,10629.7,5379.5
2022-07-25 02:48:31,10723.9,5285.3
2022-07-25 02:48:30,10276.9,5732.24
2022-07-25 02:48:29,10369,5640.22
2022-07-25 02:48:28,10431.4,5577.81
2022-07-25 02:48:27,9825.64,6183.55
2022-07-25 02:48:26,9229.75,6779.44
2022-07-25 02:48:25,9244.87,6764.31
2022-07-25 02:48:24,9247.62,6761.57
2022-07-25 02:48:23,9270.41,6738.77
2022-07-25 02:48:22,9286.91,6722.28
2022-07-25 02:48:21,9279.47,6729.71
2022-07-25 02:48:20,9309.36,6699.83
2022-07-25 02:48:19,9323.51,6685.68
2022-07-25 02:48:18,9327.19,6682
2022-07-25 02:48:17,9359.38,6649.81
2022-07-25 02:48:16,9370.21,6638.98
2022-07-25 02:48:15,9414.95,6594.23
2022-07-25 02:48:14,9469.67,6539.52
2022-07-25 02:48:13,9621.43,6387.76
2022-07-25 02:48:12,9840.38,6168.81
2022-07-25 02:48:11,9904.47,6104.72
2022-07-25 02:48:10,9950.29,6058.89
2022-07-25 02:48:09,10001.4,6007.76
2022-07-25 02:48:08,10062,5947.22
2022-07-25 02:48:07,10152.6,5856.63
2022-07-25 02:48:06,9697.79,6311.4
2022-07-25 02:48:05,9187.24,6821.95
2022-07-25 02:48:04,9188.47,6820.72
2022-07-25 02:48:03,9202.11,6807.08
2022-07-25 02:48:02,9205.83,6803.36
2022-07-25 02:48:01,9208.45,6800.74
2022-07-25 02:48:00,9235.93,6773.26
2022-07-25 02:47:59,9237.94,6771.25
2022-07-25 02:47:58,9239.28,6769.91
2022-07-25 02:47:57,9251.52,6757.67
2022-07-25 02:47:56,9254.56,6754.63
2022-07-25 02:47:55,9256.31,6752.88
2022-07-25 02:47:54,9307.81,6701.38
2022-07-25 02:47:53,9316.81,6692.38
2022-07-25 02:47:52,9465.59,6543.6
2022-07-25 02:47:51,9531.11,6478.08
2022-07-25 02:47:50,9622.25,6386.94
2022-07-25 02:47:49,9682.69,6326.49
2022-07-25 02:47:48,9719.39,6289.8
2022-07-25 02:47:47,10309.3,5699.86
2022-07-25 02:47:46,10475.6,5533.56
2022-07-25 02:47:45,10656.9,5352.25
2022-07-25 02:47:44,10216.3,5792.92
2022-07-25 02:47:43,10269.5,5739.69
2022-07-25 02:47:42,10375.5,5633.71
2022-07-25 02:47:41,10465.6,5543.54
2022-07-25 02:47:40,9214.72,6794.46
2022-07-25 02:47:39,9229.78,6779.41
2022-07-25 02:47:38,9230.02,6779.17
2022-07-25 02:47:37,9231.89,6777.3
2022-07-25 02:47:36,9245.07,6764.12
2022-07-25 02:47:35,9247.87,6761.32
2022-07-25 02:47:34,9249.93,6759.25
2022-07-25 02:47:33,9280.61,6728.58
2022-07-25 02:47:32,9283.41,6725.78
2022-07-25 02:47:31,9294.55,6714.64
2022-07-25 02:47:30,9337.94,6671.25
2022-07-25 02:47:29,9353.33,6655.86
2022-07-25 02:47:28,9347.91,6661.28
2022-07-25 02:47:27,9407.86,6601.33
2022-07-25 02:47:26,9449.3,6559.88
2022-07-25 02:47:25,9503.33,6505.86
2022-07-25 02:47:24,9820.62,6188.56
2022-07-25 02:47:23,9890.12,6119.07
2022-07-25 02:47:22,9929.15,6080.04
2022-07-25 02:47:21,9971.17,6038.02
2022-07-25 02:47:20,10070.4,5938.75
2022-07-25 02:47:19,10160.6,5848.54
2022-07-25 02:47:18,10210.9,5798.33
2022-07-25 02:47:17,8981.84,7027.34
2022-07-25 02:47:16,8982.04,7027.15
2022-07-25 02:47:15,8985.23,7023.95
2022-07-25 02:47:14,9002.55,7006.64
2022-07-25 02:47:13,9002.05,7007.13
2022-07-25 02:47:12,9002.75,7006.44
2022-07-25 02:47:11,9022.9,6986.29
2022-07-25 02:47:10,9023.71,6985.47
2022-07-25 02:47:09,9023.93,6985.26
2022-07-25 02:47:08,9049.22,6959.96
2022-07-25 02:47:07,9041.6,6967.59
2022-07-25 02:47:06,9061.66,6947.52
2022-07-25 02:47:05,9107.39,6901.8
2022-07-25 02:47:04,9180.26,6828.93
2022-07-25 02:47:03,9398.54,6610.65
2022-07-25 02:47:02,9688.47,6320.72
2022-07-25 02:47:01,10015.7,5993.5
2022-07-25 02:47:00,10204.9,5804.26
2022-07-25 02:46:59,10320.8,5688.42
2022-07-25 02:46:58,10393.1,5616.11
2022-07-25 02:46:57,10514.5,5494.68
2022-07-25 02:46:56,10595.1,5414.04
2022-07-25 02:46:55,10050.8,5958.42
2022-07-25 02:46:54,8936.21,7072.98
2022-07-25 02:46:53,8932.12,7077.07
2022-07-25 02:46:52,8934.46,7074.73
2022-07-25 02:46:51,8934.74,7074.45
2022-07-25 02:46:50,8935.72,7073.47
2022-07-25 02:46:49,8935.55,7073.64
2022-07-25 02:46:48,8935.67,7073.52
2022-07-25 02:46:47,8935.72,7073.47
2022-07-25 02:46:46,8936.8,7072.39
2022-07-25 02:46:45,8928.64,7080.55
2022-07-25 02:46:44,8927.75,7081.44
2022-07-25 02:46:43,8929.36,7079.82
2022-07-25 02:46:42,8931.15,7078.04
2022-07-25 02:46:41,8922.76,7086.43
2022-07-25 02:46:40,8923.08,7086.11
2022-07-25 02:46:39,9026.94,6982.25
2022-07-25 02:46:38,9033.48,6975.7
2022-07-25 02:46:37,9519.42,6489.77
2022-07-25 02:46:36,9727.48,6281.7
2022-07-25 02:46:35,9870.14,6139.04
2022-07-25 02:46:34,9926.86,6082.33
2022-07-25 02:46:33,9965,6044.18
2022-07-25 02:46:32,10065.3,5943.91
2022-07-25 02:46:31,10163.2,5845.98
2022-07-25 02:46:30,9689.89,6319.3
2022-07-25 02:46:29,9061.41,6947.78
2022-07-25 02:46:28,9077.98,6931.2
2022-07-25 02:46:27,9078.93,6930.26
2022-07-25 02:46:26,9078.51,6930.68
2022-07-25 02:46:25,9099.17,6910.02
2022-07-25 02:46:24,9098.61,6910.58
2022-07-25 02:46:23,9100.36,6908.82
2022-07-25 02:46:22,9123.24,6885.95
2022-07-25 02:46:21,9125.66,6883.53
2022-07-25 02:46:20,9128.09,6881.1
2022-07-25 02:46:19,9155.73,6853.45
2022-07-25 02:46:18,9150.36,6858.83
2022-07-25 02:46:17,9224.63,6784.56
2022-07-25 02:46:16,9278.97,6730.22
2022-07-25 02:46:15,9746.84,6262.34
2022-07-25 02:46:14,9872.16,6137.03
2022-07-25 02:46:13,10007.9,6001.29
2022-07-25 02:46:12,10309.9,5699.3
2022-07-25 02:46:11,10415.1,5594.12
2022-07-25 02:46:10,10528.6,5480.61
2022-07-25 02:46:09,10635.6,5373.59
2022-07-25 02:46:08,10761.1,5248.07
2022-07-25 02:46:07,10301.5,5707.7
2022-07-25 02:46:06,9152.68,6856.5
2022-07-25 02:46:05,9154.97,6854.22
2022-07-25 02:46:04,9156.02,6853.17
2022-07-25 02:46:03,9170.4,6838.79
2022-07-25 02:46:02,9169.7,6839.48
2022-07-25 02:46:01,9169.96,6839.22
2022-07-25 02:46:00,9174.62,6834.57
2022-07-25 02:45:59,9197.4,6811.79
2022-07-25 02:45:58,9188.82,6820.37
2022-07-25 02:45:57,9190.05,6819.13
2022-07-25 02:45:56,9215.82,6793.36
2022-07-25 02:45:55,9217.61,6791.58
2022-07-25 02:45:54,9241.97,6767.22
2022-07-25 02:45:53,9237.24,6771.95
2022-07-25 02:45:52,9231.32,6777.87
2022-07-25 02:45:51,9275.42,6733.77
2022-07-25 02:45:50,9351.51,6657.68
2022-07-25 02:45:49,9516.84,6492.35
2022-07-25 02:45:48,9776.25,6232.93
2022-07-25 02:45:47,9917.36,6091.83
2022-07-25 02:45:46,10021.6,5987.61
2022-07-25 02:45:45,10087.3,5921.89
2022-07-25 02:45:44,10147.3,5861.86
2022-07-25 02:45:43,10239,5770.14
2022-07-25 02:45:42,9666.83,6342.36
2022-07-25 02:45:41,9087.57,6921.62
2022-07-25 02:45:40,9092.12,6917.06
2022-07-25 02:45:39,9111.19,6898
2022-07-25 02:45:38,9134.82,6874.36
2022-07-25 02:45:37,9139.11,6870.08
2022-07-25 02:45:36,9158.18,6851.01
2022-07-25 02:45:35,9184.04,6825.14
2022-07-25 02:45:34,9186.25,6822.94
2022-07-25 02:45:33,9205.91,6803.28
2022-07-25 02:45:32,9240.62,6768.57
2022-07-25 02:45:31,9257.1,6752.09
2022-07-25 02:45:30,9270.5,6738.68
2022-07-25 02:45:29,9354.66,6654.53
2022-07-25 02:45:28,9421.85,6587.34
2022-07-25 02:45:27,9712.75,6296.44
2022-07-25 02:45:26,9845.9,6163.29
2022-07-25 02:45:25,10165.4,5843.75
2022-07-25 02:45:24,10273.6,5735.62
2022-07-25 02:45:23,10336.3,5672.86
2022-07-25 02:45:22,10457.1,5552.1
2022-07-25 02:45:21,10554.8,5454.4
2022-07-25 02:45:20,10657.7,5351.53
2022-07-25 02:45:19,9576.97,6432.21
2022-07-25 02:45:18,9069.05,6940.14
2022-07-25 02:45:17,9069.98,6939.21
2022-07-25 02:45:16,9070.98,6938.2
2022-07-25 02:45:15,9072.34,6936.84
2022-07-25 02:45:14,9071.9,6937.29
2022-07-25 02:45:13,9072.36,6936.82
2022-07-25 02:45:12,9073.62,6935.57
2022-07-25 02:45:11,9075.21,6933.97
2022-07-25 02:45:10,9076.02,6933.16
2022-07-25 02:45:09,9076.97,6932.22
2022-07-25 02:45:08,9078.7,6930.48
2022-07-25 02:45:07,9080,6929.19
2022-07-25 02:45:06,9081.98,6927.21
2022-07-25 02:45:05,9080.66,6928.52
2022-07-25 02:45:04,9069.18,6940.01
2022-07-25 02:45:03,9178.41,6830.77
2022-07-25 02:45:02,9186.78,6822.41
2022-07-25 02:45:01,9683.44,6325.75
2022-07-25 02:45:00,9867.57,6141.62
2022-07-25 02:44:59,10012.7,5996.49
2022-07-25 02:44:58,10076.2,5933.03
2022-07-25 02:44:57,10112.8,5896.38
2022-07-25 02:44:56,10214,5795.17
2022-07-25 02:44:55,10313.8,5695.43
2022-07-25 02:44:54,10280.8,5728.39
2022-07-25 02:44:53,9310.63,6698.55
2022-07-25 02:44:52,9312.29,6696.89
2022-07-25 02:44:51,9324.16,6685.03
2022-07-25 02:44:50,9343.24,6665.95
2022-07-25 02:44:49,9345.87,6663.32
2022-07-25 02:44:48,9352.74,6656.45
2022-07-25 02:44:47,9383.51,6625.68
2022-07-25 02:44:46,9387.66,6621.53
2022-07-25 02:44:45,9419.57,6589.61
2022-07-25 02:44:44,9450.69,6558.5
2022-07-25 02:44:43,9460.88,6548.31
2022-07-25 02:44:42,9597.73,6411.46
2022-07-25 02:44:41,9615.71,6393.48
2022-07-25 02:44:40,9716.59,6292.6
2022-07-25 02:44:39,10269.7,5739.45
2022-07-25 02:44:38,10427.4,5581.74
2022-07-25 02:44:37,10487.3,5521.89
2022-07-25 02:44:36,10573.7,5435.52
2022-07-25 02:44:35,10630.1,5379.12
2022-07-25 02:44:34,10751.9,5257.3
2022-07-25 02:44:33,10889.6,5119.63
2022-07-25 02:44:32,9910.22,6098.96
2022-07-25 02:44:31,9407.82,6601.36
2022-07-25 02:44:30,9409.44,6599.75
2022-07-25 02:44:29,9413.54,6595.65
2022-07-25 02:44:28,9413.96,6595.23
2022-07-25 02:44:27,9439.57,6569.62
2022-07-25 02:44:26,9441.66,6567.52
2022-07-25 02:44:25,9445.16,6564.02
2022-07-25 02:44:24,9472.28,6536.91
2022-07-25 02:44:23,9473.29,6535.89
2022-07-25 02:44:22,9490.98,6518.21
2022-07-25 02:44:21,9509.44,6499.74
2022-07-25 02:44:20,9509.91,6499.28
2022-07-25 02:44:19,9529.55,6479.63
2022-07-25 02:44:18,9553.11,6456.08
2022-07-25 02:44:17,9578.02,6431.17
2022-07-25 02:44:16,9579.2,6429.99
2022-07-25 02:44:15,9616.2,6392.99
2022-07-25 02:44:14,9654.02,6355.16
2022-07-25 02:44:13,9727.84,6281.34
2022-07-25 02:44:12,9906.92,6102.27
2022-07-25 02:44:11,9940.51,6068.68
2022-07-25 02:44:10,10119.5,5889.72
2022-07-25 02:44:09,10185.3,5823.91
2022-07-25 02:44:08,10254.4,5754.81
2022-07-25 02:44:07,10326,5683.2
2022-07-25 02:44:06,9778.11,6231.07
2022-07-25 02:44:05,9831.02,6178.17
2022-07-25 02:44:04,9350.55,6658.64
2022-07-25 02:44:03,9368.97,6640.21
2022-07-25 02:44:02,9372.89,6636.29
2022-07-25 02:44:01,9404.71,6604.48
2022-07-25 02:44:00,9420.87,6588.32
2022-07-25 02:43:59,9452,6557.19
2022-07-25 02:43:58,9484.75,6524.43
2022-07-25 02:43:57,9508.59,6500.6
2022-07-25 02:43:56,9534.71,6474.48
2022-07-25 02:43:55,9618.59,6390.6
2022-07-25 02:43:54,9622.68,6386.5
2022-07-25 02:43:53,9848.34,6160.84
2022-07-25 02:43:52,9927.58,6081.61
2022-07-25 02:43:51,9994.39,6014.8
2022-07-25 02:43:50,10307.3,5701.91
2022-07-25 02:43:49,10414.8,5594.41
2022-07-25 02:43:48,10487.2,5521.96
2022-07-25 02:43:47,10578,5431.22
2022-07-25 02:43:46,10674.2,5335.02
2022-07-25 02:43:45,10266.4,5742.82
2022-07-25 02:43:44,10360.7,5648.53
2022-07-25 02:43:43,9728.97,6280.22
2022-07-25 02:43:42,9118.17,6891.02
2022-07-25 02:43:41,9118.88,6890.31
2022-07-25 02:43:40,9118.16,6891.02
2022-07-25 02:43:39,9127.93,6881.26
2022-07-25 02:43:38,9129.77,6879.42
2022-07-25 02:43:37,9132.13,6877.06
2022-07-25 02:43:36,9144.45,6864.73
2022-07-25 02:43:35,9148.49,6860.7
2022-07-25 02:43:34,9160.59,6848.59
2022-07-25 02:43:33,9162.2,6846.98
2022-07-25 02:43:32,9162.63,6846.55
2022-07-25 02:43:31,9177.05,6832.14
2022-07-25 02:43:30,9179.1,6830.09
2022-07-25 02:43:29,9179.65,6829.54
2022-07-25 02:43:28,9200.86,6808.33
2022-07-25 02:43:27,9257.45,6751.74
2022-07-25 02:43:26,9293.38,6715.8
2022-07-25 02:43:25,9699.32,6309.87
2022-07-25 02:43:24,9844.07,6165.11
2022-07-25 02:43:23,9914.07,6095.12
2022-07-25 02:43:22,9980.71,6028.47
2022-07-25 02:43:21,10028.1,5981.1
2022-07-25 02:43:20,10115.9,5893.26
2022-07-25 02:43:19,10218.6,5790.63
2022-07-25 02:43:18,9101.67,6907.52
2022-07-25 02:43:17,9101.56,6907.62
2022-07-25 02:43:16,9114.32,6894.87
2022-07-25 02:43:15,9114.27,6894.91
2022-07-25 02:43:14,9115.37,6893.81
2022-07-25 02:43:13,9116.16,6893.03
2022-07-25 02:43:12,9137.08,6872.11
2022-07-25 02:43:11,9137.02,6872.17
2022-07-25 02:43:10,9138.93,6870.25
2022-07-25 02:43:09,9178.2,6830.99
2022-07-25 02:43:08,9179.68,6829.5
2022-07-25 02:43:07,9184.22,6824.96
2022-07-25 02:43:06,9224.3,6784.89
2022-07-25 02:43:05,9349.49,6659.7
2022-07-25 02:43:04,9492.08,6517.11
2022-07-25 02:43:03,9746.98,6262.2
2022-07-25 02:43:02,10195.8,5813.41
2022-07-25 02:43:01,10322.3,5686.89
2022-07-25 02:43:00,10425.9,5583.31
2022-07-25 02:42:59,10540.8,5468.4
2022-07-25 02:42:58,10630.9,5378.27
2022-07-25 02:42:57,10737.7,5271.49
2022-07-25 02:42:56,10329.4,5679.75
2022-07-25 02:42:55,9802.37,6206.82
2022-07-25 02:42:54,9287.34,6721.85
2022-07-25 02:42:53,9289.67,6719.52
2022-07-25 02:42:52,9302.68,6706.5
2022-07-25 02:42:51,9303.66,6705.52
2022-07-25 02:42:50,9304.35,6704.84
2022-07-25 02:42:49,9326.75,6682.43
2022-07-25 02:42:48,9327.98,6681.21
2022-07-25 02:42:47,9321.28,6687.91
2022-07-25 02:42:46,9342.49,6666.7
2022-07-25 02:42:45,9348.42,6660.77
2022-07-25 02:42:44,9349.57,6659.62
2022-07-25 02:42:43,9379.01,6630.18
2022-07-25 02:42:42,9381.31,6627.88
2022-07-25 02:42:41,9386.25,6622.93
2022-07-25 02:42:40,9481.35,6527.84
2022-07-25 02:42:39,9507.6,6501.58
2022-07-25 02:42:38,9695.93,6313.25
2022-07-25 02:42:37,10020,5989.2
2022-07-25 02:42:36,10125.2,5884.01
2022-07-25 02:42:35,10179.8,5829.39
2022-07-25 02:42:34,10273.5,5735.73
2022-07-25 02:42:33,10365.7,5643.49
2022-07-25 02:42:32,10423.3,5585.85
2022-07-25 02:42:31,9854.84,6154.35
2022-07-25 02:42:30,9235.66,6773.53
2022-07-25 02:42:29,9237.39,6771.8
2022-07-25 02:42:28,9261.48,6747.71
2022-07-25 02:42:27,9263.68,6745.51
2022-07-25 02:42:26,9281.68,6727.51
2022-07-25 02:42:25,9293.52,6715.67
2022-07-25 02:42:24,9306.34,6702.84
2022-07-25 02:42:23,9320.6,6688.59
2022-07-25 02:42:22,9338.06,6671.12
2022-07-25 02:42:21,9386.47,6622.72
2022-07-25 02:42:20,9427.23,6581.96
2022-07-25 02:42:19,9417.09,6592.09
2022-07-25 02:42:18,9514.27,6494.91
2022-07-25 02:42:17,9570.52,6438.66
2022-07-25 02:42:16,9665.79,6343.4
2022-07-25 02:42:15,10091.2,5918.04
2022-07-25 02:42:14,10239.5,5769.7
2022-07-25 02:42:13,10289.8,5719.39
2022-07-25 02:42:12,10357.7,5651.49
2022-07-25 02:42:11,10443,5566.19
2022-07-25 02:42:10,10551.9,5457.25
2022-07-25 02:42:09,10676.3,5332.86
2022-07-25 02:42:08,9467.84,6541.34
2022-07-25 02:42:07,8979.77,7029.41
2022-07-25 02:42:06,8980.9,7028.29
2022-07-25 02:42:05,8979.16,7030.03
2022-07-25 02:42:04,8982.27,7026.92
2022-07-25 02:42:03,8981.69,7027.5
2022-07-25 02:42:02,8982.11,7027.07
2022-07-25 02:42:01,8985.09,7024.1
2022-07-25 02:42:00,8985.08,7024.11
2022-07-25 02:41:59,8986.23,7022.95
2022-07-25 02:41:58,8987.65,7021.54
2022-07-25 02:41:57,8990.47,7018.72
2022-07-25 02:41:56,8988.69,7020.5
2022-07-25 02:41:55,8980.75,7028.44
2022-07-25 02:41:54,9021.76,6987.43
2022-07-25 02:41:53,9022.45,6986.74
2022-07-25 02:41:52,9276.18,6733.01
2022-07-25 02:41:51,9424.97,6584.22
2022-07-25 02:41:50,9719.58,6289.61
2022-07-25 02:41:49,9862.25,6146.94
2022-07-25 02:41:48,9963.62,6045.57
2022-07-25 02:41:47,10040.8,5968.34
2022-07-25 02:41:46,10112.3,5896.87
2022-07-25 02:41:45,10189.3,5819.93
2022-07-25 02:41:44,9744.05,6265.14
2022-07-25 02:41:43,9132.5,6876.69
2022-07-25 02:41:42,9133.37,6875.81
2022-07-25 02:41:41,9141.15,6868.04
2022-07-25 02:41:40,9142.38,6866.8
2022-07-25 02:41:39,9141.64,6867.54
2022-07-25 02:41:38,9151.93,6857.25
2022-07-25 02:41:37,9154.02,6855.16
2022-07-25 02:41:36,9142.87,6866.32
2022-07-25 02:41:35,9153.38,6855.81
2022-07-25 02:41:34,9156.21,6852.97
2022-07-25 02:41:33,9156.19,6853
2022-07-25 02:41:32,9171.01,6838.18
2022-07-25 02:41:31,9218.55,6790.64
2022-07-25 02:41:30,9290.06,6719.13
2022-07-25 02:41:29,9335.2,6673.98
2022-07-25 02:41:28,9803,6206.19
2022-07-25 02:41:27,10001,6008.17
2022-07-25 02:41:26,10146.5,5862.68
2022-07-25 02:41:25,10218.8,5790.39
2022-07-25 02:41:24,10410.6,5598.57
2022-07-25 02:41:23,10519.2,5489.99
2022-07-25 02:41:22,10619.4,5389.8
2022-07-25 02:41:21,10737.1,5272.04
2022-07-25 02:41:20,9691.99,6317.2
2022-07-25 02:41:19,9741.46,6267.72
2022-07-25 02:41:18,9226.04,6783.15
2022-07-25 02:41:17,9230.79,6778.4
2022-07-25 02:41:16,9231.5,6777.69
2022-07-25 02:41:15,9232.74,6776.45
2022-07-25 02:41:14,9255.06,6754.12
2022-07-25 02:41:13,9256.77,6752.42
2022-07-25 02:41:12,9258.21,6750.98
2022-07-25 02:41:11,9285.5,6723.69
2022-07-25 02:41:10,9291.53,6717.66
2022-07-25 02:41:09,9297.73,6711.46
2022-07-25 02:41:08,9315.41,6693.77
2022-07-25 02:41:07,9308.84,6700.35
2022-07-25 02:41:06,9395.68,6613.51
2022-07-25 02:41:05,9423.98,6585.21
2022-07-25 02:41:04,9590.85,6418.33
2022-07-25 02:41:03,9936.31,6072.88
2022-07-25 02:41:02,10026.3,5982.91
2022-07-25 02:41:01,10095.6,5913.57
2022-07-25 02:41:00,10169.5,5839.68
2022-07-25 02:40:59,10236,5773.17
2022-07-25 02:40:58,10321.3,5687.88
2022-07-25 02:40:57,9746.8,6262.39
2022-07-25 02:40:56,9130.9,6878.29
2022-07-25 02:40:55,9130.95,6878.24
2022-07-25 02:40:54,9132.77,6876.42
2022-07-25 02:40:53,9151.55,6857.63
2022-07-25 02:40:52,9157.36,6851.83
2022-07-25 02:40:51,9158.15,6851.04
2022-07-25 02:40:50,9170.38,6838.81
2022-07-25 02:40:49,9198.48,6810.7
2022-07-25 02:40:48,9198.62,6810.56
2022-07-25 02:40:47,9213.88,6795.3
2022-07-25 02:40:46,9253.53,6755.66
2022-07-25 02:40:45,9269.19,6740
2022-07-25 02:40:44,9250.13,6759.06
2022-07-25 02:40:43,9375.19,6634
2022-07-25 02:40:42,9379.68,6629.51
2022-07-25 02:40:41,9532.71,6476.48
2022-07-25 02:40:40,9922.22,6086.96
2022-07-25 02:40:39,10007.6,6001.62
2022-07-25 02:40:38,10228.9,5780.3
2022-07-25 02:40:37,10305.9,5703.29
2022-07-25 02:40:36,10370.5,5638.69
2022-07-25 02:40:35,10479.2,5529.94
2022-07-25 02:40:34,10608.1,5401.04
2022-07-25 02:40:33,10167.9,5841.3
2022-07-25 02:40:32,9552.54,6456.64
2022-07-25 02:40:31,8929.49,7079.7
2022-07-25 02:40:30,8928.32,7080.87
2022-07-25 02:40:29,8929.34,7079.85
2022-07-25 02:40:28,8931.63,7077.55
2022-07-25 02:40:27,8931.46,7077.73
2022-07-25 02:40:26,8929.72,7079.47
2022-07-25 02:40:25,8931.32,7077.86
2022-07-25 02:40:24,8924.78,7084.41
2022-07-25 02:40:23,8924.53,7084.66
2022-07-25 02:40:22,8925.8,7083.38
2022-07-25 02:40:21,8927.78,7081.4
2022-07-25 02:40:20,8921.63,7087.56
2022-07-25 02:40:19,8969.61,7039.57
2022-07-25 02:40:18,9014.65,6994.54
2022-07-25 02:40:17,9074.48,6934.7
2022-07-25 02:40:16,9468.42,6540.77
2022-07-25 02:40:15,9756.44,6252.75
2022-07-25 02:40:14,9844.28,6164.91
2022-07-25 02:40:13,9922.83,6086.36
2022-07-25 02:40:12,9981.14,6028.04
2022-07-25 02:40:11,10047,5962.16
2022-07-25 02:40:10,10139.5,5869.66
2022-07-25 02:40:09,9577.91,6431.28
2022-07-25 02:40:08,9061.95,6947.24
2022-07-25 02:40:07,9063.75,6945.44
2022-07-25 02:40:06,9078.39,6930.8
2022-07-25 02:40:05,9080.4,6928.79
2022-07-25 02:40:04,9081.75,6927.44
2022-07-25 02:40:03,9098.84,6910.35
2022-07-25 02:40:02,9100.35,6908.84
2022-07-25 02:40:01,9101.44,6907.75
2022-07-25 02:40:00,9123.37,6885.82
2022-07-25 02:39:59,9124.38,6884.81
2022-07-25 02:39:58,9143.38,6865.81
2022-07-25 02:39:57,9151.45,6857.73
2022-07-25 02:39:56,9163.18,6846.01
2022-07-25 02:39:55,9225.34,6783.85
2022-07-25 02:39:54,9293.8,6715.39
2022-07-25 02:39:53,9651.85,6357.34
2022-07-25 02:39:52,9858.98,6150.2
2022-07-25 02:39:51,10182.2,5827.02
2022-07-25 02:39:50,10320.8,5688.4
2022-07-25 02:39:49,10433.5,5575.72
2022-07-25 02:39:48,10529.2,5480
2022-07-25 02:39:47,10628.5,5380.68
2022-07-25 02:39:46,10740.6,5268.56
2022-07-25 02:39:45,10185.1,5824.13
2022-07-25 02:39:44,9044.43,6964.76
2022-07-25 02:39:43,9043.99,6965.19
2022-07-25 02:39:42,9058.68,6950.51
2022-07-25 02:39:41,9060.16,6949.03
2022-07-25 02:39:40,9061.36,6947.82
2022-07-25 02:39:39,9061.54,6947.64
2022-07-25 02:39:38,9081.77,6927.42
2022-07-25 02:39:37,9082.78,6926.41
2022-07-25 02:39:36,9082.55,6926.64
2022-07-25 02:39:35,9106.65,6902.54
2022-07-25 02:39:34,9109.57,6899.61
2022-07-25 02:39:33,9126.36,6882.83
2022-07-25 02:39:32,9131.66,6877.52
2022-07-25 02:39:31,9186.96,6822.23
2022-07-25 02:39:30,9231.66,6777.53
2022-07-25 02:39:29,9380.4,6628.79
2022-07-25 02:39:28,9718.8,6290.39
2022-07-25 02:39:27,9848.81,6160.38
2022-07-25 02:39:26,9895.57,6113.61
2022-07-25 02:39:25,9957.01,6052.18
2022-07-25 02:39:24,10002,6007.16
2022-07-25 02:39:23,10095.2,5914.01
2022-07-25 02:39:22,10190.8,5818.43
2022-07-25 02:39:21,9157.94,6851.25
2022-07-25 02:39:20,9158.87,6850.32
2022-07-25 02:39:19,9164.34,6844.84
2022-07-25 02:39:18,9173.71,6835.48
2022-07-25 02:39:17,9176.26,6832.93
2022-07-25 02:39:16,9177.14,6832.04
2022-07-25 02:39:15,9178.23,6830.95
2022-07-25 02:39:14,9198.54,6810.65
2022-07-25 02:39:13,9200.57,6808.62
2022-07-25 02:39:12,9201.3,6807.89
2022-07-25 02:39:11,9225.09,6784.1
2022-07-25 02:39:10,9224.37,6784.82
2022-07-25 02:39:09,9226.09,6783.1
2022-07-25 02:39:08,9298.9,6710.29
2022-07-25 02:39:07,9381.39,6627.79
2022-07-25 02:39:06,9692.05,6317.13
2022-07-25 02:39:05,9771.94,6237.25
2022-07-25 02:39:04,10161.2,5847.94
2022-07-25 02:39:03,10284,5725.21
2022-07-25 02:39:02,10446.7,5562.52
2022-07-25 02:39:01,10593.5,5415.65
2022-07-25 02:39:00,10656,5353.23
2022-07-25 02:38:59,10748.9,5260.29
2022-07-25 02:38:58,10314.3,5694.87
2022-07-25 02:38:57,10386.6,5622.6
2022-07-25 02:38:56,9911.14,6098.05
2022-07-25 02:38:55,9294.06,6715.13
2022-07-25 02:38:54,9295.66,6713.52
2022-07-25 02:38:53,9297.03,6712.16
2022-07-25 02:38:52,9336.55,6672.64
2022-07-25 02:38:51,9337.21,6671.98
2022-07-25 02:38:50,9339.34,6669.85
2022-07-25 02:38:49,9371.4,6637.79
2022-07-25 02:38:48,9392.89,6616.29
2022-07-25 02:38:47,9397.22,6611.96
2022-07-25 02:38:46,9427.84,6581.35
2022-07-25 02:38:45,9461.35,6547.84
2022-07-25 02:38:44,9478.75,6530.43
2022-07-25 02:38:43,9537.37,6471.82
2022-07-25 02:38:42,9593.04,6416.15
2022-07-25 02:38:41,9792.31,6216.88
2022-07-25 02:38:40,9967.68,6041.51
2022-07-25 02:38:39,10040,5969.15
2022-07-25 02:38:38,10072.4,5936.8
2022-07-25 02:38:37,10145.1,5864.14
2022-07-25 02:38:36,10230,5779.21
2022-07-25 02:38:35,10284.1,5725.05
2022-07-25 02:38:34,9096.04,6913.15
2022-07-25 02:38:33,9095.79,6913.4
2022-07-25 02:38:32,9085.48,6923.71
2022-07-25 02:38:31,9121.31,6887.88
2022-07-25 02:38:30,9121.48,6887.7
2022-07-25 02:38:29,9126.7,6882.48
2022-07-25 02:38:28,9146.6,6862.59
2022-07-25 02:38:27,9162.12,6847.07
2022-07-25 02:38:26,9183.43,6825.76
2022-07-25 02:38:25,9182.01,6827.18
2022-07-25 02:38:24,9202.52,6806.67
2022-07-25 02:38:23,9226.07,6783.12
2022-07-25 02:38:22,9241.47,6767.71
2022-07-25 02:38:21,9273.76,6735.43
2022-07-25 02:38:20,9290.44,6718.74
2022-07-25 02:38:19,9492.33,6516.86
2022-07-25 02:38:18,9577.93,6431.26
2022-07-25 02:38:17,9656.21,6352.98
2022-07-25 02:38:16,9832.41,6176.78
2022-07-25 02:38:15,10136.7,5872.45
2022-07-25 02:38:14,10290.2,5718.98
2022-07-25 02:38:13,10415.3,5593.86
2022-07-25 02:38:12,10525.9,5483.3
2022-07-25 02:38:11,10088.1,5921.09
2022-07-25 02:38:10,10167.2,5841.96
2022-07-25 02:38:09,9684.26,6324.93
2022-07-25 02:38:08,9167.67,6841.52
2022-07-25 02:38:07,9168.5,6840.68
2022-07-25 02:38:06,9170.14,6839.05
2022-07-25 02:38:05,9170.15,6839.03
2022-07-25 02:38:04,9171.46,6837.73
2022-07-25 02:38:03,9174.56,6834.63
2022-07-25 02:38:02,9175,6834.19
2022-07-25 02:38:01,9176.34,6832.85
2022-07-25 02:38:00,9176.53,6832.66
2022-07-25 02:37:59,9178.55,6830.64
2022-07-25 02:37:58,9177.49,6831.7
2022-07-25 02:37:57,9164.09,6845.1
2022-07-25 02:37:56,9247.91,6761.28
2022-07-25 02:37:55,9260.66,6748.52
2022-07-25 02:37:54,9509.37,6499.82
2022-07-25 02:37:53,9930.71,6078.48
2022-07-25 02:37:52,10071.2,5938.02
2022-07-25 02:37:51,10150.4,5858.75
2022-07-25 02:37:50,10206.2,5803
2022-07-25 02:37:49,10253.3,5755.89
2022-07-25 02:37:48,10354.4,5654.75
2022-07-25 02:37:47,10448.5,5560.64
2022-07-25 02:37:46,9217.33,6791.86
2022-07-25 02:37:45,9216.52,6792.67
2022-07-25 02:37:44,9237.52,6771.67
2022-07-25 02:37:43,9238.83,6770.36
2022-07-25 02:37:42,9238.02,6771.16
2022-07-25 02:37:41,9258.32,6750.87
2022-07-25 02:37:40,9260.61,6748.58
2022-07-25 02:37:39,9283.66,6725.53
2022-07-25 02:37:38,9321.22,6687.97
2022-07-25 02:37:37,9322.52,6686.67
2022-07-25 02:37:36,9377.61,6631.58
2022-07-25 02:37:35,9413.32,6595.87
2022-07-25 02:37:34,9436.31,6572.88
2022-07-25 02:37:33,9493.26,6515.93
2022-07-25 02:37:32,9689.79,6319.39
2022-07-25 02:37:31,9751.16,6258.03
2022-07-25 02:37:30,9859.6,6149.59
2022-07-25 02:37:29,10068,5941.18
2022-07-25 02:37:28,10252.1,5757.08
2022-07-25 02:37:27,10362.3,5646.85
2022-07-25 02:37:26,10445.1,5564.06
2022-07-25 02:37:25,10535.8,5473.4
2022-07-25 02:37:24,9975.58,6033.61
2022-07-25 02:37:23,9883.02,6126.17
2022-07-25 02:37:22,9581.06,6428.12
2022-07-25 02:37:21,8953.81,7055.38
2022-07-25 02:37:20,8953.98,7055.2
2022-07-25 02:37:19,8953.73,7055.46
2022-07-25 02:37:18,8956.09,7053.1
2022-07-25 02:37:17,8955.23,7053.96
2022-07-25 02:37:16,8954.47,7054.72
2022-07-25 02:37:15,8956.58,7052.61
2022-07-25 02:37:14,8956.24,7052.95
2022-07-25 02:37:13,8956.52,7052.67
2022-07-25 02:37:12,8957.26,7051.93
2022-07-25 02:37:11,8958.75,7050.44
2022-07-25 02:37:10,8936.42,7072.77
2022-07-25 02:37:09,8965,7044.19
2022-07-25 02:37:08,8977.4,7031.79
2022-07-25 02:37:07,9044.3,6964.88
2022-07-25 02:37:06,9349.31,6659.88
2022-07-25 02:37:05,9509.29,6499.9
2022-07-25 02:37:04,9810.43,6198.76
2022-07-25 02:37:03,9902.75,6106.44
2022-07-25 02:37:02,9948.85,6060.34
2022-07-25 02:37:01,10019.6,5989.63
2022-07-25 02:37:00,10116.3,5892.87
2022-07-25 02:36:59,9551.57,6457.61
2022-07-25 02:36:58,8952.3,7056.88
2022-07-25 02:36:57,8954.01,7055.18
2022-07-25 02:36:56,8954.48,7054.71
2022-07-25 02:36:55,8954.19,7055
2022-07-25 02:36:54,8954.92,7054.27
2022-07-25 02:36:53,8982.79,7026.4
2022-07-25 02:36:52,8982.78,7026.41
2022-07-25 02:36:51,8984.34,7024.85
2022-07-25 02:36:50,9014.28,6994.91
2022-07-25 02:36:49,9013.76,6995.43
2022-07-25 02:36:48,9015.32,6993.87
2022-07-25 02:36:47,9110.94,6898.25
2022-07-25 02:36:46,9105.89,6903.3
2022-07-25 02:36:45,9361.59,6647.59
2022-07-25 02:36:44,9485.42,6523.77
2022-07-25 02:36:43,9610.35,6398.84
2022-07-25 02:36:42,9779.3,6229.89
2022-07-25 02:36:41,10034.5,5974.73
2022-07-25 02:36:40,10225.4,5783.8
2022-07-25 02:36:39,10373,5636.23
2022-07-25 02:36:38,10452.5,5556.73
2022-07-25 02:36:37,10545,5464.16
2022-07-25 02:36:36,10117.9,5891.32
2022-07-25 02:36:35,10172.4,5836.84
2022-07-25 02:36:34,9675.96,6333.23
2022-07-25 02:36:33,9053.54,6955.65
2022-07-25 02:36:32,9052.73,6956.46
2022-07-25 02:36:31,9053.8,6955.39
2022-07-25 02:36:30,9056,6953.19
2022-07-25 02:36:29,9056.24,6952.95
2022-07-25 02:36:28,9055.55,6953.64
2022-07-25 02:36:27,9056.73,6952.46
2022-07-25 02:36:26,9059.56,6949.63
2022-07-25 02:36:25,9049.29,6959.9
2022-07-25 02:36:24,9050.92,6958.27
2022-07-25 02:36:23,9052.4,6956.79
2022-07-25 02:36:22,9048.18,6961
2022-07-25 02:36:21,9090.86,6918.33
2022-07-25 02:36:20,9149.04,6860.14
2022-07-25 02:36:19,9415.83,6593.36
2022-07-25 02:36:18,9527.25,6481.93
2022-07-25 02:36:17,9887.14,6122.05
2022-07-25 02:36:16,9988.33,6020.86
2022-07-25 02:36:15,10047.9,5961.32
2022-07-25 02:36:14,10117.4,5891.8
2022-07-25 02:36:13,10190.1,5819.07
2022-07-25 02:36:12,9726.9,6282.29
2022-07-25 02:36:11,9789.5,6219.69
2022-07-25 02:36:10,9803.83,6205.36
2022-07-25 02:36:09,9299.79,6709.4
2022-07-25 02:36:08,9314.2,6694.99
2022-07-25 02:36:07,9315.49,6693.7
2022-07-25 02:36:06,9316.22,6692.97
2022-07-25 02:36:05,9330.1,6679.09
2022-07-25 02:36:04,9330.4,6678.79
2022-07-25 02:36:03,9332.78,6676.41
2022-07-25 02:36:02,9358.73,6650.45
2022-07-25 02:36:01,9376.81,6632.38
2022-07-25 02:36:00,9376.38,6632.81
2022-07-25 02:35:59,9499.2,6509.99
2022-07-25 02:35:58,9493.39,6515.8
2022-07-25 02:35:57,9564.25,6444.94
2022-07-25 02:35:56,9755.2,6253.98
2022-07-25 02:35:55,9861.83,6147.36
2022-07-25 02:35:54,10333.7,5675.49
2022-07-25 02:35:53,10481.2,5528.01
2022-07-25 02:35:52,10569.2,5439.99
2022-07-25 02:35:51,10676.9,5332.27
2022-07-25 02:35:50,10761.6,5247.63
2022-07-25 02:35:49,10618.7,5390.48
2022-07-25 02:35:48,10451.4,5557.8
2022-07-25 02:35:47,9337.4,6671.79
2022-07-25 02:35:46,9338.8,6670.39
2022-07-25 02:35:45,9341.67,6667.52
2022-07-25 02:35:44,9355.16,6654.03
2022-07-25 02:35:43,9355.35,6653.84
2022-07-25 02:35:42,9356.96,6652.23
2022-07-25 02:35:41,9371.02,6638.17
2022-07-25 02:35:40,9372.19,6637
2022-07-25 02:35:39,9388.18,6621
2022-07-25 02:35:38,9388.89,6620.3
2022-07-25 02:35:37,9384.84,6624.34
2022-07-25 02:35:36,9398.39,6610.8
2022-07-25 02:35:35,9399.75,6609.44
2022-07-25 02:35:34,9445.87,6563.32
2022-07-25 02:35:33,9525.96,6483.23
2022-07-25 02:35:32,9678.09,6331.09
2022-07-25 02:35:31,9705.16,6304.02
2022-07-25 02:35:30,9773.48,6235.71
2022-07-25 02:35:29,9821.4,6187.79
2022-07-25 02:35:28,9904.74,6104.45
2022-07-25 02:35:27,10117.7,5891.46
2022-07-25 02:35:26,10174,5835.22
2022-07-25 02:35:25,9684.36,6324.82
2022-07-25 02:35:24,9709.95,6299.24
2022-07-25 02:35:23,9771.09,6238.1
2022-07-25 02:35:22,9815.7,6193.49
2022-07-25 02:35:21,9815.19,6194
2022-07-25 02:35:20,9329.73,6679.46
2022-07-25 02:35:19,9331.78,6677.41
2022-07-25 02:35:18,9364.9,6644.29
2022-07-25 02:35:17,9389.51,6619.68
2022-07-25 02:35:16,9391.21,6617.98
2022-07-25 02:35:15,9424.27,6584.92
2022-07-25 02:35:14,9456.41,6552.77
2022-07-25 02:35:13,9451.73,6557.46
2022-07-25 02:35:12,9526.88,6482.3
2022-07-25 02:35:11,9547.61,6461.58
2022-07-25 02:35:10,9719.49,6289.7
2022-07-25 02:35:09,9835.88,6173.3
2022-07-25 02:35:08,9904.47,6104.71
2022-07-25 02:35:07,10076.5,5932.69
2022-07-25 02:35:06,10403.6,5605.62
2022-07-25 02:35:05,10536,5473.2
2022-07-25 02:35:04,10654.1,5355.07
2022-07-25 02:35:03,10756.5,5252.66
2022-07-25 02:35:02,10321,5688.21
2022-07-25 02:35:01,10396,5613.19
2022-07-25 02:35:00,9922.16,6087.03
2022-07-25 02:34:59,9419.8,6589.38
2022-07-25 02:34:58,9449.73,6559.45
2022-07-25 02:34:57,9450.02,6559.17
2022-07-25 02:34:56,9452.39,6556.8
2022-07-25 02:34:55,9491.16,6518.02
2022-07-25 02:34:54,9491.68,6517.51
2022-07-25 02:34:53,9494.35,6514.84
2022-07-25 02:34:52,9528.47,6480.72
2022-07-25 02:34:51,9538.92,6470.27
2022-07-25 02:34:50,9558.21,6450.98
2022-07-25 02:34:49,9569.65,6439.54
2022-07-25 02:34:48,9584.4,6424.79
2022-07-25 02:34:47,9625.59,6383.6
2022-07-25 02:34:46,9698.26,6310.93
2022-07-25 02:34:45,9839.97,6169.21
2022-07-25 02:34:44,9864.73,6144.46
2022-07-25 02:34:43,9917.61,6091.58
2022-07-25 02:34:42,9941.68,6067.51
2022-07-25 02:34:41,9994.2,6014.98
2022-07-25 02:34:40,10093.1,5916.1
2022-07-25 02:34:39,9611.87,6397.32
2022-07-25 02:34:38,9800.47,6208.72
2022-07-25 02:34:37,9842.96,6166.23
2022-07-25 02:34:36,9872.82,6136.37
2022-07-25 02:34:35,9889.81,6119.38
2022-07-25 02:34:34,9972.13,6037.06
2022-07-25 02:34:33,10021.9,5987.33
2022-07-25 02:34:32,9519.61,6489.57
2022-07-25 02:34:31,9555.08,6454.11
2022-07-25 02:34:30,9574.83,6434.36
2022-07-25 02:34:29,9594.33,6414.86
2022-07-25 02:34:28,9617.67,6391.52
2022-07-25 02:34:27,9644.95,6364.23
2022-07-25 02:34:26,9657.69,6351.5
2022-07-25 02:34:25,9681.67,6327.52
2022-07-25 02:34:24,9736.66,6272.52
2022-07-25 02:34:23,9804.31,6204.87
2022-07-25 02:34:22,9971.32,6037.86
2022-07-25 02:34:21,10091.5,5917.68
2022-07-25 02:34:20,10272.9,5736.25
2022-07-25 02:34:19,10359.2,5649.96
2022-07-25 02:34:18,10565.3,5443.93
2022-07-25 02:34:17,10644.8,5364.39
2022-07-25 02:34:16,10752.9,5256.32
2022-07-25 02:34:15,10829,5180.23
2022-07-25 02:34:14,9766.84,6242.35
2022-07-25 02:34:13,9816.53,6192.66
2022-07-25 02:34:12,9319.04,6690.15
2022-07-25 02:34:11,9321.39,6687.79
2022-07-25 02:34:10,9321.61,6687.58
2022-07-25 02:34:09,9342.35,6666.84
2022-07-25 02:34:08,9342.8,6666.38
2022-07-25 02:34:07,9345.96,6663.23
2022-07-25 02:34:06,9353.44,6655.75
2022-07-25 02:34:05,9380.6,6628.59
2022-07-25 02:34:04,9381.22,6627.96
2022-07-25 02:34:03,9399.27,6609.92
2022-07-25 02:34:02,9426.51,6582.68
2022-07-25 02:34:01,9418.69,6590.5
2022-07-25 02:34:00,9453.24,6555.95
2022-07-25 02:33:59,9496.55,6512.63
2022-07-25 02:33:58,9644.28,6364.9
2022-07-25 02:33:57,9718.99,6290.2
2022-07-25 02:33:56,9769.51,6239.68
2022-07-25 02:33:55,9797.89,6211.29
2022-07-25 02:33:54,9858.99,6150.19
2022-07-25 02:33:53,9939.61,6069.57
2022-07-25 02:33:52,9995.32,6013.87
2022-07-25 02:33:51,9561.94,6447.25
2022-07-25 02:33:50,9597.64,6411.55
2022-07-25 02:33:49,9633,6376.18
2022-07-25 02:33:48,9657.44,6351.75
2022-07-25 02:33:47,9721.29,6287.9
2022-07-25 02:33:46,9779.22,6229.97
2022-07-25 02:33:45,9176.9,6832.29
2022-07-25 02:33:44,9208.36,6800.82
2022-07-25 02:33:43,9209.19,6800
2022-07-25 02:33:42,9190.27,6818.92
2022-07-25 02:33:41,9221.32,6787.87
2022-07-25 02:33:40,9222.92,6786.27
2022-07-25 02:33:39,9245.02,6764.16
2022-07-25 02:33:38,9260.84,6748.35
2022-07-25 02:33:37,9267.48,6741.71
2022-07-25 02:33:36,9338.32,6670.86
2022-07-25 02:33:35,9409.69,6599.5
2022-07-25 02:33:34,9604.82,6404.37
2022-07-25 02:33:33,9913.78,6095.41
2022-07-25 02:33:32,10009.2,5999.95
2022-07-25 02:33:31,10104.2,5904.95
2022-07-25 02:33:30,10182.5,5826.7
2022-07-25 02:33:29,10396.3,5612.92
2022-07-25 02:33:28,10536.5,5472.67
2022-07-25 02:33:27,10078.7,5930.5
2022-07-25 02:33:26,9593.95,6415.24
2022-07-25 02:33:25,9625.97,6383.21
2022-07-25 02:33:24,9669.94,6339.25
2022-07-25 02:33:23,9711.54,6297.65
2022-07-25 02:33:22,9712.52,6296.66
2022-07-25 02:33:21,9210.94,6798.25
2022-07-25 02:33:20,9212.37,6796.82
2022-07-25 02:33:19,9215.72,6793.47
2022-07-25 02:33:18,9218.61,6790.58
2022-07-25 02:33:17,9217.62,6791.57
2022-07-25 02:33:16,9224.22,6784.97
2022-07-25 02:33:15,9218.16,6791.03
2022-07-25 02:33:14,9251.11,6758.08
2022-07-25 02:33:13,9259.98,6749.2
2022-07-25 02:33:12,9492.7,6516.48
2022-07-25 02:33:11,9618.37,6390.81
2022-07-25 02:33:10,9693.26,6315.93
2022-07-25 02:33:09,9732.01,6277.18
2022-07-25 02:33:08,9757.59,6251.6
2022-07-25 02:33:07,9792.29,6216.9
2022-07-25 02:33:06,9843.39,6165.8
2022-07-25 02:33:05,9946.75,6062.44
2022-07-25 02:33:04,9476.93,6532.26
2022-07-25 02:33:03,9775.86,6233.33
2022-07-25 02:33:02,9850.19,6159
2022-07-25 02:33:01,9873.99,6135.2
2022-07-25 02:33:00,9929.16,6080.03
2022-07-25 02:32:59,9997.04,6012.15
2022-07-25 02:32:58,10043.1,5966.06
2022-07-25 02:32:57,10084.3,5924.89
2022-07-25 02:32:56,9615.13,6394.06
2022-07-25 02:32:55,9617.43,6391.75
2022-07-25 02:32:54,9657.03,6352.16
2022-07-25 02:32:53,9670.76,6338.43
2022-07-25 02:32:52,9677.71,6331.47
2022-07-25 02:32:51,9713.96,6295.22
2022-07-25 02:32:50,9732.94,6276.25
2022-07-25 02:32:49,9781.64,6227.55
2022-07-25 02:32:48,9970.4,6038.79
2022-07-25 02:32:47,10163.6,5845.62
2022-07-25 02:32:46,10237.6,5771.58
2022-07-25 02:32:45,10284.8,5724.39
2022-07-25 02:32:44,10339.7,5669.52
2022-07-25 02:32:43,10424.2,5585.01
2022-07-25 02:32:42,10538.1,5471.04
2022-07-25 02:32:41,10731.1,5278.09
2022-07-25 02:32:40,10301.3,5707.87
2022-07-25 02:32:39,9699.75,6309.43
2022-07-25 02:32:38,9724.7,6284.49
2022-07-25 02:32:37,9775.53,6233.65
2022-07-25 02:32:36,9824.89,6184.3
2022-07-25 02:32:35,9858.06,6151.13
2022-07-25 02:32:34,9245.43,6763.75
2022-07-25 02:32:33,9246.5,6762.69
2022-07-25 02:32:32,9245.99,6763.2
2022-07-25 02:32:31,9268.23,6740.96
2022-07-25 02:32:30,9274,6735.19
2022-07-25 02:32:29,9274.48,6734.71
2022-07-25 02:32:28,9300.81,6708.38
2022-07-25 02:32:27,9321.71,6687.48
2022-07-25 02:32:26,9338.66,6670.52
2022-07-25 02:32:25,9360.71,6648.48
2022-07-25 02:32:24,9434.78,6574.41
2022-07-25 02:32:23,9586.57,6422.62
2022-07-25 02:32:22,9606.3,6402.88
2022-07-25 02:32:21,9664.25,6344.94
2022-07-25 02:32:20,9691.95,6317.23
2022-07-25 02:32:19,9745.31,6263.87
2022-07-25 02:32:18,9836.57,6172.61
2022-07-25 02:32:17,9356.21,6652.98
2022-07-25 02:32:16,9540.47,6468.72
2022-07-25 02:32:15,9567.6,6441.59
2022-07-25 02:32:14,9592.15,6417.04
2022-07-25 02:32:13,9618.9,6390.29
2022-07-25 02:32:12,9669.38,6339.81
2022-07-25 02:32:11,9711.93,6297.25
2022-07-25 02:32:10,9212.85,6796.34
2022-07-25 02:32:09,9216.55,6792.64
2022-07-25 02:32:08,9217.19,6792
2022-07-25 02:32:07,9222.9,6786.29
2022-07-25 02:32:06,9246.66,6762.53
2022-07-25 02:32:05,9254.8,6754.39
2022-07-25 02:32:04,9255.52,6753.67
2022-07-25 02:32:03,9278.03,6731.15
2022-07-25 02:32:02,9284.44,6724.75
2022-07-25 02:32:01,9266.01,6743.18
2022-07-25 02:32:00,9372.44,6636.75
2022-07-25 02:31:59,9379.56,6629.62
2022-07-25 02:31:58,9725.77,6283.42
2022-07-25 02:31:57,9939.54,6069.65
2022-07-25 02:31:56,10066.3,5942.89
2022-07-25 02:31:55,10145.7,5863.5
2022-07-25 02:31:54,10241.1,5768.06
2022-07-25 02:31:53,10556.7,5452.54
2022-07-25 02:31:52,10700.7,5308.5
2022-07-25 02:31:51,10837.3,5171.92
2022-07-25 02:31:50,10154,5855.2
2022-07-25 02:31:49,9698.16,6311.02
2022-07-25 02:31:48,9765.32,6243.87
2022-07-25 02:31:47,9141.28,6867.91
2022-07-25 02:31:46,9147.38,6861.81
2022-07-25 02:31:45,9159.86,6849.33
2022-07-25 02:31:44,9161.99,6847.2
2022-07-25 02:31:43,9191.98,6817.2
2022-07-25 02:31:42,9192.25,6816.94
2022-07-25 02:31:41,9182.74,6826.45
2022-07-25 02:31:40,9215.47,6793.71
2022-07-25 02:31:39,9218.62,6790.56
2022-07-25 02:31:38,9256.24,6752.95
2022-07-25 02:31:37,9298.87,6710.31
2022-07-25 02:31:36,9492.71,6516.47
2022-07-25 02:31:35,9511.09,6498.09
2022-07-25 02:31:34,9558.15,6451.03
2022-07-25 02:31:33,9601.01,6408.18
2022-07-25 02:31:32,9653.58,6355.61
2022-07-25 02:31:31,9714.76,6294.43
2022-07-25 02:31:30,9136.16,6873.02
2022-07-25 02:31:29,9288.59,6720.6
2022-07-25 02:31:28,9305.09,6704.1
2022-07-25 02:31:27,9335.86,6673.32
2022-07-25 02:31:26,9360.99,6648.2
2022-07-25 02:31:25,9410.25,6598.94
2022-07-25 02:31:24,9454.77,6554.42
2022-07-25 02:31:23,9453.13,6556.06
2022-07-25 02:31:22,8939.76,7069.43
2022-07-25 02:31:21,8940.03,7069.16
2022-07-25 02:31:20,8940.45,7068.74
2022-07-25 02:31:19,8941.63,7067.55
2022-07-25 02:31:18,8943.73,7065.46
2022-07-25 02:31:17,8944.23,7064.96
2022-07-25 02:31:16,8941.39,7067.8
2022-07-25 02:31:15,8933.42,7075.77
2022-07-25 02:31:14,8992.4,7016.79
2022-07-25 02:31:13,8985.93,7023.25
2022-07-25 02:31:12,9298.89,6710.29
2022-07-25 02:31:11,9416.11,6593.08
2022-07-25 02:31:10,9721.09,6288.09
2022-07-25 02:31:09,9862.5,6146.69
2022-07-25 02:31:08,9958.16,6051.03
2022-07-25 02:31:07,10326.9,5682.25
2022-07-25 02:31:06,10441.1,5568.05
2022-07-25 02:31:05,10575.5,5433.7
2022-07-25 02:31:04,10664.7,5344.44
2022-07-25 02:31:03,10104.8,5904.34
2022-07-25 02:31:02,10158.2,5850.99
2022-07-25 02:31:01,9678.31,6330.87
2022-07-25 02:31:00,9490.64,6518.55
2022-07-25 02:30:59,9152.37,6856.81
2022-07-25 02:30:58,9152.49,6856.7
2022-07-25 02:30:57,9153.92,6855.27
2022-07-25 02:30:56,9154.91,6854.28
2022-07-25 02:30:55,9155.81,6853.37
2022-07-25 02:30:54,9149.3,6859.89
2022-07-25 02:30:53,9159.98,6849.21
2022-07-25 02:30:52,9224.98,6784.21
2022-07-25 02:30:51,9230.03,6779.16
2022-07-25 02:30:50,9474.75,6534.43
2022-07-25 02:30:49,9603.91,6405.28
2022-07-25 02:30:48,9668.7,6340.49
2022-07-25 02:30:47,9703.66,6305.52
2022-07-25 02:30:46,9752.85,6256.34
2022-07-25 02:30:45,9805.85,6203.34
2022-07-25 02:30:44,9857.37,6151.82
2022-07-25 02:30:43,9723.26,6285.93
2022-07-25 02:30:42,9401.79,6607.4
2022-07-25 02:30:41,9438.82,6570.37
2022-07-25 02:30:40,9621.23,6387.96
2022-07-25 02:30:39,9640.57,6368.62
2022-07-25 02:30:38,9672.94,6336.25
2022-07-25 02:30:37,9705.48,6303.71
2022-07-25 02:30:36,9756.66,6252.53
2022-07-25 02:30:35,9807.96,6201.23
2022-07-25 02:30:34,9809.68,6199.51
2022-07-25 02:30:33,9317.74,6691.45
2022-07-25 02:30:32,9319.88,6689.31
2022-07-25 02:30:31,9320.14,6689.04
2022-07-25 02:30:30,9356.65,6652.54
2022-07-25 02:30:29,9358.21,6650.98
2022-07-25 02:30:28,9362.16,6647.02
2022-07-25 02:30:27,9412.61,6596.57
2022-07-25 02:30:26,9411.33,6597.86
2022-07-25 02:30:25,9446.92,6562.27
2022-07-25 02:30:24,9529.4,6479.79
2022-07-25 02:30:23,9577.86,6431.33
2022-07-25 02:30:22,9867.27,6141.92
2022-07-25 02:30:21,10142.2,5867.03
2022-07-25 02:30:20,10239.5,5769.67
2022-07-25 02:30:19,10325.7,5683.5
2022-07-25 02:30:18,10570,5439.16
2022-07-25 02:30:17,10648.3,5360.91
2022-07-25 02:30:16,10770.6,5238.57
2022-07-25 02:30:15,10356.2,5653.03
2022-07-25 02:30:14,9910.16,6099.03
2022-07-25 02:30:13,9953.58,6055.61
2022-07-25 02:30:12,9351.2,6657.99
2022-07-25 02:30:11,9363.65,6645.54
2022-07-25 02:30:10,9364.86,6644.33
2022-07-25 02:30:09,9383.16,6626.02
2022-07-25 02:30:08,9400.94,6608.25
2022-07-25 02:30:07,9421.15,6588.04
2022-07-25 02:30:06,9428.7,6580.49
2022-07-25 02:30:05,9454.13,6555.06
2022-07-25 02:30:04,9487.34,6521.85
2022-07-25 02:30:03,9563.83,6445.36
2022-07-25 02:30:02,9714.41,6294.78
2022-07-25 02:30:01,9726.47,6282.72
2022-07-25 02:30:00,9766.09,6243.1
2022-07-25 02:29:59,9818.01,6191.18
2022-07-25 02:29:58,9872.57,6136.61
2022-07-25 02:29:57,9924.56,6084.63
2022-07-25 02:29:56,9311.51,6697.68
2022-07-25 02:29:55,9325.52,6683.67
2022-07-25 02:29:54,9366.35,6642.84
2022-07-25 02:29:53,9409.9,6599.29
2022-07-25 02:29:52,9587.27,6421.91
2022-07-25 02:29:51,9612.93,6396.26
2022-07-25 02:29:50,9654.88,6354.3
2022-07-25 02:29:49,9680.5,6328.68
2022-07-25 02:29:48,9749.53,6259.66
2022-07-25 02:29:47,9801.73,6207.46
2022-07-25 02:29:46,9212.36,6796.83
2022-07-25 02:29:45,9224.33,6784.86
2022-07-25 02:29:44,9241.78,6767.41
2022-07-25 02:29:43,9257.32,6751.87
2022-07-25 02:29:42,9256.99,6752.2
2022-07-25 02:29:41,9280.09,6729.09
2022-07-25 02:29:40,9294.36,6714.83
2022-07-25 02:29:39,9313.11,6696.08
2022-07-25 02:29:38,9329.27,6679.92
2022-07-25 02:29:37,9340.82,6668.36
2022-07-25 02:29:36,9374.11,6635.08
2022-07-25 02:29:35,9584.95,6424.24
2022-07-25 02:29:34,9654.53,6354.66
2022-07-25 02:29:33,10045.4,5963.79
2022-07-25 02:29:32,10213.8,5795.42
2022-07-25 02:29:31,10320.6,5688.54
2022-07-25 02:29:30,10421.8,5587.39
2022-07-25 02:29:29,10493.4,5515.78
2022-07-25 02:29:28,10624.2,5385.02
2022-07-25 02:29:27,10210.9,5798.26
2022-07-25 02:29:26,9602.5,6406.68
2022-07-25 02:29:25,8980.1,7029.09
2022-07-25 02:29:24,8979.38,7029.81
2022-07-25 02:29:23,8978.98,7030.2
2022-07-25 02:29:22,8982.86,7026.33
2022-07-25 02:29:21,8981.84,7027.35
2022-07-25 02:29:20,8969.68,7039.51
2022-07-25 02:29:19,9024.54,6984.64
2022-07-25 02:29:18,9030.57,6978.62
2022-07-25 02:29:17,9273.86,6735.32
2022-07-25 02:29:16,9386.94,6622.24
2022-07-25 02:29:15,9449.68,6559.5
2022-07-25 02:29:14,9480.79,6528.4
2022-07-25 02:29:13,9494.29,6514.9
2022-07-25 02:29:12,9543.66,6465.53
2022-07-25 02:29:11,9590.72,6418.47
2022-07-25 02:29:10,9605.94,6403.24
2022-07-25 02:29:09,8967.88,7041.31
2022-07-25 02:29:08,8968.21,7040.97
2022-07-25 02:29:07,9011.28,6997.91
2022-07-25 02:29:06,9006.13,7003.06
2022-07-25 02:29:05,9046.48,6962.71
2022-07-25 02:29:04,9367.21,6641.98
2022-07-25 02:29:03,9440.87,6568.32
2022-07-25 02:29:02,9476.91,6532.27
2022-07-25 02:29:01,9511.93,6497.26
2022-07-25 02:29:00,9560.53,6448.66
2022-07-25 02:28:59,9614.18,6395
2022-07-25 02:28:58,9641.53,6367.65
2022-07-25 02:28:57,9124.22,6884.97
2022-07-25 02:28:56,9123.45,6885.74
2022-07-25 02:28:55,9146,6863.19
2022-07-25 02:28:54,9145.84,6863.35
2022-07-25 02:28:53,9165.71,6843.48
2022-07-25 02:28:52,9156.92,6852.27
2022-07-25 02:28:51,9157.71,6851.48
2022-07-25 02:28:50,9189.66,6819.52
2022-07-25 02:28:49,9281.09,6728.09
2022-07-25 02:28:48,9477.66,6531.53
2022-07-25 02:28:47,9497.25,6511.94
2022-07-25 02:28:46,9780.43,6228.76
2022-07-25 02:28:45,10203.9,5805.25
2022-07-25 02:28:44,10369.8,5639.43
2022-07-25 02:28:43,10488.5,5520.67
2022-07-25 02:28:42,10591.2,5417.98
2022-07-25 02:28:41,10151.8,5857.42
2022-07-25 02:28:40,10228.5,5780.64
2022-07-25 02:28:39,10310.3,5698.86
2022-07-25 02:28:38,9063.14,6946.05
2022-07-25 02:28:37,9060,6949.19
2022-07-25 02:28:36,9065.64,6943.55
2022-07-25 02:28:35,9065.62,6943.57
2022-07-25 02:28:34,9068.48,6940.71
2022-07-25 02:28:33,9069.25,6939.94
2022-07-25 02:28:32,9079.34,6929.85
2022-07-25 02:28:31,9144,6865.19
2022-07-25 02:28:30,9145.4,6863.79
2022-07-25 02:28:29,9238.58,6770.61
2022-07-25 02:28:28,9479.29,6529.89
2022-07-25 02:28:27,9567.5,6441.69
2022-07-25 02:28:26,9609.68,6399.5
2022-07-25 02:28:25,9632.6,6376.59
2022-07-25 02:28:24,9678.14,6331.05
2022-07-25 02:28:23,9740.67,6268.52
2022-07-25 02:28:22,9765.23,6243.95
2022-07-25 02:28:21,9263.47,6745.72
2022-07-25 02:28:20,9264.68,6744.51
2022-07-25 02:28:19,9298.12,6711.07
2022-07-25 02:28:18,9317.25,6691.94
2022-07-25 02:28:17,9469.33,6539.86
2022-07-25 02:28:16,9524.4,6484.79
2022-07-25 02:28:15,9539.43,6469.76
2022-07-25 02:28:14,9569.32,6439.87
2022-07-25 02:28:13,9605.01,6404.18
2022-07-25 02:28:12,9652.06,6357.13
2022-07-25 02:28:11,9702.29,6306.89
2022-07-25 02:28:10,9195.4,6813.79
2022-07-25 02:28:09,9225.39,6783.79
2022-07-25 02:28:08,9227.62,6781.57
2022-07-25 02:28:07,9228.86,6780.32
2022-07-25 02:28:06,9250.15,6759.03
2022-07-25 02:28:05,9253.79,6755.4
2022-07-25 02:28:04,9278.78,6730.4
2022-07-25 02:28:03,9305.41,6703.78
2022-07-25 02:28:02,9460.76,6548.43
2022-07-25 02:28:01,9575.73,6433.46
2022-07-25 02:28:00,9621.43,6387.76
2022-07-25 02:27:59,9686.29,6322.9
2022-07-25 02:27:58,10060.9,5948.32
2022-07-25 02:27:57,10409.9,5599.3
2022-07-25 02:27:56,10593.3,5415.9
2022-07-25 02:27:55,10687.4,5321.81
2022-07-25 02:27:54,10108,5901.2
2022-07-25 02:27:53,10189.3,5819.86
2022-07-25 02:27:52,10266.6,5742.55
2022-07-25 02:27:51,10345.9,5663.32
2022-07-25 02:27:50,9199.17,6810.02
2022-07-25 02:27:49,9218.3,6790.89
2022-07-25 02:27:48,9228.54,6780.65
2022-07-25 02:27:47,9228.45,6780.74
2022-07-25 02:27:46,9231.13,6778.05
2022-07-25 02:27:45,9265.93,6743.26
2022-07-25 02:27:44,9270.04,6739.14
2022-07-25 02:27:43,9297.6,6711.59
2022-07-25 02:27:42,9352.5,6656.69
2022-07-25 02:27:41,9472.59,6536.6
2022-07-25 02:27:40,9576.71,6432.48
2022-07-25 02:27:39,9605.22,6403.97
2022-07-25 02:27:38,9643.87,6365.32
2022-07-25 02:27:37,9668.45,6340.74
2022-07-25 02:27:36,9733.79,6275.39
2022-07-25 02:27:35,9784.35,6224.84
2022-07-25 02:27:34,9292.61,6716.58
2022-07-25 02:27:33,9294.37,6714.82
2022-07-25 02:27:32,9321.63,6687.56
2022-07-25 02:27:31,9344.53,6664.66
2022-07-25 02:27:30,9497.95,6511.23
2022-07-25 02:27:29,9538.59,6470.6
2022-07-25 02:27:28,9561.27,6447.92
2022-07-25 02:27:27,9596.33,6412.86
2022-07-25 02:27:26,9641.6,6367.59
2022-07-25 02:27:25,9688.48,6320.7
2022-07-25 02:27:24,9718.62,6290.57
2022-07-25 02:27:23,9207.05,6802.14
2022-07-25 02:27:22,9210.01,6799.18
2022-07-25 02:27:21,9224.6,6784.59
2022-07-25 02:27:20,9213.96,6795.22
2022-07-25 02:27:19,9215.73,6793.45
2022-07-25 02:27:18,9294.93,6714.26
2022-07-25 02:27:17,9303.4,6705.79
2022-07-25 02:27:16,9607.6,6401.59
2022-07-25 02:27:15,9717.55,6291.63
2022-07-25 02:27:14,9750.45,6258.74
2022-07-25 02:27:13,9824.51,6184.68
2022-07-25 02:27:12,9925.51,6083.68
2022-07-25 02:27:11,10118.4,5890.74
2022-07-25 02:27:10,10372.8,5636.34
2022-07-25 02:27:09,10075,5934.21
2022-07-25 02:27:08,10178.8,5830.34
2022-07-25 02:27:07,10236.1,5773.07
2022-07-25 02:27:06,10307.8,5701.41
2022-07-25 02:27:05,10395.3,5613.85
2022-07-25 02:27:04,10470.9,5538.25
2022-07-25 02:27:03,9352.91,6656.28
2022-07-25 02:27:02,9372.03,6637.16
2022-07-25 02:27:01,9372.92,6636.27
2022-07-25 02:27:00,9376.28,6632.91
2022-07-25 02:26:59,9404.82,6604.36
2022-07-25 02:26:58,9405.45,6603.74
2022-07-25 02:26:57,9391.07,6618.12
2022-07-25 02:26:56,9417.77,6591.42
2022-07-25 02:26:55,9432.26,6576.93
2022-07-25 02:26:54,9477.61,6531.58
2022-07-25 02:26:53,9519.33,6489.86
2022-07-25 02:26:52,9712.71,6296.47
2022-07-25 02:26:51,9730.7,6278.48
2022-07-25 02:26:50,9762.24,6246.95
2022-07-25 02:26:49,9809.66,6199.53
2022-07-25 02:26:48,9861.74,6147.45
2022-07-25 02:26:47,9904.1,6105.09
2022-07-25 02:26:46,9293.15,6716.03
2022-07-25 02:26:45,9297.85,6711.34
2022-07-25 02:26:44,9336.13,6673.06
2022-07-25 02:26:43,9359.05,6650.14
2022-07-25 02:26:42,9566.4,6442.79
2022-07-25 02:26:41,9582.03,6427.16
2022-07-25 02:26:40,9612.93,6396.26
2022-07-25 02:26:39,9657.96,6351.23
2022-07-25 02:26:38,9702.52,6306.67
2022-07-25 02:26:37,9742.55,6266.64
2022-07-25 02:26:36,9770.24,6238.95
2022-07-25 02:26:35,9256.02,6753.16
2022-07-25 02:26:34,9256.02,6753.16
2022-07-25 02:26:33,9281.32,6727.86
2022-07-25 02:26:32,9315.41,6693.77
2022-07-25 02:26:31,9336.47,6672.72
2022-07-25 02:26:30,9363.55,6645.64
2022-07-25 02:26:29,9507.26,6501.93
2022-07-25 02:26:28,9590.7,6418.49
2022-07-25 02:26:27,9601.64,6407.55
2022-07-25 02:26:26,9725,6284.19
2022-07-25 02:26:25,9776.12,6233.07
2022-07-25 02:26:24,10002.6,6006.59
2022-07-25 02:26:23,10353.1,5656.06
2022-07-25 02:26:22,10477.1,5532.1
2022-07-25 02:26:21,10029.2,5979.99
2022-07-25 02:26:20,10097.9,5911.29
2022-07-25 02:26:19,10170.8,5838.36
2022-07-25 02:26:18,10254.1,5755.13
2022-07-25 02:26:17,9681.95,6327.24
2022-07-25 02:26:16,9188.93,6820.26
2022-07-25 02:26:15,9190.99,6818.2
2022-07-25 02:26:14,9193.83,6815.36
2022-07-25 02:26:13,9194.83,6814.36
2022-07-25 02:26:12,9195,6814.19
2022-07-25 02:26:11,9197.73,6811.46
2022-07-25 02:26:10,9198.95,6810.24
2022-07-25 02:26:09,9192.22,6816.96
2022-07-25 02:26:08,9194.23,6814.96
2022-07-25 02:26:07,9257.16,6752.02
2022-07-25 02:26:06,9268.08,6741.11
2022-07-25 02:26:05,9583.59,6425.6
2022-07-25 02:26:04,9666.55,6342.64
2022-07-25 02:26:03,9698.86,6310.33
2022-07-25 02:26:02,9728.15,6281.04
2022-07-25 02:26:01,9786.85,6222.34
2022-07-25 02:26:00,9851.49,6157.7
2022-07-25 02:25:59,9267.72,6741.47
2022-07-25 02:25:58,9264.95,6744.24
2022-07-25 02:25:57,9312.01,6697.18
2022-07-25 02:25:56,9311.89,6697.3
2022-07-25 02:25:55,9361.34,6647.84
2022-07-25 02:25:54,9383.81,6625.37
2022-07-25 02:25:53,9583.83,6425.36
2022-07-25 02:25:52,9601.72,6407.47
2022-07-25 02:25:51,9631.94,6377.25
2022-07-25 02:25:50,9674.28,6334.9
2022-07-25 02:25:49,9728.7,6280.48
2022-07-25 02:25:48,9805.61,6203.57
2022-07-25 02:25:47,9825.32,6183.86
2022-07-25 02:25:46,9329.77,6679.41
2022-07-25 02:25:45,9338.89,6670.3
2022-07-25 02:25:44,9359.67,6649.52
2022-07-25 02:25:43,9417.84,6591.35
2022-07-25 02:25:42,9453.73,6555.46
2022-07-25 02:25:41,9589.44,6419.75
2022-07-25 02:25:40,9717.84,6291.34
2022-07-25 02:25:39,9733.23,6275.95
2022-07-25 02:25:38,10055.5,5953.65
2022-07-25 02:25:37,10164.4,5844.8
2022-07-25 02:25:36,10304.1,5705.07
2022-07-25 02:25:35,10523.5,5485.68
2022-07-25 02:25:34,10068.8,5940.43
2022-07-25 02:25:33,10139.3,5869.94
2022-07-25 02:25:32,10213.7,5795.46
2022-07-25 02:25:31,10278.6,5730.57
2022-07-25 02:25:30,9700.03,6309.16
2022-07-25 02:25:29,9122,6887.19
2022-07-25 02:25:28,9122.71,6886.48
2022-07-25 02:25:27,9126.01,6883.18
2022-07-25 02:25:26,9125.45,6883.73
2022-07-25 02:25:25,9126.7,6882.49
2022-07-25 02:25:24,9128.95,6880.24
2022-07-25 02:25:23,9129.53,6879.66
2022-07-25 02:25:22,9160.15,6849.04
2022-07-25 02:25:21,9191.29,6817.9
2022-07-25 02:25:20,9291.48,6717.7
2022-07-25 02:25:19,9500.95,6508.24
2022-07-25 02:25:18,9583.84,6425.34
2022-07-25 02:25:17,9618.85,6390.34
2022-07-25 02:25:16,9633.49,6375.7
2022-07-25 02:25:15,9686.87,6322.31
2022-07-25 02:25:14,9765.63,6243.56
2022-07-25 02:25:13,9776.95,6232.24
2022-07-25 02:25:12,9299.98,6709.21
2022-07-25 02:25:11,9312.65,6696.54
2022-07-25 02:25:10,9317.15,6692.04
2022-07-25 02:25:09,9367.18,6642.01
2022-07-25 02:25:08,9389.78,6619.41
2022-07-25 02:25:07,9587.46,6421.73
2022-07-25 02:25:06,9620.73,6388.46
2022-07-25 02:25:05,9640.94,6368.25
2022-07-25 02:25:04,9667.26,6341.93
2022-07-25 02:25:03,9729.55,6279.63
2022-07-25 02:25:02,9783.43,6225.76
2022-07-25 02:25:01,9807.4,6201.79
2022-07-25 02:25:00,9198.26,6810.93
2022-07-25 02:24:59,9185.63,6823.55
2022-07-25 02:24:58,9207.52,6801.67
2022-07-25 02:24:57,9207.94,6801.25
2022-07-25 02:24:56,9221.77,6787.42
2022-07-25 02:24:55,9229.24,6779.95
2022-07-25 02:24:54,9267,6742.19
2022-07-25 02:24:53,9305.73,6703.46
2022-07-25 02:24:52,9589.68,6419.51
2022-07-25 02:24:51,9851.86,6157.33
2022-07-25 02:24:50,9985.86,6023.33
2022-07-25 02:24:49,10329.2,5680.01
2022-07-25 02:24:48,10435.6,5573.54
2022-07-25 02:24:47,10505.6,5503.57
2022-07-25 02:24:46,10625.5,5383.64
2022-07-25 02:24:45,10738.3,5270.89
2022-07-25 02:24:44,10838.2,5170.98
2022-07-25 02:24:43,9872.92,6136.27
2022-07-25 02:24:42,9356.21,6652.97
2022-07-25 02:24:41,9358.29,6650.9
2022-07-25 02:24:40,9369.32,6639.87
2022-07-25 02:24:39,9371.3,6637.88
2022-07-25 02:24:38,9386.81,6622.37
2022-07-25 02:24:37,9389.19,6620
2022-07-25 02:24:36,9400.24,6608.95
2022-07-25 02:24:35,9404.07,6605.12
2022-07-25 02:24:34,9433.57,6575.62
2022-07-25 02:24:33,9458.68,6550.5
2022-07-25 02:24:32,9616.45,6392.74
2022-07-25 02:24:31,9640.38,6368.8
2022-07-25 02:24:30,9668.04,6341.15
2022-07-25 02:24:29,9684.52,6324.67
2022-07-25 02:24:28,9734.88,6274.31
2022-07-25 02:24:27,9788.37,6220.82
2022-07-25 02:24:26,9797.91,6211.28
2022-07-25 02:24:25,9283.95,6725.23
2022-07-25 02:24:24,9293.7,6715.49
2022-07-25 02:24:23,9298.28,6710.91
2022-07-25 02:24:22,9333.64,6675.55
2022-07-25 02:24:21,9345.18,6664
2022-07-25 02:24:20,9636.66,6372.52
2022-07-25 02:24:19,9750.2,6258.98
2022-07-25 02:24:18,9804.68,6204.51
2022-07-25 02:24:17,9874.37,6134.81
2022-07-25 02:24:16,9914.58,6094.61
2022-07-25 02:24:15,9969.25,6039.93
2022-07-25 02:24:14,10021,5988.15
2022-07-25 02:24:13,9548.81,6460.38
2022-07-25 02:24:12,9587.04,6422.15
2022-07-25 02:24:11,9608.82,6400.37
2022-07-25 02:24:10,9613.41,6395.78
2022-07-25 02:24:09,9661.61,6347.57
2022-07-25 02:24:08,9685.38,6323.81
2022-07-25 02:24:07,9705.46,6303.73
2022-07-25 02:24:06,9710.53,6298.66
2022-07-25 02:24:05,9801.6,6207.59
2022-07-25 02:24:04,9860.9,6148.28
2022-07-25 02:24:03,10173.1,5836.08
2022-07-25 02:24:02,10259.3,5749.89
2022-07-25 02:24:01,10344.5,5664.72
2022-07-25 02:24:00,10408.2,5600.99
2022-07-25 02:23:59,10586.7,5422.46
2022-07-25 02:23:58,10743.6,5265.61
2022-07-25 02:23:57,10857,5152.14
2022-07-25 02:23:56,9787.27,6221.91
2022-07-25 02:23:55,9833.45,6175.73
2022-07-25 02:23:54,9882.56,6126.62
2022-07-25 02:23:53,9916.11,6093.08
2022-07-25 02:23:52,9304.96,6704.23
2022-07-25 02:23:51,9304,6705.19
2022-07-25 02:23:50,9312.38,6696.81
2022-07-25 02:23:49,9317.24,6691.94
2022-07-25 02:23:48,9346.43,6662.75
2022-07-25 02:23:47,9360.99,6648.2
2022-07-25 02:23:46,9524.25,6484.94
2022-07-25 02:23:45,9571.54,6437.65
2022-07-25 02:23:44,9593.4,6415.79
2022-07-25 02:23:43,9616.21,6392.98
2022-07-25 02:23:42,9676.59,6332.6
2022-07-25 02:23:41,9728.22,6280.96
2022-07-25 02:23:40,9252.99,6756.2
2022-07-25 02:23:39,9253.8,6755.38
2022-07-25 02:23:38,9263.27,6745.92
2022-07-25 02:23:37,9303.89,6705.3
2022-07-25 02:23:36,9306.68,6702.5
2022-07-25 02:23:35,9309.02,6700.17
2022-07-25 02:23:34,9367.58,6641.61
2022-07-25 02:23:33,9367.99,6641.2
2022-07-25 02:23:32,9507.28,6501.91
2022-07-25 02:23:31,9562.86,6446.32
2022-07-25 02:23:30,9587.8,6421.38
2022-07-25 02:23:29,9620.66,6388.53
2022-07-25 02:23:28,9652.93,6356.26
2022-07-25 02:23:27,9714.71,6294.48
2022-07-25 02:23:26,9749.52,6259.67
2022-07-25 02:23:25,9115.6,6893.59
2022-07-25 02:23:24,9132.68,6876.51
2022-07-25 02:23:23,9134.15,6875.04
2022-07-25 02:23:22,9140.43,6868.75
2022-07-25 02:23:21,9151.62,6857.57
2022-07-25 02:23:20,9152.25,6856.94
2022-07-25 02:23:19,9149.44,6859.75
2022-07-25 02:23:18,9137.55,6871.64
2022-07-25 02:23:17,9202.59,6806.6
2022-07-25 02:23:16,9240.73,6768.46
2022-07-25 02:23:15,9515.87,6493.31
2022-07-25 02:23:14,9777.66,6231.53
2022-07-25 02:23:13,9932.05,6077.14
2022-07-25 02:23:12,9985.61,6023.57
2022-07-25 02:23:11,10047.1,5962.12
2022-07-25 02:23:10,10418.7,5590.5
2022-07-25 02:23:09,10556.5,5452.72
2022-07-25 02:23:08,10706.8,5302.36
2022-07-25 02:23:07,9723.95,6285.23
2022-07-25 02:23:06,9700.69,6308.5
2022-07-25 02:23:05,9746.8,6262.39
2022-07-25 02:23:04,9803.53,6205.66
2022-07-25 02:23:03,9300.78,6708.41
2022-07-25 02:23:02,9299.73,6709.45
2022-07-25 02:23:01,9342.74,6666.45
2022-07-25 02:23:00,9368.38,6640.81
2022-07-25 02:22:59,9553.91,6455.28
2022-07-25 02:22:58,9575.23,6433.96
2022-07-25 02:22:57,9600.91,6408.27
2022-07-25 02:22:56,9618.73,6390.46
2022-07-25 02:22:55,9670.79,6338.39
2022-07-25 02:22:54,9721.24,6287.95
2022-07-25 02:22:53,9732.32,6276.86
2022-07-25 02:22:52,9237.91,6771.27
2022-07-25 02:22:51,9240.12,6769.07
2022-07-25 02:22:50,9243.85,6765.34
2022-07-25 02:22:49,9245.87,6763.32
2022-07-25 02:22:48,9247.43,6761.76
2022-07-25 02:22:47,9247.63,6761.55
2022-07-25 02:22:46,9294.32,6714.86
2022-07-25 02:22:45,9296.69,6712.49
2022-07-25 02:22:44,9494.98,6514.2
2022-07-25 02:22:43,9649.29,6359.9
2022-07-25 02:22:42,9727.52,6281.66
2022-07-25 02:22:41,9762.58,6246.61
2022-07-25 02:22:40,9801.98,6207.21
2022-07-25 02:22:39,9856.27,6152.91
2022-07-25 02:22:38,9889.21,6119.98
2022-07-25 02:22:37,9361.62,6647.57
2022-07-25 02:22:36,9366.97,6642.21
2022-07-25 02:22:35,9388.37,6620.82
2022-07-25 02:22:34,9391.16,6618.03
2022-07-25 02:22:33,9395.3,6613.89
2022-07-25 02:22:32,9439.03,6570.16
2022-07-25 02:22:31,9466.17,6543.02
2022-07-25 02:22:30,9498.51,6510.68
2022-07-25 02:22:29,9773.34,6235.84
2022-07-25 02:22:28,9908.25,6100.94
2022-07-25 02:22:27,10208.5,5800.66
2022-07-25 02:22:26,10254.3,5754.9
2022-07-25 02:22:25,10315.1,5694.14
2022-07-25 02:22:24,10416.9,5592.3
2022-07-25 02:22:23,10529.3,5479.87
2022-07-25 02:22:22,10715.4,5293.76
2022-07-25 02:22:21,9706.58,6302.61
2022-07-25 02:22:20,9727.61,6281.57
2022-07-25 02:22:19,9767.18,6242.01
2022-07-25 02:22:18,9829.44,6179.75
2022-07-25 02:22:17,9890.67,6118.52
2022-07-25 02:22:16,9548.22,6460.97
2022-07-25 02:22:15,9323,6686.19
2022-07-25 02:22:14,9336.59,6672.6
2022-07-25 02:22:13,9366.74,6642.45
2022-07-25 02:22:12,9407.95,6601.24
2022-07-25 02:22:11,9570.94,6438.25
2022-07-25 02:22:10,9593.38,6415.81
2022-07-25 02:22:09,9620.57,6388.62
2022-07-25 02:22:08,9660.35,6348.84
2022-07-25 02:22:07,9708.1,6301.09
2022-07-25 02:22:06,9753.39,6255.79
2022-07-25 02:22:05,9771.13,6238.06
2022-07-25 02:22:04,9254.88,6754.3
2022-07-25 02:22:03,9256.85,6752.34
2022-07-25 02:22:02,9271.55,6737.64
2022-07-25 02:22:01,9274.42,6734.77
2022-07-25 02:22:00,9280.54,6728.64
2022-07-25 02:21:59,9281.94,6727.25
2022-07-25 02:21:58,9304.94,6704.25
2022-07-25 02:21:57,9326.11,6683.07
2022-07-25 02:21:56,9465.75,6543.44
2022-07-25 02:21:55,9542.3,6466.88
2022-07-25 02:21:54,9556.02,6453.16
2022-07-25 02:21:53,9588.68,6420.51
2022-07-25 02:21:52,9633.06,6376.13
2022-07-25 02:21:51,9680.66,6328.53
2022-07-25 02:21:50,9706.94,6302.25
2022-07-25 02:21:49,9125.3,6883.89
2022-07-25 02:21:48,9126.2,6882.99
2022-07-25 02:21:47,9127.07,6882.12
2022-07-25 02:21:46,9137.57,6871.62
2022-07-25 02:21:45,9204.79,6804.39
2022-07-25 02:21:44,9206.03,6803.15
2022-07-25 02:21:43,9252.31,6756.88
2022-07-25 02:21:42,9575.3,6433.89
2022-07-25 02:21:41,9660.9,6348.29
2022-07-25 02:21:40,9851.6,6157.59
2022-07-25 02:21:39,9972.31,6036.88
2022-07-25 02:21:38,10004.2,6004.96
2022-07-25 02:21:37,10084.5,5924.71
2022-07-25 02:21:36,10453.7,5555.54
2022-07-25 02:21:35,10584.5,5424.72
2022-07-25 02:21:34,10064.7,5944.45
2022-07-25 02:21:33,10116.1,5893.1
2022-07-25 02:21:32,9535.3,6473.89
2022-07-25 02:21:31,9588.54,6420.64
2022-07-25 02:21:30,9627,6382.19
2022-07-25 02:21:29,8988.68,7020.51
2022-07-25 02:21:28,8989.57,7019.61
2022-07-25 02:21:27,9022.96,6986.22
2022-07-25 02:21:26,9023.35,6985.84
2022-07-25 02:21:25,9047.27,6961.92
2022-07-25 02:21:24,9079.87,6929.32
2022-07-25 02:21:23,9133.46,6875.73
2022-07-25 02:21:22,9299.31,6709.88
2022-07-25 02:21:21,9311.11,6698.07
2022-07-25 02:21:20,9344.16,6665.03
2022-07-25 02:21:19,9383.27,6625.91
2022-07-25 02:21:18,9427.44,6581.75
2022-07-25 02:21:17,9456.19,6553
2022-07-25 02:21:16,8951.71,7057.47
2022-07-25 02:21:15,8953.52,7055.66
2022-07-25 02:21:14,8954.71,7054.48
2022-07-25 02:21:13,8952.08,7057.11
2022-07-25 02:21:12,8952.5,7056.69
2022-07-25 02:21:11,8938.99,7070.2
2022-07-25 02:21:10,8940.71,7068.48
2022-07-25 02:21:09,8967.55,7041.64
2022-07-25 02:21:08,8991.44,7017.75
2022-07-25 02:21:07,9047.96,6961.23
2022-07-25 02:21:06,9333.73,6675.45
2022-07-25 02:21:05,9410.18,6599.01
2022-07-25 02:21:04,9435.86,6573.32
2022-07-25 02:21:03,9455.05,6554.14
2022-07-25 02:21:02,9512.45,6496.73
2022-07-25 02:21:01,9561.6,6447.59
2022-07-25 02:21:00,9570.12,6439.06
2022-07-25 02:20:59,8970.64,7038.55
2022-07-25 02:20:58,8990.18,7019.01
2022-07-25 02:20:57,9020.98,6988.2
2022-07-25 02:20:56,9052.44,6956.75
2022-07-25 02:20:55,9389.83,6619.36
2022-07-25 02:20:54,9458.55,6550.64
2022-07-25 02:20:53,9813.79,6195.4
2022-07-25 02:20:52,9908.25,6100.93
2022-07-25 02:20:51,10023.9,5985.25
2022-07-25 02:20:50,10106,5903.23
2022-07-25 02:20:49,10387.9,5621.27
2022-07-25 02:20:48,10563,5446.23
2022-07-25 02:20:47,10205.4,5803.8
2022-07-25 02:20:46,10266,5743.18
2022-07-25 02:20:45,9671.05,6338.14
2022-07-25 02:20:44,9736.75,6272.43
2022-07-25 02:20:43,9777.86,6231.32
2022-07-25 02:20:42,9271.16,6738.03
2022-07-25 02:20:41,9273.5,6735.68
2022-07-25 02:20:40,9274.54,6734.65
2022-07-25 02:20:39,9273.46,6735.73
2022-07-25 02:20:38,9273.29,6735.89
2022-07-25 02:20:37,9314.91,6694.28
2022-07-25 02:20:36,9329.35,6679.84
2022-07-25 02:20:35,9484.32,6524.87
2022-07-25 02:20:34,9537.5,6471.68
2022-07-25 02:20:33,9556.7,6452.48
2022-07-25 02:20:32,9584.2,6424.99
2022-07-25 02:20:31,9627.38,6381.81
2022-07-25 02:20:30,9678.82,6330.36
2022-07-25 02:20:29,9698.02,6311.17
2022-07-25 02:20:28,9191.91,6817.28
2022-07-25 02:20:27,9196.25,6812.94
2022-07-25 02:20:26,9196.38,6812.81
2022-07-25 02:20:25,9197.79,6811.4
2022-07-25 02:20:24,9201.49,6807.7
2022-07-25 02:20:23,9191.6,6817.59
2022-07-25 02:20:22,9191.89,6817.3
2022-07-25 02:20:21,9233.2,6775.99
2022-07-25 02:20:20,9237.02,6772.17
2022-07-25 02:20:19,9524.53,6484.66
2022-07-25 02:20:18,9626.51,6382.68
2022-07-25 02:20:17,9699.76,6309.43
2022-07-25 02:20:16,9736.84,6272.35
2022-07-25 02:20:15,9781.84,6227.34
2022-07-25 02:20:14,9861.95,6147.23
2022-07-25 02:20:13,9901.92,6107.27
2022-07-25 02:20:12,9304.04,6705.15
2022-07-25 02:20:11,9306.03,6703.16
2022-07-25 02:20:10,9309.19,6700
2022-07-25 02:20:09,9418.47,6590.72
2022-07-25 02:20:08,9446.9,6562.29
2022-07-25 02:20:07,9730.42,6278.77
2022-07-25 02:20:06,9984.97,6024.22
2022-07-25 02:20:05,10104.2,5905.04
2022-07-25 02:20:04,10172.2,5837.02
2022-07-25 02:20:03,10221.6,5787.57
2022-07-25 02:20:02,10350.1,5659.13
2022-07-25 02:20:01,10464.2,5544.95
2022-07-25 02:20:00,10685.5,5323.73
2022-07-25 02:19:59,9709.85,6299.34
2022-07-25 02:19:58,9736.61,6272.57
2022-07-25 02:19:57,9803.08,6206.11
2022-07-25 02:19:56,9858.18,6151.01
2022-07-25 02:19:55,9896.26,6112.93
2022-07-25 02:19:54,9372.53,6636.66
2022-07-25 02:19:53,9378.08,6631.11
2022-07-25 02:19:52,9411.66,6597.52
2022-07-25 02:19:51,9413.38,6595.81
2022-07-25 02:19:50,9455.91,6553.27
2022-07-25 02:19:49,9461.66,6547.53
2022-07-25 02:19:48,9511.19,6497.99
2022-07-25 02:19:47,9664.11,6345.08
2022-07-25 02:19:46,9678.55,6330.64
2022-07-25 02:19:45,9712.13,6297.05
2022-07-25 02:19:44,9744.84,6264.34
2022-07-25 02:19:43,9795.35,6213.84
2022-07-25 02:19:42,9834.41,6174.77
2022-07-25 02:19:41,9320.36,6688.82
2022-07-25 02:19:40,9321.86,6687.33
2022-07-25 02:19:39,9321.27,6687.92
2022-07-25 02:19:38,9326.96,6682.23
2022-07-25 02:19:37,9328.15,6681.03
2022-07-25 02:19:36,9329.5,6679.69
2022-07-25 02:19:35,9326.3,6682.88
2022-07-25 02:19:34,9338.19,6670.99
2022-07-25 02:19:33,9386.97,6622.22
2022-07-25 02:19:32,9403.16,6606.03
2022-07-25 02:19:31,9733.78,6275.41
2022-07-25 02:19:30,9790.34,6218.85
2022-07-25 02:19:29,9835.82,6173.37
2022-07-25 02:19:28,9900.06,6109.13
2022-07-25 02:19:27,9959.91,6049.28
2022-07-25 02:19:26,10007.7,6001.52
2022-07-25 02:19:25,10060.1,5949.05
2022-07-25 02:19:24,9590.65,6418.53
2022-07-25 02:19:23,9610.27,6398.92
2022-07-25 02:19:22,9667.68,6341.51
2022-07-25 02:19:21,9726.5,6282.68
2022-07-25 02:19:20,9888.59,6120.59
2022-07-25 02:19:19,10106.9,5902.25
2022-07-25 02:19:18,10186.4,5822.83
2022-07-25 02:19:17,10229.5,5779.67
2022-07-25 02:19:16,10320.5,5688.71
2022-07-25 02:19:15,10412,5597.16
2022-07-25 02:19:14,10529.6,5479.61
2022-07-25 02:19:13,10258.1,5751.08
2022-07-25 02:19:12,10288.6,5720.59
2022-07-25 02:19:11,9805.12,6204.06
2022-07-25 02:19:10,9853.25,6155.93
2022-07-25 02:19:09,9887.53,6121.66
2022-07-25 02:19:08,9912.92,6096.27
2022-07-25 02:19:07,9403.64,6605.55
2022-07-25 02:19:06,9406.45,6602.73
2022-07-25 02:19:05,9432.85,6576.34
2022-07-25 02:19:04,9467.32,6541.87
2022-07-25 02:19:03,9471.66,6537.53
2022-07-25 02:19:02,9510.78,6498.41
2022-07-25 02:19:01,9537.37,6471.82
2022-07-25 02:19:00,9579.35,6429.84
2022-07-25 02:18:59,9771.9,6237.29
2022-07-25 02:18:58,9793.34,6215.85
2022-07-25 02:18:57,9823.2,6185.98
2022-07-25 02:18:56,9872.89,6136.3
2022-07-25 02:18:55,9927.07,6082.12
2022-07-25 02:18:54,9972.08,6037.11
2022-07-25 02:18:53,9986.47,6022.72
2022-07-25 02:18:52,9507.36,6501.82
2022-07-25 02:18:51,9503.06,6506.13
2022-07-25 02:18:50,9510.7,6498.49
2022-07-25 02:18:49,9538.73,6470.46
2022-07-25 02:18:48,9557,6452.19
2022-07-25 02:18:47,9569.62,6439.56
2022-07-25 02:18:46,9585.37,6423.82
2022-07-25 02:18:45,9599.55,6409.64
2022-07-25 02:18:44,9643.58,6365.61
2022-07-25 02:18:43,9705.27,6303.91
2022-07-25 02:18:42,9869.18,6140
2022-07-25 02:18:41,9917.68,6091.51
2022-07-25 02:18:40,9942.51,6066.68
2022-07-25 02:18:39,10018.8,5990.4
2022-07-25 02:18:38,10066.2,5943.03
2022-07-25 02:18:37,10112.4,5896.81
2022-07-25 02:18:36,10179.4,5829.81
2022-07-25 02:18:35,9666.59,6342.6
2022-07-25 02:18:34,9723.46,6285.72
2022-07-25 02:18:33,9796.74,6212.45
2022-07-25 02:18:32,10003.5,6005.64
2022-07-25 02:18:31,10177.5,5831.72
2022-07-25 02:18:30,10252.5,5756.64
2022-07-25 02:18:29,10284.3,5724.93
2022-07-25 02:18:28,10357.5,5651.69
2022-07-25 02:18:27,10486.2,5523
2022-07-25 02:18:26,10570.8,5438.43
2022-07-25 02:18:25,10233.3,5775.86
2022-07-25 02:18:24,9699.89,6309.29
2022-07-25 02:18:23,9730.13,6279.06
2022-07-25 02:18:22,9782.14,6227.04
2022-07-25 02:18:21,9834.86,6174.33
2022-07-25 02:18:20,9876.98,6132.2
2022-07-25 02:18:19,9277.07,6732.11
2022-07-25 02:18:18,9276.68,6732.51
2022-07-25 02:18:17,9279.95,6729.24
2022-07-25 02:18:16,9337.94,6671.25
2022-07-25 02:18:15,9360.67,6648.52
2022-07-25 02:18:14,9543.93,6465.26
2022-07-25 02:18:13,9576.76,6432.43
2022-07-25 02:18:12,9612.42,6396.77
2022-07-25 02:18:11,9640.18,6369.01
2022-07-25 02:18:10,9681.06,6328.13
2022-07-25 02:18:09,9746.9,6262.29
2022-07-25 02:18:08,9246.91,6762.28
2022-07-25 02:18:07,9258.04,6751.14
2022-07-25 02:18:06,9270.38,6738.81
2022-07-25 02:18:05,9271.38,6737.81
2022-07-25 02:18:04,9272.76,6736.43
2022-07-25 02:18:03,9293.45,6715.74
2022-07-25 02:18:02,9293.67,6715.52
2022-07-25 02:18:01,9311.71,6697.47
2022-07-25 02:18:00,9322.27,6686.91
2022-07-25 02:17:59,9338.55,6670.64
2022-07-25 02:17:58,9339.29,6669.89
2022-07-25 02:17:57,9385.82,6623.37
2022-07-25 02:17:56,9402.09,6607.1
2022-07-25 02:17:55,9560.3,6448.88
2022-07-25 02:17:54,9602.85,6406.34
2022-07-25 02:17:53,9648.87,6360.32
2022-07-25 02:17:52,9673.11,6336.08
2022-07-25 02:17:51,9720.55,6288.64
2022-07-25 02:17:50,9798.3,6210.89
2022-07-25 02:17:49,9812.59,6196.6
2022-07-25 02:17:48,9199.52,6809.66
2022-07-25 02:17:47,9286.63,6722.56
2022-07-25 02:17:46,9343.01,6666.18
2022-07-25 02:17:45,9503.81,6505.38
2022-07-25 02:17:44,9802.57,6206.62
2022-07-25 02:17:43,9896.85,6112.34
2022-07-25 02:17:42,10012.3,5996.91
2022-07-25 02:17:41,10085.9,5923.29
2022-07-25 02:17:40,10379.3,5629.89
2022-07-25 02:17:39,10572.3,5436.85
2022-07-25 02:17:38,10109.7,5899.48
2022-07-25 02:17:37,10156,5853.17
2022-07-25 02:17:36,9714.68,6294.5
2022-07-25 02:17:35,9768.04,6241.15
2022-07-25 02:17:34,9784.78,6224.41
2022-07-25 02:17:33,9169.02,6840.17
2022-07-25 02:17:32,9170.3,6838.89
2022-07-25 02:17:31,9170.94,6838.25
2022-07-25 02:17:30,9175.11,6834.07
2022-07-25 02:17:29,9175.82,6833.37
2022-07-25 02:17:28,9222.2,6786.99
2022-07-25 02:17:27,9230.46,6778.72
2022-07-25 02:17:26,9385.16,6624.03
2022-07-25 02:17:25,9445.78,6563.4
2022-07-25 02:17:24,9457.96,6551.23
2022-07-25 02:17:23,9489.39,6519.8
2022-07-25 02:17:22,9526.11,6483.08
2022-07-25 02:17:21,9573.89,6435.3
2022-07-25 02:17:20,9605.25,6403.93
2022-07-25 02:17:19,9097.99,6911.2
2022-07-25 02:17:18,9102.09,6907.1
2022-07-25 02:17:17,9101.04,6908.15
2022-07-25 02:17:16,9102.95,6906.23
2022-07-25 02:17:15,9101.5,6907.69
2022-07-25 02:17:14,9105.47,6903.71
2022-07-25 02:17:13,9104.78,6904.4
2022-07-25 02:17:12,9094.46,6914.73
2022-07-25 02:17:11,9137.15,6872.04
2022-07-25 02:17:10,9162.84,6846.34
2022-07-25 02:17:09,9284.35,6724.84
2022-07-25 02:17:08,9480.77,6528.41
2022-07-25 02:17:07,9580.64,6428.55
2022-07-25 02:17:06,9612.89,6396.29
2022-07-25 02:17:05,9640.52,6368.67
2022-07-25 02:17:04,9709.8,6299.38
2022-07-25 02:17:03,9760.43,6248.76
2022-07-25 02:17:02,9801.84,6207.35
2022-07-25 02:17:01,9356.11,6653.08
2022-07-25 02:17:00,9468.36,6540.83
2022-07-25 02:16:59,9686.23,6322.96
2022-07-25 02:16:58,9803.54,6205.65
2022-07-25 02:16:57,9829.72,6179.47
2022-07-25 02:16:56,10039.7,5969.44
2022-07-25 02:16:55,10138.6,5870.64
2022-07-25 02:16:54,10200.3,5808.9
2022-07-25 02:16:53,10501.6,5507.62
2022-07-25 02:16:52,10029.9,5979.31
2022-07-25 02:16:51,10154.4,5854.79
2022-07-25 02:16:50,10224.4,5784.77
2022-07-25 02:16:49,10228.1,5781.07
2022-07-25 02:16:48,9831.04,6178.14
2022-07-25 02:16:47,9879.11,6130.07
2022-07-25 02:16:46,9391.41,6617.78
2022-07-25 02:16:45,9390.4,6618.79
2022-07-25 02:16:44,9393.08,6616.11
2022-07-25 02:16:43,9405.28,6603.91
2022-07-25 02:16:42,9405.06,6604.13
2022-07-25 02:16:41,9455.18,6554.01
2022-07-25 02:16:40,9469.26,6539.93
2022-07-25 02:16:39,9641.29,6367.89
2022-07-25 02:16:38,9681.18,6328.01
2022-07-25 02:16:37,9713.28,6295.91
2022-07-25 02:16:36,9727.84,6281.35
2022-07-25 02:16:35,9778.25,6230.94
2022-07-25 02:16:34,9830.27,6178.92
2022-07-25 02:16:33,9333.41,6675.78
2022-07-25 02:16:32,9335.21,6673.98
2022-07-25 02:16:31,9338.21,6670.97
2022-07-25 02:16:30,9339.57,6669.62
2022-07-25 02:16:29,9341.78,6667.41
2022-07-25 02:16:28,9351.41,6657.78
2022-07-25 02:16:27,9353.32,6655.86
2022-07-25 02:16:26,9353.34,6655.84
2022-07-25 02:16:25,9404.76,6604.43
2022-07-25 02:16:24,9416.09,6593.09
2022-07-25 02:16:23,9415.7,6593.49
2022-07-25 02:16:22,9479.22,6529.96
2022-07-25 02:16:21,9500.95,6508.24
2022-07-25 02:16:20,9643.95,6365.23
2022-07-25 02:16:19,9706,6303.18
2022-07-25 02:16:18,9748.59,6260.6
2022-07-25 02:16:17,9786.61,6222.57
2022-07-25 02:16:16,9815.94,6193.25
2022-07-25 02:16:15,9910.82,6098.37
2022-07-25 02:16:14,9959.85,6049.34
2022-07-25 02:16:13,9460.98,6548.21
2022-07-25 02:16:12,9536.94,6472.25
2022-07-25 02:16:11,9601.39,6407.8
2022-07-25 02:16:10,10053.4,5955.83
2022-07-25 02:16:09,10168.9,5840.25
2022-07-25 02:16:08,10265.3,5743.89
2022-07-25 02:16:07,10338.2,5670.97
2022-07-25 02:16:06,10506.8,5502.36
2022-07-25 02:16:05,10656.1,5353.04
2022-07-25 02:16:04,10770.1,5239.11
2022-07-25 02:16:03,10204.9,5804.32
2022-07-25 02:16:02,9719.98,6289.2
2022-07-25 02:16:01,9773.77,6235.42
2022-07-25 02:16:00,9791.77,6217.42
2022-07-25 02:15:59,9224.42,6784.77
2022-07-25 02:15:58,9216.61,6792.58
2022-07-25 02:15:57,9218.49,6790.69
2022-07-25 02:15:56,9261.08,6748.11
2022-07-25 02:15:55,9299.25,6709.94
2022-07-25 02:15:54,9343.45,6665.74
2022-07-25 02:15:53,9530.71,6478.48
2022-07-25 02:15:52,9547.07,6462.12
2022-07-25 02:15:51,9582.35,6426.84
2022-07-25 02:15:50,9616.46,6392.73
2022-07-25 02:15:49,9660.54,6348.65
2022-07-25 02:15:48,9700.6,6308.59
2022-07-25 02:15:47,9183.26,6825.93
2022-07-25 02:15:46,9186.64,6822.55
2022-07-25 02:15:45,9187.13,6822.06
2022-07-25 02:15:44,9204.41,6804.78
2022-07-25 02:15:43,9206.2,6802.99
2022-07-25 02:15:42,9207.9,6801.28
2022-07-25 02:15:41,9219.74,6789.45
2022-07-25 02:15:40,9222.16,6787.02
2022-07-25 02:15:39,9230.22,6778.97
2022-07-25 02:15:38,9251.91,6757.28
2022-07-25 02:15:37,9252.18,6757
2022-07-25 02:15:36,9281.8,6727.39
2022-07-25 02:15:35,9291.68,6717.51
2022-07-25 02:15:34,9294.78,6714.41
2022-07-25 02:15:33,9352.14,6657.04
2022-07-25 02:15:32,9392.53,6616.65
2022-07-25 02:15:31,9570.06,6439.13
2022-07-25 02:15:30,9588.25,6420.94
2022-07-25 02:15:29,9636.95,6372.24
2022-07-25 02:15:28,9666.07,6343.12
2022-07-25 02:15:27,9713.4,6295.79
2022-07-25 02:15:26,9781.98,6227.2
2022-07-25 02:15:25,9320.46,6688.73
2022-07-25 02:15:24,9373.58,6635.6
2022-07-25 02:15:23,9453.29,6555.9
2022-07-25 02:15:22,9796.71,6212.48
2022-07-25 02:15:21,10004.1,6005.06
2022-07-25 02:15:20,10187.4,5821.77
2022-07-25 02:15:19,10437.8,5571.43
2022-07-25 02:15:18,10544.5,5464.71
2022-07-25 02:15:17,10659.5,5349.71
2022-07-25 02:15:16,10791.6,5217.62
2022-07-25 02:15:15,10364.6,5644.58
2022-07-25 02:15:14,9793.02,6216.17
2022-07-25 02:15:13,9318.78,6690.41
2022-07-25 02:15:12,9322.23,6686.96
2022-07-25 02:15:11,9321.64,6687.55
2022-07-25 02:15:10,9364.66,6644.52
2022-07-25 02:15:09,9367.05,6642.13
2022-07-25 02:15:08,9398.41,6610.78
2022-07-25 02:15:07,9432.92,6576.27
2022-07-25 02:15:06,9468.25,6540.93
2022-07-25 02:15:05,9658.8,6350.39
2022-07-25 02:15:04,9679.53,6329.66
2022-07-25 02:15:03,9711.55,6297.64
2022-07-25 02:15:02,9740.57,6268.62
2022-07-25 02:15:01,9802.86,6206.33
2022-07-25 02:15:00,9841.96,6167.23
2022-07-25 02:14:59,9339.32,6669.86
2022-07-25 02:14:58,9352.93,6656.26
2022-07-25 02:14:57,9355.34,6653.85
2022-07-25 02:14:56,9357.5,6651.69
2022-07-25 02:14:55,9371.6,6637.59
2022-07-25 02:14:54,9373.59,6635.6
2022-07-25 02:14:53,9378.08,6631.11
2022-07-25 02:14:52,9396.52,6612.67
2022-07-25 02:14:51,9399.03,6610.16
2022-07-25 02:14:50,9412.75,6596.43
2022-07-25 02:14:49,9413.83,6595.36
2022-07-25 02:14:48,9426.25,6582.94
2022-07-25 02:14:47,9458.66,6550.53
2022-07-25 02:14:46,9512.53,6496.66
2022-07-25 02:14:45,9676.23,6332.96
2022-07-25 02:14:44,9686.06,6323.13
2022-07-25 02:14:43,9731.04,6278.14
2022-07-25 02:14:42,9758.73,6250.46
2022-07-25 02:14:41,9845.85,6163.33
2022-07-25 02:14:40,9916.83,6092.36
2022-07-25 02:14:39,9305.7,6703.49
2022-07-25 02:14:38,9341.18,6668.01
2022-07-25 02:14:37,9443.98,6565.2
2022-07-25 02:14:36,9454.93,6554.25
2022-07-25 02:14:35,9721.47,6287.72
2022-07-25 02:14:34,10042.2,5967.02
2022-07-25 02:14:33,10138.1,5871.14
2022-07-25 02:14:32,10387.1,5622.13
2022-07-25 02:14:31,10466.3,5542.89
2022-07-25 02:14:30,10546.4,5462.78
2022-07-25 02:14:29,10662.5,5346.72
2022-07-25 02:14:28,10252,5757.16
2022-07-25 02:14:27,10309,5700.15
2022-07-25 02:14:26,9327.76,6681.43
2022-07-25 02:14:25,9329.04,6680.14
2022-07-25 02:14:24,9334.17,6675.02
2022-07-25 02:14:23,9382.45,6626.73
2022-07-25 02:14:22,9383.93,6625.26
2022-07-25 02:14:21,9384.76,6624.43
2022-07-25 02:14:20,9447.95,6561.24
2022-07-25 02:14:19,9455.86,6553.32
2022-07-25 02:14:18,9607.35,6401.84
2022-07-25 02:14:17,9657.7,6351.49
2022-07-25 02:14:16,9680.03,6329.16
2022-07-25 02:14:15,9706.18,6303.01
2022-07-25 02:14:14,9752.11,6257.08
2022-07-25 02:14:13,9798.1,6211.09
2022-07-25 02:14:12,9824.74,6184.45
2022-07-25 02:14:11,9304.21,6704.98
2022-07-25 02:14:10,9305.94,6703.24
2022-07-25 02:14:09,9309.87,6699.32
2022-07-25 02:14:08,9313.05,6696.13
2022-07-25 02:14:07,9314.94,6694.24
2022-07-25 02:14:06,9315.69,6693.5
2022-07-25 02:14:05,9318.83,6690.36
2022-07-25 02:14:04,9321.17,6688.02
2022-07-25 02:14:03,9320.69,6688.5
2022-07-25 02:14:02,9333.73,6675.46
2022-07-25 02:14:01,9347.65,6661.54
2022-07-25 02:14:00,9384.14,6625.05
2022-07-25 02:13:59,9407.66,6601.53
2022-07-25 02:13:58,9722.01,6287.18
2022-07-25 02:13:57,9799.86,6209.33
2022-07-25 02:13:56,9869.07,6140.12
2022-07-25 02:13:55,9964.47,6044.72
2022-07-25 02:13:54,9988.25,6020.94
2022-07-25 02:13:53,10054.7,5954.52
2022-07-25 02:13:52,10129.6,5879.63
2022-07-25 02:13:51,10182.9,5826.25
2022-07-25 02:13:50,9681.49,6327.7
2022-07-25 02:13:49,9889.26,6119.93
2022-07-25 02:13:48,10009.9,5999.25
2022-07-25 02:13:47,10068.9,5940.31
2022-07-25 02:13:46,10364,5645.14
2022-07-25 02:13:45,10509.5,5499.64
2022-07-25 02:13:44,10584.6,5424.56
2022-07-25 02:13:43,10684.7,5324.49
2022-07-25 02:13:42,10660.2,5349
2022-07-25 02:13:41,10348.3,5660.94
2022-07-25 02:13:40,10434.1,5575.05
2022-07-25 02:13:39,9188.72,6820.46
2022-07-25 02:13:38,9191.06,6818.13
2022-07-25 02:13:37,9192.77,6816.42
2022-07-25 02:13:36,9193.89,6815.29
2022-07-25 02:13:35,9245.96,6763.23
2022-07-25 02:13:34,9251.62,6757.57
2022-07-25 02:13:33,9249.39,6759.79
2022-07-25 02:13:32,9312.01,6697.18
2022-07-25 02:13:31,9361.49,6647.69
2022-07-25 02:13:30,9501.17,6508.02
2022-07-25 02:13:29,9540.98,6468.21
2022-07-25 02:13:28,9562.28,6446.91
2022-07-25 02:13:27,9587.45,6421.73
2022-07-25 02:13:26,9635.48,6373.7
2022-07-25 02:13:25,9685.73,6323.46
2022-07-25 02:13:24,9189.32,6819.87
2022-07-25 02:13:23,9191.24,6817.95
2022-07-25 02:13:22,9192.22,6816.97
2022-07-25 02:13:21,9192.85,6816.34
2022-07-25 02:13:20,9192.34,6816.85
2022-07-25 02:13:19,9196.26,6812.93
2022-07-25 02:13:18,9195.61,6813.57
2022-07-25 02:13:17,9195.89,6813.3
2022-07-25 02:13:16,9224.89,6784.3
2022-07-25 02:13:15,9230.99,6778.2
2022-07-25 02:13:14,9231.26,6777.93
2022-07-25 02:13:13,9253.97,6755.21
2022-07-25 02:13:12,9296.91,6712.27
2022-07-25 02:13:11,9295.86,6713.33
2022-07-25 02:13:10,9319.01,6690.18
2022-07-25 02:13:09,9375.75,6633.44
2022-07-25 02:13:08,9382.29,6626.9
2022-07-25 02:13:07,9545.73,6463.45
2022-07-25 02:13:06,9630.85,6378.34
2022-07-25 02:13:05,9652.23,6356.95
2022-07-25 02:13:04,9690.85,6318.34
2022-07-25 02:13:03,9755.68,6253.51
2022-07-25 02:13:02,10049.9,5959.24
2022-07-25 02:13:01,10141.6,5867.55
2022-07-25 02:13:00,10496.6,5512.59
2022-07-25 02:12:59,10326.6,5682.55
2022-07-25 02:12:58,10453,5556.16
2022-07-25 02:12:57,10577.3,5431.91
2022-07-25 02:12:56,10690.2,5319.02
2022-07-25 02:12:55,10795,5214.18
2022-07-25 02:12:54,10389.2,5619.98
2022-07-25 02:12:53,10466.6,5542.62
2022-07-25 02:12:52,9251.11,6758.07
2022-07-25 02:12:51,9254.03,6755.15
2022-07-25 02:12:50,9252.43,6756.76
2022-07-25 02:12:49,9274.5,6734.69
2022-07-25 02:12:48,9280.57,6728.61
2022-07-25 02:12:47,9281.56,6727.63
2022-07-25 02:12:46,9302.48,6706.71
2022-07-25 02:12:45,9303.86,6705.32
2022-07-25 02:12:44,9346.73,6662.45
2022-07-25 02:12:43,9357.02,6652.17
2022-07-25 02:12:42,9496.61,6512.58
2022-07-25 02:12:41,9562.88,6446.31
2022-07-25 02:12:40,9582.83,6426.36
2022-07-25 02:12:39,9608.25,6400.94
2022-07-25 02:12:38,9653.01,6356.18
2022-07-25 02:12:37,9708.47,6300.72
2022-07-25 02:12:36,9205.97,6803.22
2022-07-25 02:12:35,9206.76,6802.43
2022-07-25 02:12:34,9212.91,6796.28
2022-07-25 02:12:33,9221.77,6787.41
2022-07-25 02:12:32,9226.98,6782.21
2022-07-25 02:12:31,9226.36,6782.83
2022-07-25 02:12:30,9241.3,6767.88
2022-07-25 02:12:29,9243.78,6765.41
2022-07-25 02:12:28,9244.06,6765.13
2022-07-25 02:12:27,9264.31,6744.88
2022-07-25 02:12:26,9269.4,6739.79
2022-07-25 02:12:25,9271.41,6737.77
2022-07-25 02:12:24,9288.75,6720.44
2022-07-25 02:12:23,9293.04,6716.14
2022-07-25 02:12:22,9368.93,6640.26
2022-07-25 02:12:21,9373.21,6635.98
2022-07-25 02:12:20,9522.3,6486.88
2022-07-25 02:12:19,9588.83,6420.35
2022-07-25 02:12:18,9644.34,6364.85
2022-07-25 02:12:17,9660.11,6349.07
2022-07-25 02:12:16,9732.68,6276.51
2022-07-25 02:12:15,9787.2,6221.98
2022-07-25 02:12:14,10049,5960.18
2022-07-25 02:12:13,9661.89,6347.3
2022-07-25 02:12:12,9995.45,6013.73
2022-07-25 02:12:11,10328.5,5680.71
2022-07-25 02:12:10,10505.5,5503.66
2022-07-25 02:12:09,10582.6,5426.62
2022-07-25 02:12:08,10664.6,5344.62
2022-07-25 02:12:07,10796.5,5212.65
2022-07-25 02:12:06,10902.4,5106.83
2022-07-25 02:12:05,10334.1,5675.04
2022-07-25 02:12:04,9203.39,6805.79
2022-07-25 02:12:03,9202.91,6806.27
2022-07-25 02:12:02,9204.37,6804.81
2022-07-25 02:12:01,9211.03,6798.16
2022-07-25 02:12:00,9243.22,6765.97
2022-07-25 02:11:59,9246.94,6762.25
2022-07-25 02:11:58,9248.3,6760.89
2022-07-25 02:11:57,9307.79,6701.4
2022-07-25 02:11:56,9314.39,6694.8
2022-07-25 02:11:55,9463.93,6545.26
2022-07-25 02:11:54,9541.95,6467.24
2022-07-25 02:11:53,9558.07,6451.12
2022-07-25 02:11:52,9584.88,6424.31
2022-07-25 02:11:51,9625.34,6383.84
2022-07-25 02:11:50,9669.45,6339.74
2022-07-25 02:11:49,9700.8,6308.39
2022-07-25 02:11:48,9199.68,6809.51
2022-07-25 02:11:47,9203.02,6806.17
2022-07-25 02:11:46,9204.39,6804.8
2022-07-25 02:11:45,9207.11,6802.07
2022-07-25 02:11:44,9212.37,6796.82
2022-07-25 02:11:43,9213.05,6796.13
2022-07-25 02:11:42,9216.5,6792.69
2022-07-25 02:11:41,9237.45,6771.74
2022-07-25 02:11:40,9237,6772.19
2022-07-25 02:11:39,9237.61,6771.58
2022-07-25 02:11:38,9267.29,6741.9
2022-07-25 02:11:37,9274.44,6734.75
2022-07-25 02:11:36,9275.32,6733.86
2022-07-25 02:11:35,9285.09,6724.09
2022-07-25 02:11:34,9340.11,6669.08
2022-07-25 02:11:33,9341.93,6667.26
2022-07-25 02:11:32,9385.24,6623.95
2022-07-25 02:11:31,9426.12,6583.06
2022-07-25 02:11:30,9538.61,6470.58
2022-07-25 02:11:29,9688.55,6320.64
2022-07-25 02:11:28,9756.4,6252.79
2022-07-25 02:11:27,9854.81,6154.38
2022-07-25 02:11:26,10294.9,5714.26
2022-07-25 02:11:25,10447.3,5561.85
2022-07-25 02:11:24,10718.8,5290.35
2022-07-25 02:11:23,10959.2,5049.95
2022-07-25 02:11:22,10593.5,5415.66
2022-07-25 02:11:21,10702,5307.16
2022-07-25 02:11:20,10806,5203.22
2022-07-25 02:11:19,10935.4,5073.77
2022-07-25 02:11:18,9871.4,6137.78
2022-07-25 02:11:17,9265.51,6743.68
2022-07-25 02:11:16,9268.37,6740.82
2022-07-25 02:11:15,9280.95,6728.24
2022-07-25 02:11:14,9282.57,6726.62
2022-07-25 02:11:13,9299.18,6710
2022-07-25 02:11:12,9298.62,6710.57
2022-07-25 02:11:11,9293.55,6715.63
2022-07-25 02:11:10,9303.73,6705.46
2022-07-25 02:11:09,9306,6703.19
2022-07-25 02:11:08,9332.23,6676.95
2022-07-25 02:11:07,9361.99,6647.2
2022-07-25 02:11:06,9529.15,6480.04
2022-07-25 02:11:05,9553.36,6455.83
2022-07-25 02:11:04,9572.32,6436.87
2022-07-25 02:11:03,9598.46,6410.73
2022-07-25 02:11:02,9647.59,6361.6
2022-07-25 02:11:01,9703.97,6305.22
2022-07-25 02:11:00,9711.2,6297.98
2022-07-25 02:10:59,9204.52,6804.66
2022-07-25 02:10:58,9215.82,6793.37
2022-07-25 02:10:57,9216.34,6792.84
2022-07-25 02:10:56,9217.84,6791.35
2022-07-25 02:10:55,9232.9,6776.28
2022-07-25 02:10:54,9234.82,6774.36
2022-07-25 02:10:53,9234.96,6774.23
2022-07-25 02:10:52,9235.32,6773.87
2022-07-25 02:10:51,9252.82,6756.37
2022-07-25 02:10:50,9254.85,6754.34
2022-07-25 02:10:49,9256.13,6753.06
2022-07-25 02:10:48,9274.89,6734.3
2022-07-25 02:10:47,9269.08,6740.11
2022-07-25 02:10:46,9269.14,6740.05
2022-07-25 02:10:45,9348.32,6660.86
2022-07-25 02:10:44,9337.34,6671.85
2022-07-25 02:10:43,9387.62,6621.57
2022-07-25 02:10:42,9478.39,6530.8
2022-07-25 02:10:41,9716.87,6292.32
2022-07-25 02:10:40,9786.04,6223.14
2022-07-25 02:10:39,10044.5,5964.73
2022-07-25 02:10:38,10568.2,5440.98
2022-07-25 02:10:37,10728.9,5280.25
2022-07-25 02:10:36,10918.9,5090.32
2022-07-25 02:10:35,11007,5002.16
2022-07-25 02:10:34,11162.9,4846.25
2022-07-25 02:10:33,11284.6,4724.56
2022-07-25 02:10:32,10876.3,5132.89
2022-07-25 02:10:31,10435.3,5573.86
2022-07-25 02:10:30,9418.12,6591.06
2022-07-25 02:10:29,9441.74,6567.45
2022-07-25 02:10:28,9445.18,6564.01
2022-07-25 02:10:27,9445.47,6563.72
2022-07-25 02:10:26,9458.46,6550.73
2022-07-25 02:10:25,9470.1,6539.09
2022-07-25 02:10:24,9473.8,6535.39
2022-07-25 02:10:23,9479.29,6529.9
2022-07-25 02:10:22,9502.8,6506.39
2022-07-25 02:10:21,9509.35,6499.84
2022-07-25 02:10:20,9553.86,6455.33
2022-07-25 02:10:19,9574.16,6435.03
2022-07-25 02:10:18,9624.8,6384.38
2022-07-25 02:10:17,9777.92,6231.27
2022-07-25 02:10:16,9803.32,6205.87
2022-07-25 02:10:15,9832.27,6176.91
2022-07-25 02:10:14,9861.84,6147.35
2022-07-25 02:10:13,9904.3,6104.89
2022-07-25 02:10:12,9964.58,6044.61
2022-07-25 02:10:11,9676.59,6332.6
2022-07-25 02:10:10,9453.04,6556.15
2022-07-25 02:10:09,9460.34,6548.85
2022-07-25 02:10:08,9462.56,6546.63
2022-07-25 02:10:07,9462.58,6546.61
2022-07-25 02:10:06,9475.96,6533.23
2022-07-25 02:10:05,9504.47,6504.71
2022-07-25 02:10:04,9518.47,6490.72
2022-07-25 02:10:03,9521.4,6487.79
2022-07-25 02:10:02,9551.76,6457.43
2022-07-25 02:10:01,9587.25,6421.94
2022-07-25 02:10:00,9590.09,6419.1
2022-07-25 02:09:59,9640.73,6368.46
2022-07-25 02:09:58,9690.51,6318.68
2022-07-25 02:09:57,9687.87,6321.32
2022-07-25 02:09:56,9775.68,6233.51
2022-07-25 02:09:55,9862.97,6146.21
2022-07-25 02:09:54,10013.9,5995.33
2022-07-25 02:09:53,10245.1,5764.08
2022-07-25 02:09:52,10382.1,5627.06
2022-07-25 02:09:51,10578.7,5430.5
2022-07-25 02:09:50,10677.3,5331.9
2022-07-25 02:09:49,10893.5,5115.71
2022-07-25 02:09:48,11039.4,4969.75
2022-07-25 02:09:47,11154.9,4854.29
2022-07-25 02:09:46,11277.4,4731.78
2022-07-25 02:09:45,10764.3,5244.89
2022-07-25 02:09:44,9721.33,6287.86
2022-07-25 02:09:43,9729.41,6279.78
2022-07-25 02:09:42,9218.16,6791.03
2022-07-25 02:09:41,9231.01,6778.18
2022-07-25 02:09:40,9231.02,6778.16
2022-07-25 02:09:39,9231.49,6777.7
2022-07-25 02:09:38,9237.07,6772.12
2022-07-25 02:09:37,9251.92,6757.27
2022-07-25 02:09:36,9253.2,6755.99
2022-07-25 02:09:35,9257.17,6752.02
2022-07-25 02:09:34,9274.49,6734.7
2022-07-25 02:09:33,9275.3,6733.88
2022-07-25 02:09:32,9298.48,6710.7
2022-07-25 02:09:31,9292,6717.19
2022-07-25 02:09:30,9293.27,6715.91
2022-07-25 02:09:29,9331.41,6677.77
2022-07-25 02:09:28,9342.81,6666.37
2022-07-25 02:09:27,9502.85,6506.34
2022-07-25 02:09:26,9558.78,6450.4
2022-07-25 02:09:25,9573.26,6435.93
2022-07-25 02:09:24,9604.64,6404.54
2022-07-25 02:09:23,9641.07,6368.11
2022-07-25 02:09:22,9689.55,6319.64
2022-07-25 02:09:21,9720.8,6288.38
2022-07-25 02:09:20,9194.87,6814.31
2022-07-25 02:09:19,9196.52,6812.66
2022-07-25 02:09:18,9196.99,6812.2
2022-07-25 02:09:17,9196.13,6813.06
2022-07-25 02:09:16,9211.44,6797.75
2022-07-25 02:09:15,9213.43,6795.75
2022-07-25 02:09:14,9242.17,6767.02
2022-07-25 02:09:13,9261.62,6747.56
2022-07-25 02:09:12,9264.11,6745.07
2022-07-25 02:09:11,9268.53,6740.65
2022-07-25 02:09:10,9325.25,6683.94
2022-07-25 02:09:09,9360.59,6648.6
2022-07-25 02:09:08,9369.08,6640.11
2022-07-25 02:09:07,9682.66,6326.52
2022-07-25 02:09:06,9846.07,6163.12
2022-07-25 02:09:05,10073.9,5935.26
2022-07-25 02:09:04,10436.7,5572.52
2022-07-25 02:09:03,10556.3,5452.89
2022-07-25 02:09:02,10693.7,5315.5
2022-07-25 02:09:01,10809.7,5199.51
2022-07-25 02:09:00,11072.6,4936.64
2022-07-25 02:08:59,11198.4,4810.77
2022-07-25 02:08:58,10683,5326.15
2022-07-25 02:08:57,9722.74,6286.45
2022-07-25 02:08:56,9772.57,6236.62
2022-07-25 02:08:55,9803.46,6205.73
2022-07-25 02:08:54,9182.79,6826.4
2022-07-25 02:08:53,9184.95,6824.23
2022-07-25 02:08:52,9186.58,6822.61
2022-07-25 02:08:51,9201.67,6807.52
2022-07-25 02:08:50,9202.2,6806.98
2022-07-25 02:08:49,9204.16,6805.02
2022-07-25 02:08:48,9205.05,6804.13
2022-07-25 02:08:47,9223.02,6786.17
2022-07-25 02:08:46,9225.48,6783.71
2022-07-25 02:08:45,9227.22,6781.97
2022-07-25 02:08:44,9247.19,6762
2022-07-25 02:08:43,9248,6761.19
2022-07-25 02:08:42,9250.36,6758.83
2022-07-25 02:08:41,9278.58,6730.61
2022-07-25 02:08:40,9279.7,6729.49
2022-07-25 02:08:39,9281.7,6727.49
2022-07-25 02:08:38,9334.01,6675.18
2022-07-25 02:08:37,9355.65,6653.54
2022-07-25 02:08:36,9507.31,6501.88
2022-07-25 02:08:35,9565.82,6443.37
2022-07-25 02:08:34,9595.13,6414.06
2022-07-25 02:08:33,9618.19,6391
2022-07-25 02:08:32,9664.3,6344.89
2022-07-25 02:08:31,9737.01,6272.18
2022-07-25 02:08:30,9762.53,6246.65
2022-07-25 02:08:29,9250.31,6758.87
2022-07-25 02:08:28,9284.95,6724.23
2022-07-25 02:08:27,9276.85,6732.34
2022-07-25 02:08:26,9302.47,6706.72
2022-07-25 02:08:25,9323.73,6685.45
2022-07-25 02:08:24,9324.17,6685.02
2022-07-25 02:08:23,9344.38,6664.8
2022-07-25 02:08:22,9371.09,6638.09
2022-07-25 02:08:21,9444.34,6564.84
2022-07-25 02:08:20,9446.59,6562.6
2022-07-25 02:08:19,9826.43,6182.76
2022-07-25 02:08:18,10054.9,5954.33
2022-07-25 02:08:17,10212,5797.18
2022-07-25 02:08:16,10423.1,5586.05
2022-07-25 02:08:15,10502.1,5507.11
2022-07-25 02:08:14,10881.1,5128.13
2022-07-25 02:08:13,11039.5,4969.73
2022-07-25 02:08:12,11177.8,4831.42
2022-07-25 02:08:11,10270.3,5738.93
2022-07-25 02:08:10,10358.7,5650.46
2022-07-25 02:08:09,9919.57,6089.62
2022-07-25 02:08:08,9831.14,6178.05
2022-07-25 02:08:07,9320.49,6688.7
2022-07-25 02:08:06,9322.47,6686.72
2022-07-25 02:08:05,9326.27,6682.92
2022-07-25 02:08:04,9328.3,6680.89
2022-07-25 02:08:03,9329.45,6679.74
2022-07-25 02:08:02,9333.71,6675.48
2022-07-25 02:08:01,9332.78,6676.41
2022-07-25 02:08:00,9336.7,6672.49
2022-07-25 02:07:59,9338.57,6670.62
2022-07-25 02:07:58,9359.89,6649.3
2022-07-25 02:07:57,9360.17,6649.02
2022-07-25 02:07:56,9362.53,6646.66
2022-07-25 02:07:55,9394.26,6614.93
2022-07-25 02:07:54,9396.52,6612.67
2022-07-25 02:07:53,9398.83,6610.36
2022-07-25 02:07:52,9427.45,6581.74
2022-07-25 02:07:51,9429.87,6579.32
2022-07-25 02:07:50,9467,6542.19
2022-07-25 02:07:49,9495.8,6513.39
2022-07-25 02:07:48,9534.73,6474.46
2022-07-25 02:07:47,9723.01,6286.18
2022-07-25 02:07:46,9750.04,6259.14
2022-07-25 02:07:45,9791.21,6217.98
2022-07-25 02:07:44,9816.86,6192.33
2022-07-25 02:07:43,9886.56,6122.63
2022-07-25 02:07:42,9960.95,6048.23
2022-07-25 02:07:41,9445.74,6563.45
2022-07-25 02:07:40,9501.82,6507.37
2022-07-25 02:07:39,9501.8,6507.38
2022-07-25 02:07:38,9502.94,6506.25
2022-07-25 02:07:37,9572.21,6436.98
2022-07-25 02:07:36,9575.63,6433.56
2022-07-25 02:07:35,9611.97,6397.22
2022-07-25 02:07:34,9658.05,6351.14
2022-07-25 02:07:33,9696.57,6312.61
2022-07-25 02:07:32,9897.67,6111.52
2022-07-25 02:07:31,9996.54,6012.65
2022-07-25 02:07:30,10253.5,5755.73
2022-07-25 02:07:29,10373.4,5635.75
2022-07-25 02:07:28,10478,5531.21
2022-07-25 02:07:27,10570.8,5438.4
2022-07-25 02:07:26,10785.4,5223.81
2022-07-25 02:07:25,11070.6,4938.63
2022-07-25 02:07:24,10738,5271.22
2022-07-25 02:07:23,10829.4,5179.74
2022-07-25 02:07:22,9726.13,6283.06
2022-07-25 02:07:21,9770.7,6238.49
2022-07-25 02:07:20,9801.58,6207.61
2022-07-25 02:07:19,9178.4,6830.79
2022-07-25 02:07:18,9180.19,6829
2022-07-25 02:07:17,9190.04,6819.15
2022-07-25 02:07:16,9191.75,6817.44
2022-07-25 02:07:15,9196.75,6812.43
2022-07-25 02:07:14,9208.24,6800.95
2022-07-25 02:07:13,9207.97,6801.21
2022-07-25 02:07:12,9210.52,6798.66
2022-07-25 02:07:11,9232.4,6776.79
2022-07-25 02:07:10,9232.21,6776.98
2022-07-25 02:07:09,9236.1,6773.09
2022-07-25 02:07:08,9253.2,6755.99
2022-07-25 02:07:07,9261.82,6747.36
2022-07-25 02:07:06,9275.36,6733.82
2022-07-25 02:07:05,9278.29,6730.9
2022-07-25 02:07:04,9321.86,6687.33
2022-07-25 02:07:03,9342.36,6666.82
2022-07-25 02:07:02,9496.35,6512.84
2022-07-25 02:07:01,9560.37,6448.82
2022-07-25 02:07:00,9589.39,6419.8
2022-07-25 02:06:59,9614.57,6394.62
2022-07-25 02:06:58,9658.43,6350.76
2022-07-25 02:06:57,9736.26,6272.93
2022-07-25 02:06:56,9759.87,6249.32
2022-07-25 02:06:55,9266.94,6742.25
2022-07-25 02:06:54,9285.62,6723.56
2022-07-25 02:06:53,9288.2,6720.99
2022-07-25 02:06:52,9310.84,6698.34
2022-07-25 02:06:51,9318.08,6691.11
2022-07-25 02:06:50,9324.57,6684.62
2022-07-25 02:06:49,9361.64,6647.55
2022-07-25 02:06:48,9349.96,6659.23
2022-07-25 02:06:47,9399.76,6609.43
2022-07-25 02:06:46,9468.97,6540.22
2022-07-25 02:06:45,9625.96,6383.22
2022-07-25 02:06:44,9716.79,6292.39
2022-07-25 02:06:43,10009.2,5999.98
2022-07-25 02:06:42,10185.8,5823.39
2022-07-25 02:06:41,10397.6,5611.61
2022-07-25 02:06:40,10511.4,5497.78
2022-07-25 02:06:39,10890.1,5119.05
2022-07-25 02:06:38,11047.7,4961.53
2022-07-25 02:06:37,10928.7,5080.48
2022-07-25 02:06:36,10779,5230.23
2022-07-25 02:06:35,10348,5661.21
2022-07-25 02:06:34,9924.89,6084.29
2022-07-25 02:06:33,9939.49,6069.7
2022-07-25 02:06:32,9314.17,6695.02
2022-07-25 02:06:31,9317.37,6691.82
2022-07-25 02:06:30,9318.94,6690.24
2022-07-25 02:06:29,9320.25,6688.94
2022-07-25 02:06:28,9326.07,6683.12
2022-07-25 02:06:27,9330.56,6678.63
2022-07-25 02:06:26,9331.73,6677.46
2022-07-25 02:06:25,9350.91,6658.28
2022-07-25 02:06:24,9354.22,6654.97
2022-07-25 02:06:23,9356.99,6652.2
2022-07-25 02:06:22,9377.19,6632
2022-07-25 02:06:21,9377.29,6631.9
2022-07-25 02:06:20,9388.26,6620.93
2022-07-25 02:06:19,9401.97,6607.22
2022-07-25 02:06:18,9404.02,6605.17
2022-07-25 02:06:17,9407.74,6601.45
2022-07-25 02:06:16,9467.96,6541.22
2022-07-25 02:06:15,9487.2,6521.99
2022-07-25 02:06:14,9647.32,6361.86
2022-07-25 02:06:13,9701.32,6307.86
2022-07-25 02:06:12,9740.87,6268.32
2022-07-25 02:06:11,9767.13,6242.06
2022-07-25 02:06:10,9813.45,6195.74
2022-07-25 02:06:09,9884.14,6125.04
2022-07-25 02:06:08,9370.57,6638.62
2022-07-25 02:06:07,9394.66,6614.53
2022-07-25 02:06:06,9413.84,6595.35
2022-07-25 02:06:05,9414.66,6594.53
2022-07-25 02:06:04,9436.89,6572.29
2022-07-25 02:06:03,9510.02,6499.16
2022-07-25 02:06:02,9512.84,6496.35
2022-07-25 02:06:01,9529.04,6480.14
2022-07-25 02:06:00,9615.27,6393.91
2022-07-25 02:05:59,9658.82,6350.36
2022-07-25 02:05:58,9791.28,6217.91
2022-07-25 02:05:57,9909.63,6099.56
2022-07-25 02:05:56,9939.62,6069.57
2022-07-25 02:05:55,10160,5849.21
2022-07-25 02:05:54,10431.6,5577.58
2022-07-25 02:05:53,10503.8,5505.35
2022-07-25 02:05:52,10611.3,5397.84
2022-07-25 02:05:51,10967.8,5041.34
2022-07-25 02:05:50,10530.1,5479.11
2022-07-25 02:05:49,10658.3,5350.88
2022-07-25 02:05:48,10243,5766.21
2022-07-25 02:05:47,9770.03,6239.16
2022-07-25 02:05:46,9825.89,6183.3
2022-07-25 02:05:45,9860.04,6149.15
2022-07-25 02:05:44,9344.04,6665.15
2022-07-25 02:05:43,9354.8,6654.38
2022-07-25 02:05:42,9355.92,6653.27
2022-07-25 02:05:41,9354.3,6654.89
2022-07-25 02:05:40,9369.27,6639.92
2022-07-25 02:05:39,9369.18,6640
2022-07-25 02:05:38,9369.71,6639.47
2022-07-25 02:05:37,9369.93,6639.26
2022-07-25 02:05:36,9384.34,6624.84
2022-07-25 02:05:35,9384.72,6624.47
2022-07-25 02:05:34,9386.02,6623.17
2022-07-25 02:05:33,9400.85,6608.34
2022-07-25 02:05:32,9404.22,6604.96
2022-07-25 02:05:31,9411.56,6597.63
2022-07-25 02:05:30,9425.1,6584.09
2022-07-25 02:05:29,9430.66,6578.52
2022-07-25 02:05:28,9432.44,6576.75
2022-07-25 02:05:27,9434.98,6574.21
2022-07-25 02:05:26,9467.82,6541.37
2022-07-25 02:05:25,9481.51,6527.68
2022-07-25 02:05:24,9641.36,6367.83
2022-07-25 02:05:23,9698.96,6310.23
2022-07-25 02:05:22,9734.21,6274.98
2022-07-25 02:05:21,9762.55,6246.64
2022-07-25 02:05:20,9805.54,6203.65
2022-07-25 02:05:19,9859.11,6150.08
2022-07-25 02:05:18,9930.89,6078.3
2022-07-25 02:05:17,9407.98,6601.2
2022-07-25 02:05:16,9438.78,6570.41
2022-07-25 02:05:15,9467.45,6541.74
2022-07-25 02:05:14,9526.49,6482.7
2022-07-25 02:05:13,9564.79,6444.4
2022-07-25 02:05:12,9793.14,6216.05
2022-07-25 02:05:11,9906.46,6102.73
2022-07-25 02:05:10,10009.1,6000.07
2022-07-25 02:05:09,10136.3,5872.91
2022-07-25 02:05:08,10190.7,5818.52
2022-07-25 02:05:07,10512.6,5496.54
2022-07-25 02:05:06,10658.4,5350.78
2022-07-25 02:05:05,10760.8,5248.36
2022-07-25 02:05:04,10335.8,5673.35
2022-07-25 02:05:03,10541.9,5467.27
2022-07-25 02:05:02,10657.3,5351.87
2022-07-25 02:05:01,10774.1,5235.04
2022-07-25 02:05:00,9777.84,6231.35
2022-07-25 02:04:59,9832.67,6176.52
2022-07-25 02:04:58,9884.83,6124.36
2022-07-25 02:04:57,9894.02,6115.17
2022-07-25 02:04:56,9281.38,6727.81
2022-07-25 02:04:55,9283.45,6725.74
2022-07-25 02:04:54,9285.21,6723.97
2022-07-25 02:04:53,9287.75,6721.43
2022-07-25 02:04:52,9288.27,6720.91
2022-07-25 02:04:51,9295.93,6713.26
2022-07-25 02:04:50,9304.71,6704.48
2022-07-25 02:04:49,9306.97,6702.21
2022-07-25 02:04:48,9307.21,6701.98
2022-07-25 02:04:47,9336.41,6672.78
2022-07-25 02:04:46,9339.46,6669.72
2022-07-25 02:04:45,9341.26,6667.93
2022-07-25 02:04:44,9375.13,6634.06
2022-07-25 02:04:43,9378.31,6630.88
2022-07-25 02:04:42,9378.61,6630.57
2022-07-25 02:04:41,9410.07,6599.12
2022-07-25 02:04:40,9421.26,6587.93
2022-07-25 02:04:39,9444.24,6564.95
2022-07-25 02:04:38,9482.66,6526.52
2022-07-25 02:04:37,9538.06,6471.13
2022-07-25 02:04:36,9721.19,6288
2022-07-25 02:04:35,9735.9,6273.29
2022-07-25 02:04:34,9780.44,6228.74
2022-07-25 02:04:33,9839.47,6169.71
2022-07-25 02:04:32,9895.64,6113.55
2022-07-25 02:04:31,9947.22,6061.96
2022-07-25 02:04:30,9443.73,6565.46
2022-07-25 02:04:29,9485.42,6523.77
2022-07-25 02:04:28,9510.89,6498.3
2022-07-25 02:04:27,9512.8,6496.39
2022-07-25 02:04:26,9577.36,6431.83
2022-07-25 02:04:25,9608,6401.18
2022-07-25 02:04:24,9708.24,6300.95
2022-07-25 02:04:23,9877.18,6132.01
2022-07-25 02:04:22,9920.83,6088.36
2022-07-25 02:04:21,9993.77,6015.41
2022-07-25 02:04:20,10207.8,5801.39
2022-07-25 02:04:19,10431.8,5577.37
2022-07-25 02:04:18,10560.5,5448.69
2022-07-25 02:04:17,10634.6,5374.57
2022-07-25 02:04:16,10995.2,5013.96
2022-07-25 02:04:15,10603.5,5405.65
2022-07-25 02:04:14,10731.6,5277.55
2022-07-25 02:04:13,10305.3,5703.92
2022-07-25 02:04:12,10364.2,5645.03
2022-07-25 02:04:11,9896.11,6113.08
2022-07-25 02:04:10,9756.22,6252.97
2022-07-25 02:04:09,9305.65,6703.54
2022-07-25 02:04:08,9307.3,6701.89
2022-07-25 02:04:07,9309.04,6700.14
2022-07-25 02:04:06,9311.52,6697.67
2022-07-25 02:04:05,9313.99,6695.2
2022-07-25 02:04:04,9313.99,6695.2
2022-07-25 02:04:03,9320.84,6688.35
2022-07-25 02:04:02,9318.92,6690.27
2022-07-25 02:04:01,9320.84,6688.35
2022-07-25 02:04:00,9335.64,6673.55
2022-07-25 02:03:59,9343.95,6665.23
2022-07-25 02:03:58,9348.56,6660.63
2022-07-25 02:03:57,9348.95,6660.24
2022-07-25 02:03:56,9376.58,6632.61
2022-07-25 02:03:55,9386.75,6622.44
2022-07-25 02:03:54,9414.55,6594.64
2022-07-25 02:03:53,9405.5,6603.68
2022-07-25 02:03:52,9415.56,6593.63
2022-07-25 02:03:51,9467.09,6542.09
2022-07-25 02:03:50,9477.23,6531.96
2022-07-25 02:03:49,9648.33,6360.86
2022-07-25 02:03:48,9707.87,6301.32
2022-07-25 02:03:47,9730.14,6279.05
2022-07-25 02:03:46,9766.66,6242.52
2022-07-25 02:03:45,9812.59,6196.6
2022-07-25 02:03:44,9868.55,6140.64
2022-07-25 02:03:43,9751.27,6257.92
2022-07-25 02:03:42,9304.79,6704.39
2022-07-25 02:03:41,9311.95,6697.24
2022-07-25 02:03:40,9311.79,6697.39
2022-07-25 02:03:39,9374.4,6634.79
2022-07-25 02:03:38,9404.07,6605.12
2022-07-25 02:03:37,9583.65,6425.53
2022-07-25 02:03:36,9680.42,6328.77
2022-07-25 02:03:35,9731.89,6277.3
2022-07-25 02:03:34,9822.19,6187
2022-07-25 02:03:33,10012.4,5996.83
2022-07-25 02:03:32,10174,5835.23
2022-07-25 02:03:31,10369.7,5639.46
2022-07-25 02:03:30,10715.6,5293.63
2022-07-25 02:03:29,10316.9,5692.29
2022-07-25 02:03:28,10445.1,5564.06
2022-07-25 02:03:27,10519.5,5489.65
2022-07-25 02:03:26,10634.6,5374.57
2022-07-25 02:03:25,10104.4,5904.77
2022-07-25 02:03:24,9605.65,6403.53
2022-07-25 02:03:23,8916.75,7092.43
2022-07-25 02:03:22,8915.5,7093.69
2022-07-25 02:03:21,8917.09,7092.1
2022-07-25 02:03:20,8917.27,7091.91
2022-07-25 02:03:19,8916.47,7092.72
2022-07-25 02:03:18,8919.3,7089.88
2022-07-25 02:03:17,8917.39,7091.79
2022-07-25 02:03:16,8918.23,7090.96
2022-07-25 02:03:15,8919.29,7089.9
2022-07-25 02:03:14,8922.26,7086.93
2022-07-25 02:03:13,8919.4,7089.79
2022-07-25 02:03:12,8918.84,7090.34
2022-07-25 02:03:11,8920.76,7088.43
2022-07-25 02:03:10,8920.43,7088.76
2022-07-25 02:03:09,8918.5,7090.69
2022-07-25 02:03:08,8918.95,7090.23
2022-07-25 02:03:07,8920.54,7088.65
2022-07-25 02:03:06,8922.28,7086.91
2022-07-25 02:03:05,8922.29,7086.9
2022-07-25 02:03:04,8935,7074.19
2022-07-25 02:03:03,8971.66,7037.52
2022-07-25 02:03:02,8977.97,7031.21
2022-07-25 02:03:01,9228.43,6780.75
2022-07-25 02:03:00,9363.72,6645.47
2022-07-25 02:02:59,9434.35,6574.84
2022-07-25 02:02:58,9468.41,6540.78
2022-07-25 02:02:57,9516.83,6492.36
2022-07-25 02:02:56,9569.37,6439.82
2022-07-25 02:02:55,9612.16,6397.03
2022-07-25 02:02:54,9644.15,6365.04
2022-07-25 02:02:53,9118.15,6891.04
2022-07-25 02:02:52,9162.04,6847.14
2022-07-25 02:02:51,9182.91,6826.28
2022-07-25 02:02:50,9330.1,6679.08
2022-07-25 02:02:49,9392.13,6617.06
2022-07-25 02:02:48,9437.36,6571.83
2022-07-25 02:02:47,9496.01,6513.18
2022-07-25 02:02:46,9843.29,6165.9
2022-07-25 02:02:45,9995.13,6014.06
2022-07-25 02:02:44,10313.9,5695.32
2022-07-25 02:02:43,10770.8,5238.36
2022-07-25 02:02:42,10440,5569.17
2022-07-25 02:02:41,10516.7,5492.45
2022-07-25 02:02:40,10615.7,5393.44
2022-07-25 02:02:39,10699.2,5309.94
2022-07-25 02:02:38,10829.5,5179.73
2022-07-25 02:02:37,10422.3,5586.91
2022-07-25 02:02:36,9230.94,6778.25
2022-07-25 02:02:35,9231.39,6777.8
2022-07-25 02:02:34,9233.11,6776.07
2022-07-25 02:02:33,9235.33,6773.86
2022-07-25 02:02:32,9236.74,6772.44
2022-07-25 02:02:31,9238.15,6771.04
2022-07-25 02:02:30,9240.93,6768.26
2022-07-25 02:02:29,9242.34,6766.84
2022-07-25 02:02:28,9241.97,6767.22
2022-07-25 02:02:27,9244.66,6764.53
2022-07-25 02:02:26,9243.53,6765.66
2022-07-25 02:02:25,9245.4,6763.78
2022-07-25 02:02:24,9248.18,6761.01
2022-07-25 02:02:23,9248.65,6760.53
2022-07-25 02:02:22,9268.64,6740.55
2022-07-25 02:02:21,9269.11,6740.07
2022-07-25 02:02:20,9270.5,6738.69
2022-07-25 02:02:19,9279.36,6729.82
2022-07-25 02:02:18,9300.18,6709
2022-07-25 02:02:17,9305.27,6703.92
2022-07-25 02:02:16,9307.37,6701.82
2022-07-25 02:02:15,9358.08,6651.11
2022-07-25 02:02:14,9359.97,6649.22
2022-07-25 02:02:13,9402.93,6606.26
2022-07-25 02:02:12,9446.5,6562.68
2022-07-25 02:02:11,9505.74,6503.45
2022-07-25 02:02:10,9689.27,6319.92
2022-07-25 02:02:09,9712.12,6297.07
2022-07-25 02:02:08,9756.56,6252.62
2022-07-25 02:02:07,9805.54,6203.65
2022-07-25 02:02:06,9866.43,6142.75
2022-07-25 02:02:05,9406.52,6602.67
2022-07-25 02:02:04,9459.03,6550.16
2022-07-25 02:02:03,9502.53,6506.66
2022-07-25 02:02:02,9649.52,6359.67
2022-07-25 02:02:01,9701.81,6307.38
2022-07-25 02:02:00,9776.53,6232.66
2022-07-25 02:01:59,9808.22,6200.97
2022-07-25 02:01:58,10034.8,5974.41
2022-07-25 02:01:57,10426.2,5582.98
2022-07-25 02:01:56,10518.5,5490.64
2022-07-25 02:01:55,10921,5088.21
2022-07-25 02:01:54,11057.3,4951.9
2022-07-25 02:01:53,10635.7,5373.48
2022-07-25 02:01:52,10755.3,5253.88
2022-07-25 02:01:51,10300.4,5708.77
2022-07-25 02:01:50,9861.09,6148.1
2022-07-25 02:01:49,9905.88,6103.31
2022-07-25 02:01:48,9401.65,6607.54
2022-07-25 02:01:47,9403.82,6605.37
2022-07-25 02:01:46,9403.29,6605.9
2022-07-25 02:01:45,9407.82,6601.36
2022-07-25 02:01:44,9409.55,6599.64
2022-07-25 02:01:43,9409.84,6599.35
2022-07-25 02:01:42,9411.98,6597.2
2022-07-25 02:01:41,9415.64,6593.54
2022-07-25 02:01:40,9417.86,6591.33
2022-07-25 02:01:39,9419.09,6590.1
2022-07-25 02:01:38,9422.04,6587.15
2022-07-25 02:01:37,9425.07,6584.12
2022-07-25 02:01:36,9429.43,6579.75
2022-07-25 02:01:35,9444.78,6564.41
2022-07-25 02:01:34,9449.28,6559.91
2022-07-25 02:01:33,9452.21,6556.98
2022-07-25 02:01:32,9482.62,6526.57
2022-07-25 02:01:31,9485,6524.19
2022-07-25 02:01:30,9493.02,6516.17
2022-07-25 02:01:29,9512.97,6496.22
2022-07-25 02:01:28,9526.62,6482.56
2022-07-25 02:01:27,9589.97,6419.22
2022-07-25 02:01:26,9632,6377.19
2022-07-25 02:01:25,9785.98,6223.21
2022-07-25 02:01:24,9861.76,6147.43
2022-07-25 02:01:23,9914.86,6094.33
2022-07-25 02:01:22,9958.54,6050.65
2022-07-25 02:01:21,9983.98,6025.2
2022-07-25 02:01:20,10057,5952.15
2022-07-25 02:01:19,10142.5,5866.64
2022-07-25 02:01:18,10157.6,5851.56
2022-07-25 02:01:17,9579.96,6429.23
2022-07-25 02:01:16,9598.57,6410.61
2022-07-25 02:01:15,9616.27,6392.92
2022-07-25 02:01:14,9668.24,6340.95
2022-07-25 02:01:13,9760.77,6248.41
2022-07-25 02:01:12,9912.72,6096.47
2022-07-25 02:01:11,10294,5715.21
2022-07-25 02:01:10,10409.8,5599.36
2022-07-25 02:01:09,10477.8,5531.41
2022-07-25 02:01:08,10593,5416.21
2022-07-25 02:01:07,10661.9,5347.28
2022-07-25 02:01:06,10910.8,5098.4
2022-07-25 02:01:05,11085.5,4923.64
2022-07-25 02:01:04,11198.2,4810.98
2022-07-25 02:01:03,9521.71,6487.48
2022-07-25 02:01:02,9571,6438.19
2022-07-25 02:01:01,8998.04,7011.14
2022-07-25 02:01:00,8999.68,7009.51
2022-07-25 02:00:59,8999.57,7009.61
2022-07-25 02:00:58,8997.4,7011.79
2022-07-25 02:00:57,8999.46,7009.72
2022-07-25 02:00:56,9000,7009.19
2022-07-25 02:00:55,9000.71,7008.48
2022-07-25 02:00:54,9001.89,7007.29
2022-07-25 02:00:53,9001.91,7007.27
2022-07-25 02:00:52,9001.36,7007.82
2022-07-25 02:00:51,9001.72,7007.47
2022-07-25 02:00:50,9003.09,7006.09
2022-07-25 02:00:49,9002.07,7007.12
2022-07-25 02:00:48,9004.54,7004.64
2022-07-25 02:00:47,9005.21,7003.98
2022-07-25 02:00:46,9005.5,7003.69
2022-07-25 02:00:45,9005.13,7004.06
2022-07-25 02:00:44,9005.51,7003.68
2022-07-25 02:00:43,9007.79,7001.4
2022-07-25 02:00:42,9008.11,7001.07
2022-07-25 02:00:41,9007.84,7001.35
2022-07-25 02:00:40,9023.79,6985.4
2022-07-25 02:00:39,9046.18,6963.01
2022-07-25 02:00:38,9050.11,6959.08
2022-07-25 02:00:37,9387.09,6622.1
2022-07-25 02:00:36,9456.44,6552.75
2022-07-25 02:00:35,9493.87,6515.32
2022-07-25 02:00:34,9518.08,6491.11
2022-07-25 02:00:33,9560.51,6448.68
2022-07-25 02:00:32,9637.46,6371.73
2022-07-25 02:00:31,9649.73,6359.46
2022-07-25 02:00:30,9139.91,6869.28
2022-07-25 02:00:29,9182.47,6826.71
2022-07-25 02:00:28,9185.17,6824.02
2022-07-25 02:00:27,9188.54,6820.65
2022-07-25 02:00:26,9342.59,6666.6
2022-07-25 02:00:25,9390.33,6618.86
2022-07-25 02:00:24,9575.06,6434.13
2022-07-25 02:00:23,10037.7,5971.51
2022-07-25 02:00:22,10297.2,5712
2022-07-25 02:00:21,10662.7,5346.47
2022-07-25 02:00:20,10812.2,5196.95
2022-07-25 02:00:19,10944.5,5064.67
2022-07-25 02:00:18,11041.2,4967.96
2022-07-25 02:00:17,11169.7,4839.46
2022-07-25 02:00:16,11335.2,4673.94
2022-07-25 02:00:15,10087.8,5921.43
2022-07-25 02:00:14,9076.77,6932.42
2022-07-25 02:00:13,9076.46,6932.73
2022-07-25 02:00:12,9078.49,6930.7
2022-07-25 02:00:11,9079.88,6929.31
2022-07-25 02:00:10,9079.56,6929.63
2022-07-25 02:00:09,9081.36,6927.82
2022-07-25 02:00:08,9082.11,6927.08
2022-07-25 02:00:07,9083.46,6925.73
2022-07-25 02:00:06,9084.05,6925.14
2022-07-25 02:00:05,9082.38,6926.8
2022-07-25 02:00:04,9081.31,6927.88
2022-07-25 02:00:03,9097.84,6911.34
2022-07-25 02:00:02,9097.34,6911.84
2022-07-25 02:00:01,9099.32,6909.86
2022-07-25 02:00:00,9100.32,6908.87
2022-07-25 01:59:59,9117.42,6891.77
2022-07-25 01:59:58,9117.28,6891.9
2022-07-25 01:59:57,9118.25,6890.94
2022-07-25 01:59:56,9140.3,6868.88
2022-07-25 01:59:55,9142.88,6866.31
2022-07-25 01:59:54,9152.09,6857.1
2022-07-25 01:59:53,9158.47,6850.71
2022-07-25 01:59:52,9161.35,6847.84
2022-07-25 01:59:51,9210.2,6798.99
2022-07-25 01:59:50,9250.7,6758.49
2022-07-25 01:59:49,9445,6564.19
2022-07-25 01:59:48,9468.91,6540.28
2022-07-25 01:59:47,9495.88,6513.31
2022-07-25 01:59:46,9547.11,6462.08
2022-07-25 01:59:45,9600.59,6408.6
2022-07-25 01:59:44,9645.41,6363.77
2022-07-25 01:59:43,9043.17,6966.02
2022-07-25 01:59:42,9048.66,6960.53
2022-07-25 01:59:41,9071.43,6937.76
2022-07-25 01:59:40,9072.39,6936.79
2022-07-25 01:59:39,9158.77,6850.42
2022-07-25 01:59:38,9211.62,6797.56
2022-07-25 01:59:37,9254.37,6754.82
2022-07-25 01:59:36,9830.96,6178.23
2022-07-25 01:59:35,10120.9,5888.26
2022-07-25 01:59:34,10259.9,5749.25
2022-07-25 01:59:33,10495.6,5513.54
2022-07-25 01:59:32,10742.3,5266.89
2022-07-25 01:59:31,10886.6,5122.59
2022-07-25 01:59:30,11034.1,4975.07
2022-07-25 01:59:29,11157.8,4851.34
2022-07-25 01:59:28,10752.8,5256.41
2022-07-25 01:59:27,9609.6,6399.59
2022-07-25 01:59:26,9092.7,6916.49
2022-07-25 01:59:25,9093.14,6916.05
2022-07-25 01:59:24,9094.63,6914.56
2022-07-25 01:59:23,9095.36,6913.82
2022-07-25 01:59:22,9095.37,6913.82
2022-07-25 01:59:21,9096.64,6912.54
2022-07-25 01:59:20,9099.26,6909.93
2022-07-25 01:59:19,9100.44,6908.75
2022-07-25 01:59:18,9098.94,6910.25
2022-07-25 01:59:17,9099.93,6909.26
2022-07-25 01:59:16,9100.23,6908.95
2022-07-25 01:59:15,9102.84,6906.35
2022-07-25 01:59:14,9103.21,6905.97
2022-07-25 01:59:13,9103.77,6905.41
2022-07-25 01:59:12,9103.92,6905.27
2022-07-25 01:59:11,9104.37,6904.81
2022-07-25 01:59:10,9105.06,6904.13
2022-07-25 01:59:09,9106.97,6902.21
2022-07-25 01:59:08,9108.5,6900.69
2022-07-25 01:59:07,9120.9,6888.29
2022-07-25 01:59:06,9122.82,6886.37
2022-07-25 01:59:05,9126.25,6882.94
2022-07-25 01:59:04,9179.19,6830
2022-07-25 01:59:03,9206,6803.19
2022-07-25 01:59:02,9467.47,6541.72
2022-07-25 01:59:01,9561.02,6448.16
2022-07-25 01:59:00,9634.67,6374.52
2022-07-25 01:58:59,9673.16,6336.03
2022-07-25 01:58:58,9718.1,6291.09
2022-07-25 01:58:57,9782.73,6226.46
2022-07-25 01:58:56,9827.64,6181.55
2022-07-25 01:58:55,9298.49,6710.7
2022-07-25 01:58:54,9319.64,6689.55
2022-07-25 01:58:53,9343.77,6665.42
2022-07-25 01:58:52,9359.66,6649.53
2022-07-25 01:58:51,9436.38,6572.81
2022-07-25 01:58:50,9512.27,6496.92
2022-07-25 01:58:49,9818.06,6191.13
2022-07-25 01:58:48,10155.1,5854.07
2022-07-25 01:58:47,10410.4,5598.83
2022-07-25 01:58:46,10579.9,5429.26
2022-07-25 01:58:45,10663.7,5345.49
2022-07-25 01:58:44,10885.1,5124.05
2022-07-25 01:58:43,11000.2,5009.03
2022-07-25 01:58:42,11142.5,4866.68
2022-07-25 01:58:41,10760.8,5248.38
2022-07-25 01:58:40,10333.3,5675.85
2022-07-25 01:58:39,9772.79,6236.4
2022-07-25 01:58:38,9805.32,6203.86
2022-07-25 01:58:37,9278.3,6730.89
2022-07-25 01:58:36,9280.81,6728.37
2022-07-25 01:58:35,9282.16,6727.02
2022-07-25 01:58:34,9285.34,6723.85
2022-07-25 01:58:33,9288.16,6721.03
2022-07-25 01:58:32,9287.93,6721.26
2022-07-25 01:58:31,9288.2,6720.99
2022-07-25 01:58:30,9292.3,6716.89
2022-07-25 01:58:29,9293.98,6715.2
2022-07-25 01:58:28,9296.59,6712.6
2022-07-25 01:58:27,9301.87,6707.32
2022-07-25 01:58:26,9304.62,6704.56
2022-07-25 01:58:25,9307.77,6701.42
2022-07-25 01:58:24,9326.89,6682.3
2022-07-25 01:58:23,9339.28,6669.91
2022-07-25 01:58:22,9342.62,6666.57
2022-07-25 01:58:21,9366.87,6642.31
2022-07-25 01:58:20,9380.66,6628.53
2022-07-25 01:58:19,9380.39,6628.8
2022-07-25 01:58:18,9404.54,6604.65
2022-07-25 01:58:17,9422.82,6586.37
2022-07-25 01:58:16,9455,6554.19
2022-07-25 01:58:15,9478.34,6530.85
2022-07-25 01:58:14,9655.9,6353.29
2022-07-25 01:58:13,9717.43,6291.76
2022-07-25 01:58:12,9735.93,6273.26
2022-07-25 01:58:11,9759.82,6249.37
2022-07-25 01:58:10,9815.32,6193.87
2022-07-25 01:58:09,9880.5,6128.68
2022-07-25 01:58:08,9921.11,6088.07
2022-07-25 01:58:07,9422.85,6586.34
2022-07-25 01:58:06,9463.29,6545.89
2022-07-25 01:58:05,9517.16,6492.03
2022-07-25 01:58:04,9513.9,6495.29
2022-07-25 01:58:03,9601.2,6407.98
2022-07-25 01:58:02,9644.86,6364.32
2022-07-25 01:58:01,10127.3,5881.89
2022-07-25 01:58:00,10272.6,5736.63
2022-07-25 01:57:59,10434.5,5574.65
2022-07-25 01:57:58,10651.4,5357.8
2022-07-25 01:57:57,10742.6,5266.59
2022-07-25 01:57:56,10966.2,5043.02
2022-07-25 01:57:55,11101.5,4907.64
2022-07-25 01:57:54,10738.3,5270.84
2022-07-25 01:57:53,10204.3,5804.91
2022-07-25 01:57:52,10278.6,5730.57
2022-07-25 01:57:51,9705.82,6303.37
2022-07-25 01:57:50,9727.75,6281.43
2022-07-25 01:57:49,9204.74,6804.45
2022-07-25 01:57:48,9206.73,6802.46
2022-07-25 01:57:47,9208.55,6800.64
2022-07-25 01:57:46,9209.22,6799.97
2022-07-25 01:57:45,9212.33,6796.86
2022-07-25 01:57:44,9212.64,6796.55
2022-07-25 01:57:43,9213.46,6795.72
2022-07-25 01:57:42,9212.65,6796.54
2022-07-25 01:57:41,9214.76,6794.43
2022-07-25 01:57:40,9215.41,6793.78
2022-07-25 01:57:39,9215.97,6793.22
2022-07-25 01:57:38,9223.48,6785.71
2022-07-25 01:57:37,9224.4,6784.79
2022-07-25 01:57:36,9225.81,6783.38
2022-07-25 01:57:35,9247.04,6762.15
2022-07-25 01:57:34,9250.14,6759.04
2022-07-25 01:57:33,9250.71,6758.48
2022-07-25 01:57:32,9287.82,6721.37
2022-07-25 01:57:31,9288.91,6720.28
2022-07-25 01:57:30,9311,6698.19
2022-07-25 01:57:29,9339.55,6669.64
2022-07-25 01:57:28,9376.09,6633.09
2022-07-25 01:57:27,9537.08,6472.11
2022-07-25 01:57:26,9552.51,6456.68
2022-07-25 01:57:25,9590.28,6418.91
2022-07-25 01:57:24,9633.51,6375.68
2022-07-25 01:57:23,9676.4,6332.79
2022-07-25 01:57:22,9706.41,6302.78
2022-07-25 01:57:21,9219.85,6789.34
2022-07-25 01:57:20,9241.57,6767.61
2022-07-25 01:57:19,9244.5,6764.69
2022-07-25 01:57:18,9265.61,6743.58
2022-07-25 01:57:17,9315.46,6693.73
2022-07-25 01:57:16,9340.44,6668.75
2022-07-25 01:57:15,9571.75,6437.44
2022-07-25 01:57:14,9668.5,6340.69
2022-07-25 01:57:13,9801.08,6208.11
2022-07-25 01:57:12,10301.7,5707.46
2022-07-25 01:57:11,10465.1,5544.04
2022-07-25 01:57:10,10683.3,5325.85
2022-07-25 01:57:09,10777.6,5231.55
2022-07-25 01:57:08,10882,5127.21
2022-07-25 01:57:07,10619.8,5389.35
2022-07-25 01:57:06,10715.7,5293.53
2022-07-25 01:57:05,10304,5705.22
2022-07-25 01:57:04,10159.8,5849.4
2022-07-25 01:57:03,9653.57,6355.62
2022-07-25 01:57:02,9694.76,6314.43
2022-07-25 01:57:01,9193.74,6815.45
2022-07-25 01:57:00,9194.48,6814.7
2022-07-25 01:56:59,9194.23,6814.96
2022-07-25 01:56:58,9203.92,6805.27
2022-07-25 01:56:57,9204.95,6804.24
2022-07-25 01:56:56,9206.55,6802.64
2022-07-25 01:56:55,9208.64,6800.55
2022-07-25 01:56:54,9221.6,6787.59
2022-07-25 01:56:53,9223.07,6786.12
2022-07-25 01:56:52,9222.57,6786.62
2022-07-25 01:56:51,9241.56,6767.63
2022-07-25 01:56:50,9243.02,6766.17
2022-07-25 01:56:49,9244.47,6764.72
2022-07-25 01:56:48,9266.9,6742.29
2022-07-25 01:56:47,9267.14,6742.05
2022-07-25 01:56:46,9269.93,6739.26
2022-07-25 01:56:45,9290.02,6719.17
2022-07-25 01:56:44,9298.06,6711.13
2022-07-25 01:56:43,9300.59,6708.6
2022-07-25 01:56:42,9318.72,6690.47
2022-07-25 01:56:41,9324.68,6684.51
2022-07-25 01:56:40,9363.83,6645.36
2022-07-25 01:56:39,9399.16,6610.03
2022-07-25 01:56:38,9557.59,6451.6
2022-07-25 01:56:37,9619.49,6389.7
2022-07-25 01:56:36,9638.11,6371.08
2022-07-25 01:56:35,9685.52,6323.67
2022-07-25 01:56:34,9741.41,6267.78
2022-07-25 01:56:33,9787.07,6222.12
2022-07-25 01:56:32,9833.21,6175.98
2022-07-25 01:56:31,9216.14,6793.04
2022-07-25 01:56:30,9266.82,6742.37
2022-07-25 01:56:29,9307.7,6701.49
2022-07-25 01:56:28,9493.59,6515.6
2022-07-25 01:56:27,9565.41,6443.77
2022-07-25 01:56:26,9671.93,6337.26
2022-07-25 01:56:25,9919.66,6089.52
2022-07-25 01:56:24,10072.8,5936.43
2022-07-25 01:56:23,10492.1,5517.07
2022-07-25 01:56:22,10632.8,5376.37
2022-07-25 01:56:21,10339.4,5669.77
2022-07-25 01:56:20,10422.2,5586.99
2022-07-25 01:56:19,10497.5,5511.73
2022-07-25 01:56:18,10615.7,5393.5
2022-07-25 01:56:17,10214.5,5794.67
2022-07-25 01:56:16,10272.3,5736.86
2022-07-25 01:56:15,9044.72,6964.47
2022-07-25 01:56:14,9045.86,6963.33
2022-07-25 01:56:13,9045.66,6963.53
2022-07-25 01:56:12,9047.18,6962.01
2022-07-25 01:56:11,9046.79,6962.4
2022-07-25 01:56:10,9049.13,6960.06
2022-07-25 01:56:09,9048.74,6960.45
2022-07-25 01:56:08,9050.83,6958.36
2022-07-25 01:56:07,9047.37,6961.82
2022-07-25 01:56:06,9051.33,6957.86
2022-07-25 01:56:05,9051.28,6957.9
2022-07-25 01:56:04,9053.58,6955.61
2022-07-25 01:56:03,9057.77,6951.42
2022-07-25 01:56:02,9059.15,6950.04
2022-07-25 01:56:01,9060.61,6948.57
2022-07-25 01:56:00,9071.34,6937.85
2022-07-25 01:55:59,9070.76,6938.43
2022-07-25 01:55:58,9071.4,6937.79
2022-07-25 01:55:57,9080.23,6928.96
2022-07-25 01:55:56,9090.43,6918.76
2022-07-25 01:55:55,9093.41,6915.77
2022-07-25 01:55:54,9094.79,6914.4
2022-07-25 01:55:53,9173.5,6835.68
2022-07-25 01:55:52,9175.47,6833.71
2022-07-25 01:55:51,9357.83,6651.36
2022-07-25 01:55:50,9540.72,6468.47
2022-07-25 01:55:49,9630.2,6378.98
2022-07-25 01:55:48,9666.2,6342.99
2022-07-25 01:55:47,9703.49,6305.7
2022-07-25 01:55:46,9781.22,6227.96
2022-07-25 01:55:45,9824.77,6184.41
2022-07-25 01:55:44,9359.77,6649.42
2022-07-25 01:55:43,9366.24,6642.95
2022-07-25 01:55:42,9364.96,6644.23
2022-07-25 01:55:41,9423.32,6585.86
2022-07-25 01:55:40,9439.75,6569.44
2022-07-25 01:55:39,9612.18,6397.01
2022-07-25 01:55:38,9724.9,6284.29
2022-07-25 01:55:37,9897.15,6112.04
2022-07-25 01:55:36,10017.6,5991.6
2022-07-25 01:55:35,10390,5619.21
2022-07-25 01:55:34,10505.4,5503.81
2022-07-25 01:55:33,10787,5222.17
2022-07-25 01:55:32,11037.6,4971.61
2022-07-25 01:55:31,10670.3,5338.87
2022-07-25 01:55:30,10777.6,5231.61
2022-07-25 01:55:29,10241.2,5768.03
2022-07-25 01:55:28,9675.12,6334.07
2022-07-25 01:55:27,9713.48,6295.7
2022-07-25 01:55:26,9209.88,6799.31
2022-07-25 01:55:25,9211.76,6797.43
2022-07-25 01:55:24,9213.2,6795.99
2022-07-25 01:55:23,9214.04,6795.15
2022-07-25 01:55:22,9226.25,6782.94
2022-07-25 01:55:21,9225.85,6783.34
2022-07-25 01:55:20,9226.8,6782.39
2022-07-25 01:55:19,9244.01,6765.18
2022-07-25 01:55:18,9244.64,6764.55
2022-07-25 01:55:17,9247.2,6761.99
2022-07-25 01:55:16,9263.56,6745.62
2022-07-25 01:55:15,9265.21,6743.98
2022-07-25 01:55:14,9269.5,6739.69
2022-07-25 01:55:13,9282.1,6727.09
2022-07-25 01:55:12,9282.56,6726.62
2022-07-25 01:55:11,9282.39,6726.8
2022-07-25 01:55:10,9300.32,6708.87
2022-07-25 01:55:09,9303.28,6705.91
2022-07-25 01:55:08,9309.46,6699.73
2022-07-25 01:55:07,9309.33,6699.86
2022-07-25 01:55:06,9338.76,6670.43
2022-07-25 01:55:05,9354.11,6655.08
2022-07-25 01:55:04,9512.64,6496.55
2022-07-25 01:55:03,9583.33,6425.86
2022-07-25 01:55:02,9604.14,6405.05
2022-07-25 01:55:01,9631.37,6377.82
2022-07-25 01:55:00,9676.08,6333.11
2022-07-25 01:54:59,9742.66,6266.53
2022-07-25 01:54:58,9766.8,6242.39
2022-07-25 01:54:57,9287.63,6721.56
2022-07-25 01:54:56,9311.26,6697.93
2022-07-25 01:54:55,9304.23,6704.96
2022-07-25 01:54:54,9357.79,6651.39
2022-07-25 01:54:53,9375.83,6633.36
2022-07-25 01:54:52,9528.87,6480.32
2022-07-25 01:54:51,9697.23,6311.95
2022-07-25 01:54:50,9963.21,6045.98
2022-07-25 01:54:49,10097.2,5911.95
2022-07-25 01:54:48,10483.2,5525.97
2022-07-25 01:54:47,10662.9,5346.25
2022-07-25 01:54:46,10776.9,5232.33
2022-07-25 01:54:45,10988.7,5020.45
2022-07-25 01:54:44,11019.2,4990
2022-07-25 01:54:43,10716.1,5293.12
2022-07-25 01:54:42,10806.4,5202.78
2022-07-25 01:54:41,9838.47,6170.71
2022-07-25 01:54:40,9892.66,6116.53
2022-07-25 01:54:39,9910.57,6098.62
2022-07-25 01:54:38,9280.14,6729.05
2022-07-25 01:54:37,9284.93,6724.25
2022-07-25 01:54:36,9286.66,6722.53
2022-07-25 01:54:35,9287.17,6722.02
2022-07-25 01:54:34,9294.7,6714.48
2022-07-25 01:54:33,9296.45,6712.73
2022-07-25 01:54:32,9297.06,6712.13
2022-07-25 01:54:31,9298.6,6710.59
2022-07-25 01:54:30,9308.05,6701.14
2022-07-25 01:54:29,9321.57,6687.62
2022-07-25 01:54:28,9323.46,6685.72
2022-07-25 01:54:27,9334.55,6674.64
2022-07-25 01:54:26,9354.08,6655.11
2022-07-25 01:54:25,9356.96,6652.22
2022-07-25 01:54:24,9358.8,6650.39
2022-07-25 01:54:23,9388.4,6620.78
2022-07-25 01:54:22,9392.21,6616.98
2022-07-25 01:54:21,9391.24,6617.94
2022-07-25 01:54:20,9418.06,6591.13
2022-07-25 01:54:19,9418.5,6590.68
2022-07-25 01:54:18,9445.77,6563.42
2022-07-25 01:54:17,9482.14,6527.05
2022-07-25 01:54:16,9533.85,6475.34
2022-07-25 01:54:15,9733.03,6276.16
2022-07-25 01:54:14,9742.57,6266.62
2022-07-25 01:54:13,9800.94,6208.25
2022-07-25 01:54:12,9852.42,6156.77
2022-07-25 01:54:11,9915.55,6093.64
2022-07-25 01:54:10,9970.96,6038.22
2022-07-25 01:54:09,9491.98,6517.21
2022-07-25 01:54:08,9511.43,6497.75
2022-07-25 01:54:07,9561.09,6448.09
2022-07-25 01:54:06,9621,6388.19
2022-07-25 01:54:05,9794.02,6215.17
2022-07-25 01:54:04,9812.06,6197.13
2022-07-25 01:54:03,9914.6,6094.58
2022-07-25 01:54:02,9986.71,6022.48
2022-07-25 01:54:01,10317.8,5691.36
2022-07-25 01:54:00,10500.1,5509.04
2022-07-25 01:53:59,10578.9,5430.31
2022-07-25 01:53:58,10912,5097.16
2022-07-25 01:53:57,10417.2,5592.02
2022-07-25 01:53:56,10537.3,5471.91
2022-07-25 01:53:55,10653.9,5355.29
2022-07-25 01:53:54,10720.8,5288.4
2022-07-25 01:53:53,9667.4,6341.79
2022-07-25 01:53:52,9690.96,6318.23
2022-07-25 01:53:51,9063.85,6945.34
2022-07-25 01:53:50,9068.31,6940.87
2022-07-25 01:53:49,9067.52,6941.66
2022-07-25 01:53:48,9067.8,6941.38
2022-07-25 01:53:47,9069.22,6939.97
2022-07-25 01:53:46,9071.94,6937.25
2022-07-25 01:53:45,9072.99,6936.2
2022-07-25 01:53:44,9074.07,6935.12
2022-07-25 01:53:43,9073.12,6936.07
2022-07-25 01:53:42,9090.44,6918.75
2022-07-25 01:53:41,9089.36,6919.82
2022-07-25 01:53:40,9090.47,6918.72
2022-07-25 01:53:39,9095.99,6913.2
2022-07-25 01:53:38,9115.32,6893.86
2022-07-25 01:53:37,9116.57,6892.61
2022-07-25 01:53:36,9139.84,6869.34
2022-07-25 01:53:35,9147.14,6862.04
2022-07-25 01:53:34,9148.05,6861.14
2022-07-25 01:53:33,9180.6,6828.59
2022-07-25 01:53:32,9187.81,6821.38
2022-07-25 01:53:31,9221.1,6788.09
2022-07-25 01:53:30,9241.94,6767.25
2022-07-25 01:53:29,9401.27,6607.92
2022-07-25 01:53:28,9468.83,6540.36
2022-07-25 01:53:27,9487.89,6521.3
2022-07-25 01:53:26,9511.05,6498.14
2022-07-25 01:53:25,9571.8,6437.39
2022-07-25 01:53:24,9623.68,6385.5
2022-07-25 01:53:23,9638.27,6370.92
2022-07-25 01:53:22,9046.93,6962.25
2022-07-25 01:53:21,9047.49,6961.7
2022-07-25 01:53:20,9064.07,6945.12
2022-07-25 01:53:19,9103.61,6905.58
2022-07-25 01:53:18,9122.82,6886.37
2022-07-25 01:53:17,9257.71,6751.48
2022-07-25 01:53:16,9502.09,6507.1
2022-07-25 01:53:15,9612.72,6396.46
2022-07-25 01:53:14,9694.2,6314.98
2022-07-25 01:53:13,10068.1,5941.12
2022-07-25 01:53:12,10284.3,5724.89
2022-07-25 01:53:11,10428.4,5580.81
2022-07-25 01:53:10,10791.4,5217.79
2022-07-25 01:53:09,10948.1,5061.12
2022-07-25 01:53:08,11050.1,4959.05
2022-07-25 01:53:07,10638.5,5370.65
2022-07-25 01:53:06,10765.6,5243.63
2022-07-25 01:53:05,9687.77,6321.42
2022-07-25 01:53:04,9336.19,6673
2022-07-25 01:53:03,9071.72,6937.47
2022-07-25 01:53:02,9073.83,6935.36
2022-07-25 01:53:01,9075.82,6933.36
2022-07-25 01:53:00,9076.81,6932.38
2022-07-25 01:52:59,9077.87,6931.31
2022-07-25 01:52:58,9078.28,6930.91
2022-07-25 01:52:57,9079.94,6929.25
2022-07-25 01:52:56,9078.86,6930.33
2022-07-25 01:52:55,9080.62,6928.57
2022-07-25 01:52:54,9080.14,6929.05
2022-07-25 01:52:53,9083.41,6925.78
2022-07-25 01:52:52,9084.13,6925.05
2022-07-25 01:52:51,9084.43,6924.75
2022-07-25 01:52:50,9085.95,6923.23
2022-07-25 01:52:49,9087.82,6921.37
2022-07-25 01:52:48,9089.92,6919.27
2022-07-25 01:52:47,9090.32,6918.87
2022-07-25 01:52:46,9085.12,6924.07
2022-07-25 01:52:45,9089.55,6919.64
2022-07-25 01:52:44,9152.11,6857.08
2022-07-25 01:52:43,9154.38,6854.8
2022-07-25 01:52:42,9294.03,6715.16
2022-07-25 01:52:41,9482.67,6526.52
2022-07-25 01:52:40,9546.32,6462.87
2022-07-25 01:52:39,9579.64,6429.54
2022-07-25 01:52:38,9607.59,6401.6
2022-07-25 01:52:37,9658.52,6350.67
2022-07-25 01:52:36,9712,6297.18
2022-07-25 01:52:35,9738.27,6270.92
2022-07-25 01:52:34,9258.41,6750.78
2022-07-25 01:52:33,9254.46,6754.73
2022-07-25 01:52:32,9282.72,6726.47
2022-07-25 01:52:31,9331.46,6677.73
2022-07-25 01:52:30,9337.1,6672.09
2022-07-25 01:52:29,9435.08,6574.11
2022-07-25 01:52:28,9491.57,6517.62
2022-07-25 01:52:27,9818.69,6190.5
2022-07-25 01:52:26,10072.7,5936.5
2022-07-25 01:52:25,10279.8,5729.42
2022-07-25 01:52:24,10508.4,5500.75
2022-07-25 01:52:23,10780,5229.22
2022-07-25 01:52:22,10914.6,5094.59
2022-07-25 01:52:21,11072.1,4937.06
2022-07-25 01:52:20,11217.5,4791.73
2022-07-25 01:52:19,10819.8,5189.38
2022-07-25 01:52:18,10282.2,5727
2022-07-25 01:52:17,9714.86,6294.33
2022-07-25 01:52:16,9197.14,6812.05
2022-07-25 01:52:15,9199.36,6809.82
2022-07-25 01:52:14,9198.49,6810.7
2022-07-25 01:52:13,9199.62,6809.57
2022-07-25 01:52:12,9203.79,6805.4
2022-07-25 01:52:11,9204.11,6805.08
2022-07-25 01:52:10,9203.98,6805.21
2022-07-25 01:52:09,9204.68,6804.5
2022-07-25 01:52:08,9205.05,6804.14
2022-07-25 01:52:07,9207.23,6801.96
2022-07-25 01:52:06,9208.83,6800.36
2022-07-25 01:52:05,9214.02,6795.17
2022-07-25 01:52:04,9213.71,6795.48
2022-07-25 01:52:03,9215.62,6793.57
2022-07-25 01:52:02,9240.88,6768.31
2022-07-25 01:52:01,9240.84,6768.35
2022-07-25 01:52:00,9242.99,6766.2
2022-07-25 01:51:59,9280.15,6729.04
2022-07-25 01:51:58,9281.11,6728.08
2022-07-25 01:51:57,9285.04,6724.15
2022-07-25 01:51:56,9342.46,6666.73
2022-07-25 01:51:55,9368.13,6641.06
2022-07-25 01:51:54,9548.84,6460.35
2022-07-25 01:51:53,9570.77,6438.42
2022-07-25 01:51:52,9604.44,6404.75
2022-07-25 01:51:51,9627.98,6381.21
2022-07-25 01:51:50,9686.75,6322.43
2022-07-25 01:51:49,9757.22,6251.96
2022-07-25 01:51:48,9252.71,6756.48
2022-07-25 01:51:47,9270.99,6738.2
2022-07-25 01:51:46,9289.62,6719.56
2022-07-25 01:51:45,9300.22,6708.97
2022-07-25 01:51:44,9322.98,6686.21
2022-07-25 01:51:43,9341.12,6668.07
2022-07-25 01:51:42,9406.82,6602.36
2022-07-25 01:51:41,9421.97,6587.22
2022-07-25 01:51:40,9751.14,6258.05
2022-07-25 01:51:39,9882.37,6126.82
2022-07-25 01:51:38,10001.2,6008
2022-07-25 01:51:37,10218.9,5790.24
2022-07-25 01:51:36,10373.8,5635.35
2022-07-25 01:51:35,10788.5,5220.73
2022-07-25 01:51:34,10961.4,5047.76
2022-07-25 01:51:33,11074.3,4934.84
2022-07-25 01:51:32,10761.3,5247.87
2022-07-25 01:51:31,10778,5231.16
2022-07-25 01:51:30,10361.7,5647.46
2022-07-25 01:51:29,10414.1,5595.09
2022-07-25 01:51:28,9286.17,6723.02
2022-07-25 01:51:27,9286.73,6722.46
2022-07-25 01:51:26,9289.71,6719.48
2022-07-25 01:51:25,9291.26,6717.93
2022-07-25 01:51:24,9293.83,6715.36
2022-07-25 01:51:23,9294.91,6714.28
2022-07-25 01:51:22,9295.29,6713.9
2022-07-25 01:51:21,9297.14,6712.05
2022-07-25 01:51:20,9297.16,6712.03
2022-07-25 01:51:19,9300.7,6708.49
2022-07-25 01:51:18,9305.57,6703.62
2022-07-25 01:51:17,9306.29,6702.89
2022-07-25 01:51:16,9323.49,6685.7
2022-07-25 01:51:15,9330.2,6678.99
2022-07-25 01:51:14,9331.85,6677.34
2022-07-25 01:51:13,9333.12,6676.07
2022-07-25 01:51:12,9359.94,6649.25
2022-07-25 01:51:11,9368.93,6640.26
2022-07-25 01:51:10,9371.7,6637.49
2022-07-25 01:51:09,9380.96,6628.23
2022-07-25 01:51:08,9404.85,6604.34
2022-07-25 01:51:07,9405.89,6603.3
2022-07-25 01:51:06,9455.18,6554.01
2022-07-25 01:51:05,9491.48,6517.71
2022-07-25 01:51:04,9674.28,6334.9
2022-07-25 01:51:03,9735.97,6273.22
2022-07-25 01:51:02,9777.25,6231.94
2022-07-25 01:51:01,9818.44,6190.74
2022-07-25 01:51:00,9889.42,6119.77
2022-07-25 01:50:59,9944.8,6064.38
2022-07-25 01:50:58,10002.7,6006.53
2022-07-25 01:50:57,9513.68,6495.51
2022-07-25 01:50:56,9559.84,6449.35
2022-07-25 01:50:55,9609.55,6399.64
2022-07-25 01:50:54,9641.77,6367.42
2022-07-25 01:50:53,9855.72,6153.47
2022-07-25 01:50:52,9906.59,6102.59
2022-07-25 01:50:51,10153.2,5855.95
2022-07-25 01:50:50,10236.2,5773.03
2022-07-25 01:50:49,10312.2,5696.98
2022-07-25 01:50:48,10735,5274.18
2022-07-25 01:50:47,10950.9,5058.26
2022-07-25 01:50:46,11107.2,4902
2022-07-25 01:50:45,10694.7,5314.45
2022-07-25 01:50:44,10764.1,5245.1
2022-07-25 01:50:43,10252,5757.23
2022-07-25 01:50:42,10341.5,5667.66
2022-07-25 01:50:41,9105.15,6904.04
2022-07-25 01:50:40,9105.78,6903.41
2022-07-25 01:50:39,9110.28,6898.91
2022-07-25 01:50:38,9111.51,6897.68
2022-07-25 01:50:37,9111.46,6897.73
2022-07-25 01:50:36,9116.13,6893.05
2022-07-25 01:50:35,9117.07,6892.12
2022-07-25 01:50:34,9117.6,6891.59
2022-07-25 01:50:33,9118.61,6890.58
2022-07-25 01:50:32,9122.99,6886.2
2022-07-25 01:50:31,9121.31,6887.88
2022-07-25 01:50:30,9122.59,6886.6
2022-07-25 01:50:29,9127.32,6881.87
2022-07-25 01:50:28,9126.11,6883.07
2022-07-25 01:50:27,9127.87,6881.32
2022-07-25 01:50:26,9134.45,6874.74
2022-07-25 01:50:25,9163.95,6845.24
2022-07-25 01:50:24,9165.16,6844.03
2022-07-25 01:50:23,9165.82,6843.36
2022-07-25 01:50:22,9192.3,6816.89
2022-07-25 01:50:21,9210.76,6798.43
2022-07-25 01:50:20,9211.02,6798.17
2022-07-25 01:50:19,9274.51,6734.68
2022-07-25 01:50:18,9281.69,6727.5
2022-07-25 01:50:17,9429.13,6580.06
2022-07-25 01:50:16,9500.44,6508.75
2022-07-25 01:50:15,9516.85,6492.34
2022-07-25 01:50:14,9542.39,6466.8
2022-07-25 01:50:13,9609.49,6399.69
2022-07-25 01:50:12,9660.41,6348.77
2022-07-25 01:50:11,9672.67,6336.52
2022-07-25 01:50:10,9172.11,6837.08
2022-07-25 01:50:09,9176.15,6833.04
2022-07-25 01:50:08,9232.83,6776.35
2022-07-25 01:50:07,9231.44,6777.75
2022-07-25 01:50:06,9350.93,6658.26
2022-07-25 01:50:05,9574.13,6435.06
2022-07-25 01:50:04,9899.69,6109.5
2022-07-25 01:50:03,9989.71,6019.48
2022-07-25 01:50:02,10056.5,5952.65
2022-07-25 01:50:01,10592.6,5416.63
2022-07-25 01:50:00,10802.7,5206.48
2022-07-25 01:49:59,11012.9,4996.28
2022-07-25 01:49:58,11144.2,4864.95
2022-07-25 01:49:57,10716.4,5292.81
2022-07-25 01:49:56,10319.8,5689.39
2022-07-25 01:49:55,10421.2,5587.95
2022-07-25 01:49:54,10438.6,5570.58
2022-07-25 01:49:53,9307.64,6701.55
2022-07-25 01:49:52,9308.69,6700.49
2022-07-25 01:49:51,9309.99,6699.2
2022-07-25 01:49:50,9312.12,6697.07
2022-07-25 01:49:49,9318.04,6691.14
2022-07-25 01:49:48,9320.38,6688.8
2022-07-25 01:49:47,9323.29,6685.9
2022-07-25 01:49:46,9328.46,6680.73
2022-07-25 01:49:45,9340.15,6669.04
2022-07-25 01:49:44,9341.28,6667.91
2022-07-25 01:49:43,9347.56,6661.63
2022-07-25 01:49:42,9361.89,6647.3
2022-07-25 01:49:41,9364.54,6644.65
2022-07-25 01:49:40,9365.17,6644.02
2022-07-25 01:49:39,9379.75,6629.43
2022-07-25 01:49:38,9381.71,6627.48
2022-07-25 01:49:37,9398.52,6610.67
2022-07-25 01:49:36,9401.24,6607.95
2022-07-25 01:49:35,9405.77,6603.41
2022-07-25 01:49:34,9433.37,6575.82
2022-07-25 01:49:33,9428.6,6580.59
2022-07-25 01:49:32,9433.86,6575.32
2022-07-25 01:49:31,9493.78,6515.41
2022-07-25 01:49:30,9506.25,6502.93
2022-07-25 01:49:29,9669.17,6340.02
2022-07-25 01:49:28,9738.69,6270.5
2022-07-25 01:49:27,9761.34,6247.85
2022-07-25 01:49:26,9821.17,6188.02
2022-07-25 01:49:25,9883.65,6125.54
2022-07-25 01:49:24,9934.04,6075.15
2022-07-25 01:49:23,9496.75,6512.43
2022-07-25 01:49:22,9517.64,6491.55
2022-07-25 01:49:21,9508.05,6501.14
2022-07-25 01:49:20,9582.91,6426.27
2022-07-25 01:49:19,9652.77,6356.41
2022-07-25 01:49:18,9872.36,6136.83
2022-07-25 01:49:17,9944.98,6064.2
2022-07-25 01:49:16,10149.9,5859.25
2022-07-25 01:49:15,10220.6,5788.61
2022-07-25 01:49:14,10528.2,5481
2022-07-25 01:49:13,10821.8,5187.41
2022-07-25 01:49:12,10976.3,5032.89
2022-07-25 01:49:11,11114.5,4894.69
2022-07-25 01:49:10,10698.5,5310.68
2022-07-25 01:49:09,10818,5191.14
2022-07-25 01:49:08,10861.6,5147.55
2022-07-25 01:49:07,9202.07,6807.11
2022-07-25 01:49:06,9203.44,6805.75
2022-07-25 01:49:05,9204.74,6804.45
2022-07-25 01:49:04,9205.19,6804
2022-07-25 01:49:03,9206.38,6802.8
2022-07-25 01:49:02,9208.57,6800.62
2022-07-25 01:49:01,9211.35,6797.84
2022-07-25 01:49:00,9212.35,6796.84
2022-07-25 01:48:59,9212.73,6796.46
2022-07-25 01:48:58,9216.87,6792.32
2022-07-25 01:48:57,9218.41,6790.78
2022-07-25 01:48:56,9217.2,6791.99
2022-07-25 01:48:55,9219.41,6789.77
2022-07-25 01:48:54,9224.45,6784.73
2022-07-25 01:48:53,9230.17,6779.02
2022-07-25 01:48:52,9228.79,6780.39
2022-07-25 01:48:51,9235.09,6774.1
2022-07-25 01:48:50,9264.59,6744.6
2022-07-25 01:48:49,9266.37,6742.82
2022-07-25 01:48:48,9278.66,6730.53
2022-07-25 01:48:47,9319.89,6689.29
2022-07-25 01:48:46,9326.8,6682.39
2022-07-25 01:48:45,9328.41,6680.78
2022-07-25 01:48:44,9402.08,6607.11
2022-07-25 01:48:43,9413.02,6596.17
2022-07-25 01:48:42,9568.29,6440.9
2022-07-25 01:48:41,9620.45,6388.74
2022-07-25 01:48:40,9669,6340.19
2022-07-25 01:48:39,9697.2,6311.98
2022-07-25 01:48:38,9753.38,6255.8
2022-07-25 01:48:37,9824.46,6184.73
2022-07-25 01:48:36,9304.62,6704.57
2022-07-25 01:48:35,9345.71,6663.47
2022-07-25 01:48:34,9334.83,6674.36
2022-07-25 01:48:33,9374.13,6635.06
2022-07-25 01:48:32,9416.48,6592.71
2022-07-25 01:48:31,9620.33,6388.86
2022-07-25 01:48:30,9700.27,6308.91
2022-07-25 01:48:29,9773.46,6235.73
2022-07-25 01:48:28,10077.3,5931.9
2022-07-25 01:48:27,10490.2,5518.96
2022-07-25 01:48:26,10648,5361.16
2022-07-25 01:48:25,10788.6,5220.63
2022-07-25 01:48:24,10978.2,5030.96
2022-07-25 01:48:23,10580.4,5428.74
2022-07-25 01:48:22,10681.8,5327.4
2022-07-25 01:48:21,10729.4,5279.81
2022-07-25 01:48:20,10253.9,5755.32
2022-07-25 01:48:19,9787.69,6221.5
2022-07-25 01:48:18,9808,6201.19
2022-07-25 01:48:17,9291.21,6717.98
2022-07-25 01:48:16,9291.47,6717.72
2022-07-25 01:48:15,9294.72,6714.47
2022-07-25 01:48:14,9295.1,6714.09
2022-07-25 01:48:13,9298.26,6710.93
2022-07-25 01:48:12,9302.8,6706.39
2022-07-25 01:48:11,9302.06,6707.12
2022-07-25 01:48:10,9303.79,6705.39
2022-07-25 01:48:09,9303.52,6705.66
2022-07-25 01:48:08,9323.95,6685.24
2022-07-25 01:48:07,9328.67,6680.52
2022-07-25 01:48:06,9331.77,6677.41
2022-07-25 01:48:05,9353.3,6655.89
2022-07-25 01:48:04,9353.34,6655.85
2022-07-25 01:48:03,9357.25,6651.93
2022-07-25 01:48:02,9381.76,6627.43
2022-07-25 01:48:01,9382.06,6627.13
2022-07-25 01:48:00,9384.49,6624.7
2022-07-25 01:47:59,9428.48,6580.71
2022-07-25 01:47:58,9431.21,6577.98
2022-07-25 01:47:57,9459.98,6549.21
2022-07-25 01:47:56,9490.46,6518.73
2022-07-25 01:47:55,9674.44,6334.75
2022-07-25 01:47:54,9732.81,6276.38
2022-07-25 01:47:53,9745.38,6263.81
2022-07-25 01:47:52,9825.56,6183.63
2022-07-25 01:47:51,9869.07,6140.12
2022-07-25 01:47:50,9907.2,6101.99
2022-07-25 01:47:49,9991.31,6017.88
2022-07-25 01:47:48,9479.66,6529.52
2022-07-25 01:47:47,9499.78,6509.41
2022-07-25 01:47:46,9543.33,6465.86
2022-07-25 01:47:45,9577.28,6431.91
2022-07-25 01:47:44,9632.88,6376.3
2022-07-25 01:47:43,9851.15,6158.04
2022-07-25 01:47:42,9942.94,6066.25
2022-07-25 01:47:41,10342.2,5667.01
2022-07-25 01:47:40,10479.9,5529.32
2022-07-25 01:47:39,10628.5,5380.67
2022-07-25 01:47:38,10730.6,5278.56
2022-07-25 01:47:37,10844.3,5164.87
2022-07-25 01:47:36,11076.2,4933.02
2022-07-25 01:47:35,10630.3,5378.93
2022-07-25 01:47:34,10215.6,5793.59
2022-07-25 01:47:33,10246.7,5762.48
2022-07-25 01:47:32,9693.78,6315.41
2022-07-25 01:47:31,9748.54,6260.65
2022-07-25 01:47:30,9137.04,6872.14
2022-07-25 01:47:29,9137.27,6871.92
2022-07-25 01:47:28,9138.82,6870.37
2022-07-25 01:47:27,9139.11,6870.08
2022-07-25 01:47:26,9138.82,6870.36
2022-07-25 01:47:25,9138.57,6870.61
2022-07-25 01:47:24,9140.48,6868.71
2022-07-25 01:47:23,9139.98,6869.2
2022-07-25 01:47:22,9132.42,6876.77
2022-07-25 01:47:21,9140.66,6868.53
2022-07-25 01:47:20,9142.24,6866.95
2022-07-25 01:47:19,9142.59,6866.59
2022-07-25 01:47:18,9161.62,6847.57
2022-07-25 01:47:17,9162.03,6847.16
2022-07-25 01:47:16,9164.39,6844.8
2022-07-25 01:47:15,9187.25,6821.94
2022-07-25 01:47:14,9186.03,6823.15
2022-07-25 01:47:13,9188.25,6820.94
2022-07-25 01:47:12,9218.91,6790.28
2022-07-25 01:47:11,9219.21,6789.98
2022-07-25 01:47:10,9259.99,6749.2
2022-07-25 01:47:09,9274.49,6734.7
2022-07-25 01:47:08,9428.33,6580.86
2022-07-25 01:47:07,9494.72,6514.46
2022-07-25 01:47:06,9527.64,6481.54
2022-07-25 01:47:05,9553.56,6455.63
2022-07-25 01:47:04,9599.79,6409.4
2022-07-25 01:47:03,9672.43,6336.76
2022-07-25 01:47:02,9153.37,6855.81
2022-07-25 01:47:01,9171.18,6838.01
2022-07-25 01:47:00,9193.11,6816.08
2022-07-25 01:46:59,9193.09,6816.1
2022-07-25 01:46:58,9206.88,6802.3
2022-07-25 01:46:57,9247.37,6761.82
2022-07-25 01:46:56,9369.19,6640
2022-07-25 01:46:55,9543.4,6465.78
2022-07-25 01:46:54,10043.3,5965.9
2022-07-25 01:46:53,10231.1,5778.09
2022-07-25 01:46:52,10433.9,5575.25
2022-07-25 01:46:51,10478,5531.23
2022-07-25 01:46:50,10591.3,5417.86
2022-07-25 01:46:49,10955.9,5053.32
2022-07-25 01:46:48,11112.2,4897.01
2022-07-25 01:46:47,11285.8,4723.43
2022-07-25 01:46:46,9729.14,6280.04
2022-07-25 01:46:45,9777.91,6231.28
2022-07-25 01:46:44,9833.64,6175.55
2022-07-25 01:46:43,9843.17,6166.02
2022-07-25 01:46:42,9220.02,6789.16
2022-07-25 01:46:41,9223.18,6786
2022-07-25 01:46:40,9225.22,6783.97
2022-07-25 01:46:39,9227.68,6781.51
2022-07-25 01:46:38,9229.07,6780.11
2022-07-25 01:46:37,9228.93,6780.26
2022-07-25 01:46:36,9230.84,6778.35
2022-07-25 01:46:35,9230.48,6778.71
2022-07-25 01:46:34,9241.33,6767.86
2022-07-25 01:46:33,9244.18,6765.01
2022-07-25 01:46:32,9245.66,6763.53
2022-07-25 01:46:31,9270.39,6738.79
2022-07-25 01:46:30,9270.6,6738.59
2022-07-25 01:46:29,9272.05,6737.14
2022-07-25 01:46:28,9297.54,6711.65
2022-07-25 01:46:27,9300.98,6708.2
2022-07-25 01:46:26,9288.51,6720.68
2022-07-25 01:46:25,9322.75,6686.43
2022-07-25 01:46:24,9336.33,6672.85
2022-07-25 01:46:23,9377.52,6631.67
2022-07-25 01:46:22,9400.13,6609.05
2022-07-25 01:46:21,9575.09,6434.1
2022-07-25 01:46:20,9623.23,6385.95
2022-07-25 01:46:19,9651.93,6357.26
2022-07-25 01:46:18,9681.25,6327.93
2022-07-25 01:46:17,9730.95,6278.24
2022-07-25 01:46:16,9788.29,6220.9
2022-07-25 01:46:15,9773,6236.18
2022-07-25 01:46:14,9287.74,6721.45
2022-07-25 01:46:13,9273.63,6735.56
2022-07-25 01:46:12,9299.69,6709.5
2022-07-25 01:46:11,9338.6,6670.59
2022-07-25 01:46:10,9343.77,6665.41
2022-07-25 01:46:09,9382.62,6626.57
2022-07-25 01:46:08,9524.02,6485.17
2022-07-25 01:46:07,9673.46,6335.73
2022-07-25 01:46:06,9812.63,6196.56
2022-07-25 01:46:05,10261,5748.15
2022-07-25 01:46:04,10434.5,5574.66
2022-07-25 01:46:03,10781.6,5227.61
2022-07-25 01:46:02,10900.8,5108.41
2022-07-25 01:46:01,11016.1,4993.05
2022-07-25 01:46:00,11164,4845.19
2022-07-25 01:45:59,11275.1,4734.11
2022-07-25 01:45:58,10900.2,5108.96
2022-07-25 01:45:57,9292.69,6716.5
2022-07-25 01:45:56,9295.2,6713.98
2022-07-25 01:45:55,9299.77,6709.42
2022-07-25 01:45:54,9301.85,6707.34
2022-07-25 01:45:53,9302.47,6706.72
2022-07-25 01:45:52,9305.78,6703.4
2022-07-25 01:45:51,9307.27,6701.92
2022-07-25 01:45:50,9308.45,6700.74
2022-07-25 01:45:49,9308.87,6700.32
2022-07-25 01:45:48,9318.17,6691.02
2022-07-25 01:45:47,9317.15,6692.04
2022-07-25 01:45:46,9320.37,6688.82
2022-07-25 01:45:45,9334.21,6674.98
2022-07-25 01:45:44,9334.79,6674.39
2022-07-25 01:45:43,9336.84,6672.34
2022-07-25 01:45:42,9336.34,6672.84
2022-07-25 01:45:41,9359.55,6649.64
2022-07-25 01:45:40,9385.22,6623.97
2022-07-25 01:45:39,9387.69,6621.5
2022-07-25 01:45:38,9405.51,6603.68
2022-07-25 01:45:37,9436.2,6572.98
2022-07-25 01:45:36,9438.91,6570.28
2022-07-25 01:45:35,9514.48,6494.71
2022-07-25 01:45:34,9544.88,6464.31
2022-07-25 01:45:33,9703.64,6305.55
2022-07-25 01:45:32,9778.72,6230.47
2022-07-25 01:45:31,9816.77,6192.42
2022-07-25 01:45:30,9855.86,6153.33
2022-07-25 01:45:29,9903.26,6105.93
2022-07-25 01:45:28,9976.01,6033.18
2022-07-25 01:45:27,10015.5,5993.65
2022-07-25 01:45:26,9427.86,6581.33
2022-07-25 01:45:25,9436.27,6572.91
2022-07-25 01:45:24,9451.69,6557.5
2022-07-25 01:45:23,9470.35,6538.84
2022-07-25 01:45:22,9499.78,6509.41
2022-07-25 01:45:21,9569.2,6439.98
2022-07-25 01:45:20,9686.17,6323.02
2022-07-25 01:45:19,9866.91,6142.28
2022-07-25 01:45:18,10230.7,5778.46
2022-07-25 01:45:17,10451.7,5557.49
2022-07-25 01:45:16,10688.2,5321.01
2022-07-25 01:45:15,10780,5229.23
2022-07-25 01:45:14,10882.2,5126.96
2022-07-25 01:45:13,10956.4,5052.84
2022-07-25 01:45:12,11127.2,4881.95
2022-07-25 01:45:11,10756.4,5252.78
2022-07-25 01:45:10,10470.1,5539.12
2022-07-25 01:45:09,9207.16,6802.02
2022-07-25 01:45:08,9210.21,6798.98
2022-07-25 01:45:07,9212.66,6796.53
2022-07-25 01:45:06,9212.92,6796.27
2022-07-25 01:45:05,9214.52,6794.67
2022-07-25 01:45:04,9216.54,6792.65
2022-07-25 01:45:03,9216.56,6792.63
2022-07-25 01:45:02,9219.21,6789.98
2022-07-25 01:45:01,9219.79,6789.4
2022-07-25 01:45:00,9223.01,6786.18
2022-07-25 01:44:59,9224.2,6784.99
2022-07-25 01:44:58,9223.75,6785.44
2022-07-25 01:44:57,9227.17,6782.02
2022-07-25 01:44:56,9228.87,6780.31
2022-07-25 01:44:55,9230.44,6778.75
2022-07-25 01:44:54,9229.38,6779.81
2022-07-25 01:44:53,9236.43,6772.75
2022-07-25 01:44:52,9237.01,6772.18
2022-07-25 01:44:51,9240.31,6768.87
2022-07-25 01:44:50,9249.8,6759.39
2022-07-25 01:44:49,9245.61,6763.58
2022-07-25 01:44:48,9246.98,6762.21
2022-07-25 01:44:47,9292.43,6716.75
2022-07-25 01:44:46,9311.11,6698.08
2022-07-25 01:44:45,9635.86,6373.33
2022-07-25 01:44:44,9712.51,6296.68
2022-07-25 01:44:43,9767.78,6241.4
2022-07-25 01:44:42,9805.34,6203.84
2022-07-25 01:44:41,9869.27,6139.91
2022-07-25 01:44:40,9931.86,6077.32
2022-07-25 01:44:39,9955.81,6053.38
2022-07-25 01:44:38,9473.26,6535.93
2022-07-25 01:44:37,9478.64,6530.55
2022-07-25 01:44:36,9483.71,6525.48
2022-07-25 01:44:35,9503.34,6505.85
2022-07-25 01:44:34,9563.98,6445.21
2022-07-25 01:44:33,9547.52,6461.66
2022-07-25 01:44:32,9598.36,6410.83
2022-07-25 01:44:31,9720.35,6288.84
2022-07-25 01:44:30,9934.99,6074.2
2022-07-25 01:44:29,10107.8,5901.37
2022-07-25 01:44:28,10244.7,5764.49
2022-07-25 01:44:27,10544.8,5464.43
2022-07-25 01:44:26,10657.9,5351.26
2022-07-25 01:44:25,10785.4,5223.79
2022-07-25 01:44:24,11017.1,4992.1
2022-07-25 01:44:23,11149.4,4859.75
2022-07-25 01:44:22,10746.9,5262.29
2022-07-25 01:44:21,10310.2,5698.94
2022-07-25 01:44:20,10378,5631.2
2022-07-25 01:44:19,9818.01,6191.18
2022-07-25 01:44:18,9835.09,6174.1
2022-07-25 01:44:17,9204.84,6804.35
2022-07-25 01:44:16,9209.18,6800.01
2022-07-25 01:44:15,9209.98,6799.2
2022-07-25 01:44:14,9210.32,6798.87
2022-07-25 01:44:13,9212.93,6796.25
2022-07-25 01:44:12,9224.82,6784.36
2022-07-25 01:44:11,9227.2,6781.99
2022-07-25 01:44:10,9225.41,6783.78
2022-07-25 01:44:09,9245.73,6763.46
2022-07-25 01:44:08,9248.38,6760.81
2022-07-25 01:44:07,9248.16,6761.03
2022-07-25 01:44:06,9269.93,6739.26
2022-07-25 01:44:05,9270.27,6738.92
2022-07-25 01:44:04,9271.95,6737.23
2022-07-25 01:44:03,9299.34,6709.85
2022-07-25 01:44:02,9299.66,6709.53
2022-07-25 01:44:01,9300.85,6708.34
2022-07-25 01:44:00,9353.14,6656.04
2022-07-25 01:43:59,9379.06,6630.12
2022-07-25 01:43:58,9570.05,6439.14
2022-07-25 01:43:57,9594.67,6414.52
2022-07-25 01:43:56,9624.4,6384.79
2022-07-25 01:43:55,9659.73,6349.45
2022-07-25 01:43:54,9710.04,6299.14
2022-07-25 01:43:53,9745.29,6263.89
2022-07-25 01:43:52,9223.72,6785.47
2022-07-25 01:43:51,9224.3,6784.89
2022-07-25 01:43:50,9239.89,6769.3
2022-07-25 01:43:49,9315.53,6693.66
2022-07-25 01:43:48,9307.71,6701.48
2022-07-25 01:43:47,9309.7,6699.49
2022-07-25 01:43:46,9425.8,6583.39
2022-07-25 01:43:45,9461.15,6548.03
2022-07-25 01:43:44,9686.5,6322.68
2022-07-25 01:43:43,9874.09,6135.1
2022-07-25 01:43:42,9901.44,6107.75
2022-07-25 01:43:41,9969.67,6039.52
2022-07-25 01:43:40,10057.3,5951.91
2022-07-25 01:43:39,10141.1,5868.05
2022-07-25 01:43:38,10317.4,5691.76
2022-07-25 01:43:37,10107.1,5902.04
2022-07-25 01:43:36,9914.66,6094.53
2022-07-25 01:43:35,10059.1,5950.06
2022-07-25 01:43:34,10131.6,5877.62
2022-07-25 01:43:33,10209.5,5799.69
2022-07-25 01:43:32,10283.1,5726.12
2022-07-25 01:43:31,10360.5,5648.7
2022-07-25 01:43:30,9773.63,6235.55
2022-07-25 01:43:29,9262.55,6746.64
2022-07-25 01:43:28,9266.1,6743.09
2022-07-25 01:43:27,9267.06,6742.12
2022-07-25 01:43:26,9268.62,6740.57
2022-07-25 01:43:25,9270.48,6738.7
2022-07-25 01:43:24,9271.97,6737.22
2022-07-25 01:43:23,9273.16,6736.02
2022-07-25 01:43:22,9277.84,6731.34
2022-07-25 01:43:21,9277.87,6731.32
2022-07-25 01:43:20,9282.21,6726.98
2022-07-25 01:43:19,9284.87,6724.32
2022-07-25 01:43:18,9306.08,6703.11
2022-07-25 01:43:17,9313.84,6695.35
2022-07-25 01:43:16,9315.07,6694.12
2022-07-25 01:43:15,9365.14,6644.05
2022-07-25 01:43:14,9365.7,6643.48
2022-07-25 01:43:13,9377.97,6631.21
2022-07-25 01:43:12,9438,6571.19
2022-07-25 01:43:11,9467.11,6542.07
2022-07-25 01:43:10,9615.45,6393.74
2022-07-25 01:43:09,9703.48,6305.71
2022-07-25 01:43:08,9745.13,6264.06
2022-07-25 01:43:07,9769.38,6239.81
2022-07-25 01:43:06,9831.13,6178.06
2022-07-25 01:43:05,9905.46,6103.73
2022-07-25 01:43:04,9426.77,6582.42
2022-07-25 01:43:03,9446.84,6562.35
2022-07-25 01:43:02,9481.96,6527.23
2022-07-25 01:43:01,9487.25,6521.93
2022-07-25 01:43:00,9541.44,6467.75
2022-07-25 01:42:59,9545.64,6463.55
2022-07-25 01:42:58,9741.96,6267.23
2022-07-25 01:42:57,9826.39,6182.8
2022-07-25 01:42:56,9861.78,6147.41
2022-07-25 01:42:55,10031.1,5978.13
2022-07-25 01:42:54,10146.1,5863.12
2022-07-25 01:42:53,10202.3,5806.88
2022-07-25 01:42:52,10315.3,5693.84
2022-07-25 01:42:51,10424.2,5584.99
2022-07-25 01:42:50,10273,5736.21
2022-07-25 01:42:49,10400.1,5609.05
2022-07-25 01:42:48,10110.9,5898.32
2022-07-25 01:42:47,10180.3,5828.86
2022-07-25 01:42:46,10225,5784.23
2022-07-25 01:42:45,10289.6,5719.59
2022-07-25 01:42:44,10389.3,5619.87
2022-07-25 01:42:43,9811.2,6197.99
2022-07-25 01:42:42,9197.97,6811.21
2022-07-25 01:42:41,9198.17,6811.02
2022-07-25 01:42:40,9199.37,6809.81
2022-07-25 01:42:39,9201.39,6807.8
2022-07-25 01:42:38,9201.15,6808.04
2022-07-25 01:42:37,9202.98,6806.21
2022-07-25 01:42:36,9204.15,6805.04
2022-07-25 01:42:35,9206.13,6803.06
2022-07-25 01:42:34,9210.91,6798.28
2022-07-25 01:42:33,9220.02,6789.16
2022-07-25 01:42:32,9220.97,6788.22
2022-07-25 01:42:31,9222.83,6786.36
2022-07-25 01:42:30,9248.73,6760.46
2022-07-25 01:42:29,9252.36,6756.82
2022-07-25 01:42:28,9254.48,6754.7
2022-07-25 01:42:27,9282.53,6726.66
2022-07-25 01:42:26,9292.47,6716.72
2022-07-25 01:42:25,9327.99,6681.19
2022-07-25 01:42:24,9358.04,6651.14
2022-07-25 01:42:23,9494.05,6515.13
2022-07-25 01:42:22,9576.57,6432.62
2022-07-25 01:42:21,9605.6,6403.59
2022-07-25 01:42:20,9630.65,6378.54
2022-07-25 01:42:19,9676.4,6332.79
2022-07-25 01:42:18,9733.59,6275.6
2022-07-25 01:42:17,9785.55,6223.63
2022-07-25 01:42:16,9296.82,6712.36
2022-07-25 01:42:15,9318.43,6690.76
2022-07-25 01:42:14,9326.01,6683.18
2022-07-25 01:42:13,9332.81,6676.38
2022-07-25 01:42:12,9360.22,6648.97
2022-07-25 01:42:11,9393.13,6616.06
2022-07-25 01:42:10,9576.66,6432.53
2022-07-25 01:42:09,9660.82,6348.36
2022-07-25 01:42:08,9728.41,6280.77
2022-07-25 01:42:07,9916.3,6092.89
2022-07-25 01:42:06,9952.02,6057.16
2022-07-25 01:42:05,10054.1,5955.07
2022-07-25 01:42:04,10145.9,5863.26
2022-07-25 01:42:03,10170,5839.23
2022-07-25 01:42:02,10085.5,5923.66
2022-07-25 01:42:01,10420.8,5588.42
2022-07-25 01:42:00,10047.9,5961.32
2022-07-25 01:41:59,10159.1,5850.05
2022-07-25 01:41:58,10218.9,5790.27
2022-07-25 01:41:57,10294.1,5715.09
2022-07-25 01:41:56,10388,5621.18
2022-07-25 01:41:55,9920.84,6088.35
2022-07-25 01:41:54,9402.82,6606.37
2022-07-25 01:41:53,9406.14,6603.05
2022-07-25 01:41:52,9412.43,6596.76
2022-07-25 01:41:51,9417.24,6591.95
2022-07-25 01:41:50,9417,6592.19
2022-07-25 01:41:49,9446.45,6562.74
2022-07-25 01:41:48,9448.05,6561.14
2022-07-25 01:41:47,9450.68,6558.51
2022-07-25 01:41:46,9470.36,6538.82
2022-07-25 01:41:45,9477.97,6531.22
2022-07-25 01:41:44,9477.31,6531.87
2022-07-25 01:41:43,9500.04,6509.15
2022-07-25 01:41:42,9508.14,6501.04
2022-07-25 01:41:41,9508.31,6500.88
2022-07-25 01:41:40,9523.74,6485.45
2022-07-25 01:41:39,9527.82,6481.36
2022-07-25 01:41:38,9566.29,6442.89
2022-07-25 01:41:37,9581.79,6427.4
2022-07-25 01:41:36,9738.18,6271.01
2022-07-25 01:41:35,9823.26,6185.93
2022-07-25 01:41:34,9838.61,6170.58
2022-07-25 01:41:33,9867.81,6141.37
2022-07-25 01:41:32,9920.09,6089.1
2022-07-25 01:41:31,9983.28,6025.91
2022-07-25 01:41:30,10025.3,5983.93
2022-07-25 01:41:29,9429.92,6579.27
2022-07-25 01:41:28,9460.45,6548.74
2022-07-25 01:41:27,9492.5,6516.68
2022-07-25 01:41:26,9494.99,6514.2
2022-07-25 01:41:25,9542.53,6466.66
2022-07-25 01:41:24,9603.59,6405.6
2022-07-25 01:41:23,9714.29,6294.9
2022-07-25 01:41:22,9831.82,6177.36
2022-07-25 01:41:21,9902.62,6106.57
2022-07-25 01:41:20,9939.34,6069.85
2022-07-25 01:41:19,10004.7,6004.52
2022-07-25 01:41:18,10130.7,5878.45
2022-07-25 01:41:17,10278.2,5730.99
2022-07-25 01:41:16,9914.75,6094.44
2022-07-25 01:41:15,10115.2,5894.03
2022-07-25 01:41:14,10180.5,5828.73
2022-07-25 01:41:13,10356.3,5652.85
2022-07-25 01:41:12,10475.6,5533.59
2022-07-25 01:41:11,10572.7,5436.44
2022-07-25 01:41:10,10662,5347.23
2022-07-25 01:41:09,10209.3,5799.89
2022-07-25 01:41:08,9662.83,6346.36
2022-07-25 01:41:07,9697.31,6311.88
2022-07-25 01:41:06,9190.57,6818.61
2022-07-25 01:41:05,9191.78,6817.41
2022-07-25 01:41:04,9192.18,6817.01
2022-07-25 01:41:03,9193.82,6815.37
2022-07-25 01:41:02,9196.2,6812.99
2022-07-25 01:41:01,9195.6,6813.59
2022-07-25 01:41:00,9197.56,6811.62
2022-07-25 01:40:59,9198.23,6810.96
2022-07-25 01:40:58,9209.75,6799.43
2022-07-25 01:40:57,9209.8,6799.38
2022-07-25 01:40:56,9213.09,6796.1
2022-07-25 01:40:55,9224.64,6784.55
2022-07-25 01:40:54,9226.35,6782.84
2022-07-25 01:40:53,9213.58,6795.61
2022-07-25 01:40:52,9214.49,6794.7
2022-07-25 01:40:51,9282.37,6726.82
2022-07-25 01:40:50,9294.12,6715.07
2022-07-25 01:40:49,9615.31,6393.88
2022-07-25 01:40:48,9696.91,6312.27
2022-07-25 01:40:47,9732.86,6276.33
2022-07-25 01:40:46,9763.78,6245.41
2022-07-25 01:40:45,9825.79,6183.4
2022-07-25 01:40:44,9875.83,6133.36
2022-07-25 01:40:43,9903.08,6106.11
2022-07-25 01:40:42,9304.42,6704.77
2022-07-25 01:40:41,9304.45,6704.74
2022-07-25 01:40:40,9327.91,6681.27
2022-07-25 01:40:39,9360.43,6648.76
2022-07-25 01:40:38,9387.79,6621.4
2022-07-25 01:40:37,9406.11,6603.08
2022-07-25 01:40:36,9570.49,6438.7
2022-07-25 01:40:35,9668.11,6341.07
2022-07-25 01:40:34,9681.48,6327.71
2022-07-25 01:40:33,9714.62,6294.57
2022-07-25 01:40:32,9818.61,6190.58
2022-07-25 01:40:31,9872.12,6137.06
2022-07-25 01:40:30,10087.5,5921.64
2022-07-25 01:40:29,9695.04,6314.15
2022-07-25 01:40:28,9935.41,6073.78
2022-07-25 01:40:27,10042.1,5967.07
2022-07-25 01:40:26,10191.5,5817.64
2022-07-25 01:40:25,10266,5743.16
2022-07-25 01:40:24,10466.2,5543.02
2022-07-25 01:40:23,10089.9,5919.28
2022-07-25 01:40:22,10157.1,5852.05
2022-07-25 01:40:21,10208.2,5800.95
2022-07-25 01:40:20,9729.69,6279.5
2022-07-25 01:40:19,9781.92,6227.27
2022-07-25 01:40:18,9796.44,6212.74
2022-07-25 01:40:17,9168.23,6840.96
2022-07-25 01:40:16,9169.73,6839.46
2022-07-25 01:40:15,9171.64,6837.54
2022-07-25 01:40:14,9173.03,6836.16
2022-07-25 01:40:13,9175.7,6833.48
2022-07-25 01:40:12,9176.82,6832.36
2022-07-25 01:40:11,9178.99,6830.2
2022-07-25 01:40:10,9179.61,6829.58
2022-07-25 01:40:09,9183.3,6825.89
2022-07-25 01:40:08,9184.85,6824.34
2022-07-25 01:40:07,9186.15,6823.04
2022-07-25 01:40:06,9190.66,6818.53
2022-07-25 01:40:05,9191.61,6817.58
2022-07-25 01:40:04,9251.7,6757.49
2022-07-25 01:40:03,9272.78,6736.4
2022-07-25 01:40:02,9541.52,6467.66
2022-07-25 01:40:01,9627.2,6381.98
2022-07-25 01:40:00,9696.82,6312.37
2022-07-25 01:39:59,9752.14,6257.05
2022-07-25 01:39:58,9777.18,6232
2022-07-25 01:39:57,9823.42,6185.77
2022-07-25 01:39:56,9909.36,6099.83
2022-07-25 01:39:55,9416,6593.19
2022-07-25 01:39:54,9458.98,6550.21
2022-07-25 01:39:53,9454.86,6554.32
2022-07-25 01:39:52,9465.46,6543.72
2022-07-25 01:39:51,9535.69,6473.5
2022-07-25 01:39:50,9545.78,6463.41
2022-07-25 01:39:49,9708.72,6300.47
2022-07-25 01:39:48,9808.76,6200.43
2022-07-25 01:39:47,9812.11,6197.07
2022-07-25 01:39:46,9836.76,6172.43
2022-07-25 01:39:45,9953.9,6055.28
2022-07-25 01:39:44,10026.2,5982.98
2022-07-25 01:39:43,10214.7,5794.5
2022-07-25 01:39:42,9670.12,6339.07
2022-07-25 01:39:41,9698.69,6310.5
2022-07-25 01:39:40,9874.71,6134.47
2022-07-25 01:39:39,10026.6,5982.61
2022-07-25 01:39:38,10090.8,5918.42
2022-07-25 01:39:37,10415,5594.23
2022-07-25 01:39:36,10502,5507.22
2022-07-25 01:39:35,10124.9,5884.27
2022-07-25 01:39:34,10202.3,5806.92
2022-07-25 01:39:33,9704.56,6304.63
2022-07-25 01:39:32,9756.57,6252.62
2022-07-25 01:39:31,9800.41,6208.77
2022-07-25 01:39:30,9182.16,6827.03
2022-07-25 01:39:29,9183.49,6825.7
2022-07-25 01:39:28,9189.06,6820.12
2022-07-25 01:39:27,9191.75,6817.44
2022-07-25 01:39:26,9192.43,6816.75
2022-07-25 01:39:25,9212.8,6796.39
2022-07-25 01:39:24,9213.35,6795.84
2022-07-25 01:39:23,9214.95,6794.23
2022-07-25 01:39:22,9238.91,6770.28
2022-07-25 01:39:21,9240.68,6768.5
2022-07-25 01:39:20,9245.14,6764.05
2022-07-25 01:39:19,9268.45,6740.74
2022-07-25 01:39:18,9260.1,6749.09
2022-07-25 01:39:17,9263.5,6745.69
2022-07-25 01:39:16,9309.42,6699.77
2022-07-25 01:39:15,9321.62,6687.57
2022-07-25 01:39:14,9462.9,6546.29
2022-07-25 01:39:13,9529.72,6479.46
2022-07-25 01:39:12,9545.67,6463.52
2022-07-25 01:39:11,9575.72,6433.46
2022-07-25 01:39:10,9606.16,6403.03
2022-07-25 01:39:09,9671.85,6337.34
2022-07-25 01:39:08,9643.62,6365.57
2022-07-25 01:39:07,9201.93,6807.26
2022-07-25 01:39:06,9219.84,6789.35
2022-07-25 01:39:05,9220.12,6789.07
2022-07-25 01:39:04,9283.69,6725.5
2022-07-25 01:39:03,9309.75,6699.44
2022-07-25 01:39:02,9444.57,6564.62
2022-07-25 01:39:01,9682.67,6326.52
2022-07-25 01:39:00,9758.1,6251.09
2022-07-25 01:38:59,9826.47,6182.71
2022-07-25 01:38:58,9877.77,6131.42
2022-07-25 01:38:57,9975.57,6033.62
2022-07-25 01:38:56,10063.8,5945.39
2022-07-25 01:38:55,10214.7,5794.46
2022-07-25 01:38:54,9925.05,6084.14
2022-07-25 01:38:53,10053.5,5955.69
2022-07-25 01:38:52,10107.6,5901.54
2022-07-25 01:38:51,10410.4,5598.79
2022-07-25 01:38:50,10571.6,5437.57
2022-07-25 01:38:49,10715.4,5293.79
2022-07-25 01:38:48,10266.9,5742.25
2022-07-25 01:38:47,10324.2,5685.02
2022-07-25 01:38:46,9758.15,6251.04
2022-07-25 01:38:45,9807.19,6202
2022-07-25 01:38:44,9308.17,6701.02
2022-07-25 01:38:43,9309.55,6699.63
2022-07-25 01:38:42,9310.08,6699.11
2022-07-25 01:38:41,9309.7,6699.49
2022-07-25 01:38:40,9313.11,6696.07
2022-07-25 01:38:39,9328.86,6680.32
2022-07-25 01:38:38,9328.91,6680.28
2022-07-25 01:38:37,9331.06,6678.13
2022-07-25 01:38:36,9342.95,6666.24
2022-07-25 01:38:35,9352.48,6656.71
2022-07-25 01:38:34,9356.59,6652.59
2022-07-25 01:38:33,9357.59,6651.6
2022-07-25 01:38:32,9384.98,6624.21
2022-07-25 01:38:31,9384.27,6624.91
2022-07-25 01:38:30,9387.7,6621.49
2022-07-25 01:38:29,9397.52,6611.67
2022-07-25 01:38:28,9406.3,6602.89
2022-07-25 01:38:27,9423.05,6586.14
2022-07-25 01:38:26,9460.47,6548.72
2022-07-25 01:38:25,9516.34,6492.85
2022-07-25 01:38:24,9687.36,6321.83
2022-07-25 01:38:23,9701.55,6307.64
2022-07-25 01:38:22,9742.47,6266.72
2022-07-25 01:38:21,9791.27,6217.92
2022-07-25 01:38:20,9841.5,6167.69
2022-07-25 01:38:19,9886.34,6122.84
2022-07-25 01:38:18,9933.37,6075.82
2022-07-25 01:38:17,9306.19,6703
2022-07-25 01:38:16,9338.78,6670.41
2022-07-25 01:38:15,9391.71,6617.48
2022-07-25 01:38:14,9425.96,6583.23
2022-07-25 01:38:13,9631.36,6377.82
2022-07-25 01:38:12,9643.88,6365.31
2022-07-25 01:38:11,9703.65,6305.54
2022-07-25 01:38:10,9775.01,6234.18
2022-07-25 01:38:09,9839.5,6169.68
2022-07-25 01:38:08,10130,5879.17
2022-07-25 01:38:07,9674.05,6335.13
2022-07-25 01:38:06,9936.48,6072.7
2022-07-25 01:38:05,10075.4,5933.81
2022-07-25 01:38:04,10227,5782.23
2022-07-25 01:38:03,10324.9,5684.3
2022-07-25 01:38:02,10548.7,5460.46
2022-07-25 01:38:01,10090,5919.14
2022-07-25 01:38:00,10157.3,5851.84
2022-07-25 01:37:59,10224.5,5784.64
2022-07-25 01:37:58,9663.33,6345.86
2022-07-25 01:37:57,9699.68,6309.5
2022-07-25 01:37:56,9180.53,6828.66
2022-07-25 01:37:55,9179.71,6829.48
2022-07-25 01:37:54,9181.93,6827.25
2022-07-25 01:37:53,9185.11,6824.07
2022-07-25 01:37:52,9186.34,6822.84
2022-07-25 01:37:51,9185.13,6824.05
2022-07-25 01:37:50,9188,6821.19
2022-07-25 01:37:49,9188.23,6820.95
2022-07-25 01:37:48,9190.68,6818.51
2022-07-25 01:37:47,9191.14,6818.05
2022-07-25 01:37:46,9196.19,6813
2022-07-25 01:37:45,9195.81,6813.38
2022-07-25 01:37:44,9197.27,6811.92
2022-07-25 01:37:43,9197.14,6812.05
2022-07-25 01:37:42,9205.85,6803.34
2022-07-25 01:37:41,9206.98,6802.21
2022-07-25 01:37:40,9204,6805.19
2022-07-25 01:37:39,9235.36,6773.82
2022-07-25 01:37:38,9280.84,6728.34
2022-07-25 01:37:37,9284.82,6724.36
2022-07-25 01:37:36,9622.4,6386.79
2022-07-25 01:37:35,9704.45,6304.74
2022-07-25 01:37:34,9749.1,6260.09
2022-07-25 01:37:33,9784.59,6224.59
2022-07-25 01:37:32,9848.07,6161.12
2022-07-25 01:37:31,9901.59,6107.6
2022-07-25 01:37:30,9975.27,6033.92
2022-07-25 01:37:29,9485.62,6523.56
2022-07-25 01:37:28,9488.66,6520.52
2022-07-25 01:37:27,9559.56,6449.63
2022-07-25 01:37:26,9607.98,6401.2
2022-07-25 01:37:25,9793.12,6216.07
2022-07-25 01:37:24,9868.1,6141.09
2022-07-25 01:37:23,9921.09,6088.1
2022-07-25 01:37:22,10080.5,5928.7
2022-07-25 01:37:21,10218.7,5790.5
2022-07-25 01:37:20,10316.3,5692.93
2022-07-25 01:37:19,10393.8,5615.39
2022-07-25 01:37:18,10210.9,5798.25
2022-07-25 01:37:17,10355,5654.23
2022-07-25 01:37:16,10435.3,5573.91
2022-07-25 01:37:15,10019.4,5989.84
2022-07-25 01:37:14,10117.9,5891.29
2022-07-25 01:37:13,10179.9,5829.32
2022-07-25 01:37:12,10229.1,5780.07
2022-07-25 01:37:11,9754.36,6254.83
2022-07-25 01:37:10,9802.15,6207.04
2022-07-25 01:37:09,9827.77,6181.41
2022-07-25 01:37:08,9200.67,6808.52
2022-07-25 01:37:07,9212.23,6796.95
2022-07-25 01:37:06,9207.59,6801.59
2022-07-25 01:37:05,9209.33,6799.86
2022-07-25 01:37:04,9226.25,6782.94
2022-07-25 01:37:03,9227.31,6781.88
2022-07-25 01:37:02,9229.14,6780.04
2022-07-25 01:37:01,9246.53,6762.66
2022-07-25 01:37:00,9248.26,6760.93
2022-07-25 01:36:59,9249.01,6760.18
2022-07-25 01:36:58,9263.9,6745.29
2022-07-25 01:36:57,9264.56,6744.63
2022-07-25 01:36:56,9268.06,6741.12
2022-07-25 01:36:55,9284.87,6724.32
2022-07-25 01:36:54,9286.26,6722.93
2022-07-25 01:36:53,9287.34,6721.85
2022-07-25 01:36:52,9310.03,6699.16
2022-07-25 01:36:51,9312.63,6696.56
2022-07-25 01:36:50,9354.8,6654.38
2022-07-25 01:36:49,9379.05,6630.14
2022-07-25 01:36:48,9532.65,6476.54
2022-07-25 01:36:47,9573.89,6435.29
2022-07-25 01:36:46,9589.25,6419.93
2022-07-25 01:36:45,9645.43,6363.76
2022-07-25 01:36:44,9680.92,6328.27
2022-07-25 01:36:43,9732.88,6276.31
2022-07-25 01:36:42,9791.83,6217.36
2022-07-25 01:36:41,9296.53,6712.66
2022-07-25 01:36:40,9327.19,6682
2022-07-25 01:36:39,9402.52,6606.67
2022-07-25 01:36:38,9549.66,6459.53
2022-07-25 01:36:37,9725.31,6283.88
2022-07-25 01:36:36,9979.99,6029.2
2022-07-25 01:36:35,10065.9,5943.31
2022-07-25 01:36:34,10185.1,5824.06
2022-07-25 01:36:33,10279.2,5729.98
2022-07-25 01:36:32,10485.5,5523.72
2022-07-25 01:36:31,10086.3,5922.86
2022-07-25 01:36:30,10184.8,5824.34
2022-07-25 01:36:29,10241.6,5767.54
2022-07-25 01:36:28,9672.89,6336.3
2022-07-25 01:36:27,10023.9,5985.29
2022-07-25 01:36:26,9595.06,6414.13
2022-07-25 01:36:25,9637.69,6371.5
2022-07-25 01:36:24,9667.89,6341.3
2022-07-25 01:36:23,9716.41,6292.78
2022-07-25 01:36:22,9763.42,6245.77
2022-07-25 01:36:21,9783.97,6225.22
2022-07-25 01:36:20,9164.71,6844.48
2022-07-25 01:36:19,9164.34,6844.85
2022-07-25 01:36:18,9166.77,6842.41
2022-07-25 01:36:17,9179.34,6829.85
2022-07-25 01:36:16,9180.81,6828.38
2022-07-25 01:36:15,9184.25,6824.94
2022-07-25 01:36:14,9188.98,6820.2
2022-07-25 01:36:13,9201.47,6807.72
2022-07-25 01:36:12,9203.11,6806.08
2022-07-25 01:36:11,9210.01,6799.18
2022-07-25 01:36:10,9220.12,6789.07
2022-07-25 01:36:09,9220.44,6788.75
2022-07-25 01:36:08,9219.98,6789.21
2022-07-25 01:36:07,9237.78,6771.41
2022-07-25 01:36:06,9239.72,6769.47
2022-07-25 01:36:05,9261.05,6748.14
2022-07-25 01:36:04,9261.08,6748.11
2022-07-25 01:36:03,9262.05,6747.14
2022-07-25 01:36:02,9326.02,6683.16
2022-07-25 01:36:01,9354.2,6654.99
2022-07-25 01:36:00,9504.26,6504.93
2022-07-25 01:35:59,9557.12,6452.07
2022-07-25 01:35:58,9606.78,6402.41
2022-07-25 01:35:57,9654.8,6354.38
2022-07-25 01:35:56,9703.04,6306.15
2022-07-25 01:35:55,9777.77,6231.42
2022-07-25 01:35:54,9817.97,6191.22
2022-07-25 01:35:53,9235.24,6773.95
2022-07-25 01:35:52,9263.91,6745.28
2022-07-25 01:35:51,9426.66,6582.53
2022-07-25 01:35:50,9569.09,6440.1
2022-07-25 01:35:49,9687.82,6321.37
2022-07-25 01:35:48,9938.83,6070.36
2022-07-25 01:35:47,10079.1,5930.1
2022-07-25 01:35:46,10173.4,5835.82
2022-07-25 01:35:45,10386.8,5622.4
2022-07-25 01:35:44,10481.3,5527.85
2022-07-25 01:35:43,10053.1,5956.14
2022-07-25 01:35:42,10164.8,5844.35
2022-07-25 01:35:41,9716.57,6292.62
2022-07-25 01:35:40,10053.6,5955.63
2022-07-25 01:35:39,10159.8,5849.36
2022-07-25 01:35:38,9581.86,6427.32
2022-07-25 01:35:37,9604.89,6404.3
2022-07-25 01:35:36,9653.38,6355.81
2022-07-25 01:35:35,9705.41,6303.78
2022-07-25 01:35:34,9188.57,6820.62
2022-07-25 01:35:33,9188.42,6820.77
2022-07-25 01:35:32,9185.69,6823.5
2022-07-25 01:35:31,9188.66,6820.53
2022-07-25 01:35:30,9191.69,6817.5
2022-07-25 01:35:29,9192.4,6816.79
2022-07-25 01:35:28,9195.43,6813.76
2022-07-25 01:35:27,9196.99,6812.2
2022-07-25 01:35:26,9196.91,6812.27
2022-07-25 01:35:25,9197.86,6811.33
2022-07-25 01:35:24,9206.25,6802.94
2022-07-25 01:35:23,9207.72,6801.46
2022-07-25 01:35:22,9209.35,6799.84
2022-07-25 01:35:21,9211.75,6797.44
2022-07-25 01:35:20,9220.04,6789.15
2022-07-25 01:35:19,9223.61,6785.57
2022-07-25 01:35:18,9223.83,6785.36
2022-07-25 01:35:17,9254.21,6754.98
2022-07-25 01:35:16,9255.43,6753.75
2022-07-25 01:35:15,9325.61,6683.58
2022-07-25 01:35:14,9362.11,6647.08
2022-07-25 01:35:13,9534.29,6474.89
2022-07-25 01:35:12,9680.8,6328.38
2022-07-25 01:35:11,9742.22,6266.97
2022-07-25 01:35:10,9812.19,6197
2022-07-25 01:35:09,9833.98,6175.21
2022-07-25 01:35:08,9880.56,6128.62
2022-07-25 01:35:07,9974.48,6034.71
2022-07-25 01:35:06,9443.89,6565.3
2022-07-25 01:35:05,9515.7,6493.49
2022-07-25 01:35:04,9529.61,6479.58
2022-07-25 01:35:03,9685.57,6323.62
2022-07-25 01:35:02,9810.83,6198.36
2022-07-25 01:35:01,9902.95,6106.23
2022-07-25 01:35:00,10083.3,5925.87
2022-07-25 01:34:59,10432.2,5577.01
2022-07-25 01:34:58,10603.2,5406.02
2022-07-25 01:34:57,10709.5,5299.7
2022-07-25 01:34:56,10802.9,5206.27
2022-07-25 01:34:55,10310.7,5698.51
2022-07-25 01:34:54,10397.1,5612.07
2022-07-25 01:34:53,10068.5,5940.72
2022-07-25 01:34:52,9620.25,6388.94
2022-07-25 01:34:51,9639.93,6369.26
2022-07-25 01:34:50,9667.23,6341.95
2022-07-25 01:34:49,9710.36,6298.83
2022-07-25 01:34:48,9758.47,6250.72
2022-07-25 01:34:47,9784.59,6224.6
2022-07-25 01:34:46,9158.89,6850.29
2022-07-25 01:34:45,9161.66,6847.52
2022-07-25 01:34:44,9163.7,6845.49
2022-07-25 01:34:43,9162.89,6846.29
2022-07-25 01:34:42,9167.4,6841.78
2022-07-25 01:34:41,9179.16,6830.03
2022-07-25 01:34:40,9180.55,6828.64
2022-07-25 01:34:39,9183.11,6826.07
2022-07-25 01:34:38,9199.06,6810.13
2022-07-25 01:34:37,9197.7,6811.49
2022-07-25 01:34:36,9200.46,6808.73
2022-07-25 01:34:35,9219.36,6789.83
2022-07-25 01:34:34,9219.99,6789.2
2022-07-25 01:34:33,9220.12,6789.07
2022-07-25 01:34:32,9239.27,6769.92
2022-07-25 01:34:31,9240.85,6768.34
2022-07-25 01:34:30,9240.47,6768.71
2022-07-25 01:34:29,9265.39,6743.8
2022-07-25 01:34:28,9267.51,6741.68
2022-07-25 01:34:27,9326.89,6682.3
2022-07-25 01:34:26,9357.84,6651.35
2022-07-25 01:34:25,9533.35,6475.84
2022-07-25 01:34:24,9557.23,6451.96
2022-07-25 01:34:23,9607.93,6401.25
2022-07-25 01:34:22,9634.59,6374.59
2022-07-25 01:34:21,9677.66,6331.53
2022-07-25 01:34:20,9777.26,6231.93
2022-07-25 01:34:19,9198.35,6810.83
2022-07-25 01:34:18,9434.66,6574.52
2022-07-25 01:34:17,9623.21,6385.98
2022-07-25 01:34:16,9700.61,6308.58
2022-07-25 01:34:15,9738.84,6270.35
2022-07-25 01:34:14,9826.39,6182.8
2022-07-25 01:34:13,9929.84,6079.35
2022-07-25 01:34:12,10138.5,5870.67
2022-07-25 01:34:11,10379.4,5629.77
2022-07-25 01:34:10,9933.77,6075.42
2022-07-25 01:34:09,9985.67,6023.52
2022-07-25 01:34:08,10068.3,5940.93
2022-07-25 01:34:07,10159.4,5849.77
2022-07-25 01:34:06,10410,5599.23
2022-07-25 01:34:05,10122.6,5886.63
2022-07-25 01:34:04,9664.63,6344.55
2022-07-25 01:34:03,9701.4,6307.79
2022-07-25 01:34:02,9736.21,6272.97
2022-07-25 01:34:01,9788.38,6220.8
2022-07-25 01:34:00,9819.96,6189.22
2022-07-25 01:33:59,9315.05,6694.14
2022-07-25 01:33:58,9316.77,6692.42
2022-07-25 01:33:57,9318.35,6690.84
2022-07-25 01:33:56,9318.3,6690.89
2022-07-25 01:33:55,9323.16,6686.03
2022-07-25 01:33:54,9324.18,6685.01
2022-07-25 01:33:53,9327.25,6681.94
2022-07-25 01:33:52,9327.41,6681.78
2022-07-25 01:33:51,9331.34,6677.84
2022-07-25 01:33:50,9332.58,6676.61
2022-07-25 01:33:49,9339.38,6669.81
2022-07-25 01:33:48,9339.66,6669.53
2022-07-25 01:33:47,9342.99,6666.2
2022-07-25 01:33:46,9351.63,6657.55
2022-07-25 01:33:45,9359.36,6649.82
2022-07-25 01:33:44,9361.73,6647.45
2022-07-25 01:33:43,9362.46,6646.73
2022-07-25 01:33:42,9379.22,6629.97
2022-07-25 01:33:41,9376.18,6633.01
2022-07-25 01:33:40,9375.92,6633.27
2022-07-25 01:33:39,9444.67,6564.52
2022-07-25 01:33:38,9455.69,6553.5
2022-07-25 01:33:37,9759.27,6249.92
2022-07-25 01:33:36,9827.86,6181.33
2022-07-25 01:33:35,9878.41,6130.78
2022-07-25 01:33:34,9939.53,6069.66
2022-07-25 01:33:33,10066.4,5942.76
2022-07-25 01:33:32,10140.1,5869.1
2022-07-25 01:33:31,10355.3,5653.94
2022-07-25 01:33:30,9948.56,6060.63
2022-07-25 01:33:29,9987.85,6021.34
2022-07-25 01:33:28,10021.9,5987.24
2022-07-25 01:33:27,10129.8,5879.42
2022-07-25 01:33:26,10234.3,5774.94
2022-07-25 01:33:25,10181.1,5828.05
2022-07-25 01:33:24,9850.89,6158.3
2022-07-25 01:33:23,9943.32,6065.87
2022-07-25 01:33:22,10127.2,5882.02
2022-07-25 01:33:21,10208,5801.23
2022-07-25 01:33:20,10442.5,5566.68
2022-07-25 01:33:19,10516.1,5493.09
2022-07-25 01:33:18,10598.8,5410.37
2022-07-25 01:33:17,10676.2,5332.98
2022-07-25 01:33:16,10246.1,5763.12
2022-07-25 01:33:15,9786.06,6223.13
2022-07-25 01:33:14,9175.31,6833.88
2022-07-25 01:33:13,9177.11,6832.08
2022-07-25 01:33:12,9174.76,6834.43
2022-07-25 01:33:11,9180.08,6829.11
2022-07-25 01:33:10,9180.69,6828.5
2022-07-25 01:33:09,9178.45,6830.74
2022-07-25 01:33:08,9179.25,6829.94
2022-07-25 01:33:07,9185.35,6823.84
2022-07-25 01:33:06,9184.31,6824.88
2022-07-25 01:33:05,9193.36,6815.83
2022-07-25 01:33:04,9196.55,6812.64
2022-07-25 01:33:03,9195.93,6813.25
2022-07-25 01:33:02,9216.77,6792.42
2022-07-25 01:33:01,9218.15,6791.03
2022-07-25 01:33:00,9221.14,6788.05
2022-07-25 01:32:59,9221.12,6788.06
2022-07-25 01:32:58,9238.44,6770.75
2022-07-25 01:32:57,9241.99,6767.2
2022-07-25 01:32:56,9250.01,6759.18
2022-07-25 01:32:55,9260.05,6749.14
2022-07-25 01:32:54,9259.66,6749.53
2022-07-25 01:32:53,9285.99,6723.2
2022-07-25 01:32:52,9285.99,6723.2
2022-07-25 01:32:51,9310.57,6698.62
2022-07-25 01:32:50,9332.95,6676.23
2022-07-25 01:32:49,9423.67,6585.52
2022-07-25 01:32:48,9595.78,6413.41
2022-07-25 01:32:47,9636.52,6372.67
2022-07-25 01:32:46,9713.18,6296.01
2022-07-25 01:32:45,10079.4,5929.75
2022-07-25 01:32:44,10193.7,5815.5
2022-07-25 01:32:43,10269.3,5739.9
2022-07-25 01:32:42,10350.7,5658.51
2022-07-25 01:32:41,9893.5,6115.68
2022-07-25 01:32:40,9963.7,6045.49
2022-07-25 01:32:39,9573.13,6436.06
2022-07-25 01:32:38,9535.53,6473.66
2022-07-25 01:32:37,9717.85,6291.34
2022-07-25 01:32:36,9812.27,6196.92
2022-07-25 01:32:35,10079.9,5929.25
2022-07-25 01:32:34,10337.6,5671.63
2022-07-25 01:32:33,10470.8,5538.34
2022-07-25 01:32:32,10564.9,5444.29
2022-07-25 01:32:31,10660.6,5348.57
2022-07-25 01:32:30,10748.4,5260.81
2022-07-25 01:32:29,10230.3,5778.88
2022-07-25 01:32:28,10322.7,5686.52
2022-07-25 01:32:27,9362.59,6646.6
2022-07-25 01:32:26,9215.47,6793.72
2022-07-25 01:32:25,9217.83,6791.36
2022-07-25 01:32:24,9218.93,6790.26
2022-07-25 01:32:23,9217.92,6791.27
2022-07-25 01:32:22,9228.19,6781
2022-07-25 01:32:21,9227.75,6781.44
2022-07-25 01:32:20,9228.4,6780.79
2022-07-25 01:32:19,9231.97,6777.22
2022-07-25 01:32:18,9242.06,6767.13
2022-07-25 01:32:17,9243.27,6765.91
2022-07-25 01:32:16,9243.93,6765.26
2022-07-25 01:32:15,9257.53,6751.66
2022-07-25 01:32:14,9257.15,6752.04
2022-07-25 01:32:13,9268.39,6740.8
2022-07-25 01:32:12,9270.13,6739.06
2022-07-25 01:32:11,9286.11,6723.08
2022-07-25 01:32:10,9288.26,6720.93
2022-07-25 01:32:09,9329.79,6679.4
2022-07-25 01:32:08,9330.32,6678.87
2022-07-25 01:32:07,9332.68,6676.51
2022-07-25 01:32:06,9384.89,6624.29
2022-07-25 01:32:05,9393.66,6615.53
2022-07-25 01:32:04,9394.05,6615.14
2022-07-25 01:32:03,9465.21,6543.98
2022-07-25 01:32:02,9480.68,6528.51
2022-07-25 01:32:01,9646.06,6363.13
2022-07-25 01:32:00,9728.11,6281.08
2022-07-25 01:31:59,9768.61,6240.58
2022-07-25 01:31:58,9960.93,6048.25
2022-07-25 01:31:57,10046.4,5962.76
2022-07-25 01:31:56,10113.7,5895.46
2022-07-25 01:31:55,10191.4,5817.82
2022-07-25 01:31:54,9742.33,6266.86
2022-07-25 01:31:53,9796.15,6213.04
2022-07-25 01:31:52,9821.11,6188.07
2022-07-25 01:31:51,9345.89,6663.3
2022-07-25 01:31:50,9441.23,6567.95
2022-07-25 01:31:49,9681.26,6327.93
2022-07-25 01:31:48,9828.75,6180.44
2022-07-25 01:31:47,10048.4,5960.74
2022-07-25 01:31:46,10395,5614.17
2022-07-25 01:31:45,10518.3,5490.89
2022-07-25 01:31:44,10578,5431.19
2022-07-25 01:31:43,10699.9,5309.27
2022-07-25 01:31:42,10814.6,5194.62
2022-07-25 01:31:41,9902.55,6106.64
2022-07-25 01:31:40,9924.05,6085.14
2022-07-25 01:31:39,9300.57,6708.61
2022-07-25 01:31:38,9301.51,6707.68
2022-07-25 01:31:37,9305.14,6704.05
2022-07-25 01:31:36,9306.48,6702.71
2022-07-25 01:31:35,9307.37,6701.81
2022-07-25 01:31:34,9311.61,6697.57
2022-07-25 01:31:33,9311.99,6697.2
2022-07-25 01:31:32,9313.18,6696.01
2022-07-25 01:31:31,9314.56,6694.62
2022-07-25 01:31:30,9315.15,6694.04
2022-07-25 01:31:29,9315.43,6693.76
2022-07-25 01:31:28,9316.16,6693.02
2022-07-25 01:31:27,9322.02,6687.17
2022-07-25 01:31:26,9320.96,6688.23
2022-07-25 01:31:25,9323.03,6686.16
2022-07-25 01:31:24,9323.86,6685.32
2022-07-25 01:31:23,9326.86,6682.33
2022-07-25 01:31:22,9348.2,6660.98
2022-07-25 01:31:21,9349.38,6659.8
2022-07-25 01:31:20,9338.44,6670.75
2022-07-25 01:31:19,9351.23,6657.96
2022-07-25 01:31:18,9382.93,6626.26
2022-07-25 01:31:17,9431.11,6578.07
2022-07-25 01:31:16,9437.75,6571.44
2022-07-25 01:31:15,9495.91,6513.27
2022-07-25 01:31:14,9547.79,6461.4
2022-07-25 01:31:13,9743.55,6265.64
2022-07-25 01:31:12,9833.51,6175.68
2022-07-25 01:31:11,10020.4,5988.77
2022-07-25 01:31:10,10085.1,5924.04
2022-07-25 01:31:09,10164.5,5844.69
2022-07-25 01:31:08,10264.2,5744.96
2022-07-25 01:31:07,10324.9,5684.31
2022-07-25 01:31:06,9857.79,6151.4
2022-07-25 01:31:05,9955.41,6053.78
2022-07-25 01:31:04,9430.75,6578.44
2022-07-25 01:31:03,9513.04,6496.14
2022-07-25 01:31:02,9590.45,6418.74
2022-07-25 01:31:01,9660.54,6348.64
2022-07-25 01:31:00,10241.2,5768.01
2022-07-25 01:30:59,10391.3,5617.91
2022-07-25 01:30:58,10482.7,5526.45
2022-07-25 01:30:57,10569,5440.14
2022-07-25 01:30:56,10618.3,5390.91
2022-07-25 01:30:55,10744.3,5264.9
2022-07-25 01:30:54,10880.4,5128.83
2022-07-25 01:30:53,10421.8,5587.37
2022-07-25 01:30:52,9388.3,6620.89
2022-07-25 01:30:51,9391.03,6618.16
2022-07-25 01:30:50,9395.08,6614.11
2022-07-25 01:30:49,9396.49,6612.69
2022-07-25 01:30:48,9398.74,6610.45
2022-07-25 01:30:47,9402,6607.19
2022-07-25 01:30:46,9402.81,6606.38
2022-07-25 01:30:45,9405.63,6603.55
2022-07-25 01:30:44,9409.51,6599.68
2022-07-25 01:30:43,9411.68,6597.51
2022-07-25 01:30:42,9411.38,6597.8
2022-07-25 01:30:41,9413.63,6595.56
2022-07-25 01:30:40,9441.5,6567.68
2022-07-25 01:30:39,9442.46,6566.73
2022-07-25 01:30:38,9445.36,6563.83
2022-07-25 01:30:37,9465.2,6543.99
2022-07-25 01:30:36,9492.91,6516.28
2022-07-25 01:30:35,9480.42,6528.77
2022-07-25 01:30:34,9480.86,6528.33
2022-07-25 01:30:33,9536.2,6472.99
2022-07-25 01:30:32,9539.57,6469.62
2022-07-25 01:30:31,9547.86,6461.33
2022-07-25 01:30:30,9616.75,6392.44
2022-07-25 01:30:29,9620,6389.19
2022-07-25 01:30:28,9651.72,6357.47
2022-07-25 01:30:27,9726.66,6282.53
2022-07-25 01:30:26,9782.87,6226.32
2022-07-25 01:30:25,9952.66,6056.52
2022-07-25 01:30:24,10045.5,5963.73
2022-07-25 01:30:23,10259,5750.19
2022-07-25 01:30:22,10302.2,5706.95
2022-07-25 01:30:21,10405.3,5603.84
2022-07-25 01:30:20,10486.4,5522.79
2022-07-25 01:30:19,10566.8,5442.39
2022-07-25 01:30:18,10033.3,5975.87
2022-07-25 01:30:17,10086.6,5922.57
2022-07-25 01:30:16,9611.26,6397.93
2022-07-25 01:30:15,9783.15,6226.04
2022-07-25 01:30:14,9859.55,6149.64
2022-07-25 01:30:13,9957.19,6052
2022-07-25 01:30:12,10156.8,5852.34
2022-07-25 01:30:11,10327.1,5682.05
2022-07-25 01:30:10,10460.1,5549.09
2022-07-25 01:30:09,10543.5,5465.73
2022-07-25 01:30:08,10119,5890.16
2022-07-25 01:30:07,10204.6,5804.62
2022-07-25 01:30:06,10276.2,5733.02
2022-07-25 01:30:05,9680.78,6328.41
2022-07-25 01:30:04,9166.31,6842.88
2022-07-25 01:30:03,9166.78,6842.41
2022-07-25 01:30:02,9167.85,6841.34
2022-07-25 01:30:01,9168.05,6841.13
2022-07-25 01:30:00,9167.39,6841.79
2022-07-25 01:29:59,9168.94,6840.24
2022-07-25 01:29:58,9174.6,6834.59
2022-07-25 01:29:57,9174.14,6835.05
2022-07-25 01:29:56,9177.1,6832.09
2022-07-25 01:29:55,9185.17,6824.02
2022-07-25 01:29:54,9179.89,6829.3
2022-07-25 01:29:53,9181.9,6827.28
2022-07-25 01:29:52,9184.54,6824.65
2022-07-25 01:29:51,9202.05,6807.14
2022-07-25 01:29:50,9200.93,6808.25
2022-07-25 01:29:49,9194.44,6814.74
2022-07-25 01:29:48,9204.15,6805.04
2022-07-25 01:29:47,9218.6,6790.59
2022-07-25 01:29:46,9219.72,6789.46
2022-07-25 01:29:45,9221.35,6787.84
2022-07-25 01:29:44,9245.34,6763.84
2022-07-25 01:29:43,9247.27,6761.91
2022-07-25 01:29:42,9291.2,6717.99
2022-07-25 01:29:41,9327.89,6681.3
2022-07-25 01:29:40,9576,6433.18
2022-07-25 01:29:39,9689.52,6319.66
2022-07-25 01:29:38,9773.04,6236.15
2022-07-25 01:29:37,9854.74,6154.45
2022-07-25 01:29:36,9922.94,6086.25
2022-07-25 01:29:35,9975.78,6033.41
2022-07-25 01:29:34,10176.1,5833.05
2022-07-25 01:29:33,9757.45,6251.74
2022-07-25 01:29:32,9783.78,6225.41
2022-07-25 01:29:31,9831.42,6177.77
2022-07-25 01:29:30,9908.73,6100.45
2022-07-25 01:29:29,9952.57,6056.62
2022-07-25 01:29:28,9596.13,6413.05
2022-07-25 01:29:27,9604.66,6404.53
2022-07-25 01:29:26,9803.92,6205.27
2022-07-25 01:29:25,10150.4,5858.79
2022-07-25 01:29:24,10284.9,5724.31
2022-07-25 01:29:23,10478.7,5530.53
2022-07-25 01:29:22,10558.2,5451
2022-07-25 01:29:21,10646,5363.21
2022-07-25 01:29:20,10755.3,5253.92
2022-07-25 01:29:19,10877.4,5131.84
2022-07-25 01:29:18,9811.26,6197.93
2022-07-25 01:29:17,9291.1,6718.09
2022-07-25 01:29:16,9295.93,6713.26
2022-07-25 01:29:15,9299.34,6709.85
2022-07-25 01:29:14,9301.23,6707.96
2022-07-25 01:29:13,9302.6,6706.59
2022-07-25 01:29:12,9313.5,6695.69
2022-07-25 01:29:11,9310.79,6698.4
2022-07-25 01:29:10,9313.82,6695.37
2022-07-25 01:29:09,9313.75,6695.44
2022-07-25 01:29:08,9328.27,6680.92
2022-07-25 01:29:07,9331.07,6678.12
2022-07-25 01:29:06,9332.56,6676.63
2022-07-25 01:29:05,9348.93,6660.26
2022-07-25 01:29:04,9349.43,6659.76
2022-07-25 01:29:03,9351.82,6657.37
2022-07-25 01:29:02,9371.24,6637.95
2022-07-25 01:29:01,9371.62,6637.57
2022-07-25 01:29:00,9373.59,6635.6
2022-07-25 01:28:59,9397.28,6611.91
2022-07-25 01:28:58,9412.02,6597.17
2022-07-25 01:28:57,9399.25,6609.94
2022-07-25 01:28:56,9425.01,6584.18
2022-07-25 01:28:55,9465.65,6543.54
2022-07-25 01:28:54,9500.54,6508.64
2022-07-25 01:28:53,9532.59,6476.6
2022-07-25 01:28:52,9729.23,6279.95
2022-07-25 01:28:51,9770.34,6238.85
2022-07-25 01:28:50,9796.2,6212.98
2022-07-25 01:28:49,9861.97,6147.22
2022-07-25 01:28:48,9970.43,6038.75
2022-07-25 01:28:47,10172.9,5836.25
2022-07-25 01:28:46,10233.4,5775.8
2022-07-25 01:28:45,9776.35,6232.84
2022-07-25 01:28:44,9840.86,6168.32
2022-07-25 01:28:43,9894.62,6114.57
2022-07-25 01:28:42,9970.69,6038.5
2022-07-25 01:28:41,10051.1,5958.05
2022-07-25 01:28:40,9660.18,6349.01
2022-07-25 01:28:39,9821.82,6187.37
2022-07-25 01:28:38,10126.2,5882.96
2022-07-25 01:28:37,10223.1,5786.09
2022-07-25 01:28:36,10469.4,5539.77
2022-07-25 01:28:35,10543.5,5465.72
2022-07-25 01:28:34,10624.4,5384.75
2022-07-25 01:28:33,10722.1,5287.11
2022-07-25 01:28:32,10823.3,5185.87
2022-07-25 01:28:31,9887.34,6121.85
2022-07-25 01:28:30,9401.08,6608.11
2022-07-25 01:28:29,9401.13,6608.05
2022-07-25 01:28:28,9404.85,6604.34
2022-07-25 01:28:27,9405.58,6603.61
2022-07-25 01:28:26,9409.07,6600.12
2022-07-25 01:28:25,9410.78,6598.4
2022-07-25 01:28:24,9411.5,6597.68
2022-07-25 01:28:23,9417.47,6591.72
2022-07-25 01:28:22,9420.16,6589.03
2022-07-25 01:28:21,9418.9,6590.29
2022-07-25 01:28:20,9420.6,6588.59
2022-07-25 01:28:19,9422.41,6586.77
2022-07-25 01:28:18,9424.71,6584.47
2022-07-25 01:28:17,9427.61,6581.58
2022-07-25 01:28:16,9440.7,6568.49
2022-07-25 01:28:15,9445.66,6563.53
2022-07-25 01:28:14,9448.67,6560.52
2022-07-25 01:28:13,9477.87,6531.32
2022-07-25 01:28:12,9480.31,6528.88
2022-07-25 01:28:11,9481.24,6527.95
2022-07-25 01:28:10,9531.45,6477.74
2022-07-25 01:28:09,9529,6480.19
2022-07-25 01:28:08,9531.8,6477.39
2022-07-25 01:28:07,9628.2,6380.98
2022-07-25 01:28:06,9662.5,6346.69
2022-07-25 01:28:05,9839,6170.19
2022-07-25 01:28:04,9865.48,6143.71
2022-07-25 01:28:03,9958.93,6050.26
2022-07-25 01:28:02,9985.5,6023.69
2022-07-25 01:28:01,10177.7,5831.51
2022-07-25 01:28:00,10327.4,5681.83
2022-07-25 01:27:59,10234.6,5774.61
2022-07-25 01:27:58,9906.11,6103.07
2022-07-25 01:27:57,9984.38,6024.81
2022-07-25 01:27:56,10062.2,5946.97
2022-07-25 01:27:55,10145.2,5863.98
2022-07-25 01:27:54,9622.09,6387.09
2022-07-25 01:27:53,9690.82,6318.36
2022-07-25 01:27:52,9752.68,6256.51
2022-07-25 01:27:51,9815.13,6194.06
2022-07-25 01:27:50,10113.8,5895.41
2022-07-25 01:27:49,10235.9,5773.32
2022-07-25 01:27:48,10296.9,5712.31
2022-07-25 01:27:47,10476.2,5532.96
2022-07-25 01:27:46,10606.7,5402.49
2022-07-25 01:27:45,10708.5,5300.7
2022-07-25 01:27:44,10811.9,5197.24
2022-07-25 01:27:43,9891.81,6117.38
2022-07-25 01:27:42,9943.57,6065.62
2022-07-25 01:27:41,9426.8,6582.38
2022-07-25 01:27:40,9427.64,6581.55
2022-07-25 01:27:39,9433.25,6575.94
2022-07-25 01:27:38,9431.9,6577.29
2022-07-25 01:27:37,9432.57,6576.62
2022-07-25 01:27:36,9437.28,6571.91
2022-07-25 01:27:35,9444.24,6564.95
2022-07-25 01:27:34,9444.76,6564.43
2022-07-25 01:27:33,9443.97,6565.21
2022-07-25 01:27:32,9463.78,6545.41
2022-07-25 01:27:31,9464.52,6544.67
2022-07-25 01:27:30,9467.22,6541.96
2022-07-25 01:27:29,9480.24,6528.95
2022-07-25 01:27:28,9489.89,6519.29
2022-07-25 01:27:27,9492.27,6516.91
2022-07-25 01:27:26,9497.65,6511.53
2022-07-25 01:27:25,9519.02,6490.16
2022-07-25 01:27:24,9522.14,6487.05
2022-07-25 01:27:23,9546.93,6462.26
2022-07-25 01:27:22,9579.28,6429.91
2022-07-25 01:27:21,9584.02,6425.16
2022-07-25 01:27:20,9632.08,6377.11
2022-07-25 01:27:19,9676.55,6332.63
2022-07-25 01:27:18,9818.72,6190.47
2022-07-25 01:27:17,9920.58,6088.61
2022-07-25 01:27:16,9967.03,6042.16
2022-07-25 01:27:15,10018.3,5990.88
2022-07-25 01:27:14,10257.4,5751.8
2022-07-25 01:27:13,10323.7,5685.46
2022-07-25 01:27:12,10391.8,5617.4
2022-07-25 01:27:11,9918.38,6090.8
2022-07-25 01:27:10,9996.59,6012.59
2022-07-25 01:27:09,10047.6,5961.62
2022-07-25 01:27:08,9482.04,6527.15
2022-07-25 01:27:07,9523.22,6485.97
2022-07-25 01:27:06,9544.92,6464.27
2022-07-25 01:27:05,9592.83,6416.36
2022-07-25 01:27:04,9641.58,6367.61
2022-07-25 01:27:03,9788.89,6220.3
2022-07-25 01:27:02,9888.91,6120.28
2022-07-25 01:27:01,10099.4,5909.74
2022-07-25 01:27:00,10184.2,5825.02
2022-07-25 01:26:59,10356.8,5652.37
2022-07-25 01:26:58,10465.1,5544.08
2022-07-25 01:26:57,10552.5,5456.64
2022-07-25 01:26:56,10653.8,5355.37
2022-07-25 01:26:55,10210.4,5798.78
2022-07-25 01:26:54,9733.08,6276.11
2022-07-25 01:26:53,9773.14,6236.05
2022-07-25 01:26:52,9274.06,6735.13
2022-07-25 01:26:51,9274.52,6734.67
2022-07-25 01:26:50,9275.97,6733.21
2022-07-25 01:26:49,9278.1,6731.09
2022-07-25 01:26:48,9279.15,6730.04
2022-07-25 01:26:47,9280.21,6728.98
2022-07-25 01:26:46,9281.43,6727.76
2022-07-25 01:26:45,9286.93,6722.26
2022-07-25 01:26:44,9284.85,6724.34
2022-07-25 01:26:43,9285.57,6723.61
2022-07-25 01:26:42,9287.97,6721.21
2022-07-25 01:26:41,9299.52,6709.67
2022-07-25 01:26:40,9301.25,6707.94
2022-07-25 01:26:39,9303.08,6706.11
2022-07-25 01:26:38,9331.76,6677.43
2022-07-25 01:26:37,9331.28,6677.91
2022-07-25 01:26:36,9335.68,6673.5
2022-07-25 01:26:35,9348.24,6660.95
2022-07-25 01:26:34,9370.9,6638.28
2022-07-25 01:26:33,9374.23,6634.95
2022-07-25 01:26:32,9405.3,6603.89
2022-07-25 01:26:31,9446.05,6563.13
2022-07-25 01:26:30,9532.97,6476.22
2022-07-25 01:26:29,9722.19,6287
2022-07-25 01:26:28,9779.75,6229.44
2022-07-25 01:26:27,10121.7,5887.52
2022-07-25 01:26:26,10216.5,5792.73
2022-07-25 01:26:25,10303.8,5705.34
2022-07-25 01:26:24,10412.7,5596.44
2022-07-25 01:26:23,9955.98,6053.21
2022-07-25 01:26:22,10004.5,6004.69
2022-07-25 01:26:21,10085.3,5923.92
2022-07-25 01:26:20,9518.68,6490.51
2022-07-25 01:26:19,9568.52,6440.67
2022-07-25 01:26:18,9617.56,6391.63
2022-07-25 01:26:17,9772.61,6236.57
2022-07-25 01:26:16,9855.55,6153.63
2022-07-25 01:26:15,9902.67,6106.52
2022-07-25 01:26:14,9990.39,6018.8
2022-07-25 01:26:13,10210.4,5798.8
2022-07-25 01:26:12,10287.8,5721.39
2022-07-25 01:26:11,10479.4,5529.75
2022-07-25 01:26:10,10570.7,5438.51
2022-07-25 01:26:09,10141,5868.2
2022-07-25 01:26:08,10215.4,5793.75
2022-07-25 01:26:07,10283.3,5725.93
2022-07-25 01:26:06,9706.29,6302.9
2022-07-25 01:26:05,9412.95,6596.23
2022-07-25 01:26:04,9226.21,6782.97
2022-07-25 01:26:03,9232.81,6776.37
2022-07-25 01:26:02,9234.64,6774.55
2022-07-25 01:26:01,9237.9,6771.29
2022-07-25 01:26:00,9244.27,6764.92
2022-07-25 01:25:59,9245.12,6764.07
2022-07-25 01:25:58,9247.16,6762.03
2022-07-25 01:25:57,9258.28,6750.91
2022-07-25 01:25:56,9258.87,6750.31
2022-07-25 01:25:55,9259.96,6749.23
2022-07-25 01:25:54,9271.7,6737.49
2022-07-25 01:25:53,9271.53,6737.66
2022-07-25 01:25:52,9274.28,6734.91
2022-07-25 01:25:51,9289.2,6719.99
2022-07-25 01:25:50,9291.29,6717.89
2022-07-25 01:25:49,9291.32,6717.87
2022-07-25 01:25:48,9307.02,6702.17
2022-07-25 01:25:47,9311.19,6698
2022-07-25 01:25:46,9329.89,6679.3
2022-07-25 01:25:45,9327.49,6681.7
2022-07-25 01:25:44,9411.12,6598.07
2022-07-25 01:25:43,9427.94,6581.24
2022-07-25 01:25:42,9582.63,6426.55
2022-07-25 01:25:41,9893.23,6115.96
2022-07-25 01:25:40,10009.8,5999.42
2022-07-25 01:25:39,10110.1,5899.06
2022-07-25 01:25:38,10190.5,5818.72
2022-07-25 01:25:37,10264.5,5744.7
2022-07-25 01:25:36,10362.7,5646.51
2022-07-25 01:25:35,9884.29,6124.89
2022-07-25 01:25:34,9266.3,6742.88
2022-07-25 01:25:33,9296.94,6712.25
2022-07-25 01:25:32,9291.77,6717.42
2022-07-25 01:25:31,9326.97,6682.22
2022-07-25 01:25:30,9375.68,6633.5
2022-07-25 01:25:29,9428.19,6581
2022-07-25 01:25:28,9628.24,6380.95
2022-07-25 01:25:27,9971.61,6037.57
2022-07-25 01:25:26,10038.2,5970.94
2022-07-25 01:25:25,10108.7,5900.44
2022-07-25 01:25:24,10244.9,5764.33
2022-07-25 01:25:23,10302.7,5706.46
2022-07-25 01:25:22,10453.8,5555.38
2022-07-25 01:25:21,10649.3,5359.89
2022-07-25 01:25:20,10172.7,5836.46
2022-07-25 01:25:19,9687.32,6321.87
2022-07-25 01:25:18,9734.29,6274.89
2022-07-25 01:25:17,9782.77,6226.42
2022-07-25 01:25:16,9180.45,6828.74
2022-07-25 01:25:15,9182.63,6826.55
2022-07-25 01:25:14,9187.59,6821.59
2022-07-25 01:25:13,9191.64,6817.55
2022-07-25 01:25:12,9191.91,6817.27
2022-07-25 01:25:11,9206.45,6802.73
2022-07-25 01:25:10,9205.99,6803.2
2022-07-25 01:25:09,9208.85,6800.34
2022-07-25 01:25:08,9225.47,6783.72
2022-07-25 01:25:07,9226.88,6782.31
2022-07-25 01:25:06,9229.23,6779.96
2022-07-25 01:25:05,9244.79,6764.39
2022-07-25 01:25:04,9248.42,6760.77
2022-07-25 01:25:03,9250.87,6758.32
2022-07-25 01:25:02,9270,6739.19
2022-07-25 01:25:01,9272.61,6736.57
2022-07-25 01:25:00,9279.97,6729.21
2022-07-25 01:24:59,9288.2,6720.99
2022-07-25 01:24:58,9296.85,6712.34
2022-07-25 01:24:57,9376.77,6632.42
2022-07-25 01:24:56,9447.06,6562.13
2022-07-25 01:24:55,9791.95,6217.23
2022-07-25 01:24:54,9945.7,6063.49
2022-07-25 01:24:53,10053,5956.2
2022-07-25 01:24:52,10113.3,5895.91
2022-07-25 01:24:51,10181.5,5827.73
2022-07-25 01:24:50,10293.4,5715.83
2022-07-25 01:24:49,10345.9,5663.25
2022-07-25 01:24:48,9879.81,6129.37
2022-07-25 01:24:47,9389.9,6619.29
2022-07-25 01:24:46,9423.47,6585.72
2022-07-25 01:24:45,9452,6557.19
2022-07-25 01:24:44,9454.19,6555
2022-07-25 01:24:43,9498.52,6510.67
2022-07-25 01:24:42,9568.12,6441.06
2022-07-25 01:24:41,9745.47,6263.72
2022-07-25 01:24:40,9849.7,6159.48
2022-07-25 01:24:39,9997.64,6011.54
2022-07-25 01:24:38,10026.3,5982.89
2022-07-25 01:24:37,10094.6,5914.62
2022-07-25 01:24:36,10221.5,5787.66
2022-07-25 01:24:35,10283.5,5725.73
2022-07-25 01:24:34,10043.2,5966
2022-07-25 01:24:33,10175.5,5833.73
2022-07-25 01:24:32,9721.43,6287.76
2022-07-25 01:24:31,9770.69,6238.5
2022-07-25 01:24:30,9795.8,6213.39
2022-07-25 01:24:29,9852.19,6157
2022-07-25 01:24:28,9898.27,6110.92
2022-07-25 01:24:27,9900.04,6109.15
2022-07-25 01:24:26,9385.59,6623.6
2022-07-25 01:24:25,9387.1,6622.09
2022-07-25 01:24:24,9389.91,6619.28
2022-07-25 01:24:23,9391.2,6617.99
2022-07-25 01:24:22,9391.74,6617.45
2022-07-25 01:24:21,9403.93,6605.26
2022-07-25 01:24:20,9404.89,6604.3
2022-07-25 01:24:19,9408.11,6601.07
2022-07-25 01:24:18,9434.05,6575.14
2022-07-25 01:24:17,9435.12,6574.07
2022-07-25 01:24:16,9458.04,6551.15
2022-07-25 01:24:15,9492.71,6516.48
2022-07-25 01:24:14,9510.06,6499.13
2022-07-25 01:24:13,9527.66,6481.52
2022-07-25 01:24:12,9562.13,6447.06
2022-07-25 01:24:11,9628.21,6380.97
2022-07-25 01:24:10,9649.78,6359.41
2022-07-25 01:24:09,9871.95,6137.24
2022-07-25 01:24:08,9919.72,6089.46
2022-07-25 01:24:07,10112.7,5896.44
2022-07-25 01:24:06,10209.6,5799.59
2022-07-25 01:24:05,10277.1,5732.1
2022-07-25 01:24:04,10356,5653.22
2022-07-25 01:24:03,10410.9,5598.3
2022-07-25 01:24:02,9966.43,6042.76
2022-07-25 01:24:01,10019.3,5989.92
2022-07-25 01:24:00,9437.24,6571.95
2022-07-25 01:23:59,9465.95,6543.23
2022-07-25 01:23:58,9466.88,6542.31
2022-07-25 01:23:57,9540.35,6468.84
2022-07-25 01:23:56,9557.62,6451.56
2022-07-25 01:23:55,9602.13,6407.06
2022-07-25 01:23:54,9845.55,6163.64
2022-07-25 01:23:53,9886.25,6122.94
2022-07-25 01:23:52,10088,5921.2
2022-07-25 01:23:51,10126,5883.18
2022-07-25 01:23:50,10226.1,5783.08
2022-07-25 01:23:49,10288.9,5720.29
2022-07-25 01:23:48,9747.05,6262.13
2022-07-25 01:23:47,9829.12,6180.07
2022-07-25 01:23:46,9369.99,6639.2
2022-07-25 01:23:45,9549.37,6459.82
2022-07-25 01:23:44,9564.64,6444.55
2022-07-25 01:23:43,9596.5,6412.68
2022-07-25 01:23:42,9639.19,6370
2022-07-25 01:23:41,9688.75,6320.44
2022-07-25 01:23:40,9716.23,6292.96
2022-07-25 01:23:39,9226.61,6782.58
2022-07-25 01:23:38,9226.61,6782.58
2022-07-25 01:23:37,9228.53,6780.66
2022-07-25 01:23:36,9231.33,6777.86
2022-07-25 01:23:35,9231.62,6777.57
2022-07-25 01:23:34,9234.48,6774.7
2022-07-25 01:23:33,9240.23,6768.96
2022-07-25 01:23:32,9258.43,6750.75
2022-07-25 01:23:31,9259.53,6749.66
2022-07-25 01:23:30,9266.82,6742.36
2022-07-25 01:23:29,9295.02,6714.16
2022-07-25 01:23:28,9295.13,6714.06
2022-07-25 01:23:27,9298.41,6710.77
2022-07-25 01:23:26,9336.02,6673.16
2022-07-25 01:23:25,9333.01,6676.18
2022-07-25 01:23:24,9372.21,6636.98
2022-07-25 01:23:23,9409.65,6599.54
2022-07-25 01:23:22,9606.17,6403.02
2022-07-25 01:23:21,9686.07,6323.12
2022-07-25 01:23:20,9973.73,6035.46
2022-07-25 01:23:19,10074.5,5934.71
2022-07-25 01:23:18,10140.8,5868.39
2022-07-25 01:23:17,10214.4,5794.82
2022-07-25 01:23:16,10299.5,5709.71
2022-07-25 01:23:15,10380.4,5628.77
2022-07-25 01:23:14,9816.82,6192.37
2022-07-25 01:23:13,9219.91,6789.28
2022-07-25 01:23:12,9210.81,6798.37
2022-07-25 01:23:11,9280.68,6728.51
2022-07-25 01:23:10,9312.38,6696.81
2022-07-25 01:23:09,9520.77,6488.41
2022-07-25 01:23:08,9638.65,6370.54
2022-07-25 01:23:07,9753.16,6256.03
2022-07-25 01:23:06,9806.22,6202.97
2022-07-25 01:23:05,9982.49,6026.7
2022-07-25 01:23:04,10071,5938.16
2022-07-25 01:23:03,10139.7,5869.45
2022-07-25 01:23:02,10201.3,5807.92
2022-07-25 01:23:01,9650.05,6359.14
2022-07-25 01:23:00,9705.38,6303.8
2022-07-25 01:22:59,9891.47,6117.72
2022-07-25 01:22:58,9317.37,6691.82
2022-07-25 01:22:57,9343.43,6665.75
2022-07-25 01:22:56,9371.39,6637.79
2022-07-25 01:22:55,9421.83,6587.36
2022-07-25 01:22:54,9465.55,6543.64
2022-07-25 01:22:53,8835.22,7173.97
2022-07-25 01:22:52,8836.77,7172.42
2022-07-25 01:22:51,8837.16,7172.02
2022-07-25 01:22:50,8837.57,7171.62
2022-07-25 01:22:49,8835.3,7173.89
2022-07-25 01:22:48,8834.37,7174.82
2022-07-25 01:22:47,8833.83,7175.36
2022-07-25 01:22:46,8833.08,7176.11
2022-07-25 01:22:45,8832.96,7176.23
2022-07-25 01:22:44,8832.38,7176.8
2022-07-25 01:22:43,8831.98,7177.21
2022-07-25 01:22:42,8832.45,7176.73
2022-07-25 01:22:41,8832.63,7176.55
2022-07-25 01:22:40,8833.32,7175.87
2022-07-25 01:22:39,8833.43,7175.76
2022-07-25 01:22:38,8819.26,7189.93
2022-07-25 01:22:37,8816.55,7192.64
2022-07-25 01:22:36,8848.47,7160.72
2022-07-25 01:22:35,9008.17,7001.02
2022-07-25 01:22:34,9258.44,6750.75
2022-07-25 01:22:33,9606.82,6402.36
2022-07-25 01:22:32,9708.54,6300.65
2022-07-25 01:22:31,9797.07,6212.12
2022-07-25 01:22:30,9866.73,6142.45
2022-07-25 01:22:29,9927.58,6081.61
2022-07-25 01:22:28,10011.3,5997.89
2022-07-25 01:22:27,9545.23,6463.96
2022-07-25 01:22:26,9545.37,6463.81
2022-07-25 01:22:25,8935.84,7073.35
2022-07-25 01:22:24,8978.48,7030.71
2022-07-25 01:22:23,8982.92,7026.27
2022-07-25 01:22:22,9232.29,6776.9
2022-07-25 01:22:21,9344.72,6664.47
2022-07-25 01:22:20,9415.51,6593.68
2022-07-25 01:22:19,9447.14,6562.04
2022-07-25 01:22:18,9461.05,6548.14
2022-07-25 01:22:17,9552.72,6456.47
2022-07-25 01:22:16,9624.5,6384.69
2022-07-25 01:22:15,9909.15,6100.03
2022-07-25 01:22:14,9406.39,6602.79
2022-07-25 01:22:13,9792.7,6216.49
2022-07-25 01:22:12,9876.62,6132.57
2022-07-25 01:22:11,9943.55,6065.64
2022-07-25 01:22:10,10024.1,5985.13
2022-07-25 01:22:09,10095.3,5913.9
2022-07-25 01:22:08,10165.3,5843.88
2022-07-25 01:22:07,9307.56,6701.63
2022-07-25 01:22:06,9068.35,6940.84
2022-07-25 01:22:05,9069.72,6939.47
2022-07-25 01:22:04,9070.68,6938.51
2022-07-25 01:22:03,9070.39,6938.8
2022-07-25 01:22:02,9083.41,6925.77
2022-07-25 01:22:01,9082.81,6926.38
2022-07-25 01:22:00,9081.92,6927.27
2022-07-25 01:21:59,9095.42,6913.77
2022-07-25 01:21:58,9096.12,6913.07
2022-07-25 01:21:57,9097.81,6911.37
2022-07-25 01:21:56,9106.04,6903.15
2022-07-25 01:21:55,9107.69,6901.5
2022-07-25 01:21:54,9110.23,6898.96
2022-07-25 01:21:53,9127.56,6881.62
2022-07-25 01:21:52,9128.66,6880.53
2022-07-25 01:21:51,9157.09,6852.1
2022-07-25 01:21:50,9160.28,6848.9
2022-07-25 01:21:49,9154.99,6854.19
2022-07-25 01:21:48,9227.98,6781.2
2022-07-25 01:21:47,9385.39,6623.8
2022-07-25 01:21:46,9545.2,6463.99
2022-07-25 01:21:45,9809.19,6199.99
2022-07-25 01:21:44,9892.84,6116.35
2022-07-25 01:21:43,9965.57,6043.61
2022-07-25 01:21:42,10051.7,5957.44
2022-07-25 01:21:41,10123.2,5885.99
2022-07-25 01:21:40,10187.9,5821.31
2022-07-25 01:21:39,9282.52,6726.66
2022-07-25 01:21:38,8977.17,7032.02
2022-07-25 01:21:37,8990.63,7018.55
2022-07-25 01:21:36,9048.56,6960.63
2022-07-25 01:21:35,9055.59,6953.6
2022-07-25 01:21:34,9334.92,6674.27
2022-07-25 01:21:33,9433.82,6575.36
2022-07-25 01:21:32,9480.3,6528.88
2022-07-25 01:21:31,9514.15,6495.04
2022-07-25 01:21:30,9573.16,6436.02
2022-07-25 01:21:29,9663.77,6345.42
2022-07-25 01:21:28,9731.95,6277.23
2022-07-25 01:21:27,9338.36,6670.83
2022-07-25 01:21:26,9602.88,6406.31
2022-07-25 01:21:25,9842.63,6166.56
2022-07-25 01:21:24,9903.43,6105.76
2022-07-25 01:21:23,9961.01,6048.18
2022-07-25 01:21:22,9993.25,6015.94
2022-07-25 01:21:21,10083.2,5925.97
2022-07-25 01:21:20,10179.6,5829.57
2022-07-25 01:21:19,10206.5,5802.67
2022-07-25 01:21:18,8958.11,7051.08
2022-07-25 01:21:17,8959.46,7049.73
2022-07-25 01:21:16,8959.37,7049.82
2022-07-25 01:21:15,8960.09,7049.09
2022-07-25 01:21:14,8961.78,7047.41
2022-07-25 01:21:13,8961.19,7048
2022-07-25 01:21:12,8961.23,7047.95
2022-07-25 01:21:11,8960.63,7048.56
2022-07-25 01:21:10,8962.97,7046.21
2022-07-25 01:21:09,8961.58,7047.61
2022-07-25 01:21:08,8962.92,7046.27
2022-07-25 01:21:07,8963.26,7045.93
2022-07-25 01:21:06,8964.09,7045.1
2022-07-25 01:21:05,8963.42,7045.77
2022-07-25 01:21:04,8960.26,7048.93
2022-07-25 01:21:03,8977.14,7032.05
2022-07-25 01:21:02,9000.49,7008.7
2022-07-25 01:21:01,9006.96,7002.22
2022-07-25 01:21:00,9384.78,6624.41
2022-07-25 01:20:59,9470.68,6538.51
2022-07-25 01:20:58,9715.96,6293.23
2022-07-25 01:20:57,9862.28,6146.91
2022-07-25 01:20:56,9972.16,6037.03
2022-07-25 01:20:55,10053.6,5955.62
2022-07-25 01:20:54,10128.7,5880.52
2022-07-25 01:20:53,10192.6,5816.55
2022-07-25 01:20:52,9625.52,6383.67
2022-07-25 01:20:51,9661.11,6348.07
2022-07-25 01:20:50,9048.15,6961.04
2022-07-25 01:20:49,9105.76,6903.43
2022-07-25 01:20:48,9107.91,6901.28
2022-07-25 01:20:47,9244.79,6764.4
2022-07-25 01:20:46,9304.98,6704.2
2022-07-25 01:20:45,9317.26,6691.93
2022-07-25 01:20:44,9346.15,6663.04
2022-07-25 01:20:43,9379.87,6629.32
2022-07-25 01:20:42,9452.5,6556.69
2022-07-25 01:20:41,9536.04,6473.15
2022-07-25 01:20:40,9106.98,6902.2
2022-07-25 01:20:39,9376.73,6632.45
2022-07-25 01:20:38,9737.69,6271.5
2022-07-25 01:20:37,9860.51,6148.68
2022-07-25 01:20:36,9943.65,6065.54
2022-07-25 01:20:35,10005.9,6003.29
2022-07-25 01:20:34,10071,5938.23
2022-07-25 01:20:33,10160.3,5848.93
2022-07-25 01:20:32,9827.41,6181.78
2022-07-25 01:20:31,9601.75,6407.43
2022-07-25 01:20:30,9087.76,6921.43
2022-07-25 01:20:29,9088.4,6920.79
2022-07-25 01:20:28,9088.29,6920.89
2022-07-25 01:20:27,9090.71,6918.48
2022-07-25 01:20:26,9091.3,6917.89
2022-07-25 01:20:25,9091.95,6917.23
2022-07-25 01:20:24,9090.91,6918.28
2022-07-25 01:20:23,9096.01,6913.18
2022-07-25 01:20:22,9096,6913.18
2022-07-25 01:20:21,9083.45,6925.73
2022-07-25 01:20:20,9075.57,6933.62
2022-07-25 01:20:19,9077.81,6931.38
2022-07-25 01:20:18,9078.39,6930.8
2022-07-25 01:20:17,9093.68,6915.5
2022-07-25 01:20:16,9094.53,6914.65
2022-07-25 01:20:15,9153.72,6855.47
2022-07-25 01:20:14,9177.74,6831.44
2022-07-25 01:20:13,9432.04,6577.14
2022-07-25 01:20:12,9577.87,6431.32
2022-07-25 01:20:11,9940.25,6068.93
2022-07-25 01:20:10,10052.1,5957.05
2022-07-25 01:20:09,10127.1,5882.07
2022-07-25 01:20:08,10205.1,5804.09
2022-07-25 01:20:07,10295.7,5713.47
2022-07-25 01:20:06,10380.3,5628.89
2022-07-25 01:20:05,9783.2,6225.98
2022-07-25 01:20:04,9299.58,6709.61
2022-07-25 01:20:03,9319.29,6689.9
2022-07-25 01:20:02,9359.64,6649.54
2022-07-25 01:20:01,9384.13,6625.05
2022-07-25 01:20:00,9542.86,6466.32
2022-07-25 01:19:59,9589.6,6419.59
2022-07-25 01:19:58,9623.11,6386.07
2022-07-25 01:19:57,9639.44,6369.75
2022-07-25 01:19:56,9714.91,6294.27
2022-07-25 01:19:55,9745.89,6263.3
2022-07-25 01:19:54,9790.98,6218.2
2022-07-25 01:19:53,9210.6,6798.59
2022-07-25 01:19:52,9483.95,6525.23
2022-07-25 01:19:51,9627.68,6381.51
2022-07-25 01:19:50,9694.43,6314.76
2022-07-25 01:19:49,9852.8,6156.39
2022-07-25 01:19:48,9949.89,6059.29
2022-07-25 01:19:47,10014.2,5995.01
2022-07-25 01:19:46,10087.2,5922
2022-07-25 01:19:45,10145.1,5864.09
2022-07-25 01:19:44,9673.48,6335.7
2022-07-25 01:19:43,9710.35,6298.84
2022-07-25 01:19:42,9192.6,6816.59
2022-07-25 01:19:41,9191.5,6817.68
2022-07-25 01:19:40,9192.31,6816.88
2022-07-25 01:19:39,9194.66,6814.53
2022-07-25 01:19:38,9198.36,6810.82
2022-07-25 01:19:37,9202.3,6806.89
2022-07-25 01:19:36,9205.71,6803.48
2022-07-25 01:19:35,9205.78,6803.41
2022-07-25 01:19:34,9227.17,6782.02
2022-07-25 01:19:33,9227.2,6781.98
2022-07-25 01:19:32,9231.2,6777.98
2022-07-25 01:19:31,9239.38,6769.8
2022-07-25 01:19:30,9259.56,6749.63
2022-07-25 01:19:29,9263.61,6745.58
2022-07-25 01:19:28,9329.48,6679.71
2022-07-25 01:19:27,9356.95,6652.24
2022-07-25 01:19:26,9569.45,6439.73
2022-07-25 01:19:25,9748.66,6260.52
2022-07-25 01:19:24,9818.34,6190.85
2022-07-25 01:19:23,9990.65,6018.53
2022-07-25 01:19:22,10056.9,5952.27
2022-07-25 01:19:21,10115.9,5893.29
2022-07-25 01:19:20,10194.7,5814.47
2022-07-25 01:19:19,10253,5756.22
2022-07-25 01:19:18,9696.2,6312.99
2022-07-25 01:19:17,9766.23,6242.95
2022-07-25 01:19:16,9264.54,6744.64
2022-07-25 01:19:15,9354.02,6655.17
2022-07-25 01:19:14,9603.44,6405.75
2022-07-25 01:19:13,9674.41,6334.78
2022-07-25 01:19:12,9729.37,6279.82
2022-07-25 01:19:11,9754.39,6254.8
2022-07-25 01:19:10,9797.92,6211.27
2022-07-25 01:19:09,9897.87,6111.32
2022-07-25 01:19:08,9278.71,6730.48
2022-07-25 01:19:07,9279.96,6729.23
2022-07-25 01:19:06,9303.95,6705.23
2022-07-25 01:19:05,9341.48,6667.71
2022-07-25 01:19:04,9371.16,6638.03
2022-07-25 01:19:03,9401.78,6607.41
2022-07-25 01:19:02,9599.36,6409.83
2022-07-25 01:19:01,9671.68,6337.51
2022-07-25 01:19:00,9845.4,6163.78
2022-07-25 01:18:59,9936.84,6072.35
2022-07-25 01:18:58,9974.77,6034.42
2022-07-25 01:18:57,10048,5961.23
2022-07-25 01:18:56,10135.4,5873.81
2022-07-25 01:18:55,10188.5,5820.73
2022-07-25 01:18:54,9590.35,6418.84
2022-07-25 01:18:53,8970.71,7038.48
2022-07-25 01:18:52,8970.63,7038.55
2022-07-25 01:18:51,8971.23,7037.96
2022-07-25 01:18:50,8969.78,7039.41
2022-07-25 01:18:49,8971.17,7038.02
2022-07-25 01:18:48,8970.74,7038.45
2022-07-25 01:18:47,8990.83,7018.36
2022-07-25 01:18:46,8992.19,7017
2022-07-25 01:18:45,8993.61,7015.58
2022-07-25 01:18:44,8993.56,7015.63
2022-07-25 01:18:43,9017.67,6991.52
2022-07-25 01:18:42,9018.46,6990.73
2022-07-25 01:18:41,9018.13,6991.06
2022-07-25 01:18:40,9098.01,6911.18
2022-07-25 01:18:39,9095.32,6913.87
2022-07-25 01:18:38,9402.98,6606.21
2022-07-25 01:18:37,9469.92,6539.27
2022-07-25 01:18:36,9548.99,6460.2
2022-07-25 01:18:35,9612.36,6396.83
2022-07-25 01:18:34,9819.2,6189.99
2022-07-25 01:18:33,9886.01,6123.18
2022-07-25 01:18:32,9937.46,6071.73
2022-07-25 01:18:31,9467.29,6541.9
2022-07-25 01:18:30,9541.57,6467.61
2022-07-25 01:18:29,9595.88,6413.31
2022-07-25 01:18:28,9413.63,6595.56
2022-07-25 01:18:27,9483.52,6525.67
2022-07-25 01:18:26,9521.4,6487.79
2022-07-25 01:18:25,9560.24,6448.95
2022-07-25 01:18:24,9589.25,6419.93
2022-07-25 01:18:23,9641.34,6367.85
2022-07-25 01:18:22,9669.73,6339.45
2022-07-25 01:18:21,9058.12,6951.06
2022-07-25 01:18:20,9057.94,6951.24
2022-07-25 01:18:19,9060.56,6948.63
2022-07-25 01:18:18,9062.22,6946.97
2022-07-25 01:18:17,9097.3,6911.89
2022-07-25 01:18:16,9162.54,6846.65
2022-07-25 01:18:15,9172.84,6836.34
2022-07-25 01:18:14,9711.97,6297.21
2022-07-25 01:18:13,9890.18,6119
2022-07-25 01:18:12,10013.8,5995.36
2022-07-25 01:18:11,10074.6,5934.61
2022-07-25 01:18:10,10109.6,5899.56
2022-07-25 01:18:09,10200.3,5808.88
2022-07-25 01:18:08,10300.8,5708.42
2022-07-25 01:18:07,9829.25,6179.94
2022-07-25 01:18:06,9219.24,6789.95
2022-07-25 01:18:05,9219.84,6789.35
2022-07-25 01:18:04,9235.12,6774.07
2022-07-25 01:18:03,9236.01,6773.18
2022-07-25 01:18:02,9240.87,6768.32
2022-07-25 01:18:01,9258.3,6750.89
2022-07-25 01:18:00,9260.46,6748.72
2022-07-25 01:17:59,9260.56,6748.62
2022-07-25 01:17:58,9281.98,6727.21
2022-07-25 01:17:57,9285.15,6724.03
2022-07-25 01:17:56,9286.58,6722.61
2022-07-25 01:17:55,9296.87,6712.32
2022-07-25 01:17:54,9296.14,6713.04
2022-07-25 01:17:53,9334.11,6675.07
2022-07-25 01:17:52,9362.2,6646.99
2022-07-25 01:17:51,9557.79,6451.4
2022-07-25 01:17:50,9606.77,6402.42
2022-07-25 01:17:49,9629.57,6379.62
2022-07-25 01:17:48,9722.12,6287.06
2022-07-25 01:17:47,9778.39,6230.79
2022-07-25 01:17:46,9967.5,6041.68
2022-07-25 01:17:45,10072.4,5936.83
2022-07-25 01:17:44,10096.8,5912.37
2022-07-25 01:17:43,9655.23,6353.95
2022-07-25 01:17:42,9693.2,6315.99
2022-07-25 01:17:41,9757.82,6251.37
2022-07-25 01:17:40,10090.1,5919.1
2022-07-25 01:17:39,9639.64,6369.54
2022-07-25 01:17:38,9661.93,6347.26
2022-07-25 01:17:37,9687.74,6321.44
2022-07-25 01:17:36,9736.86,6272.33
2022-07-25 01:17:35,9791.62,6217.57
2022-07-25 01:17:34,9313.21,6695.98
2022-07-25 01:17:33,9316.29,6692.89
2022-07-25 01:17:32,9315.73,6693.45
2022-07-25 01:17:31,9361.33,6647.86
2022-07-25 01:17:30,9348.21,6660.98
2022-07-25 01:17:29,9380.47,6628.72
2022-07-25 01:17:28,9440.64,6568.54
2022-07-25 01:17:27,9683.15,6326.04
2022-07-25 01:17:26,9952.65,6056.54
2022-07-25 01:17:25,10067.3,5941.84
2022-07-25 01:17:24,10129.6,5879.56
2022-07-25 01:17:23,10187.2,5821.95
2022-07-25 01:17:22,10248.8,5760.37
2022-07-25 01:17:21,10338.1,5671.06
2022-07-25 01:17:20,10424.9,5584.32
2022-07-25 01:17:19,9310.69,6698.5
2022-07-25 01:17:18,9311.12,6698.07
2022-07-25 01:17:17,9313.1,6696.09
2022-07-25 01:17:16,9332.45,6676.74
2022-07-25 01:17:15,9334.47,6674.72
2022-07-25 01:17:14,9334.44,6674.75
2022-07-25 01:17:13,9346.92,6662.27
2022-07-25 01:17:12,9365.8,6643.39
2022-07-25 01:17:11,9366.9,6642.29
2022-07-25 01:17:10,9384.76,6624.43
2022-07-25 01:17:09,9413.61,6595.58
2022-07-25 01:17:08,9417.62,6591.57
2022-07-25 01:17:07,9448.64,6560.54
2022-07-25 01:17:06,9486.43,6522.75
2022-07-25 01:17:05,9489.6,6519.59
2022-07-25 01:17:04,9531.65,6477.54
2022-07-25 01:17:03,9613.4,6395.79
2022-07-25 01:17:02,9783.43,6225.75
2022-07-25 01:17:01,9822.35,6186.84
2022-07-25 01:17:00,9897.74,6111.44
2022-07-25 01:16:59,9950.77,6058.42
2022-07-25 01:16:58,10156.1,5853.07
2022-07-25 01:16:57,10257.4,5751.75
2022-07-25 01:16:56,10309.6,5699.56
2022-07-25 01:16:55,9754.8,6254.39
2022-07-25 01:16:54,9796.74,6212.45
2022-07-25 01:16:53,9969.33,6039.86
2022-07-25 01:16:52,10062.1,5947.06
2022-07-25 01:16:51,9554.14,6455.05
2022-07-25 01:16:50,9586.81,6422.37
2022-07-25 01:16:49,9632.49,6376.7
2022-07-25 01:16:48,9680.1,6329.09
2022-07-25 01:16:47,9720.7,6288.48
2022-07-25 01:16:46,9253.15,6756.04
2022-07-25 01:16:45,9254.46,6754.73
2022-07-25 01:16:44,9250.45,6758.73
2022-07-25 01:16:43,9332.22,6676.97
2022-07-25 01:16:42,9330.19,6679
2022-07-25 01:16:41,9522.23,6486.96
2022-07-25 01:16:40,9736.09,6273.09
2022-07-25 01:16:39,9821.97,6187.22
2022-07-25 01:16:38,9996.35,6012.84
2022-07-25 01:16:37,10055.1,5954.13
2022-07-25 01:16:36,10121.7,5887.47
2022-07-25 01:16:35,10193.9,5815.34
2022-07-25 01:16:34,10264.8,5744.36
2022-07-25 01:16:33,9805.04,6204.15
2022-07-25 01:16:32,9825.59,6183.6
2022-07-25 01:16:31,9211.8,6797.38
2022-07-25 01:16:30,9212.22,6796.96
2022-07-25 01:16:29,9212.6,6796.59
2022-07-25 01:16:28,9217.42,6791.77
2022-07-25 01:16:27,9229.93,6779.26
2022-07-25 01:16:26,9230.55,6778.64
2022-07-25 01:16:25,9234.37,6774.81
2022-07-25 01:16:24,9260.16,6749.02
2022-07-25 01:16:23,9260.88,6748.31
2022-07-25 01:16:22,9264.41,6744.78
2022-07-25 01:16:21,9289.12,6720.07
2022-07-25 01:16:20,9279.61,6729.58
2022-07-25 01:16:19,9317.62,6691.57
2022-07-25 01:16:18,9336.53,6672.66
2022-07-25 01:16:17,9486.12,6523.07
2022-07-25 01:16:16,9686.61,6322.58
2022-07-25 01:16:15,9775.41,6233.78
2022-07-25 01:16:14,9838.59,6170.6
2022-07-25 01:16:13,9912.35,6096.84
2022-07-25 01:16:12,9944.16,6065.02
2022-07-25 01:16:11,10120.7,5888.52
2022-07-25 01:16:10,10286,5723.18
2022-07-25 01:16:09,9796.2,6212.99
2022-07-25 01:16:08,9825.64,6183.55
2022-07-25 01:16:07,9893.39,6115.79
2022-07-25 01:16:06,9962.97,6046.21
2022-07-25 01:16:05,10154.7,5854.47
2022-07-25 01:16:04,10223.1,5786.11
2022-07-25 01:16:03,9776.61,6232.58
2022-07-25 01:16:02,9799.83,6209.36
2022-07-25 01:16:01,9847.48,6161.7
2022-07-25 01:16:00,9909.45,6099.73
2022-07-25 01:15:59,9929.27,6079.92
2022-07-25 01:15:58,9434.31,6574.88
2022-07-25 01:15:57,9437.92,6571.27
2022-07-25 01:15:56,9428.75,6580.44
2022-07-25 01:15:55,9423.64,6585.55
2022-07-25 01:15:54,9426.83,6582.36
2022-07-25 01:15:53,9526.36,6482.83
2022-07-25 01:15:52,9565.25,6443.94
2022-07-25 01:15:51,9852.14,6157.05
2022-07-25 01:15:50,10094.3,5914.9
2022-07-25 01:15:49,10199,5810.2
2022-07-25 01:15:48,10246.5,5762.67
2022-07-25 01:15:47,10315,5694.23
2022-07-25 01:15:46,10410.6,5598.6
2022-07-25 01:15:45,10481.7,5527.45
2022-07-25 01:15:44,9963.14,6046.04
2022-07-25 01:15:43,9448.95,6560.23
2022-07-25 01:15:42,9467.13,6542.05
2022-07-25 01:15:41,9467.58,6541.61
2022-07-25 01:15:40,9468.82,6540.37
2022-07-25 01:15:39,9487.41,6521.77
2022-07-25 01:15:38,9488.8,6520.39
2022-07-25 01:15:37,9492.17,6517.02
2022-07-25 01:15:36,9514.92,6494.27
2022-07-25 01:15:35,9516.12,6493.07
2022-07-25 01:15:34,9517.84,6491.35
2022-07-25 01:15:33,9563.03,6446.16
2022-07-25 01:15:32,9548.77,6460.42
2022-07-25 01:15:31,9571,6438.18
2022-07-25 01:15:30,9646.68,6362.51
2022-07-25 01:15:29,9721.52,6287.67
2022-07-25 01:15:28,9871.41,6137.78
2022-07-25 01:15:27,9886.35,6122.84
2022-07-25 01:15:26,10000.6,6008.57
2022-07-25 01:15:25,10044.8,5964.36
2022-07-25 01:15:24,10216.5,5792.69
2022-07-25 01:15:23,10322.6,5686.61
2022-07-25 01:15:22,9850.7,6158.48
2022-07-25 01:15:21,9865,6144.19
2022-07-25 01:15:20,9980.35,6028.84
2022-07-25 01:15:19,10055.9,5953.27
2022-07-25 01:15:18,10261.4,5747.82
2022-07-25 01:15:17,9771.92,6237.27
2022-07-25 01:15:16,9819.11,6190.07
2022-07-25 01:15:15,9849.16,6160.03
2022-07-25 01:15:14,9903.05,6106.13
2022-07-25 01:15:13,9982.26,6026.93
2022-07-25 01:15:12,9486.82,6522.37
2022-07-25 01:15:11,9487.67,6521.52
2022-07-25 01:15:10,9533.21,6475.97
2022-07-25 01:15:09,9536.7,6472.48
2022-07-25 01:15:08,9565.41,6443.78
2022-07-25 01:15:07,9588.8,6420.39
2022-07-25 01:15:06,9625.77,6383.42
2022-07-25 01:15:05,9684,6325.18
2022-07-25 01:15:04,9872.46,6136.73
2022-07-25 01:15:03,9924.64,6084.55
2022-07-25 01:15:02,10132.6,5876.59
2022-07-25 01:15:01,10176.9,5832.32
2022-07-25 01:15:00,10242.8,5766.36
2022-07-25 01:14:59,10314.8,5694.42
2022-07-25 01:14:58,10379.5,5629.73
2022-07-25 01:14:57,9925.97,6083.22
2022-07-25 01:14:56,9420.79,6588.39
2022-07-25 01:14:55,9420.41,6588.77
2022-07-25 01:14:54,9422.85,6586.34
2022-07-25 01:14:53,9439.11,6570.08
2022-07-25 01:14:52,9436.58,6572.61
2022-07-25 01:14:51,9437.98,6571.2
2022-07-25 01:14:50,9440.81,6568.38
2022-07-25 01:14:49,9474.51,6534.68
2022-07-25 01:14:48,9477.05,6532.13
2022-07-25 01:14:47,9478.32,6530.87
2022-07-25 01:14:46,9516.24,6492.94
2022-07-25 01:14:45,9542.52,6466.66
2022-07-25 01:14:44,9545.23,6463.95
2022-07-25 01:14:43,9598.91,6410.27
2022-07-25 01:14:42,9657.57,6351.61
2022-07-25 01:14:41,9799.66,6209.53
2022-07-25 01:14:40,9885.77,6123.41
2022-07-25 01:14:39,9941.27,6067.91
2022-07-25 01:14:38,9986.64,6022.55
2022-07-25 01:14:37,10044.6,5964.55
2022-07-25 01:14:36,10275.7,5733.44
2022-07-25 01:14:35,10353.8,5655.34
2022-07-25 01:14:34,10417.6,5591.59
2022-07-25 01:14:33,9981.41,6027.77
2022-07-25 01:14:32,10047.5,5961.71
2022-07-25 01:14:31,10275.4,5733.76
2022-07-25 01:14:30,10313,5696.21
2022-07-25 01:14:29,9771.16,6238.03
2022-07-25 01:14:28,9818.42,6190.77
2022-07-25 01:14:27,9866.6,6142.59
2022-07-25 01:14:26,9909.99,6099.2
2022-07-25 01:14:25,9401.24,6607.95
2022-07-25 01:14:24,9403.96,6605.23
2022-07-25 01:14:23,9437.32,6571.87
2022-07-25 01:14:22,9438.28,6570.91
2022-07-25 01:14:21,9479.68,6529.5
2022-07-25 01:14:20,9530.91,6478.28
2022-07-25 01:14:19,9689.76,6319.43
2022-07-25 01:14:18,9744.86,6264.32
2022-07-25 01:14:17,9799.79,6209.39
2022-07-25 01:14:16,9854.24,6154.95
2022-07-25 01:14:15,9928.07,6081.12
2022-07-25 01:14:14,10142.7,5866.5
2022-07-25 01:14:13,10207.7,5801.46
2022-07-25 01:14:12,10245.3,5763.88
2022-07-25 01:14:11,9750.59,6258.6
2022-07-25 01:14:10,9798.55,6210.63
2022-07-25 01:14:09,9843.45,6165.73
2022-07-25 01:14:08,9856.1,6153.09
2022-07-25 01:14:07,9242.78,6766.41
2022-07-25 01:14:06,9242.61,6766.57
2022-07-25 01:14:05,9257.34,6751.85
2022-07-25 01:14:04,9257.91,6751.28
2022-07-25 01:14:03,9257.01,6752.18
2022-07-25 01:14:02,9273.08,6736.11
2022-07-25 01:14:01,9273.39,6735.8
2022-07-25 01:14:00,9276.5,6732.69
2022-07-25 01:13:59,9277.38,6731.81
2022-07-25 01:13:58,9296.59,6712.6
2022-07-25 01:13:57,9297.5,6711.68
2022-07-25 01:13:56,9322.24,6686.95
2022-07-25 01:13:55,9316.37,6692.82
2022-07-25 01:13:54,9314.57,6694.62
2022-07-25 01:13:53,9361.9,6647.29
2022-07-25 01:13:52,9437.67,6571.52
2022-07-25 01:13:51,9629.03,6380.16
2022-07-25 01:13:50,9943.28,6065.9
2022-07-25 01:13:49,10037.6,5971.6
2022-07-25 01:13:48,10123.2,5885.94
2022-07-25 01:13:47,10246.8,5762.38
2022-07-25 01:13:46,10338.2,5670.99
2022-07-25 01:13:45,10521.6,5487.57
2022-07-25 01:13:44,10666.6,5342.63
2022-07-25 01:13:43,10096.9,5912.24
2022-07-25 01:13:42,9611.76,6397.43
2022-07-25 01:13:41,9665.66,6343.53
2022-07-25 01:13:40,9717.81,6291.37
2022-07-25 01:13:39,9208.66,6800.53
2022-07-25 01:13:38,9226.83,6782.36
2022-07-25 01:13:37,9212.11,6797.07
2022-07-25 01:13:36,9215.06,6794.13
2022-07-25 01:13:35,9245.35,6763.84
2022-07-25 01:13:34,9246.23,6762.96
2022-07-25 01:13:33,9263.57,6745.61
2022-07-25 01:13:32,9297.96,6711.23
2022-07-25 01:13:31,9454.79,6554.4
2022-07-25 01:13:30,9569.49,6439.7
2022-07-25 01:13:29,9585.73,6423.45
2022-07-25 01:13:28,9763.52,6245.67
2022-07-25 01:13:27,9996,6013.19
2022-07-25 01:13:26,10115.9,5893.31
2022-07-25 01:13:25,10194.2,5815.03
2022-07-25 01:13:24,9670.99,6338.2
2022-07-25 01:13:23,9650.92,6358.27
2022-07-25 01:13:22,9695.37,6313.82
2022-07-25 01:13:21,9071.64,6937.54
2022-07-25 01:13:20,9072.3,6936.89
2022-07-25 01:13:19,9073.65,6935.54
2022-07-25 01:13:18,9073.2,6935.98
2022-07-25 01:13:17,9074.12,6935.06
2022-07-25 01:13:16,9074.22,6934.96
2022-07-25 01:13:15,9074.76,6934.43
2022-07-25 01:13:14,9075.57,6933.62
2022-07-25 01:13:13,9073.91,6935.28
2022-07-25 01:13:12,9074.84,6934.35
2022-07-25 01:13:11,9076.64,6932.54
2022-07-25 01:13:10,9111.29,6897.89
2022-07-25 01:13:09,9112.87,6896.32
2022-07-25 01:13:08,9115.73,6893.46
2022-07-25 01:13:07,9221.76,6787.43
2022-07-25 01:13:06,9240.18,6769.01
2022-07-25 01:13:05,9244.49,6764.7
2022-07-25 01:13:04,9584.7,6424.49
2022-07-25 01:13:03,9696.27,6312.91
2022-07-25 01:13:02,9749.01,6260.18
2022-07-25 01:13:01,9951.56,6057.62
2022-07-25 01:13:00,10083.7,5925.47
2022-07-25 01:12:59,10163.6,5845.63
2022-07-25 01:12:58,10388.9,5620.32
2022-07-25 01:12:57,10390.8,5618.39
2022-07-25 01:12:56,10024.6,5984.57
2022-07-25 01:12:55,10078.7,5930.45
2022-07-25 01:12:54,9524.14,6485.04
2022-07-25 01:12:53,9567,6442.18
2022-07-25 01:12:52,8949.47,7059.72
2022-07-25 01:12:51,8950.02,7059.17
2022-07-25 01:12:50,8944.88,7064.31
2022-07-25 01:12:49,8944.58,7064.61
2022-07-25 01:12:48,8943.48,7065.71
2022-07-25 01:12:47,8944.18,7065.01
2022-07-25 01:12:46,8946.75,7062.44
2022-07-25 01:12:45,8994.5,7014.69
2022-07-25 01:12:44,9053.01,6956.18
2022-07-25 01:12:43,9241.99,6767.2
2022-07-25 01:12:42,9421.49,6587.7
2022-07-25 01:12:41,9795.27,6213.92
2022-07-25 01:12:40,9911.91,6097.27
2022-07-25 01:12:39,9952.55,6056.64
2022-07-25 01:12:38,10030.2,5979.03
2022-07-25 01:12:37,10110.4,5898.79
2022-07-25 01:12:36,10178.8,5830.39
2022-07-25 01:12:35,9098.76,6910.43
2022-07-25 01:12:34,9097.91,6911.27
2022-07-25 01:12:33,9102.34,6906.85
2022-07-25 01:12:32,9102.5,6906.69
2022-07-25 01:12:31,9103.63,6905.56
2022-07-25 01:12:30,9101.23,6907.96
2022-07-25 01:12:29,9102.84,6906.35
2022-07-25 01:12:28,9104.5,6904.69
2022-07-25 01:12:27,9103.05,6906.14
2022-07-25 01:12:26,9105.03,6904.16
2022-07-25 01:12:25,9103.7,6905.49
2022-07-25 01:12:24,9105.02,6904.17
2022-07-25 01:12:23,9110.52,6898.67
2022-07-25 01:12:22,9121.41,6887.78
2022-07-25 01:12:21,9118.25,6890.94
2022-07-25 01:12:20,9119.47,6889.71
2022-07-25 01:12:19,9169.42,6839.77
2022-07-25 01:12:18,9168.34,6840.84
2022-07-25 01:12:17,9195.36,6813.83
2022-07-25 01:12:16,9297.14,6712.04
2022-07-25 01:12:15,9346.27,6662.92
2022-07-25 01:12:14,9694.57,6314.62
2022-07-25 01:12:13,10100.6,5908.63
2022-07-25 01:12:12,10288.6,5720.55
2022-07-25 01:12:11,10427.2,5582
2022-07-25 01:12:10,10511.1,5498.13
2022-07-25 01:12:09,10585.1,5424.11
2022-07-25 01:12:08,10714.2,5295.03
2022-07-25 01:12:07,10197.9,5811.32
2022-07-25 01:12:06,9725.65,6283.54
2022-07-25 01:12:05,9211.29,6797.9
2022-07-25 01:12:04,9226.26,6782.93
2022-07-25 01:12:03,9226.25,6782.94
2022-07-25 01:12:02,9226.89,6782.29
2022-07-25 01:12:01,9242.07,6767.11
2022-07-25 01:12:00,9282.36,6726.83
2022-07-25 01:11:59,9273.86,6735.33
2022-07-25 01:11:58,9298.2,6710.98
2022-07-25 01:11:57,9388.52,6620.66
2022-07-25 01:11:56,9417.48,6591.71
2022-07-25 01:11:55,9618.22,6390.97
2022-07-25 01:11:54,9929.96,6079.23
2022-07-25 01:11:53,10012.8,5996.34
2022-07-25 01:11:52,10061.9,5947.33
2022-07-25 01:11:51,10136.1,5873.08
2022-07-25 01:11:50,10209.1,5800.07
2022-07-25 01:11:49,10299,5710.23
2022-07-25 01:11:48,9111.87,6897.32
2022-07-25 01:11:47,9113.52,6895.66
2022-07-25 01:11:46,9130.25,6878.94
2022-07-25 01:11:45,9132.77,6876.42
2022-07-25 01:11:44,9135.56,6873.63
2022-07-25 01:11:43,9136.36,6872.82
2022-07-25 01:11:42,9162.77,6846.42
2022-07-25 01:11:41,9160.81,6848.38
2022-07-25 01:11:40,9163.88,6845.31
2022-07-25 01:11:39,9198.2,6810.98
2022-07-25 01:11:38,9200.05,6809.14
2022-07-25 01:11:37,9202.4,6806.78
2022-07-25 01:11:36,9220.45,6788.73
2022-07-25 01:11:35,9235.76,6773.43
2022-07-25 01:11:34,9240.42,6768.77
2022-07-25 01:11:33,9250.4,6758.79
2022-07-25 01:11:32,9272.65,6736.54
2022-07-25 01:11:31,9289.52,6719.67
2022-07-25 01:11:30,9314.92,6694.27
2022-07-25 01:11:29,9367.23,6641.95
2022-07-25 01:11:28,9418.15,6591.03
2022-07-25 01:11:27,9665.21,6343.98
2022-07-25 01:11:26,9802.86,6206.33
2022-07-25 01:11:25,10014.3,5994.84
2022-07-25 01:11:24,10249.8,5759.35
2022-07-25 01:11:23,10319.6,5689.55
2022-07-25 01:11:22,10402.7,5606.45
2022-07-25 01:11:21,10499.5,5509.66
2022-07-25 01:11:20,10605.2,5404.02
2022-07-25 01:11:19,10183.9,5825.33
2022-07-25 01:11:18,9717.52,6291.66
2022-07-25 01:11:17,9202.83,6806.36
2022-07-25 01:11:16,9204.43,6804.76
2022-07-25 01:11:15,9205.97,6803.21
2022-07-25 01:11:14,9210.65,6798.54
2022-07-25 01:11:13,9208.87,6800.32
2022-07-25 01:11:12,9210.82,6798.36
2022-07-25 01:11:11,9250.11,6759.08
2022-07-25 01:11:10,9310.07,6699.12
2022-07-25 01:11:09,9575.61,6433.57
2022-07-25 01:11:08,9699.28,6309.91
2022-07-25 01:11:07,10045.2,5964.03
2022-07-25 01:11:06,10151.7,5857.51
2022-07-25 01:11:05,10200.1,5809.07
2022-07-25 01:11:04,10269.6,5739.58
2022-07-25 01:11:03,10355.1,5654.11
2022-07-25 01:11:02,9899.98,6109.21
2022-07-25 01:11:01,9928.42,6080.77
2022-07-25 01:11:00,9303.66,6705.52
2022-07-25 01:10:59,9305.98,6703.21
2022-07-25 01:10:58,9309.88,6699.3
2022-07-25 01:10:57,9310.48,6698.71
2022-07-25 01:10:56,9312.29,6696.9
2022-07-25 01:10:55,9320.76,6688.43
2022-07-25 01:10:54,9323.53,6685.66
2022-07-25 01:10:53,9323.04,6686.14
2022-07-25 01:10:52,9323.38,6685.81
2022-07-25 01:10:51,9347.98,6661.2
2022-07-25 01:10:50,9350.45,6658.74
2022-07-25 01:10:49,9349.31,6659.87
2022-07-25 01:10:48,9382.22,6626.97
2022-07-25 01:10:47,9383.29,6625.9
2022-07-25 01:10:46,9424.59,6584.59
2022-07-25 01:10:45,9433.06,6576.12
2022-07-25 01:10:44,9461.48,6547.71
2022-07-25 01:10:43,9540.48,6468.71
2022-07-25 01:10:42,9568.55,6440.64
2022-07-25 01:10:41,9759.49,6249.7
2022-07-25 01:10:40,9832.36,6176.83
2022-07-25 01:10:39,9895.26,6113.93
2022-07-25 01:10:38,9984.53,6024.66
2022-07-25 01:10:37,10202.1,5807.13
2022-07-25 01:10:36,10303.2,5705.97
2022-07-25 01:10:35,10542.9,5466.31
2022-07-25 01:10:34,10610.1,5399.09
2022-07-25 01:10:33,10179.1,5830.13
2022-07-25 01:10:32,10241.7,5767.47
2022-07-25 01:10:31,10317,5692.17
2022-07-25 01:10:30,9879.28,6129.91
2022-07-25 01:10:29,9259.05,6750.13
2022-07-25 01:10:28,9274.94,6734.25
2022-07-25 01:10:27,9276.66,6732.53
2022-07-25 01:10:26,9290.79,6718.4
2022-07-25 01:10:25,9287.15,6722.04
2022-07-25 01:10:24,9299.32,6709.86
2022-07-25 01:10:23,9369.91,6639.28
2022-07-25 01:10:22,9532.53,6476.66
2022-07-25 01:10:21,9806.34,6202.85
2022-07-25 01:10:20,9953.91,6055.28
2022-07-25 01:10:19,10057.7,5951.54
2022-07-25 01:10:18,10121.4,5887.79
2022-07-25 01:10:17,10189,5820.21
2022-07-25 01:10:16,10279.5,5729.68
2022-07-25 01:10:15,9708.36,6300.83
2022-07-25 01:10:14,9104.62,6904.57
2022-07-25 01:10:13,9114.81,6894.38
2022-07-25 01:10:12,9115.76,6893.43
2022-07-25 01:10:11,9115.51,6893.68
2022-07-25 01:10:10,9123.26,6885.93
2022-07-25 01:10:09,9123.14,6886.04
2022-07-25 01:10:08,9123.16,6886.03
2022-07-25 01:10:07,9124.54,6884.64
2022-07-25 01:10:06,9131.55,6877.64
2022-07-25 01:10:05,9131.95,6877.24
2022-07-25 01:10:04,9132.3,6876.88
2022-07-25 01:10:03,9158.76,6850.43
2022-07-25 01:10:02,9159.9,6849.28
2022-07-25 01:10:01,9174.45,6834.74
2022-07-25 01:10:00,9189.09,6820.1
2022-07-25 01:09:59,9214.28,6794.9
2022-07-25 01:09:58,9223.27,6785.92
2022-07-25 01:09:57,9224.56,6784.63
2022-07-25 01:09:56,9292.7,6716.49
2022-07-25 01:09:55,9317.46,6691.73
2022-07-25 01:09:54,9470.52,6538.67
2022-07-25 01:09:53,9547.58,6461.61
2022-07-25 01:09:52,9560.44,6448.75
2022-07-25 01:09:51,9617.02,6392.17
2022-07-25 01:09:50,9701.35,6307.84
2022-07-25 01:09:49,9789.75,6219.44
2022-07-25 01:09:48,9983.48,6025.71
2022-07-25 01:09:47,9823.11,6186.07
2022-07-25 01:09:46,9919.21,6089.98
2022-07-25 01:09:45,9974.76,6034.43
2022-07-25 01:09:44,10044,5965.18
2022-07-25 01:09:43,10142.7,5866.52
2022-07-25 01:09:42,9567.49,6441.7
2022-07-25 01:09:41,9058.7,6950.48
2022-07-25 01:09:40,9063.03,6946.15
2022-07-25 01:09:39,9059.55,6949.64
2022-07-25 01:09:38,9057.91,6951.27
2022-07-25 01:09:37,9154.54,6854.65
2022-07-25 01:09:36,9194.69,6814.5
2022-07-25 01:09:35,9437.04,6572.14
2022-07-25 01:09:34,9830.79,6178.4
2022-07-25 01:09:33,9946.77,6062.41
2022-07-25 01:09:32,10015.1,5994.05
2022-07-25 01:09:31,10081.6,5927.57
2022-07-25 01:09:30,10153.7,5855.51
2022-07-25 01:09:29,10239,5770.15
2022-07-25 01:09:28,10312.7,5696.5
2022-07-25 01:09:27,9171.88,6837.3
2022-07-25 01:09:26,9173.9,6835.29
2022-07-25 01:09:25,9172.83,6836.36
2022-07-25 01:09:24,9176.46,6832.73
2022-07-25 01:09:23,9176.45,6832.74
2022-07-25 01:09:22,9180.52,6828.67
2022-07-25 01:09:21,9182.19,6827
2022-07-25 01:09:20,9183.67,6825.52
2022-07-25 01:09:19,9194.45,6814.73
2022-07-25 01:09:18,9204.9,6804.29
2022-07-25 01:09:17,9207.11,6802.07
2022-07-25 01:09:16,9207.34,6801.85
2022-07-25 01:09:15,9230.75,6778.43
2022-07-25 01:09:14,9239.17,6770.02
2022-07-25 01:09:13,9240.22,6768.97
2022-07-25 01:09:12,9265.33,6743.86
2022-07-25 01:09:11,9268,6741.18
2022-07-25 01:09:10,9293.36,6715.83
2022-07-25 01:09:09,9319.51,6689.68
2022-07-25 01:09:08,9312.87,6696.32
2022-07-25 01:09:07,9391.84,6617.34
2022-07-25 01:09:06,9396.55,6612.64
2022-07-25 01:09:05,9554.32,6454.86
2022-07-25 01:09:04,9708.25,6300.93
2022-07-25 01:09:03,9745.54,6263.65
2022-07-25 01:09:02,9925.38,6083.81
2022-07-25 01:09:01,10306.5,5702.67
2022-07-25 01:09:00,10423.3,5585.87
2022-07-25 01:08:59,10542.2,5467.03
2022-07-25 01:08:58,10635.4,5373.8
2022-07-25 01:08:57,10205,5804.18
2022-07-25 01:08:56,10285.9,5723.32
2022-07-25 01:08:55,9740.15,6269.03
2022-07-25 01:08:54,9130.01,6879.18
2022-07-25 01:08:53,9132.1,6877.09
2022-07-25 01:08:52,9176.16,6833.02
2022-07-25 01:08:51,9175.98,6833.21
2022-07-25 01:08:50,9185.75,6823.43
2022-07-25 01:08:49,9293.89,6715.3
2022-07-25 01:08:48,9326.67,6682.52
2022-07-25 01:08:47,9561.54,6447.65
2022-07-25 01:08:46,9855.35,6153.84
2022-07-25 01:08:45,9957.51,6051.68
2022-07-25 01:08:44,10012.5,5996.68
2022-07-25 01:08:43,10083.9,5925.3
2022-07-25 01:08:42,10172.8,5836.39
2022-07-25 01:08:41,10070.3,5938.86
2022-07-25 01:08:40,9251.38,6757.81
2022-07-25 01:08:39,9251.4,6757.79
2022-07-25 01:08:38,9251.99,6757.2
2022-07-25 01:08:37,9254.71,6754.48
2022-07-25 01:08:36,9255.43,6753.76
2022-07-25 01:08:35,9257.71,6751.48
2022-07-25 01:08:34,9256.02,6753.17
2022-07-25 01:08:33,9258.54,6750.64
2022-07-25 01:08:32,9260.48,6748.71
2022-07-25 01:08:31,9272.95,6736.24
2022-07-25 01:08:30,9274.1,6735.09
2022-07-25 01:08:29,9275.43,6733.76
2022-07-25 01:08:28,9277.76,6731.43
2022-07-25 01:08:27,9302.23,6706.96
2022-07-25 01:08:26,9304.38,6704.81
2022-07-25 01:08:25,9292.54,6716.64
2022-07-25 01:08:24,9316.26,6692.93
2022-07-25 01:08:23,9319.82,6689.37
2022-07-25 01:08:22,9320.6,6688.59
2022-07-25 01:08:21,9353.27,6655.92
2022-07-25 01:08:20,9354.89,6654.3
2022-07-25 01:08:19,9398.37,6610.81
2022-07-25 01:08:18,9466.98,6542.2
2022-07-25 01:08:17,9529.94,6479.25
2022-07-25 01:08:16,9678.86,6330.33
2022-07-25 01:08:15,10175.5,5833.71
2022-07-25 01:08:14,10366.8,5642.42
2022-07-25 01:08:13,10558.7,5450.53
2022-07-25 01:08:12,10635.1,5374.07
2022-07-25 01:08:11,10723.9,5285.31
2022-07-25 01:08:10,10859.5,5149.69
2022-07-25 01:08:09,10826.9,5182.25
2022-07-25 01:08:08,9905.21,6103.98
2022-07-25 01:08:07,9324.64,6684.55
2022-07-25 01:08:06,9344.58,6664.61
2022-07-25 01:08:05,9346.21,6662.98
2022-07-25 01:08:04,9369.95,6639.24
2022-07-25 01:08:03,9411.44,6597.75
2022-07-25 01:08:02,9421.28,6587.91
2022-07-25 01:08:01,9473.87,6535.31
2022-07-25 01:08:00,9677.23,6331.96
2022-07-25 01:07:59,9698.06,6311.12
2022-07-25 01:07:58,9871.44,6137.75
2022-07-25 01:07:57,9950.72,6058.47
2022-07-25 01:07:56,10014.4,5994.78
2022-07-25 01:07:55,10074.9,5934.24
2022-07-25 01:07:54,9626.26,6382.93
2022-07-25 01:07:53,9676.1,6333.09
2022-07-25 01:07:52,9708.47,6300.71
2022-07-25 01:07:51,9088.32,6920.86
2022-07-25 01:07:50,9092.28,6916.91
2022-07-25 01:07:49,9092.82,6916.37
2022-07-25 01:07:48,9092.74,6916.45
2022-07-25 01:07:47,9092.29,6916.89
2022-07-25 01:07:46,9095.77,6913.42
2022-07-25 01:07:45,9095.03,6914.16
2022-07-25 01:07:44,9096.01,6913.18
2022-07-25 01:07:43,9096.18,6913.01
2022-07-25 01:07:42,9097.19,6911.99
2022-07-25 01:07:41,9098.2,6910.98
2022-07-25 01:07:40,9099.69,6909.5
2022-07-25 01:07:39,9099.72,6909.46
2022-07-25 01:07:38,9101.31,6907.87
2022-07-25 01:07:37,9118.48,6890.71
2022-07-25 01:07:36,9117.18,6892.01
2022-07-25 01:07:35,9120.14,6889.05
2022-07-25 01:07:34,9157.34,6851.85
2022-07-25 01:07:33,9168.77,6840.41
2022-07-25 01:07:32,9171.83,6837.36
2022-07-25 01:07:31,9288.31,6720.87
2022-07-25 01:07:30,9303.29,6705.9
2022-07-25 01:07:29,9359.45,6649.74
2022-07-25 01:07:28,10016,5993.21
2022-07-25 01:07:27,10236.7,5772.51
2022-07-25 01:07:26,10386.5,5622.67
2022-07-25 01:07:25,10468.3,5540.89
2022-07-25 01:07:24,10533.2,5475.99
2022-07-25 01:07:23,10679.4,5329.75
2022-07-25 01:07:22,10810.3,5198.84
2022-07-25 01:07:21,10891.5,5117.64
2022-07-25 01:07:20,9028.3,6980.89
2022-07-25 01:07:19,9040.14,6969.05
2022-07-25 01:07:18,9054.25,6954.94
2022-07-25 01:07:17,9057.48,6951.71
2022-07-25 01:07:16,9100.46,6908.73
2022-07-25 01:07:15,9117.16,6892.03
2022-07-25 01:07:14,9278.93,6730.25
2022-07-25 01:07:13,9372.93,6636.26
2022-07-25 01:07:12,9396.04,6613.15
2022-07-25 01:07:11,9657.95,6351.23
2022-07-25 01:07:10,9790.8,6218.38
2022-07-25 01:07:09,9906.95,6102.23
2022-07-25 01:07:08,9979.71,6029.48
2022-07-25 01:07:07,9505.22,6503.97
2022-07-25 01:07:06,9554.73,6454.45
2022-07-25 01:07:05,9597.29,6411.9
2022-07-25 01:07:04,9597.59,6411.59
2022-07-25 01:07:03,9077.98,6931.2
2022-07-25 01:07:02,9079.54,6929.64
2022-07-25 01:07:01,9080.28,6928.91
2022-07-25 01:07:00,9080.9,6928.29
2022-07-25 01:06:59,9082.97,6926.22
2022-07-25 01:06:58,9085.09,6924.09
2022-07-25 01:06:57,9085.45,6923.74
2022-07-25 01:06:56,9086.43,6922.76
2022-07-25 01:06:55,9086.73,6922.46
2022-07-25 01:06:54,9087.25,6921.94
2022-07-25 01:06:53,9087.23,6921.95
2022-07-25 01:06:52,9090.39,6918.79
2022-07-25 01:06:51,9092.12,6917.07
2022-07-25 01:06:50,9092.01,6917.18
2022-07-25 01:06:49,9093.7,6915.49
2022-07-25 01:06:48,9095.59,6913.59
2022-07-25 01:06:47,9095.56,6913.63
2022-07-25 01:06:46,9109.23,6899.96
2022-07-25 01:06:45,9143.91,6865.27
2022-07-25 01:06:44,9146.65,6862.54
2022-07-25 01:06:43,9396.48,6612.71
2022-07-25 01:06:42,9576.94,6432.25
2022-07-25 01:06:41,9674.12,6335.07
2022-07-25 01:06:40,9748.63,6260.55
2022-07-25 01:06:39,10322.3,5686.87
2022-07-25 01:06:38,10490.3,5518.88
2022-07-25 01:06:37,10661.5,5347.66
2022-07-25 01:06:36,10782.9,5226.29
2022-07-25 01:06:35,10333.9,5675.26
2022-07-25 01:06:34,10429.6,5579.58
2022-07-25 01:06:33,10563.5,5445.71
2022-07-25 01:06:32,10059.1,5950.1
2022-07-25 01:06:31,9467.7,6541.49
2022-07-25 01:06:30,9476.09,6533.09
2022-07-25 01:06:29,9476.06,6533.13
2022-07-25 01:06:28,9548.77,6460.41
2022-07-25 01:06:27,9573.56,6435.62
2022-07-25 01:06:26,9755.49,6253.69
2022-07-25 01:06:25,9812.18,6197.01
2022-07-25 01:06:24,9867.05,6142.14
2022-07-25 01:06:23,10019.5,5989.72
2022-07-25 01:06:22,10121.2,5887.95
2022-07-25 01:06:21,10180.5,5828.7
2022-07-25 01:06:20,10236.8,5772.36
2022-07-25 01:06:19,9687.07,6322.12
2022-07-25 01:06:18,9731.14,6278.05
2022-07-25 01:06:17,9762.89,6246.29
2022-07-25 01:06:16,9259.77,6749.42
2022-07-25 01:06:15,9262.41,6746.77
2022-07-25 01:06:14,9268.24,6740.95
2022-07-25 01:06:13,9268.99,6740.2
2022-07-25 01:06:12,9272.54,6736.64
2022-07-25 01:06:11,9272.33,6736.86
2022-07-25 01:06:10,9294.54,6714.64
2022-07-25 01:06:09,9296.64,6712.55
2022-07-25 01:06:08,9297.67,6711.52
2022-07-25 01:06:07,9311.31,6697.87
2022-07-25 01:06:06,9331.71,6677.48
2022-07-25 01:06:05,9319.26,6689.93
2022-07-25 01:06:04,9351.49,6657.7
2022-07-25 01:06:03,9352.64,6656.55
2022-07-25 01:06:02,9363.73,6645.46
2022-07-25 01:06:01,9371.31,6637.88
2022-07-25 01:06:00,9366.87,6642.32
2022-07-25 01:05:59,9408.89,6600.3
2022-07-25 01:05:58,9437.94,6571.25
2022-07-25 01:05:57,9514.34,6494.85
2022-07-25 01:05:56,9671.54,6337.64
2022-07-25 01:05:55,9685.09,6324.1
2022-07-25 01:05:54,9805.5,6203.69
2022-07-25 01:05:53,9847.37,6161.82
2022-07-25 01:05:52,10032.4,5976.8
2022-07-25 01:05:51,10435.8,5573.35
2022-07-25 01:05:50,10574.9,5434.3
2022-07-25 01:05:49,10138.7,5870.46
2022-07-25 01:05:48,10191.5,5817.69
2022-07-25 01:05:47,10292.4,5716.77
2022-07-25 01:05:46,10394.5,5614.67
2022-07-25 01:05:45,9261.06,6748.13
2022-07-25 01:05:44,9262.49,6746.7
2022-07-25 01:05:43,9280.46,6728.73
2022-07-25 01:05:42,9300.19,6709
2022-07-25 01:05:41,9345.23,6663.95
2022-07-25 01:05:40,9398.38,6610.8
2022-07-25 01:05:39,9682.7,6326.49
2022-07-25 01:05:38,9751.47,6257.72
2022-07-25 01:05:37,9835.73,6173.46
2022-07-25 01:05:36,9857.94,6151.25
2022-07-25 01:05:35,10053.8,5955.39
2022-07-25 01:05:34,10151.4,5857.76
2022-07-25 01:05:33,10189.5,5819.72
2022-07-25 01:05:32,9590.41,6418.78
2022-07-25 01:05:31,9634.41,6374.78
2022-07-25 01:05:30,9684.4,6324.79
2022-07-25 01:05:29,9073.43,6935.75
2022-07-25 01:05:28,9073.24,6935.95
2022-07-25 01:05:27,9074.96,6934.23
2022-07-25 01:05:26,9089.92,6919.27
2022-07-25 01:05:25,9089.23,6919.96
2022-07-25 01:05:24,9091.82,6917.37
2022-07-25 01:05:23,9109.55,6899.64
2022-07-25 01:05:22,9110.33,6898.86
2022-07-25 01:05:21,9111.02,6898.17
2022-07-25 01:05:20,9110.98,6898.21
2022-07-25 01:05:19,9127.89,6881.3
2022-07-25 01:05:18,9128.58,6880.61
2022-07-25 01:05:17,9132.82,6876.36
2022-07-25 01:05:16,9152.39,6856.8
2022-07-25 01:05:15,9153.47,6855.72
2022-07-25 01:05:14,9203.03,6806.16
2022-07-25 01:05:13,9193.63,6815.56
2022-07-25 01:05:12,9194.43,6814.75
2022-07-25 01:05:11,9281.66,6727.52
2022-07-25 01:05:10,9293.56,6715.63
2022-07-25 01:05:09,9474.7,6534.49
2022-07-25 01:05:08,9578.2,6430.98
2022-07-25 01:05:07,9621.58,6387.61
2022-07-25 01:05:06,9804.99,6204.2
2022-07-25 01:05:05,10198.3,5810.84
2022-07-25 01:05:04,10295.6,5713.56
2022-07-25 01:05:03,10436.6,5572.55
2022-07-25 01:05:02,10073.6,5935.55
2022-07-25 01:05:01,9955.11,6054.07
2022-07-25 01:05:00,10044.9,5964.25
2022-07-25 01:04:59,9577.39,6431.8
2022-07-25 01:04:58,8991.08,7018.11
2022-07-25 01:04:57,8960.7,7048.49
2022-07-25 01:04:56,8963,7046.19
2022-07-25 01:04:55,8956.5,7052.69
2022-07-25 01:04:54,9008.61,7000.57
2022-07-25 01:04:53,9014.37,6994.82
2022-07-25 01:04:52,9250.81,6758.38
2022-07-25 01:04:51,9377.77,6631.42
2022-07-25 01:04:50,9494.04,6515.15
2022-07-25 01:04:49,9535.49,6473.7
2022-07-25 01:04:48,9854.56,6154.63
2022-07-25 01:04:47,9966,6043.18
2022-07-25 01:04:46,10057.6,5951.62
2022-07-25 01:04:45,10109.1,5900.11
2022-07-25 01:04:44,9521.63,6487.56
2022-07-25 01:04:43,9569.76,6439.43
2022-07-25 01:04:42,9590.81,6418.38
2022-07-25 01:04:41,9098.01,6911.18
2022-07-25 01:04:40,9097.94,6911.25
2022-07-25 01:04:39,9098.16,6911.03
2022-07-25 01:04:38,9100.5,6908.69
2022-07-25 01:04:37,9101.52,6907.67
2022-07-25 01:04:36,9101.68,6907.5
2022-07-25 01:04:35,9102.39,6906.79
2022-07-25 01:04:34,9102.23,6906.96
2022-07-25 01:04:33,9103.2,6905.99
2022-07-25 01:04:32,9103.43,6905.76
2022-07-25 01:04:31,9119.27,6889.92
2022-07-25 01:04:30,9120.39,6888.8
2022-07-25 01:04:29,9124.13,6885.06
2022-07-25 01:04:28,9154.04,6855.15
2022-07-25 01:04:27,9155.16,6854.02
2022-07-25 01:04:26,9155.9,6853.28
2022-07-25 01:04:25,9189.14,6820.04
2022-07-25 01:04:24,9242.21,6766.98
2022-07-25 01:04:23,9282.98,6726.2
2022-07-25 01:04:22,9547.79,6461.4
2022-07-25 01:04:21,9670.17,6339.02
2022-07-25 01:04:20,9934.52,6074.67
2022-07-25 01:04:19,10018.1,5991.09
2022-07-25 01:04:18,10100.6,5908.54
2022-07-25 01:04:17,10447.4,5561.78
2022-07-25 01:04:16,10574.1,5435.09
2022-07-25 01:04:15,10701.8,5307.4
2022-07-25 01:04:14,10153.9,5855.34
2022-07-25 01:04:13,9693.98,6315.2
2022-07-25 01:04:12,9750.15,6259.04
2022-07-25 01:04:11,9243.87,6765.32
2022-07-25 01:04:10,9252.68,6756.51
2022-07-25 01:04:09,9248.93,6760.26
2022-07-25 01:04:08,9253.34,6755.84
2022-07-25 01:04:07,9268.41,6740.78
2022-07-25 01:04:06,9316.73,6692.46
2022-07-25 01:04:05,9337.78,6671.41
2022-07-25 01:04:04,9571.01,6438.18
2022-07-25 01:04:03,9688.67,6320.52
2022-07-25 01:04:02,9787.81,6221.38
2022-07-25 01:04:01,9830.24,6178.95
2022-07-25 01:04:00,9990.23,6018.95
2022-07-25 01:03:59,10093.2,5915.95
2022-07-25 01:03:58,10161.2,5847.98
2022-07-25 01:03:57,10214.1,5795.09
2022-07-25 01:03:56,9774.4,6234.79
2022-07-25 01:03:55,9827.5,6181.69
2022-07-25 01:03:54,9854.12,6155.07
2022-07-25 01:03:53,9348.55,6660.64
2022-07-25 01:03:52,9352.98,6656.21
2022-07-25 01:03:51,9356.39,6652.8
2022-07-25 01:03:50,9356.51,6652.68
2022-07-25 01:03:49,9362.66,6646.52
2022-07-25 01:03:48,9374.26,6634.93
2022-07-25 01:03:47,9374.69,6634.5
2022-07-25 01:03:46,9380,6629.18
2022-07-25 01:03:45,9396.63,6612.56
2022-07-25 01:03:44,9397.69,6611.5
2022-07-25 01:03:43,9416.43,6592.76
2022-07-25 01:03:42,9428.73,6580.45
2022-07-25 01:03:41,9428.57,6580.62
2022-07-25 01:03:40,9450.34,6558.85
2022-07-25 01:03:39,9474.72,6534.46
2022-07-25 01:03:38,9491.29,6517.9
2022-07-25 01:03:37,9520.63,6488.55
2022-07-25 01:03:36,9559.71,6449.48
2022-07-25 01:03:35,9613.25,6395.93
2022-07-25 01:03:34,10071.5,5937.67
2022-07-25 01:03:33,10173.9,5835.26
2022-07-25 01:03:32,10277.6,5731.57
2022-07-25 01:03:31,10380.2,5628.99
2022-07-25 01:03:30,10433.3,5575.88
2022-07-25 01:03:29,10680.8,5328.43
2022-07-25 01:03:28,10824.8,5184.38
2022-07-25 01:03:27,10921.8,5087.4
2022-07-25 01:03:26,9814.18,6195
2022-07-25 01:03:25,9872.78,6136.4
2022-07-25 01:03:24,9919.74,6089.45
2022-07-25 01:03:23,9404.16,6605.03
2022-07-25 01:03:22,9419.39,6589.79
2022-07-25 01:03:21,9453.58,6555.61
2022-07-25 01:03:20,9455.99,6553.2
2022-07-25 01:03:19,9491.27,6517.91
2022-07-25 01:03:18,9526.99,6482.2
2022-07-25 01:03:17,9565.96,6443.23
2022-07-25 01:03:16,9728.09,6281.1
2022-07-25 01:03:15,9741.63,6267.55
2022-07-25 01:03:14,9819.53,6189.66
2022-07-25 01:03:13,9856.07,6153.12
2022-07-25 01:03:12,10050.7,5958.45
2022-07-25 01:03:11,10149.1,5860.07
2022-07-25 01:03:10,10181,5828.17
2022-07-25 01:03:09,9590.38,6418.8
2022-07-25 01:03:08,9639.99,6369.2
2022-07-25 01:03:07,9695.46,6313.72
2022-07-25 01:03:06,9212.76,6796.43
2022-07-25 01:03:05,9216.67,6792.52
2022-07-25 01:03:04,9217.32,6791.87
2022-07-25 01:03:03,9223.68,6785.5
2022-07-25 01:03:02,9226.6,6782.59
2022-07-25 01:03:01,9227.37,6781.82
2022-07-25 01:03:00,9239.73,6769.46
2022-07-25 01:02:59,9239.79,6769.4
2022-07-25 01:02:58,9243.93,6765.26
2022-07-25 01:02:57,9257.62,6751.57
2022-07-25 01:02:56,9281.1,6728.09
2022-07-25 01:02:55,9284.81,6724.37
2022-07-25 01:02:54,9301.05,6708.13
2022-07-25 01:02:53,9327.46,6681.73
2022-07-25 01:02:52,9345.16,6664.02
2022-07-25 01:02:51,9356.53,6652.66
2022-07-25 01:02:50,9452.35,6556.84
2022-07-25 01:02:49,9499.55,6509.63
2022-07-25 01:02:48,9579.81,6429.38
2022-07-25 01:02:47,10014.9,5994.28
2022-07-25 01:02:46,10161,5848.15
2022-07-25 01:02:45,10221.7,5787.46
2022-07-25 01:02:44,10304.1,5705.08
2022-07-25 01:02:43,10520.4,5488.78
2022-07-25 01:02:42,10630.8,5378.36
2022-07-25 01:02:41,10753.9,5255.31
2022-07-25 01:02:40,10831,5178.23
2022-07-25 01:02:39,9754.86,6254.33
2022-07-25 01:02:38,9148.91,6860.28
2022-07-25 01:02:37,9149.44,6859.75
2022-07-25 01:02:36,9150.95,6858.24
2022-07-25 01:02:35,9162.41,6846.77
2022-07-25 01:02:34,9164.74,6844.45
2022-07-25 01:02:33,9152.66,6856.53
2022-07-25 01:02:32,9185.53,6823.66
2022-07-25 01:02:31,9211.46,6797.73
2022-07-25 01:02:30,9243.48,6765.71
2022-07-25 01:02:29,9559.01,6450.18
2022-07-25 01:02:28,9627.68,6381.51
2022-07-25 01:02:27,9671.28,6337.91
2022-07-25 01:02:26,9695.33,6313.86
2022-07-25 01:02:25,9753.34,6255.85
2022-07-25 01:02:24,9832.82,6176.36
2022-07-25 01:02:23,10044.7,5964.46
2022-07-25 01:02:22,10068,5941.23
2022-07-25 01:02:21,9581.86,6427.33
2022-07-25 01:02:20,9608.47,6400.72
2022-07-25 01:02:19,9651.4,6357.79
2022-07-25 01:02:18,9700.73,6308.45
2022-07-25 01:02:17,9203.91,6805.27
2022-07-25 01:02:16,9206.04,6803.15
2022-07-25 01:02:15,9206.32,6802.87
2022-07-25 01:02:14,9205.94,6803.25
2022-07-25 01:02:13,9206.55,6802.64
2022-07-25 01:02:12,9207.63,6801.56
2022-07-25 01:02:11,9209.29,6799.9
2022-07-25 01:02:10,9208.86,6800.33
2022-07-25 01:02:09,9209.18,6800
2022-07-25 01:02:08,9198.96,6810.22
2022-07-25 01:02:07,9200.51,6808.68
2022-07-25 01:02:06,9239.43,6769.76
2022-07-25 01:02:05,9249.93,6759.26
2022-07-25 01:02:04,9253.05,6756.14
2022-07-25 01:02:03,9245.14,6764.05
2022-07-25 01:02:02,9378.13,6631.06
2022-07-25 01:02:01,9378.89,6630.3
2022-07-25 01:02:00,9680.72,6328.47
2022-07-25 01:01:59,9986.76,6022.43
2022-07-25 01:01:58,10102.9,5906.29
2022-07-25 01:01:57,10441.4,5567.74
2022-07-25 01:01:56,10547.1,5462.05
2022-07-25 01:01:55,10663.8,5345.43
2022-07-25 01:01:54,10775.8,5233.35
2022-07-25 01:01:53,10872.4,5136.78
2022-07-25 01:01:52,9827.63,6181.55
2022-07-25 01:01:51,9891.43,6117.75
2022-07-25 01:01:50,9393.06,6616.13
2022-07-25 01:01:49,9392.73,6616.45
2022-07-25 01:01:48,9416.29,6592.89
2022-07-25 01:01:47,9419.69,6589.5
2022-07-25 01:01:46,9437.42,6571.77
2022-07-25 01:01:45,9455.9,6553.29
2022-07-25 01:01:44,9455.99,6553.2
2022-07-25 01:01:43,9522.55,6486.64
2022-07-25 01:01:42,9546.08,6463.11
2022-07-25 01:01:41,9687.23,6321.96
2022-07-25 01:01:40,9758.04,6251.15
2022-07-25 01:01:39,9779.35,6229.84
2022-07-25 01:01:38,9812.64,6196.55
2022-07-25 01:01:37,9899.88,6109.31
2022-07-25 01:01:36,9968.92,6040.27
2022-07-25 01:01:35,10157.1,5852.06
2022-07-25 01:01:34,9572.45,6436.74
2022-07-25 01:01:33,9606.66,6402.53
2022-07-25 01:01:32,9633.41,6375.78
2022-07-25 01:01:31,9696.31,6312.88
2022-07-25 01:01:30,9739.03,6270.16
2022-07-25 01:01:29,9236.04,6773.15
2022-07-25 01:01:28,9251.25,6757.94
2022-07-25 01:01:27,9248.9,6760.29
2022-07-25 01:01:26,9246.97,6762.22
2022-07-25 01:01:25,9265.11,6744.08
2022-07-25 01:01:24,9286.82,6722.36
2022-07-25 01:01:23,9289.76,6719.43
2022-07-25 01:01:22,9307.98,6701.2
2022-07-25 01:01:21,9327.76,6681.43
2022-07-25 01:01:20,9330.03,6679.15
2022-07-25 01:01:19,9348.46,6660.73
2022-07-25 01:01:18,9372.88,6636.31
2022-07-25 01:01:17,9395.7,6613.49
2022-07-25 01:01:16,9377.25,6631.94
2022-07-25 01:01:15,9470.46,6538.73
2022-07-25 01:01:14,9497.67,6511.52
2022-07-25 01:01:13,9562.76,6446.43
2022-07-25 01:01:12,10042.6,5966.61
2022-07-25 01:01:11,10161.6,5847.62
2022-07-25 01:01:10,10242.2,5766.95
2022-07-25 01:01:09,10436.9,5572.25
2022-07-25 01:01:08,10519.1,5490.05
2022-07-25 01:01:07,10634.1,5375.04
2022-07-25 01:01:06,10743.6,5265.62
2022-07-25 01:01:05,9560.2,6448.98
2022-07-25 01:01:04,9610.35,6398.84
2022-07-25 01:01:03,8990.56,7018.63
2022-07-25 01:01:02,8990.59,7018.59
2022-07-25 01:01:01,8991.22,7017.97
2022-07-25 01:01:00,8992.75,7016.44
2022-07-25 01:00:59,9010.21,6998.97
2022-07-25 01:00:58,9010.91,6998.28
2022-07-25 01:00:57,9011.31,6997.88
2022-07-25 01:00:56,9015.66,6993.53
2022-07-25 01:00:55,9064.35,6944.84
2022-07-25 01:00:54,9066.96,6942.23
2022-07-25 01:00:53,9347.6,6661.59
2022-07-25 01:00:52,9459.95,6549.23
2022-07-25 01:00:51,9527.17,6482.02
2022-07-25 01:00:50,9601.68,6407.5
2022-07-25 01:00:49,9640.05,6369.14
2022-07-25 01:00:48,9831.98,6177.21
2022-07-25 01:00:47,9905.23,6103.96
2022-07-25 01:00:46,9968.26,6040.93
2022-07-25 01:00:45,9481.43,6527.76
2022-07-25 01:00:44,9533.98,6475.21
2022-07-25 01:00:43,9575.5,6433.69
2022-07-25 01:00:42,8955.74,7053.45
2022-07-25 01:00:41,8954.4,7054.79
2022-07-25 01:00:40,8954.48,7054.71
2022-07-25 01:00:39,8954.3,7054.88
2022-07-25 01:00:38,8955.18,7054.01
2022-07-25 01:00:37,8958.82,7050.36
2022-07-25 01:00:36,8959.32,7049.86
2022-07-25 01:00:35,8958.91,7050.28
2022-07-25 01:00:34,8959.13,7050.06
2022-07-25 01:00:33,8960.09,7049.09
2022-07-25 01:00:32,8960.36,7048.83
2022-07-25 01:00:31,8960.69,7048.5
2022-07-25 01:00:30,8962.03,7047.15
2022-07-25 01:00:29,8998.98,7010.21
2022-07-25 01:00:28,9056.72,6952.46
2022-07-25 01:00:27,9098.57,6910.61
2022-07-25 01:00:26,9546.84,6462.35
2022-07-25 01:00:25,9795.48,6213.71
2022-07-25 01:00:24,9938.54,6070.65
2022-07-25 01:00:23,10005.3,6003.87
2022-07-25 01:00:22,10300.3,5708.87
2022-07-25 01:00:21,10490.7,5518.48
2022-07-25 01:00:20,10638.2,5370.94
2022-07-25 01:00:19,10740.9,5268.3
2022-07-25 01:00:18,9772.16,6237.03
2022-07-25 01:00:17,9817.63,6191.56
2022-07-25 01:00:16,9851.65,6157.54
2022-07-25 01:00:15,9369.92,6639.27
2022-07-25 01:00:14,9373.03,6636.16
2022-07-25 01:00:13,9392.52,6616.67
2022-07-25 01:00:12,9396.1,6613.09
2022-07-25 01:00:11,9395.41,6613.77
2022-07-25 01:00:10,9415.99,6593.2
2022-07-25 01:00:09,9417.57,6591.61
2022-07-25 01:00:08,9417.94,6591.25
2022-07-25 01:00:07,9420.77,6588.42
2022-07-25 01:00:06,9415.35,6593.84
2022-07-25 01:00:05,9517.63,6491.55
2022-07-25 01:00:04,9550.52,6458.66
2022-07-25 01:00:03,9778.77,6230.42
2022-07-25 01:00:02,10070.9,5938.25
2022-07-25 01:00:01,10163.2,5845.95
2022-07-25 01:00:00,10210.8,5798.36
2022-07-25 00:59:59,10294.9,5714.25
2022-07-25 00:59:58,10378.1,5631.07
2022-07-25 00:59:57,10450.4,5558.8
2022-07-25 00:59:56,9863.31,6145.87
2022-07-25 00:59:55,9273.76,6735.43
2022-07-25 00:59:54,9284.72,6724.46
2022-07-25 00:59:53,9284.75,6724.44
2022-07-25 00:59:52,9320.19,6689
2022-07-25 00:59:51,9337.29,6671.89
2022-07-25 00:59:50,9337.65,6671.54
2022-07-25 00:59:49,9369.91,6639.28
2022-07-25 00:59:48,9388.33,6620.86
2022-07-25 00:59:47,9424.25,6584.93
2022-07-25 00:59:46,9413.34,6595.84
2022-07-25 00:59:45,9433.05,6576.14
2022-07-25 00:59:44,9464.93,6544.26
2022-07-25 00:59:43,9468.42,6540.77
2022-07-25 00:59:42,9540.18,6469
2022-07-25 00:59:41,9559.94,6449.25
2022-07-25 00:59:40,9725.78,6283.41
2022-07-25 00:59:39,9800.11,6209.08
2022-07-25 00:59:38,9901.52,6107.67
2022-07-25 00:59:37,10059.2,5949.98
2022-07-25 00:59:36,10137.7,5871.53
2022-07-25 00:59:35,10218.6,5790.61
2022-07-25 00:59:34,10411.1,5598.13
2022-07-25 00:59:33,9890.77,6118.41
2022-07-25 00:59:32,9957.51,6051.68
2022-07-25 00:59:31,9486.55,6522.63
2022-07-25 00:59:30,9523.24,6485.95
2022-07-25 00:59:29,9569.27,6439.91
2022-07-25 00:59:28,9600.82,6408.37
2022-07-25 00:59:27,9095.7,6913.48
2022-07-25 00:59:26,9097.56,6911.63
2022-07-25 00:59:25,9097.98,6911.2
2022-07-25 00:59:24,9089.99,6919.2
2022-07-25 00:59:23,9089.43,6919.75
2022-07-25 00:59:22,9092.44,6916.75
2022-07-25 00:59:21,9094.04,6915.14
2022-07-25 00:59:20,9094.31,6914.87
2022-07-25 00:59:19,9081.4,6927.79
2022-07-25 00:59:18,9185.35,6823.84
2022-07-25 00:59:17,9204.15,6805.04
2022-07-25 00:59:16,9468.22,6540.96
2022-07-25 00:59:15,9867.56,6141.63
2022-07-25 00:59:14,10021,5988.15
2022-07-25 00:59:13,10065.9,5943.31
2022-07-25 00:59:12,10127.8,5881.4
2022-07-25 00:59:11,10200.9,5808.3
2022-07-25 00:59:10,10294,5715.17
2022-07-25 00:59:09,9845.95,6163.24
2022-07-25 00:59:08,9327.8,6681.38
2022-07-25 00:59:07,9332.25,6676.94
2022-07-25 00:59:06,9332.47,6676.72
2022-07-25 00:59:05,9334.18,6675.01
2022-07-25 00:59:04,9344.85,6664.34
2022-07-25 00:59:03,9345.68,6663.51
2022-07-25 00:59:02,9348.58,6660.61
2022-07-25 00:59:01,9350.7,6658.49
2022-07-25 00:59:00,9368.67,6640.52
2022-07-25 00:58:59,9368.36,6640.82
2022-07-25 00:58:58,9367.88,6641.3
2022-07-25 00:58:57,9386.56,6622.62
2022-07-25 00:58:56,9429.72,6579.47
2022-07-25 00:58:55,9485.31,6523.88
2022-07-25 00:58:54,9731.82,6277.36
2022-07-25 00:58:53,9852.32,6156.87
2022-07-25 00:58:52,9980.9,6028.29
2022-07-25 00:58:51,10033.8,5975.41
2022-07-25 00:58:50,10104.9,5904.29
2022-07-25 00:58:49,10332.3,5676.84
2022-07-25 00:58:48,10415.8,5593.39
2022-07-25 00:58:47,10400.4,5608.76
2022-07-25 00:58:46,10020,5989.22
2022-07-25 00:58:45,10220.7,5788.52
2022-07-25 00:58:44,10300.2,5708.95
2022-07-25 00:58:43,10371,5638.2
2022-07-25 00:58:42,10215.5,5793.71
2022-07-25 00:58:41,9865.07,6144.11
2022-07-25 00:58:40,9911.66,6097.53
2022-07-25 00:58:39,9420.88,6588.3
2022-07-25 00:58:38,9433.62,6575.57
2022-07-25 00:58:37,9443.09,6566.09
2022-07-25 00:58:36,9443.52,6565.67
2022-07-25 00:58:35,9461.06,6548.13
2022-07-25 00:58:34,9478.83,6530.36
2022-07-25 00:58:33,9497.6,6511.59
2022-07-25 00:58:32,9500.27,6508.92
2022-07-25 00:58:31,9501.13,6508.06
2022-07-25 00:58:30,9572.36,6436.82
2022-07-25 00:58:29,9629.88,6379.31
2022-07-25 00:58:28,9918.75,6090.44
2022-07-25 00:58:27,10018.7,5990.44
2022-07-25 00:58:26,10059.6,5949.62
2022-07-25 00:58:25,10105.2,5904.04
2022-07-25 00:58:24,10189,5820.15
2022-07-25 00:58:23,10270.1,5739.08
2022-07-25 00:58:22,10339.9,5669.24
2022-07-25 00:58:21,9252.06,6757.13
2022-07-25 00:58:20,9253.93,6755.26
2022-07-25 00:58:19,9257.81,6751.38
2022-07-25 00:58:18,9275.89,6733.29
2022-07-25 00:58:17,9278.14,6731.05
2022-07-25 00:58:16,9295.28,6713.91
2022-07-25 00:58:15,9316.03,6693.16
2022-07-25 00:58:14,9315.95,6693.24
2022-07-25 00:58:13,9334.7,6674.49
2022-07-25 00:58:12,9357.14,6652.04
2022-07-25 00:58:11,9358.46,6650.73
2022-07-25 00:58:10,9375.75,6633.43
2022-07-25 00:58:09,9402.07,6607.12
2022-07-25 00:58:08,9402.79,6606.4
2022-07-25 00:58:07,9439.89,6569.3
2022-07-25 00:58:06,9454.2,6554.98
2022-07-25 00:58:05,9659.52,6349.67
2022-07-25 00:58:04,9761.29,6247.9
2022-07-25 00:58:03,9834.95,6174.24
2022-07-25 00:58:02,10131.7,5877.46
2022-07-25 00:58:01,10249,5760.14
2022-07-25 00:58:00,10332.5,5676.67
2022-07-25 00:57:59,10537.1,5472.05
2022-07-25 00:57:58,10642.9,5366.25
2022-07-25 00:57:57,10210.3,5798.9
2022-07-25 00:57:56,10289.4,5719.75
2022-07-25 00:57:55,9725.99,6283.2
2022-07-25 00:57:54,9777.08,6232.11
2022-07-25 00:57:53,9797.92,6211.27
2022-07-25 00:57:52,9297.43,6711.76
2022-07-25 00:57:51,9299.99,6709.2
2022-07-25 00:57:50,9309.19,6700
2022-07-25 00:57:49,9306.14,6703.05
2022-07-25 00:57:48,9327.58,6681.61
2022-07-25 00:57:47,9329.44,6679.74
2022-07-25 00:57:46,9335.4,6673.79
2022-07-25 00:57:45,9348.82,6660.36
2022-07-25 00:57:44,9354.19,6655
2022-07-25 00:57:43,9441.5,6567.69
2022-07-25 00:57:42,9470.97,6538.22
2022-07-25 00:57:41,9611.5,6397.68
2022-07-25 00:57:40,9960.13,6049.05
2022-07-25 00:57:39,10039.7,5969.47
2022-07-25 00:57:38,10098.5,5910.71
2022-07-25 00:57:37,10177.6,5831.58
2022-07-25 00:57:36,10256.2,5752.99
2022-07-25 00:57:35,10332,5677.15
2022-07-25 00:57:34,9765.7,6243.49
2022-07-25 00:57:33,9152.23,6856.96
2022-07-25 00:57:32,9154.52,6854.66
2022-07-25 00:57:31,9155.76,6853.43
2022-07-25 00:57:30,9171.55,6837.64
2022-07-25 00:57:29,9172.07,6837.11
2022-07-25 00:57:28,9181.28,6827.91
2022-07-25 00:57:27,9178.2,6830.98
2022-07-25 00:57:26,9192.42,6816.77
2022-07-25 00:57:25,9209.25,6799.94
2022-07-25 00:57:24,9210.29,6798.9
2022-07-25 00:57:23,9223.52,6785.67
2022-07-25 00:57:22,9240.55,6768.63
2022-07-25 00:57:21,9255.19,6754
2022-07-25 00:57:20,9284.57,6724.62
2022-07-25 00:57:19,9339.97,6669.22
2022-07-25 00:57:18,9480.14,6529.04
2022-07-25 00:57:17,9574.91,6434.28
2022-07-25 00:57:16,9626.38,6382.81
2022-07-25 00:57:15,9883.48,6125.71
2022-07-25 00:57:14,10035.2,5974.03
2022-07-25 00:57:13,10204.5,5804.67
2022-07-25 00:57:12,10265.1,5744.08
2022-07-25 00:57:11,9924.08,6085.11
2022-07-25 00:57:10,9991.53,6017.65
2022-07-25 00:57:09,10067.5,5941.67
2022-07-25 00:57:08,10116.3,5892.87
2022-07-25 00:57:07,9652.64,6356.55
2022-07-25 00:57:06,9692.15,6317.04
2022-07-25 00:57:05,9057.06,6952.13
2022-07-25 00:57:04,9058.23,6950.96
2022-07-25 00:57:03,9060.06,6949.13
2022-07-25 00:57:02,9061.48,6947.71
2022-07-25 00:57:01,9062.6,6946.59
2022-07-25 00:57:00,9063.43,6945.76
2022-07-25 00:56:59,9067.02,6942.17
2022-07-25 00:56:58,9067.59,6941.6
2022-07-25 00:56:57,9067.97,6941.22
2022-07-25 00:56:56,9132.47,6876.72
2022-07-25 00:56:55,9177.78,6831.4
2022-07-25 00:56:54,9477.49,6531.7
2022-07-25 00:56:53,9753.91,6255.28
2022-07-25 00:56:52,9924.97,6084.22
2022-07-25 00:56:51,10023.6,5985.56
2022-07-25 00:56:50,10075.6,5933.61
2022-07-25 00:56:49,10149.9,5859.25
2022-07-25 00:56:48,10234.2,5775.03
2022-07-25 00:56:47,9766.48,6242.71
2022-07-25 00:56:46,9199.98,6809.2
2022-07-25 00:56:45,9200.21,6808.98
2022-07-25 00:56:44,9199.95,6809.24
2022-07-25 00:56:43,9232.41,6776.77
2022-07-25 00:56:42,9233.36,6775.82
2022-07-25 00:56:41,9235.17,6774.02
2022-07-25 00:56:40,9235.6,6773.59
2022-07-25 00:56:39,9278.27,6730.92
2022-07-25 00:56:38,9280.32,6728.87
2022-07-25 00:56:37,9282.43,6726.76
2022-07-25 00:56:36,9333.43,6675.76
2022-07-25 00:56:35,9338.25,6670.93
2022-07-25 00:56:34,9344.29,6664.9
2022-07-25 00:56:33,9376.98,6632.2
2022-07-25 00:56:32,9378.1,6631.09
2022-07-25 00:56:31,9437.59,6571.6
2022-07-25 00:56:30,9452.18,6557
2022-07-25 00:56:29,9603.03,6406.16
2022-07-25 00:56:28,9686.77,6322.41
2022-07-25 00:56:27,9777.58,6231.61
2022-07-25 00:56:26,9954.07,6055.12
2022-07-25 00:56:25,10142.2,5866.95
2022-07-25 00:56:24,10422.2,5586.94
2022-07-25 00:56:23,10555,5454.22
2022-07-25 00:56:22,10119.4,5889.75
2022-07-25 00:56:21,10191.1,5818.04
2022-07-25 00:56:20,10279.9,5729.25
2022-07-25 00:56:19,10333.9,5675.32
2022-07-25 00:56:18,9719.24,6289.94
2022-07-25 00:56:17,9216.39,6792.79
2022-07-25 00:56:16,9221.53,6787.65
2022-07-25 00:56:15,9251.4,6757.78
2022-07-25 00:56:14,9251.1,6758.09
2022-07-25 00:56:13,9256,6753.19
2022-07-25 00:56:12,9278.05,6731.14
2022-07-25 00:56:11,9300.37,6708.82
2022-07-25 00:56:10,9303.13,6706.06
2022-07-25 00:56:09,9354.44,6654.75
2022-07-25 00:56:08,9375.58,6633.61
2022-07-25 00:56:07,9586.29,6422.9
2022-07-25 00:56:06,9639.55,6369.64
2022-07-25 00:56:05,9951.66,6057.53
2022-07-25 00:56:04,10032.3,5976.92
2022-07-25 00:56:03,10112.3,5896.91
2022-07-25 00:56:02,10182.8,5826.36
2022-07-25 00:56:01,10261,5748.14
2022-07-25 00:56:00,9792.24,6216.95
2022-07-25 00:55:59,9835.43,6173.75
2022-07-25 00:55:58,9315.33,6693.86
2022-07-25 00:55:57,9316,6693.18
2022-07-25 00:55:56,9327.91,6681.28
2022-07-25 00:55:55,9337.42,6671.77
2022-07-25 00:55:54,9338.31,6670.87
2022-07-25 00:55:53,9357.92,6651.27
2022-07-25 00:55:52,9371.37,6637.82
2022-07-25 00:55:51,9354.69,6654.5
2022-07-25 00:55:50,9378.22,6630.97
2022-07-25 00:55:49,9393.47,6615.71
2022-07-25 00:55:48,9402.02,6607.16
2022-07-25 00:55:47,9426.7,6582.49
2022-07-25 00:55:46,9442.18,6567
2022-07-25 00:55:45,9488.9,6520.29
2022-07-25 00:55:44,9510.45,6498.74
2022-07-25 00:55:43,9683.07,6326.11
2022-07-25 00:55:42,9761.67,6247.52
2022-07-25 00:55:41,9795.17,6214.02
2022-07-25 00:55:40,10078.9,5930.26
2022-07-25 00:55:39,10189.4,5819.75
2022-07-25 00:55:38,10342,5667.21
2022-07-25 00:55:37,10447.6,5561.62
2022-07-25 00:55:36,10617,5392.16
2022-07-25 00:55:35,10211.7,5797.52
2022-07-25 00:55:34,10285.2,5723.97
2022-07-25 00:55:33,10342.4,5666.82
2022-07-25 00:55:32,9777.21,6231.97
2022-07-25 00:55:31,9822.77,6186.42
2022-07-25 00:55:30,9859.86,6149.32
2022-07-25 00:55:29,9232.23,6776.96
2022-07-25 00:55:28,9251.52,6757.66
2022-07-25 00:55:27,9251.53,6757.65
2022-07-25 00:55:26,9258.09,6751.1
2022-07-25 00:55:25,9301.75,6707.43
2022-07-25 00:55:24,9303.97,6705.21
2022-07-25 00:55:23,9305.39,6703.8
2022-07-25 00:55:22,9395.05,6614.14
2022-07-25 00:55:21,9432.14,6577.05
2022-07-25 00:55:20,9612.66,6396.53
2022-07-25 00:55:19,9682.27,6326.91
2022-07-25 00:55:18,9715.27,6293.91
2022-07-25 00:55:17,9889.25,6119.94
2022-07-25 00:55:16,9996.07,6013.12
2022-07-25 00:55:15,10056.8,5952.38
2022-07-25 00:55:14,10109.1,5900.12
2022-07-25 00:55:13,9636.63,6372.55
2022-07-25 00:55:12,9686.09,6323.1
2022-07-25 00:55:11,9707.02,6302.16
2022-07-25 00:55:10,9090.63,6918.56
2022-07-25 00:55:09,9091.39,6917.8
2022-07-25 00:55:08,9091.01,6918.18
2022-07-25 00:55:07,9110.04,6899.15
2022-07-25 00:55:06,9110.19,6899
2022-07-25 00:55:05,9112.3,6896.89
2022-07-25 00:55:04,9135.75,6873.43
2022-07-25 00:55:03,9136.36,6872.82
2022-07-25 00:55:02,9139.97,6869.22
2022-07-25 00:55:01,9131.28,6877.91
2022-07-25 00:55:00,9162.68,6846.51
2022-07-25 00:54:59,9152.61,6856.58
2022-07-25 00:54:58,9202.81,6806.37
2022-07-25 00:54:57,9223.02,6786.17
2022-07-25 00:54:56,9398.27,6610.91
2022-07-25 00:54:55,9431.26,6577.93
2022-07-25 00:54:54,9452.17,6557.02
2022-07-25 00:54:53,9533.31,6475.87
2022-07-25 00:54:52,9635.6,6373.59
2022-07-25 00:54:51,9899.14,6110.04
2022-07-25 00:54:50,10219.8,5789.37
2022-07-25 00:54:49,9909.89,6099.3
2022-07-25 00:54:48,10020.2,5988.95
2022-07-25 00:54:47,10075.1,5934.09
2022-07-25 00:54:46,10143.3,5865.84
2022-07-25 00:54:45,10231.3,5777.86
2022-07-25 00:54:44,9669.89,6339.29
2022-07-25 00:54:43,9693.42,6315.77
2022-07-25 00:54:42,9176.25,6832.94
2022-07-25 00:54:41,9199.66,6809.53
2022-07-25 00:54:40,9201.8,6807.38
2022-07-25 00:54:39,9205.24,6803.95
2022-07-25 00:54:38,9243.36,6765.83
2022-07-25 00:54:37,9239.54,6769.65
2022-07-25 00:54:36,9243.41,6765.78
2022-07-25 00:54:35,9303.46,6705.73
2022-07-25 00:54:34,9328.87,6680.32
2022-07-25 00:54:33,9500.52,6508.66
2022-07-25 00:54:32,9572.37,6436.82
2022-07-25 00:54:31,9593.63,6415.56
2022-07-25 00:54:30,9789.71,6219.48
2022-07-25 00:54:29,9998.61,6010.58
2022-07-25 00:54:28,10115,5894.16
2022-07-25 00:54:27,10191.9,5817.27
2022-07-25 00:54:26,9593.55,6415.63
2022-07-25 00:54:25,9637.3,6371.88
2022-07-25 00:54:24,9704.78,6304.4
2022-07-25 00:54:23,9193.69,6815.5
2022-07-25 00:54:22,9197.08,6812.11
2022-07-25 00:54:21,9215.42,6793.77
2022-07-25 00:54:20,9217.48,6791.7
2022-07-25 00:54:19,9218.62,6790.57
2022-07-25 00:54:18,9238.66,6770.53
2022-07-25 00:54:17,9240.18,6769
2022-07-25 00:54:16,9240.7,6768.49
2022-07-25 00:54:15,9259.31,6749.88
2022-07-25 00:54:14,9261.58,6747.61
2022-07-25 00:54:13,9276.26,6732.93
2022-07-25 00:54:12,9278.61,6730.57
2022-07-25 00:54:11,9318.84,6690.35
2022-07-25 00:54:10,9348.72,6660.46
2022-07-25 00:54:09,9519.25,6489.93
2022-07-25 00:54:08,9571.16,6438.03
2022-07-25 00:54:07,9593.43,6415.75
2022-07-25 00:54:06,9657.09,6352.09
2022-07-25 00:54:05,9727.63,6281.56
2022-07-25 00:54:04,9778.73,6230.45
2022-07-25 00:54:03,10125.1,5884.11
2022-07-25 00:54:02,9737.26,6271.93
2022-07-25 00:54:01,9829.64,6179.55
2022-07-25 00:54:00,10035.2,5974.03
2022-07-25 00:53:59,10081.6,5927.62
2022-07-25 00:53:58,10149.5,5859.7
2022-07-25 00:53:57,10223.8,5785.38
2022-07-25 00:53:56,9744.55,6264.63
2022-07-25 00:53:55,9798.96,6210.23
2022-07-25 00:53:54,9287.06,6722.13
2022-07-25 00:53:53,9306.7,6702.49
2022-07-25 00:53:52,9304.62,6704.57
2022-07-25 00:53:51,9306.37,6702.82
2022-07-25 00:53:50,9332.66,6676.53
2022-07-25 00:53:49,9332.84,6676.35
2022-07-25 00:53:48,9327.46,6681.73
2022-07-25 00:53:47,9413.03,6596.16
2022-07-25 00:53:46,9418.04,6591.15
2022-07-25 00:53:45,9697.24,6311.95
2022-07-25 00:53:44,9827.98,6181.2
2022-07-25 00:53:43,10030.8,5978.41
2022-07-25 00:53:42,10128.2,5881.03
2022-07-25 00:53:41,10167.6,5841.63
2022-07-25 00:53:40,10242,5767.23
2022-07-25 00:53:39,10317.2,5692
2022-07-25 00:53:38,10399,5610.19
2022-07-25 00:53:37,9548.31,6460.88
2022-07-25 00:53:36,9286.51,6722.68
2022-07-25 00:53:35,9287.21,6721.97
2022-07-25 00:53:34,9287.41,6721.78
2022-07-25 00:53:33,9295,6714.18
2022-07-25 00:53:32,9316.32,6692.87
2022-07-25 00:53:31,9317.14,6692.05
2022-07-25 00:53:30,9333.72,6675.46
2022-07-25 00:53:29,9335.59,6673.6
2022-07-25 00:53:28,9364.78,6644.41
2022-07-25 00:53:27,9384.93,6624.26
2022-07-25 00:53:26,9387.48,6621.71
2022-07-25 00:53:25,9422.83,6586.36
2022-07-25 00:53:24,9438.82,6570.37
2022-07-25 00:53:23,9453.76,6555.43
2022-07-25 00:53:22,9503.01,6506.18
2022-07-25 00:53:21,9555.59,6453.59
2022-07-25 00:53:20,9726.87,6282.31
2022-07-25 00:53:19,9799.05,6210.14
2022-07-25 00:53:18,9864.46,6144.73
2022-07-25 00:53:17,9892.11,6117.08
2022-07-25 00:53:16,10133.6,5875.55
2022-07-25 00:53:15,10234.5,5774.71
2022-07-25 00:53:14,10302.5,5706.7
2022-07-25 00:53:13,9901.59,6107.6
2022-07-25 00:53:12,9956.64,6052.55
2022-07-25 00:53:11,10037.1,5972.12
2022-07-25 00:53:10,10097.1,5912.09
2022-07-25 00:53:09,9636.59,6372.59
2022-07-25 00:53:08,9678.56,6330.63
2022-07-25 00:53:07,9198.87,6810.32
2022-07-25 00:53:06,9200.58,6808.61
2022-07-25 00:53:05,9201.11,6808.08
2022-07-25 00:53:04,9225.57,6783.62
2022-07-25 00:53:03,9229.71,6779.48
2022-07-25 00:53:02,9231.35,6777.84
2022-07-25 00:53:01,9267.59,6741.59
2022-07-25 00:53:00,9262.23,6746.96
2022-07-25 00:52:59,9335.08,6674.11
2022-07-25 00:52:58,9362.41,6646.78
2022-07-25 00:52:57,9569.04,6440.14
2022-07-25 00:52:56,9869.86,6139.33
2022-07-25 00:52:55,9994.16,6015.02
2022-07-25 00:52:54,10048.7,5960.5
2022-07-25 00:52:53,10095.2,5913.98
2022-07-25 00:52:52,10171.7,5837.5
2022-07-25 00:52:51,10246.6,5762.63
2022-07-25 00:52:50,10080.7,5928.45
2022-07-25 00:52:49,9317.44,6691.75
2022-07-25 00:52:48,9316.24,6692.95
2022-07-25 00:52:47,9320.14,6689.05
2022-07-25 00:52:46,9320.6,6688.59
2022-07-25 00:52:45,9323.15,6686.04
2022-07-25 00:52:44,9326.64,6682.55
2022-07-25 00:52:43,9328.11,6681.08
2022-07-25 00:52:42,9329.52,6679.66
2022-07-25 00:52:41,9333.5,6675.69
2022-07-25 00:52:40,9360.5,6648.68
2022-07-25 00:52:39,9360.56,6648.63
2022-07-25 00:52:38,9370.3,6638.89
2022-07-25 00:52:37,9397.27,6611.92
2022-07-25 00:52:36,9454.78,6554.41
2022-07-25 00:52:35,9463.05,6546.14
2022-07-25 00:52:34,9714.2,6294.98
2022-07-25 00:52:33,9867.59,6141.59
2022-07-25 00:52:32,9936.65,6072.54
2022-07-25 00:52:31,10033,5976.2
2022-07-25 00:52:30,10090.5,5918.65
2022-07-25 00:52:29,10243,5766.23
2022-07-25 00:52:28,10369.9,5639.29
2022-07-25 00:52:27,10442.8,5566.35
2022-07-25 00:52:26,9988.93,6020.25
2022-07-25 00:52:25,10165.3,5843.86
2022-07-25 00:52:24,10283.3,5725.88
2022-07-25 00:52:23,10351.4,5657.82
2022-07-25 00:52:22,9907.58,6101.61
2022-07-25 00:52:21,9967.52,6041.66
2022-07-25 00:52:20,10024.6,5984.59
2022-07-25 00:52:19,9407.65,6601.54
2022-07-25 00:52:18,9420.39,6588.8
2022-07-25 00:52:17,9427.82,6581.37
2022-07-25 00:52:16,9457.41,6551.77
2022-07-25 00:52:15,9463.79,6545.4
2022-07-25 00:52:14,9474.1,6535.09
2022-07-25 00:52:13,9511.62,6497.56
2022-07-25 00:52:12,9544.68,6464.51
2022-07-25 00:52:11,9568.54,6440.65
2022-07-25 00:52:10,9766.45,6242.73
2022-07-25 00:52:09,9828.54,6180.64
2022-07-25 00:52:08,10023,5986.22
2022-07-25 00:52:07,10085.2,5923.98
2022-07-25 00:52:06,10148.7,5860.45
2022-07-25 00:52:05,10207.7,5801.46
2022-07-25 00:52:04,10306.3,5702.91
2022-07-25 00:52:03,9734,6275.19
2022-07-25 00:52:02,9113.95,6895.24
2022-07-25 00:52:01,9123.74,6885.45
2022-07-25 00:52:00,9124.65,6884.54
2022-07-25 00:51:59,9124.05,6885.13
2022-07-25 00:51:58,9138.25,6870.94
2022-07-25 00:51:57,9139.6,6869.59
2022-07-25 00:51:56,9151.25,6857.94
2022-07-25 00:51:55,9153.05,6856.14
2022-07-25 00:51:54,9173.97,6835.22
2022-07-25 00:51:53,9181.1,6828.09
2022-07-25 00:51:52,9184.74,6824.45
2022-07-25 00:51:51,9222.27,6786.91
2022-07-25 00:51:50,9222.78,6786.4
2022-07-25 00:51:49,9223.72,6785.46
2022-07-25 00:51:48,9247.6,6761.59
2022-07-25 00:51:47,9241.56,6767.63
2022-07-25 00:51:46,9276.41,6732.77
2022-07-25 00:51:45,9337.24,6671.95
2022-07-25 00:51:44,9513.23,6495.96
2022-07-25 00:51:43,9527.8,6481.39
2022-07-25 00:51:42,9597.67,6411.52
2022-07-25 00:51:41,9651.67,6357.52
2022-07-25 00:51:40,9730.58,6278.61
2022-07-25 00:51:39,10189.7,5819.49
2022-07-25 00:51:38,10346.8,5662.35
2022-07-25 00:51:37,9893.3,6115.88
2022-07-25 00:51:36,9961.85,6047.34
2022-07-25 00:51:35,9974.41,6034.77
2022-07-25 00:51:34,10060.7,5948.49
2022-07-25 00:51:33,10145.3,5863.85
2022-07-25 00:51:32,9730.93,6278.26
2022-07-25 00:51:31,9220.46,6788.73
2022-07-25 00:51:30,9215.63,6793.56
2022-07-25 00:51:29,9216.06,6793.13
2022-07-25 00:51:28,9214.3,6794.88
2022-07-25 00:51:27,9216.86,6792.32
2022-07-25 00:51:26,9219.25,6789.94
2022-07-25 00:51:25,9213.31,6795.88
2022-07-25 00:51:24,9248.18,6761.01
2022-07-25 00:51:23,9309.98,6699.21
2022-07-25 00:51:22,9335.07,6674.12
2022-07-25 00:51:21,9909.45,6099.74
2022-07-25 00:51:20,10068.1,5941.09
2022-07-25 00:51:19,10178.8,5830.41
2022-07-25 00:51:18,10246.3,5762.93
2022-07-25 00:51:17,10287.3,5721.86
2022-07-25 00:51:16,10383.2,5625.96
2022-07-25 00:51:15,10479,5530.19
2022-07-25 00:51:14,9356.62,6652.57
2022-07-25 00:51:13,9358.01,6651.18
2022-07-25 00:51:12,9359.82,6649.37
2022-07-25 00:51:11,9361.17,6648.02
2022-07-25 00:51:10,9363.34,6645.85
2022-07-25 00:51:09,9365.43,6643.76
2022-07-25 00:51:08,9370.91,6638.27
2022-07-25 00:51:07,9374.41,6634.78
2022-07-25 00:51:06,9373.81,6635.38
2022-07-25 00:51:05,9380.95,6628.24
2022-07-25 00:51:04,9418.81,6590.38
2022-07-25 00:51:03,9419.6,6589.59
2022-07-25 00:51:02,9441.11,6568.08
2022-07-25 00:51:01,9474.54,6534.64
2022-07-25 00:51:00,9486.52,6522.67
2022-07-25 00:50:59,9512.73,6496.45
2022-07-25 00:50:58,9566.89,6442.3
2022-07-25 00:50:57,9617.55,6391.64
2022-07-25 00:50:56,9771.14,6238.05
2022-07-25 00:50:55,9860.39,6148.79
2022-07-25 00:50:54,9937.3,6071.89
2022-07-25 00:50:53,9992.55,6016.64
2022-07-25 00:50:52,10200.9,5808.26
2022-07-25 00:50:51,10305.9,5703.27
2022-07-25 00:50:50,10519.6,5489.62
2022-07-25 00:50:49,10063.6,5945.54
2022-07-25 00:50:48,10116.3,5892.93
2022-07-25 00:50:47,10187.2,5822.04
2022-07-25 00:50:46,10271.7,5737.48
2022-07-25 00:50:45,10105.1,5904.14
2022-07-25 00:50:44,9727.98,6281.21
2022-07-25 00:50:43,9108.3,6900.88
2022-07-25 00:50:42,9136.64,6872.55
2022-07-25 00:50:41,9137.77,6871.41
2022-07-25 00:50:40,9138.22,6870.96
2022-07-25 00:50:39,9178.01,6831.18
2022-07-25 00:50:38,9165.86,6843.32
2022-07-25 00:50:37,9161.63,6847.56
2022-07-25 00:50:36,9253.69,6755.5
2022-07-25 00:50:35,9283.29,6725.89
2022-07-25 00:50:34,9594.31,6414.87
2022-07-25 00:50:33,9824.63,6184.56
2022-07-25 00:50:32,9917.83,6091.36
2022-07-25 00:50:31,9977.51,6031.68
2022-07-25 00:50:30,10043.1,5966.11
2022-07-25 00:50:29,10123.9,5885.3
2022-07-25 00:50:28,10195.7,5813.52
2022-07-25 00:50:27,9605.86,6403.33
2022-07-25 00:50:26,9089.18,6920.01
2022-07-25 00:50:25,9089.38,6919.8
2022-07-25 00:50:24,9088.98,6920.21
2022-07-25 00:50:23,9088.67,6920.52
2022-07-25 00:50:22,9092.02,6917.16
2022-07-25 00:50:21,9089.9,6919.29
2022-07-25 00:50:20,9091.94,6917.25
2022-07-25 00:50:19,9091.76,6917.43
2022-07-25 00:50:18,9091.57,6917.62
2022-07-25 00:50:17,9092.48,6916.71
2022-07-25 00:50:16,9115.57,6893.61
2022-07-25 00:50:15,9108.38,6900.81
2022-07-25 00:50:14,9111.18,6898.01
2022-07-25 00:50:13,9110.4,6898.79
2022-07-25 00:50:12,9153.27,6855.92
2022-07-25 00:50:11,9157.21,6851.98
2022-07-25 00:50:10,9159,6850.19
2022-07-25 00:50:09,9214.69,6794.5
2022-07-25 00:50:08,9298.54,6710.65
2022-07-25 00:50:07,9442.83,6566.36
2022-07-25 00:50:06,9623.2,6385.99
2022-07-25 00:50:05,9890.47,6118.72
2022-07-25 00:50:04,10127.9,5881.28
2022-07-25 00:50:03,10327.2,5681.98
2022-07-25 00:50:02,10469.1,5540.12
2022-07-25 00:50:01,10588.7,5420.48
2022-07-25 00:50:00,10688.9,5320.28
2022-07-25 00:49:59,10093,5916.17
2022-07-25 00:49:58,9797.69,6211.5
2022-07-25 00:49:57,9818.87,6190.32
2022-07-25 00:49:56,9213.39,6795.8
2022-07-25 00:49:55,9215.84,6793.35
2022-07-25 00:49:54,9217.5,6791.68
2022-07-25 00:49:53,9239.71,6769.48
2022-07-25 00:49:52,9243.72,6765.47
2022-07-25 00:49:51,9245.47,6763.72
2022-07-25 00:49:50,9327.55,6681.64
2022-07-25 00:49:49,9333.61,6675.58
2022-07-25 00:49:48,9641.49,6367.7
2022-07-25 00:49:47,9751.85,6257.34
2022-07-25 00:49:46,9825.84,6183.34
2022-07-25 00:49:45,10039.5,5969.72
2022-07-25 00:49:44,10085.6,5923.61
2022-07-25 00:49:43,10147.4,5861.74
2022-07-25 00:49:42,10214,5795.18
2022-07-25 00:49:41,10276.3,5732.92
2022-07-25 00:49:40,9804.52,6204.66
2022-07-25 00:49:39,9298.02,6711.17
2022-07-25 00:49:38,9301.66,6707.52
2022-07-25 00:49:37,9304,6705.18
2022-07-25 00:49:36,9305.97,6703.22
2022-07-25 00:49:35,9307.11,6702.08
2022-07-25 00:49:34,9306.63,6702.55
2022-07-25 00:49:33,9309.62,6699.56
2022-07-25 00:49:32,9309.51,6699.68
2022-07-25 00:49:31,9311.22,6697.97
2022-07-25 00:49:30,9326.32,6682.87
2022-07-25 00:49:29,9360.41,6648.78
2022-07-25 00:49:28,9362.63,6646.56
2022-07-25 00:49:27,9364.99,6644.2
2022-07-25 00:49:26,9393.12,6616.07
2022-07-25 00:49:25,9424.28,6584.9
2022-07-25 00:49:24,9455.35,6553.84
2022-07-25 00:49:23,9459.77,6549.41
2022-07-25 00:49:22,9517.74,6491.45
2022-07-25 00:49:21,9537.56,6471.63
2022-07-25 00:49:20,9691.02,6318.17
2022-07-25 00:49:19,9797.19,6212
2022-07-25 00:49:18,9836.84,6172.34
2022-07-25 00:49:17,10149.9,5859.27
2022-07-25 00:49:16,10418.9,5590.34
2022-07-25 00:49:15,10546.7,5462.44
2022-07-25 00:49:14,10639.1,5370.04
2022-07-25 00:49:13,10725.5,5283.69
2022-07-25 00:49:12,10831.8,5177.4
2022-07-25 00:49:11,10421.7,5587.53
2022-07-25 00:49:10,9920.04,6089.14
2022-07-25 00:49:09,9437.67,6571.52
2022-07-25 00:49:08,9432.94,6576.25
2022-07-25 00:49:07,9434.97,6574.21
2022-07-25 00:49:06,9471.82,6537.37
2022-07-25 00:49:05,9511.59,6497.6
2022-07-25 00:49:04,9522.48,6486.71
2022-07-25 00:49:03,9587.06,6422.13
2022-07-25 00:49:02,9608.81,6400.38
2022-07-25 00:49:01,9704.98,6304.21
2022-07-25 00:49:00,9884.01,6125.18
2022-07-25 00:48:59,10056,5953.21
2022-07-25 00:48:58,10140.3,5868.87
2022-07-25 00:48:57,10187.4,5821.77
2022-07-25 00:48:56,10255,5754.23
2022-07-25 00:48:55,10340,5669.21
2022-07-25 00:48:54,10407.8,5601.44
2022-07-25 00:48:53,9831.15,6178.04
2022-07-25 00:48:52,9239.98,6769.21
2022-07-25 00:48:51,9240.79,6768.39
2022-07-25 00:48:50,9251.31,6757.87
2022-07-25 00:48:49,9253.39,6755.8
2022-07-25 00:48:48,9253.96,6755.23
2022-07-25 00:48:47,9276.73,6732.46
2022-07-25 00:48:46,9277.46,6731.73
2022-07-25 00:48:45,9293.57,6715.62
2022-07-25 00:48:44,9323.15,6686.04
2022-07-25 00:48:43,9322.82,6686.36
2022-07-25 00:48:42,9343.32,6665.87
2022-07-25 00:48:41,9376.04,6633.15
2022-07-25 00:48:40,9377.4,6631.78
2022-07-25 00:48:39,9401.97,6607.21
2022-07-25 00:48:38,9427,6582.19
2022-07-25 00:48:37,9433.76,6575.43
2022-07-25 00:48:36,9449.5,6559.69
2022-07-25 00:48:35,9477.72,6531.46
2022-07-25 00:48:34,9527.48,6481.71
2022-07-25 00:48:33,9552.27,6456.92
2022-07-25 00:48:32,9747.25,6261.94
2022-07-25 00:48:31,9867.53,6141.66
2022-07-25 00:48:30,10049.3,5959.9
2022-07-25 00:48:29,10141.2,5868.02
2022-07-25 00:48:28,10355.7,5653.47
2022-07-25 00:48:27,10449,5560.15
2022-07-25 00:48:26,10544,5465.16
2022-07-25 00:48:25,10105.6,5903.59
2022-07-25 00:48:24,10197.5,5811.71
2022-07-25 00:48:23,9716.88,6292.3
2022-07-25 00:48:22,9716.46,6292.73
2022-07-25 00:48:21,9092.65,6916.54
2022-07-25 00:48:20,9092.18,6917
2022-07-25 00:48:19,9092.87,6916.32
2022-07-25 00:48:18,9092.15,6917.04
2022-07-25 00:48:17,9093.37,6915.82
2022-07-25 00:48:16,9143.46,6865.72
2022-07-25 00:48:15,9147.39,6861.8
2022-07-25 00:48:14,9440.2,6568.99
2022-07-25 00:48:13,9574.88,6434.3
2022-07-25 00:48:12,9913.1,6096.09
2022-07-25 00:48:11,10001.2,6008.02
2022-07-25 00:48:10,10062.6,5946.61
2022-07-25 00:48:09,10148.8,5860.43
2022-07-25 00:48:08,10229.7,5779.45
2022-07-25 00:48:07,10311.7,5697.46
2022-07-25 00:48:06,9441.16,6568.03
2022-07-25 00:48:05,9103.66,6905.53
2022-07-25 00:48:04,9112.9,6896.29
2022-07-25 00:48:03,9111.4,6897.79
2022-07-25 00:48:02,9113.93,6895.25
2022-07-25 00:48:01,9116.93,6892.25
2022-07-25 00:48:00,9127.18,6882.01
2022-07-25 00:47:59,9129.16,6880.03
2022-07-25 00:47:58,9129.54,6879.65
2022-07-25 00:47:57,9143.78,6865.41
2022-07-25 00:47:56,9145.66,6863.52
2022-07-25 00:47:55,9146.41,6862.78
2022-07-25 00:47:54,9163.08,6846.11
2022-07-25 00:47:53,9186.41,6822.78
2022-07-25 00:47:52,9185.88,6823.3
2022-07-25 00:47:51,9203.9,6805.28
2022-07-25 00:47:50,9249.02,6760.17
2022-07-25 00:47:49,9265.92,6743.27
2022-07-25 00:47:48,9269.29,6739.89
2022-07-25 00:47:47,9319.9,6689.29
2022-07-25 00:47:46,9332.32,6676.87
2022-07-25 00:47:45,9460.98,6548.21
2022-07-25 00:47:44,9621.14,6388.05
2022-07-25 00:47:43,9668.86,6340.33
2022-07-25 00:47:42,9855.63,6153.56
2022-07-25 00:47:41,10206.8,5802.4
2022-07-25 00:47:40,10334,5675.16
2022-07-25 00:47:39,10453.4,5555.8
2022-07-25 00:47:38,10554.2,5455
2022-07-25 00:47:37,10107.2,5901.94
2022-07-25 00:47:36,10181.6,5827.59
2022-07-25 00:47:35,9740,6269.19
2022-07-25 00:47:34,9209.67,6799.52
2022-07-25 00:47:33,9212.94,6796.25
2022-07-25 00:47:32,9212.79,6796.4
2022-07-25 00:47:31,9204.53,6804.65
2022-07-25 00:47:30,9209.6,6799.59
2022-07-25 00:47:29,9257.12,6752.07
2022-07-25 00:47:28,9262.17,6747.02
2022-07-25 00:47:27,9582.79,6426.4
2022-07-25 00:47:26,9673.35,6335.84
2022-07-25 00:47:25,9810.82,6198.36
2022-07-25 00:47:24,10109.3,5899.89
2022-07-25 00:47:23,10195.1,5814.13
2022-07-25 00:47:22,10288.2,5720.94
2022-07-25 00:47:21,10365.8,5643.44
2022-07-25 00:47:20,9927.09,6082.09
2022-07-25 00:47:19,9991.69,6017.5
2022-07-25 00:47:18,10002,6007.17
2022-07-25 00:47:17,9513.53,6495.66
2022-07-25 00:47:16,9523.88,6485.3
2022-07-25 00:47:15,9529.66,6479.53
2022-07-25 00:47:14,9535.73,6473.45
2022-07-25 00:47:13,9538.9,6470.29
2022-07-25 00:47:12,9548.29,6460.89
2022-07-25 00:47:11,9557.16,6452.03
2022-07-25 00:47:10,9569.32,6439.86
2022-07-25 00:47:09,9569.97,6439.22
2022-07-25 00:47:08,9597.97,6411.22
2022-07-25 00:47:07,9599.05,6410.13
2022-07-25 00:47:06,9617.2,6391.98
2022-07-25 00:47:05,9655.99,6353.2
2022-07-25 00:47:04,9662.28,6346.91
2022-07-25 00:47:03,9685.02,6324.16
2022-07-25 00:47:02,9710.26,6298.93
2022-07-25 00:47:01,9748.79,6260.4
2022-07-25 00:47:00,9802.32,6206.87
2022-07-25 00:46:59,9811.39,6197.8
2022-07-25 00:46:58,9984.02,6025.16
2022-07-25 00:46:57,10089.3,5919.93
2022-07-25 00:46:56,10114.1,5895.07
2022-07-25 00:46:55,10180.3,5828.92
2022-07-25 00:46:54,10424,5585.23
2022-07-25 00:46:53,10508,5501.18
2022-07-25 00:46:52,10728.2,5281
2022-07-25 00:46:51,10294.6,5714.63
2022-07-25 00:46:50,10376.5,5632.69
2022-07-25 00:46:49,10444.7,5564.48
2022-07-25 00:46:48,10499.6,5509.61
2022-07-25 00:46:47,9951.1,6058.09
2022-07-25 00:46:46,9964.85,6044.34
2022-07-25 00:46:45,9443.34,6565.85
2022-07-25 00:46:44,9442.98,6566.21
2022-07-25 00:46:43,9482.8,6526.39
2022-07-25 00:46:42,9493.61,6515.57
2022-07-25 00:46:41,9678.96,6330.23
2022-07-25 00:46:40,9744.92,6264.27
2022-07-25 00:46:39,9748.48,6260.71
2022-07-25 00:46:38,9774.23,6234.96
2022-07-25 00:46:37,9885.47,6123.71
2022-07-25 00:46:36,9930.11,6079.07
2022-07-25 00:46:35,10008.5,6000.7
2022-07-25 00:46:34,9674.98,6334.2
2022-07-25 00:46:33,9690.48,6318.7
2022-07-25 00:46:32,9728.21,6280.98
2022-07-25 00:46:31,9748.94,6260.25
2022-07-25 00:46:30,9800.84,6208.35
2022-07-25 00:46:29,9847.1,6162.09
2022-07-25 00:46:28,9321.48,6687.71
2022-07-25 00:46:27,9321.98,6687.21
2022-07-25 00:46:26,9323.66,6685.53
2022-07-25 00:46:25,9325.97,6683.22
2022-07-25 00:46:24,9325.75,6683.44
2022-07-25 00:46:23,9329.5,6679.68
2022-07-25 00:46:22,9332.22,6676.97
2022-07-25 00:46:21,9333.32,6675.87
2022-07-25 00:46:20,9333.11,6676.08
2022-07-25 00:46:19,9334.67,6674.52
2022-07-25 00:46:18,9348.23,6660.96
2022-07-25 00:46:17,9348.73,6660.46
2022-07-25 00:46:16,9356.32,6652.86
2022-07-25 00:46:15,9364.32,6644.87
2022-07-25 00:46:14,9406.97,6602.22
2022-07-25 00:46:13,9431.57,6577.61
2022-07-25 00:46:12,9454.24,6554.95
2022-07-25 00:46:11,9497.86,6511.33
2022-07-25 00:46:10,9615.8,6393.38
2022-07-25 00:46:09,9795.8,6213.39
2022-07-25 00:46:08,9930.44,6078.75
2022-07-25 00:46:07,10214.4,5794.79
2022-07-25 00:46:06,10313.2,5696.03
2022-07-25 00:46:05,10404.7,5604.45
2022-07-25 00:46:04,10640.7,5368.53
2022-07-25 00:46:03,10734.8,5274.36
2022-07-25 00:46:02,10194.1,5815.09
2022-07-25 00:46:01,10259.3,5749.89
2022-07-25 00:46:00,10059.4,5949.75
2022-07-25 00:45:59,9748.82,6260.36
2022-07-25 00:45:58,9129.21,6879.98
2022-07-25 00:45:57,9150.81,6858.38
2022-07-25 00:45:56,9251.31,6757.88
2022-07-25 00:45:55,9276.64,6732.55
2022-07-25 00:45:54,9453.09,6556.09
2022-07-25 00:45:53,9492.24,6516.94
2022-07-25 00:45:52,9557.13,6452.06
2022-07-25 00:45:51,9577.59,6431.6
2022-07-25 00:45:50,9647.47,6361.72
2022-07-25 00:45:49,9727.97,6281.22
2022-07-25 00:45:48,9894.78,6114.41
2022-07-25 00:45:47,9457.14,6552.05
2022-07-25 00:45:46,9471.86,6537.33
2022-07-25 00:45:45,9502.82,6506.37
2022-07-25 00:45:44,9545.88,6463.3
2022-07-25 00:45:43,9590.14,6419.05
2022-07-25 00:45:42,9614.46,6394.73
2022-07-25 00:45:41,9103.77,6905.41
2022-07-25 00:45:40,9103.18,6906
2022-07-25 00:45:39,9104.71,6904.48
2022-07-25 00:45:38,9104.6,6904.59
2022-07-25 00:45:37,9106.25,6902.93
2022-07-25 00:45:36,9106.25,6902.94
2022-07-25 00:45:35,9105.65,6903.54
2022-07-25 00:45:34,9107.43,6901.76
2022-07-25 00:45:33,9110.77,6898.41
2022-07-25 00:45:32,9108.44,6900.75
2022-07-25 00:45:31,9111.36,6897.83
2022-07-25 00:45:30,9110.95,6898.24
2022-07-25 00:45:29,9123.52,6885.67
2022-07-25 00:45:28,9126.24,6882.94
2022-07-25 00:45:27,9130.64,6878.55
2022-07-25 00:45:26,9145.7,6863.48
2022-07-25 00:45:25,9135.37,6873.82
2022-07-25 00:45:24,9202.85,6806.34
2022-07-25 00:45:23,9247.58,6761.61
2022-07-25 00:45:22,9577.98,6431.2
2022-07-25 00:45:21,9677.36,6331.83
2022-07-25 00:45:20,10016.3,5992.87
2022-07-25 00:45:19,10154.1,5855.06
2022-07-25 00:45:18,10544.3,5464.91
2022-07-25 00:45:17,10658,5351.21
2022-07-25 00:45:16,10760.7,5248.51
2022-07-25 00:45:15,10894.1,5115.08
2022-07-25 00:45:14,10982.7,5026.5
2022-07-25 00:45:13,10545.3,5463.89
2022-07-25 00:45:12,10082.3,5926.87
2022-07-25 00:45:11,10095.7,5913.46
2022-07-25 00:45:10,9493,6516.18
2022-07-25 00:45:09,9521.62,6487.57
2022-07-25 00:45:08,9692.26,6316.93
2022-07-25 00:45:07,9732.34,6276.85
2022-07-25 00:45:06,9778.97,6230.21
2022-07-25 00:45:05,9804.32,6204.87
2022-07-25 00:45:04,9852.09,6157.1
2022-07-25 00:45:03,9928.56,6080.63
2022-07-25 00:45:02,9798.16,6211.03
2022-07-25 00:45:01,9593.02,6416.16
2022-07-25 00:45:00,9675.25,6333.94
2022-07-25 00:44:59,9691.55,6317.64
2022-07-25 00:44:58,9727.94,6281.25
2022-07-25 00:44:57,9768.2,6240.98
2022-07-25 00:44:56,9815.79,6193.4
2022-07-25 00:44:55,9848.9,6160.29
2022-07-25 00:44:54,9221.39,6787.8
2022-07-25 00:44:53,9221.39,6787.79
2022-07-25 00:44:52,9228.58,6780.61
2022-07-25 00:44:51,9231.39,6777.8
2022-07-25 00:44:50,9231.93,6777.25
2022-07-25 00:44:49,9240.21,6768.98
2022-07-25 00:44:48,9255.55,6753.64
2022-07-25 00:44:47,9256.56,6752.63
2022-07-25 00:44:46,9267.3,6741.88
2022-07-25 00:44:45,9287.7,6721.48
2022-07-25 00:44:44,9288.73,6720.45
2022-07-25 00:44:43,9301.17,6708.02
2022-07-25 00:44:42,9325.32,6683.87
2022-07-25 00:44:41,9326.71,6682.48
2022-07-25 00:44:40,9338.87,6670.32
2022-07-25 00:44:39,9372.68,6636.5
2022-07-25 00:44:38,9380.2,6628.99
2022-07-25 00:44:37,9381.59,6627.6
2022-07-25 00:44:36,9426.23,6582.96
2022-07-25 00:44:35,9466.37,6542.82
2022-07-25 00:44:34,9627.59,6381.59
2022-07-25 00:44:33,9693.11,6316.07
2022-07-25 00:44:32,9732.02,6277.17
2022-07-25 00:44:31,9963.84,6045.35
2022-07-25 00:44:30,10084.2,5925.01
2022-07-25 00:44:29,10162.7,5846.44
2022-07-25 00:44:28,10519.2,5489.97
2022-07-25 00:44:27,10286.4,5722.79
2022-07-25 00:44:26,10232.2,5776.97
2022-07-25 00:44:25,10303.5,5705.73
2022-07-25 00:44:24,9846.6,6162.59
2022-07-25 00:44:23,9948.95,6060.24
2022-07-25 00:44:22,9463.65,6545.54
2022-07-25 00:44:21,9609.68,6399.5
2022-07-25 00:44:20,9672.32,6336.87
2022-07-25 00:44:19,9698.31,6310.88
2022-07-25 00:44:18,9722.39,6286.8
2022-07-25 00:44:17,9776.22,6232.97
2022-07-25 00:44:16,9821.57,6187.62
2022-07-25 00:44:15,9396.24,6612.95
2022-07-25 00:44:14,9403.32,6605.87
2022-07-25 00:44:13,9680.6,6328.59
2022-07-25 00:44:12,9782.21,6226.98
2022-07-25 00:44:11,9832.81,6176.38
2022-07-25 00:44:10,9868.26,6140.93
2022-07-25 00:44:09,9904.43,6104.76
2022-07-25 00:44:08,9956.17,6053.02
2022-07-25 00:44:07,9992.4,6016.79
2022-07-25 00:44:06,9367.21,6641.98
2022-07-25 00:44:05,9367.7,6641.49
2022-07-25 00:44:04,9377.92,6631.27
2022-07-25 00:44:03,9380.23,6628.96
2022-07-25 00:44:02,9382.39,6626.8
2022-07-25 00:44:01,9401.78,6607.4
2022-07-25 00:44:00,9418.35,6590.84
2022-07-25 00:43:59,9422.07,6587.12
2022-07-25 00:43:58,9433.82,6575.36
2022-07-25 00:43:57,9456.69,6552.5
2022-07-25 00:43:56,9449.82,6559.37
2022-07-25 00:43:55,9478.26,6530.93
2022-07-25 00:43:54,9491.16,6518.02
2022-07-25 00:43:53,9506.1,6503.09
2022-07-25 00:43:52,9544.76,6464.43
2022-07-25 00:43:51,9548.88,6460.31
2022-07-25 00:43:50,9564.18,6445.01
2022-07-25 00:43:49,9634.48,6374.71
2022-07-25 00:43:48,9686.64,6322.54
2022-07-25 00:43:47,9902.86,6106.33
2022-07-25 00:43:46,9932.07,6077.12
2022-07-25 00:43:45,10135.2,5873.95
2022-07-25 00:43:44,10211.4,5797.76
2022-07-25 00:43:43,10281.3,5727.89
2022-07-25 00:43:42,10364.8,5644.43
2022-07-25 00:43:41,10465,5544.19
2022-07-25 00:43:40,10037.2,5971.95
2022-07-25 00:43:39,10239.2,5769.98
2022-07-25 00:43:38,9660.89,6348.3
2022-07-25 00:43:37,9715.46,6293.72
2022-07-25 00:43:36,9744.73,6264.46
2022-07-25 00:43:35,9793.13,6216.06
2022-07-25 00:43:34,9878.62,6130.57
2022-07-25 00:43:33,9418.97,6590.22
2022-07-25 00:43:32,9580.34,6428.85
2022-07-25 00:43:31,9588.73,6420.46
2022-07-25 00:43:30,9620.98,6388.21
2022-07-25 00:43:29,9678.33,6330.86
2022-07-25 00:43:28,9736.4,6272.79
2022-07-25 00:43:27,10013.3,5995.86
2022-07-25 00:43:26,10176.7,5832.47
2022-07-25 00:43:25,9614.21,6394.97
2022-07-25 00:43:24,9652.5,6356.69
2022-07-25 00:43:23,9686.71,6322.48
2022-07-25 00:43:22,9735.65,6273.54
2022-07-25 00:43:21,9771.36,6237.82
2022-07-25 00:43:20,9140.44,6868.75
2022-07-25 00:43:19,9147.47,6861.72
2022-07-25 00:43:18,9149.61,6859.58
2022-07-25 00:43:17,9150.47,6858.72
2022-07-25 00:43:16,9164.26,6844.93
2022-07-25 00:43:15,9166.9,6842.29
2022-07-25 00:43:14,9167.14,6842.04
2022-07-25 00:43:13,9182.48,6826.71
2022-07-25 00:43:12,9181.97,6827.22
2022-07-25 00:43:11,9181.16,6828.03
2022-07-25 00:43:10,9198.53,6810.66
2022-07-25 00:43:09,9199.02,6810.17
2022-07-25 00:43:08,9200.59,6808.59
2022-07-25 00:43:07,9210.69,6798.5
2022-07-25 00:43:06,9213.31,6795.88
2022-07-25 00:43:05,9240.88,6768.3
2022-07-25 00:43:04,9247.75,6761.44
2022-07-25 00:43:03,9250.06,6759.13
2022-07-25 00:43:02,9310.44,6698.74
2022-07-25 00:43:01,9379.89,6629.29
2022-07-25 00:43:00,9543.51,6465.68
2022-07-25 00:42:59,9688.81,6320.38
2022-07-25 00:42:58,9974.22,6034.97
2022-07-25 00:42:57,10084.4,5924.81
2022-07-25 00:42:56,10157.4,5851.8
2022-07-25 00:42:55,10276.2,5732.94
2022-07-25 00:42:54,10350.4,5658.79
2022-07-25 00:42:53,10021.4,5987.8
2022-07-25 00:42:52,9579.21,6429.98
2022-07-25 00:42:51,9612.27,6396.92
2022-07-25 00:42:50,9640.67,6368.52
2022-07-25 00:42:49,9701.9,6307.29
2022-07-25 00:42:48,9715.52,6293.67
2022-07-25 00:42:47,9199.85,6809.34
2022-07-25 00:42:46,9237.75,6771.43
2022-07-25 00:42:45,9243.78,6765.41
2022-07-25 00:42:44,9528.59,6480.59
2022-07-25 00:42:43,9634.98,6374.2
2022-07-25 00:42:42,9686.55,6322.64
2022-07-25 00:42:41,9767.38,6241.81
2022-07-25 00:42:40,9794.81,6214.38
2022-07-25 00:42:39,9857.93,6151.25
2022-07-25 00:42:38,10220.3,5788.93
2022-07-25 00:42:37,10318,5691.21
2022-07-25 00:42:36,9722.63,6286.56
2022-07-25 00:42:35,9741.32,6267.87
2022-07-25 00:42:34,9787.54,6221.65
2022-07-25 00:42:33,9843.49,6165.7
2022-07-25 00:42:32,9852.56,6156.63
2022-07-25 00:42:31,9348.94,6660.25
2022-07-25 00:42:30,9351.19,6658
2022-07-25 00:42:29,9350.09,6659.09
2022-07-25 00:42:28,9370.62,6638.56
2022-07-25 00:42:27,9370.98,6638.2
2022-07-25 00:42:26,9372.15,6637.04
2022-07-25 00:42:25,9390.84,6618.34
2022-07-25 00:42:24,9393.04,6616.14
2022-07-25 00:42:23,9397.51,6611.68
2022-07-25 00:42:22,9413.06,6596.13
2022-07-25 00:42:21,9419.18,6590
2022-07-25 00:42:20,9448.54,6560.65
2022-07-25 00:42:19,9458.02,6551.17
2022-07-25 00:42:18,9473.85,6535.34
2022-07-25 00:42:17,9511.27,6497.92
2022-07-25 00:42:16,9518.79,6490.4
2022-07-25 00:42:15,9534.63,6474.56
2022-07-25 00:42:14,9621.68,6387.5
2022-07-25 00:42:13,9657.89,6351.3
2022-07-25 00:42:12,9836.46,6172.72
2022-07-25 00:42:11,10096.9,5912.32
2022-07-25 00:42:10,10154.1,5855.11
2022-07-25 00:42:09,10210.6,5798.62
2022-07-25 00:42:08,10281.6,5727.59
2022-07-25 00:42:07,10399.6,5609.61
2022-07-25 00:42:06,10521.2,5488.04
2022-07-25 00:42:05,10744.5,5264.7
2022-07-25 00:42:04,9752.95,6256.24
2022-07-25 00:42:03,9790.79,6218.4
2022-07-25 00:42:02,9826.98,6182.2
2022-07-25 00:42:01,9894.05,6115.14
2022-07-25 00:42:00,9925.42,6083.77
2022-07-25 00:41:59,9410.65,6598.54
2022-07-25 00:41:58,9464.77,6544.42
2022-07-25 00:41:57,9483.64,6525.54
2022-07-25 00:41:56,9540.16,6469.03
2022-07-25 00:41:55,9842.52,6166.66
2022-07-25 00:41:54,9922.55,6086.64
2022-07-25 00:41:53,9986.49,6022.7
2022-07-25 00:41:52,10027.6,5981.57
2022-07-25 00:41:51,10194.2,5814.98
2022-07-25 00:41:50,10282.5,5726.68
2022-07-25 00:41:49,10344.5,5664.66
2022-07-25 00:41:48,10387.8,5621.38
2022-07-25 00:41:47,9927.17,6082.02
2022-07-25 00:41:46,9976.03,6033.16
2022-07-25 00:41:45,10002.1,6007.07
2022-07-25 00:41:44,9490.2,6518.98
2022-07-25 00:41:43,9507.97,6501.22
2022-07-25 00:41:42,9511.11,6498.08
2022-07-25 00:41:41,9523.42,6485.77
2022-07-25 00:41:40,9523.61,6485.57
2022-07-25 00:41:39,9526.92,6482.27
2022-07-25 00:41:38,9556.64,6452.54
2022-07-25 00:41:37,9559.16,6450.03
2022-07-25 00:41:36,9562.27,6446.92
2022-07-25 00:41:35,9596.84,6412.35
2022-07-25 00:41:34,9599.38,6409.81
2022-07-25 00:41:33,9610.55,6398.64
2022-07-25 00:41:32,9640.44,6368.75
2022-07-25 00:41:31,9642.3,6366.89
2022-07-25 00:41:30,9683.05,6326.14
2022-07-25 00:41:29,9682.19,6326.99
2022-07-25 00:41:28,9742.73,6266.45
2022-07-25 00:41:27,9758.61,6250.57
2022-07-25 00:41:26,9884.03,6125.16
2022-07-25 00:41:25,10010.8,5998.37
2022-07-25 00:41:24,10081.2,5927.96
2022-07-25 00:41:23,10284.5,5724.71
2022-07-25 00:41:22,10320.5,5688.71
2022-07-25 00:41:21,10443.4,5565.8
2022-07-25 00:41:20,10528.5,5480.73
2022-07-25 00:41:19,10750.3,5258.93
2022-07-25 00:41:18,10239.1,5770.05
2022-07-25 00:41:17,10320.5,5688.73
2022-07-25 00:41:16,9852.89,6156.29
2022-07-25 00:41:15,9921.7,6087.48
2022-07-25 00:41:14,9974.63,6034.56
2022-07-25 00:41:13,10000.5,6008.73
2022-07-25 00:41:12,9371.73,6637.45
2022-07-25 00:41:11,9383.75,6625.43
2022-07-25 00:41:10,9408.5,6600.69
2022-07-25 00:41:09,9419.12,6590.07
2022-07-25 00:41:08,9464.78,6544.41
2022-07-25 00:41:07,9607.81,6401.38
2022-07-25 00:41:06,9694.47,6314.72
2022-07-25 00:41:05,9738.85,6270.34
2022-07-25 00:41:04,9883.68,6125.5
2022-07-25 00:41:03,10005.4,6003.81
2022-07-25 00:41:02,10062.9,5946.25
2022-07-25 00:41:01,10139,5870.21
2022-07-25 00:41:00,10191.1,5818.09
2022-07-25 00:40:59,9746.73,6262.45
2022-07-25 00:40:58,9763.49,6245.7
2022-07-25 00:40:57,9259.76,6749.43
2022-07-25 00:40:56,9261.32,6747.86
2022-07-25 00:40:55,9267.36,6741.83
2022-07-25 00:40:54,9268.06,6741.13
2022-07-25 00:40:53,9270.58,6738.61
2022-07-25 00:40:52,9271.84,6737.35
2022-07-25 00:40:51,9291.41,6717.77
2022-07-25 00:40:50,9297.31,6711.87
2022-07-25 00:40:49,9294.58,6714.61
2022-07-25 00:40:48,9311.26,6697.93
2022-07-25 00:40:47,9311.55,6697.64
2022-07-25 00:40:46,9315.56,6693.63
2022-07-25 00:40:45,9337.16,6672.03
2022-07-25 00:40:44,9336.26,6672.93
2022-07-25 00:40:43,9343.26,6665.93
2022-07-25 00:40:42,9355.81,6653.37
2022-07-25 00:40:41,9396.9,6612.29
2022-07-25 00:40:40,9398.65,6610.54
2022-07-25 00:40:39,9452.44,6556.75
2022-07-25 00:40:38,9759.93,6249.26
2022-07-25 00:40:37,9862.44,6146.75
2022-07-25 00:40:36,9924.26,6084.93
2022-07-25 00:40:35,9970.53,6038.66
2022-07-25 00:40:34,10224,5785.23
2022-07-25 00:40:33,10315.1,5694.09
2022-07-25 00:40:32,10629.5,5379.66
2022-07-25 00:40:31,10754.6,5254.55
2022-07-25 00:40:30,10358.2,5650.97
2022-07-25 00:40:29,10449.4,5559.82
2022-07-25 00:40:28,10516.7,5492.52
2022-07-25 00:40:27,9944.82,6064.36
2022-07-25 00:40:26,10020.2,5989.02
2022-07-25 00:40:25,9508.21,6500.98
2022-07-25 00:40:24,9531.66,6477.53
2022-07-25 00:40:23,9549.28,6459.9
2022-07-25 00:40:22,9569.11,6440.07
2022-07-25 00:40:21,9604.57,6404.61
2022-07-25 00:40:20,9651.79,6357.4
2022-07-25 00:40:19,9806.74,6202.45
2022-07-25 00:40:18,9854.27,6154.91
2022-07-25 00:40:17,9895.36,6113.83
2022-07-25 00:40:16,10077.3,5931.93
2022-07-25 00:40:15,10171.9,5837.3
2022-07-25 00:40:14,10242.4,5766.81
2022-07-25 00:40:13,10273.3,5735.89
2022-07-25 00:40:12,9698.49,6310.7
2022-07-25 00:40:11,9747.99,6261.2
2022-07-25 00:40:10,9241.75,6767.43
2022-07-25 00:40:09,9254.72,6754.47
2022-07-25 00:40:08,9255.02,6754.17
2022-07-25 00:40:07,9257.76,6751.43
2022-07-25 00:40:06,9258.13,6751.06
2022-07-25 00:40:05,9278.04,6731.15
2022-07-25 00:40:04,9280.3,6728.89
2022-07-25 00:40:03,9282.63,6726.56
2022-07-25 00:40:02,9298.33,6710.86
2022-07-25 00:40:01,9301.32,6707.87
2022-07-25 00:40:00,9302.34,6706.85
2022-07-25 00:39:59,9318.25,6690.94
2022-07-25 00:39:58,9323.4,6685.79
2022-07-25 00:39:57,9326.64,6682.55
2022-07-25 00:39:56,9344.54,6664.64
2022-07-25 00:39:55,9346.5,6662.69
2022-07-25 00:39:54,9385.78,6623.41
2022-07-25 00:39:53,9386.24,6622.94
2022-07-25 00:39:52,9414.13,6595.05
2022-07-25 00:39:51,9512.07,6497.12
2022-07-25 00:39:50,9679.92,6329.27
2022-07-25 00:39:49,9934.25,6074.93
2022-07-25 00:39:48,10088.4,5920.8
2022-07-25 00:39:47,10239.2,5769.95
2022-07-25 00:39:46,10286.7,5722.48
2022-07-25 00:39:45,10498.5,5510.69
2022-07-25 00:39:44,10647.7,5361.45
2022-07-25 00:39:43,10731.4,5277.76
2022-07-25 00:39:42,10283.1,5726.14
2022-07-25 00:39:41,9823.04,6186.14
2022-07-25 00:39:40,9874.88,6134.31
2022-07-25 00:39:39,9902.46,6106.73
2022-07-25 00:39:38,9414.12,6595.06
2022-07-25 00:39:37,9415.37,6593.81
2022-07-25 00:39:36,9437.32,6571.87
2022-07-25 00:39:35,9433.54,6575.64
2022-07-25 00:39:34,9452.07,6557.12
2022-07-25 00:39:33,9509.51,6499.68
2022-07-25 00:39:32,9512.9,6496.29
2022-07-25 00:39:31,9858.83,6150.36
2022-07-25 00:39:30,9953.78,6055.41
2022-07-25 00:39:29,10138.4,5870.75
2022-07-25 00:39:28,10220,5789.14
2022-07-25 00:39:27,10269,5740.2
2022-07-25 00:39:26,10336.2,5672.96
2022-07-25 00:39:25,10431.6,5577.6
2022-07-25 00:39:24,10483.7,5525.44
2022-07-25 00:39:23,9886.28,6122.91
2022-07-25 00:39:22,9264.6,6744.59
2022-07-25 00:39:21,9264.52,6744.66
2022-07-25 00:39:20,9268.96,6740.23
2022-07-25 00:39:19,9279,6730.19
2022-07-25 00:39:18,9278.84,6730.35
2022-07-25 00:39:17,9281.66,6727.53
2022-07-25 00:39:16,9282.87,6726.32
2022-07-25 00:39:15,9297.73,6711.46
2022-07-25 00:39:14,9317.83,6691.36
2022-07-25 00:39:13,9319.59,6689.6
2022-07-25 00:39:12,9336.01,6673.18
2022-07-25 00:39:11,9362.33,6646.86
2022-07-25 00:39:10,9362.75,6646.44
2022-07-25 00:39:09,9383.33,6625.86
2022-07-25 00:39:08,9421.09,6588.1
2022-07-25 00:39:07,9466.25,6542.94
2022-07-25 00:39:06,9456.33,6552.86
2022-07-25 00:39:05,9505.63,6503.56
2022-07-25 00:39:04,9585.58,6423.61
2022-07-25 00:39:03,9774.94,6234.25
2022-07-25 00:39:02,9963.78,6045.41
2022-07-25 00:39:01,10036.1,5973.14
2022-07-25 00:39:00,10125.1,5884.14
2022-07-25 00:38:59,10205.7,5803.46
2022-07-25 00:38:58,10366.6,5642.57
2022-07-25 00:38:57,10562,5447.2
2022-07-25 00:38:56,10641,5368.14
2022-07-25 00:38:55,9529.91,6479.27
2022-07-25 00:38:54,9579.32,6429.87
2022-07-25 00:38:53,9628.43,6380.75
2022-07-25 00:38:52,9643.8,6365.39
2022-07-25 00:38:51,9022.94,6986.25
2022-07-25 00:38:50,9012.4,6996.79
2022-07-25 00:38:49,9010.91,6998.28
2022-07-25 00:38:48,9015.35,6993.84
2022-07-25 00:38:47,9015.09,6994.09
2022-07-25 00:38:46,9015.7,6993.48
2022-07-25 00:38:45,9008.71,7000.48
2022-07-25 00:38:44,9144.61,6864.58
2022-07-25 00:38:43,9152.29,6856.9
2022-07-25 00:38:42,9586.35,6422.84
2022-07-25 00:38:41,9808.49,6200.7
2022-07-25 00:38:40,9954.49,6054.7
2022-07-25 00:38:39,10000.5,6008.66
2022-07-25 00:38:38,10045.5,5963.68
2022-07-25 00:38:37,10138,5871.19
2022-07-25 00:38:36,10230.8,5778.35
2022-07-25 00:38:35,10274.8,5734.35
2022-07-25 00:38:34,9268.23,6740.96
2022-07-25 00:38:33,9267.34,6741.85
2022-07-25 00:38:32,9269.39,6739.79
2022-07-25 00:38:31,9270.77,6738.42
2022-07-25 00:38:30,9271.78,6737.41
2022-07-25 00:38:29,9272.74,6736.45
2022-07-25 00:38:28,9274.8,6734.38
2022-07-25 00:38:27,9273.08,6736.11
2022-07-25 00:38:26,9275.39,6733.8
2022-07-25 00:38:25,9275.82,6733.36
2022-07-25 00:38:24,9304.53,6704.66
2022-07-25 00:38:23,9304.19,6705
2022-07-25 00:38:22,9306.2,6702.99
2022-07-25 00:38:21,9350.86,6658.33
2022-07-25 00:38:20,9357.84,6651.35
2022-07-25 00:38:19,9361.02,6648.17
2022-07-25 00:38:18,9369.28,6639.91
2022-07-25 00:38:17,9456.23,6552.95
2022-07-25 00:38:16,9480.01,6529.18
2022-07-25 00:38:15,9849.38,6159.81
2022-07-25 00:38:14,10070.1,5939.06
2022-07-25 00:38:13,10153.8,5855.39
2022-07-25 00:38:12,10238.9,5770.27
2022-07-25 00:38:11,10584.7,5424.45
2022-07-25 00:38:10,10690,5319.16
2022-07-25 00:38:09,10810.9,5198.26
2022-07-25 00:38:08,10511.9,5497.25
2022-07-25 00:38:07,10462.2,5546.94
2022-07-25 00:38:06,9989.78,6019.41
2022-07-25 00:38:05,10013.8,5995.36
2022-07-25 00:38:04,9491.61,6517.57
2022-07-25 00:38:03,9506.07,6503.11
2022-07-25 00:38:02,9517.63,6491.56
2022-07-25 00:38:01,9574.06,6435.13
2022-07-25 00:38:00,9576.94,6432.25
2022-07-25 00:37:59,9627.31,6381.87
2022-07-25 00:37:58,9674.66,6334.53
2022-07-25 00:37:57,9687.31,6321.88
2022-07-25 00:37:56,9885.97,6123.22
2022-07-25 00:37:55,9966.32,6042.87
2022-07-25 00:37:54,10134.2,5875.03
2022-07-25 00:37:53,10210.3,5798.94
2022-07-25 00:37:52,10243,5766.16
2022-07-25 00:37:51,10314.4,5694.79
2022-07-25 00:37:50,10406.2,5602.98
2022-07-25 00:37:49,9955.11,6054.08
2022-07-25 00:37:48,9982.32,6026.87
2022-07-25 00:37:47,9464.75,6544.43
2022-07-25 00:37:46,9466.98,6542.21
2022-07-25 00:37:45,9478.68,6530.51
2022-07-25 00:37:44,9480.36,6528.82
2022-07-25 00:37:43,9482.52,6526.67
2022-07-25 00:37:42,9497.73,6511.45
2022-07-25 00:37:41,9499.16,6510.02
2022-07-25 00:37:40,9504.8,6504.39
2022-07-25 00:37:39,9533.81,6475.38
2022-07-25 00:37:38,9536.03,6473.15
2022-07-25 00:37:37,9542.06,6467.13
2022-07-25 00:37:36,9572.18,6437
2022-07-25 00:37:35,9594.28,6414.91
2022-07-25 00:37:34,9601.61,6407.58
2022-07-25 00:37:33,9660.99,6348.2
2022-07-25 00:37:32,9684.11,6325.08
2022-07-25 00:37:31,9705.52,6303.67
2022-07-25 00:37:30,9773.72,6235.47
2022-07-25 00:37:29,9848.69,6160.5
2022-07-25 00:37:28,9981.92,6027.27
2022-07-25 00:37:27,10095.8,5913.34
2022-07-25 00:37:26,10316.7,5692.45
2022-07-25 00:37:25,10383.4,5625.83
2022-07-25 00:37:24,10445.3,5563.91
2022-07-25 00:37:23,10672.4,5336.74
2022-07-25 00:37:22,10792.4,5216.77
2022-07-25 00:37:21,10897,5112.22
2022-07-25 00:37:20,10453.9,5555.32
2022-07-25 00:37:19,9911.05,6098.14
2022-07-25 00:37:18,9954.91,6054.28
2022-07-25 00:37:17,9342.89,6666.3
2022-07-25 00:37:16,9366.02,6643.17
2022-07-25 00:37:15,9370.86,6638.33
2022-07-25 00:37:14,9418.6,6590.59
2022-07-25 00:37:13,9413.47,6595.72
2022-07-25 00:37:12,9414.38,6594.81
2022-07-25 00:37:11,9475.63,6533.56
2022-07-25 00:37:10,9500.81,6508.37
2022-07-25 00:37:09,9702.36,6306.82
2022-07-25 00:37:08,9752.38,6256.81
2022-07-25 00:37:07,9881.63,6127.56
2022-07-25 00:37:06,9999.62,6009.57
2022-07-25 00:37:05,10057.2,5951.97
2022-07-25 00:37:04,10146.6,5862.58
2022-07-25 00:37:03,10214.8,5794.4
2022-07-25 00:37:02,9770,6239.19
2022-07-25 00:37:01,9802.77,6206.42
2022-07-25 00:37:00,9188.33,6820.86
2022-07-25 00:36:59,9187.94,6821.25
2022-07-25 00:36:58,9194.46,6814.72
2022-07-25 00:36:57,9196.34,6812.85
2022-07-25 00:36:56,9196.87,6812.32
2022-07-25 00:36:55,9210.17,6799.02
2022-07-25 00:36:54,9213.53,6795.66
2022-07-25 00:36:53,9214.75,6794.43
2022-07-25 00:36:52,9228.76,6780.43
2022-07-25 00:36:51,9231.42,6777.77
2022-07-25 00:36:50,9233.06,6776.13
2022-07-25 00:36:49,9247.81,6761.38
2022-07-25 00:36:48,9246.34,6762.84
2022-07-25 00:36:47,9245.96,6763.23
2022-07-25 00:36:46,9263.51,6745.68
2022-07-25 00:36:45,9264.77,6744.42
2022-07-25 00:36:44,9271.04,6738.15
2022-07-25 00:36:43,9292.88,6716.31
2022-07-25 00:36:42,9332.75,6676.44
2022-07-25 00:36:41,9371.15,6638.04
2022-07-25 00:36:40,9693.22,6315.96
2022-07-25 00:36:39,9911.61,6097.58
2022-07-25 00:36:38,10034.3,5974.89
2022-07-25 00:36:37,10398.7,5610.5
2022-07-25 00:36:36,10516.4,5492.75
2022-07-25 00:36:35,10590.9,5418.25
2022-07-25 00:36:34,10721.7,5287.5
2022-07-25 00:36:33,10826.9,5182.28
2022-07-25 00:36:32,10937.6,5071.58
2022-07-25 00:36:31,9864.73,6144.46
2022-07-25 00:36:30,9233.11,6776.08
2022-07-25 00:36:29,9233.6,6775.59
2022-07-25 00:36:28,9242.18,6767.01
2022-07-25 00:36:27,9243.45,6765.73
2022-07-25 00:36:26,9256.69,6752.5
2022-07-25 00:36:25,9256.48,6752.71
2022-07-25 00:36:24,9246.52,6762.67
2022-07-25 00:36:23,9285.59,6723.59
2022-07-25 00:36:22,9301.96,6707.22
2022-07-25 00:36:21,9432.46,6576.73
2022-07-25 00:36:20,9695.71,6313.48
2022-07-25 00:36:19,9929.1,6080.09
2022-07-25 00:36:18,9986.66,6022.53
2022-07-25 00:36:17,10047.7,5961.44
2022-07-25 00:36:16,10092.9,5916.27
2022-07-25 00:36:15,10187.6,5821.55
2022-07-25 00:36:14,10283.1,5726.11
2022-07-25 00:36:13,10291.4,5717.75
2022-07-25 00:36:12,9170.61,6838.58
2022-07-25 00:36:11,9176.87,6832.32
2022-07-25 00:36:10,9178.08,6831.11
2022-07-25 00:36:09,9179.05,6830.14
2022-07-25 00:36:08,9194.03,6815.16
2022-07-25 00:36:07,9193.63,6815.55
2022-07-25 00:36:06,9194.12,6815.06
2022-07-25 00:36:05,9193.37,6815.82
2022-07-25 00:36:04,9209.8,6799.39
2022-07-25 00:36:03,9211.76,6797.43
2022-07-25 00:36:02,9211.58,6797.61
2022-07-25 00:36:01,9226.45,6782.74
2022-07-25 00:36:00,9213.62,6795.57
2022-07-25 00:35:59,9233.52,6775.67
2022-07-25 00:35:58,9236.23,6772.95
2022-07-25 00:35:57,9237.98,6771.2
2022-07-25 00:35:56,9264.87,6744.32
2022-07-25 00:35:55,9251.32,6757.86
2022-07-25 00:35:54,9334.52,6674.66
2022-07-25 00:35:53,9401.96,6607.23
2022-07-25 00:35:52,9685.26,6323.93
2022-07-25 00:35:51,9947.04,6062.15
2022-07-25 00:35:50,10263.5,5745.72
2022-07-25 00:35:49,10422.9,5586.32
2022-07-25 00:35:48,10553.3,5455.9
2022-07-25 00:35:47,10629.8,5379.34
2022-07-25 00:35:46,10737,5272.18
2022-07-25 00:35:45,10884.3,5124.91
2022-07-25 00:35:44,9806.86,6202.33
2022-07-25 00:35:43,9211.03,6798.16
2022-07-25 00:35:42,9229.61,6779.58
2022-07-25 00:35:41,9231.62,6777.57
2022-07-25 00:35:40,9251.93,6757.26
2022-07-25 00:35:39,9253.44,6755.75
2022-07-25 00:35:38,9256.11,6753.08
2022-07-25 00:35:37,9284.82,6724.36
2022-07-25 00:35:36,9277.84,6731.34
2022-07-25 00:35:35,9304.94,6704.25
2022-07-25 00:35:34,9374.39,6634.79
2022-07-25 00:35:33,9417.83,6591.36
2022-07-25 00:35:32,9794.02,6215.17
2022-07-25 00:35:31,9917.97,6091.22
2022-07-25 00:35:30,10000.8,6008.35
2022-07-25 00:35:29,10055.7,5953.47
2022-07-25 00:35:28,10129.1,5880.09
2022-07-25 00:35:27,10219.7,5789.47
2022-07-25 00:35:26,10282.2,5726.96
2022-07-25 00:35:25,9211.97,6797.22
2022-07-25 00:35:24,9177.91,6831.28
2022-07-25 00:35:23,9177.53,6831.66
2022-07-25 00:35:22,9180.13,6829.06
2022-07-25 00:35:21,9179.88,6829.31
2022-07-25 00:35:20,9180.89,6828.3
2022-07-25 00:35:19,9183.53,6825.66
2022-07-25 00:35:18,9183.62,6825.56
2022-07-25 00:35:17,9200.86,6808.33
2022-07-25 00:35:16,9201.7,6807.48
2022-07-25 00:35:15,9201.39,6807.8
2022-07-25 00:35:14,9224.83,6784.36
2022-07-25 00:35:13,9222.54,6786.64
2022-07-25 00:35:12,9226.84,6782.35
2022-07-25 00:35:11,9249.6,6759.59
2022-07-25 00:35:10,9252.69,6756.5
2022-07-25 00:35:09,9254.66,6754.53
2022-07-25 00:35:08,9285.14,6724.05
2022-07-25 00:35:07,9322.41,6686.78
2022-07-25 00:35:06,9363.1,6646.09
2022-07-25 00:35:05,9624.99,6384.19
2022-07-25 00:35:04,9808.59,6200.6
2022-07-25 00:35:03,10044.4,5964.78
2022-07-25 00:35:02,10357.4,5651.74
2022-07-25 00:35:01,10458,5551.16
2022-07-25 00:35:00,10548.5,5460.66
2022-07-25 00:34:59,10663.8,5345.39
2022-07-25 00:34:58,10755.7,5253.46
2022-07-25 00:34:57,10257.9,5751.27
2022-07-25 00:34:56,9667.23,6341.96
2022-07-25 00:34:55,9046.02,6963.17
2022-07-25 00:34:54,9050.84,6958.35
2022-07-25 00:34:53,9050.96,6958.23
2022-07-25 00:34:52,9051.41,6957.78
2022-07-25 00:34:51,9052.89,6956.3
2022-07-25 00:34:50,9077.77,6931.42
2022-07-25 00:34:49,9080.57,6928.62
2022-07-25 00:34:48,9127.68,6881.5
2022-07-25 00:34:47,9169.46,6839.73
2022-07-25 00:34:46,9403.52,6605.67
2022-07-25 00:34:45,9518.43,6490.76
2022-07-25 00:34:44,9617.05,6392.14
2022-07-25 00:34:43,9678.66,6330.52
2022-07-25 00:34:42,9835.97,6173.22
2022-07-25 00:34:41,9941.43,6067.76
2022-07-25 00:34:40,10011.1,5998.06
2022-07-25 00:34:39,9966.65,6042.54
2022-07-25 00:34:38,9585.62,6423.57
2022-07-25 00:34:37,9635.07,6374.11
2022-07-25 00:34:36,9653.6,6355.59
2022-07-25 00:34:35,9046.91,6962.28
2022-07-25 00:34:34,9047.66,6961.53
2022-07-25 00:34:33,9051.05,6958.14
2022-07-25 00:34:32,9050.99,6958.2
2022-07-25 00:34:31,9051.54,6957.65
2022-07-25 00:34:30,9050.83,6958.36
2022-07-25 00:34:29,9051.42,6957.77
2022-07-25 00:34:28,9051.91,6957.28
2022-07-25 00:34:27,9052.32,6956.87
2022-07-25 00:34:26,9054.25,6954.94
2022-07-25 00:34:25,9053.48,6955.71
2022-07-25 00:34:24,9052.88,6956.3
2022-07-25 00:34:23,9052.87,6956.32
2022-07-25 00:34:22,9045.98,6963.21
2022-07-25 00:34:21,9047.97,6961.22
2022-07-25 00:34:20,9048.66,6960.52
2022-07-25 00:34:19,9048.39,6960.8
2022-07-25 00:34:18,9049.73,6959.45
2022-07-25 00:34:17,9174.96,6834.23
2022-07-25 00:34:16,9181.29,6827.9
2022-07-25 00:34:15,9416.04,6593.14
2022-07-25 00:34:14,9892.92,6116.27
2022-07-25 00:34:13,10250.1,5759.09
2022-07-25 00:34:12,10458.9,5550.29
2022-07-25 00:34:11,10537.8,5471.39
2022-07-25 00:34:10,10603.2,5406.02
2022-07-25 00:34:09,10715.7,5293.46
2022-07-25 00:34:08,10827.5,5181.71
2022-07-25 00:34:07,10928.6,5080.62
2022-07-25 00:34:06,9296.34,6712.85
2022-07-25 00:34:05,9298.32,6710.87
2022-07-25 00:34:04,9299.57,6709.62
2022-07-25 00:34:03,9356.46,6652.73
2022-07-25 00:34:02,9362.53,6646.66
2022-07-25 00:34:01,9366.08,6643.11
2022-07-25 00:34:00,9415.29,6593.9
2022-07-25 00:33:59,9425.62,6583.57
2022-07-25 00:33:58,9446.86,6562.32
2022-07-25 00:33:57,9680.62,6328.57
2022-07-25 00:33:56,9697.06,6312.13
2022-07-25 00:33:55,9745.9,6263.28
2022-07-25 00:33:54,10080,5929.16
2022-07-25 00:33:53,10198.1,5811.06
2022-07-25 00:33:52,10274.2,5735.02
2022-07-25 00:33:51,9793.94,6215.25
2022-07-25 00:33:50,9841.12,6168.06
2022-07-25 00:33:49,9890.06,6119.12
2022-07-25 00:33:48,9909.24,6099.95
2022-07-25 00:33:47,9385.77,6623.41
2022-07-25 00:33:46,9385.86,6623.33
2022-07-25 00:33:45,9387.01,6622.18
2022-07-25 00:33:44,9389.82,6619.36
2022-07-25 00:33:43,9402.81,6606.37
2022-07-25 00:33:42,9403.71,6605.48
2022-07-25 00:33:41,9404.99,6604.2
2022-07-25 00:33:40,9423.82,6585.37
2022-07-25 00:33:39,9423.92,6585.27
2022-07-25 00:33:38,9426.38,6582.81
2022-07-25 00:33:37,9447.41,6561.77
2022-07-25 00:33:36,9448.12,6561.07
2022-07-25 00:33:35,9450.16,6559.03
2022-07-25 00:33:34,9488.35,6520.84
2022-07-25 00:33:33,9491.22,6517.97
2022-07-25 00:33:32,9491.75,6517.43
2022-07-25 00:33:31,9561.88,6447.3
2022-07-25 00:33:30,9562.89,6446.3
2022-07-25 00:33:29,9582.04,6427.15
2022-07-25 00:33:28,9701.61,6307.57
2022-07-25 00:33:27,9717.25,6291.94
2022-07-25 00:33:26,10048.8,5960.38
2022-07-25 00:33:25,10393.3,5615.92
2022-07-25 00:33:24,10558.9,5450.34
2022-07-25 00:33:23,10627.4,5381.78
2022-07-25 00:33:22,10697.1,5312.12
2022-07-25 00:33:21,10809.5,5199.64
2022-07-25 00:33:20,10931.7,5077.51
2022-07-25 00:33:19,11074.8,4934.36
2022-07-25 00:33:18,9331.54,6677.64
2022-07-25 00:33:17,9325.14,6684.05
2022-07-25 00:33:16,9343.06,6666.13
2022-07-25 00:33:15,9389.68,6619.51
2022-07-25 00:33:14,9402.62,6606.57
2022-07-25 00:33:13,9403.8,6605.38
2022-07-25 00:33:12,9465.56,6543.63
2022-07-25 00:33:11,9491.1,6518.09
2022-07-25 00:33:10,9653.17,6356.02
2022-07-25 00:33:09,9747.48,6261.71
2022-07-25 00:33:08,9784.86,6224.32
2022-07-25 00:33:07,9963.02,6046.17
2022-07-25 00:33:06,10025.7,5983.5
2022-07-25 00:33:05,10087,5922.22
2022-07-25 00:33:04,10165.8,5843.35
2022-07-25 00:33:03,9741.1,6268.09
2022-07-25 00:33:02,9796.32,6212.87
2022-07-25 00:33:01,9806.78,6202.41
2022-07-25 00:33:00,9289.06,6720.12
2022-07-25 00:32:59,9292.54,6716.64
2022-07-25 00:32:58,9294.66,6714.52
2022-07-25 00:32:57,9294.64,6714.55
2022-07-25 00:32:56,9296.26,6712.93
2022-07-25 00:32:55,9295.36,6713.83
2022-07-25 00:32:54,9296.4,6712.79
2022-07-25 00:32:53,9297.71,6711.47
2022-07-25 00:32:52,9298.08,6711.11
2022-07-25 00:32:51,9298.25,6710.93
2022-07-25 00:32:50,9298.86,6710.32
2022-07-25 00:32:49,9315.91,6693.28
2022-07-25 00:32:48,9317.54,6691.64
2022-07-25 00:32:47,9321.13,6688.06
2022-07-25 00:32:46,9342.75,6666.43
2022-07-25 00:32:45,9344.39,6664.8
2022-07-25 00:32:44,9368.61,6640.57
2022-07-25 00:32:43,9399.57,6609.62
2022-07-25 00:32:42,9405.27,6603.92
2022-07-25 00:32:41,9443.71,6565.48
2022-07-25 00:32:40,9570.48,6438.71
2022-07-25 00:32:39,9601.41,6407.77
2022-07-25 00:32:38,10125.2,5883.94
2022-07-25 00:32:37,10455.6,5553.62
2022-07-25 00:32:36,10632.6,5376.58
2022-07-25 00:32:35,10724.1,5285.04
2022-07-25 00:32:34,10803.7,5205.46
2022-07-25 00:32:33,10938.3,5070.89
2022-07-25 00:32:32,11060,4949.22
2022-07-25 00:32:31,11191.2,4818.01
2022-07-25 00:32:30,9439.9,6569.29
2022-07-25 00:32:29,9463.3,6545.89
2022-07-25 00:32:28,9465.15,6544.04
2022-07-25 00:32:27,9488.44,6520.75
2022-07-25 00:32:26,9488.69,6520.5
2022-07-25 00:32:25,9509.33,6499.86
2022-07-25 00:32:24,9521.76,6487.43
2022-07-25 00:32:23,9672.11,6337.08
2022-07-25 00:32:22,9714.88,6294.3
2022-07-25 00:32:21,9771.09,6238.09
2022-07-25 00:32:20,9804.67,6204.52
2022-07-25 00:32:19,9969.31,6039.88
2022-07-25 00:32:18,10093.7,5915.48
2022-07-25 00:32:17,10152.7,5856.45
2022-07-25 00:32:16,10189.4,5819.8
2022-07-25 00:32:15,9727.12,6282.07
2022-07-25 00:32:14,9779.28,6229.9
2022-07-25 00:32:13,9789.04,6220.14
2022-07-25 00:32:12,9273.11,6736.08
2022-07-25 00:32:11,9270.21,6738.97
2022-07-25 00:32:10,9274.5,6734.68
2022-07-25 00:32:09,9274.81,6734.38
2022-07-25 00:32:08,9275.99,6733.2
2022-07-25 00:32:07,9277.45,6731.73
2022-07-25 00:32:06,9279.43,6729.76
2022-07-25 00:32:05,9284.03,6725.15
2022-07-25 00:32:04,9283.94,6725.25
2022-07-25 00:32:03,9285.5,6723.68
2022-07-25 00:32:02,9287.01,6722.18
2022-07-25 00:32:01,9307.84,6701.35
2022-07-25 00:32:00,9308.55,6700.64
2022-07-25 00:31:59,9312.2,6696.99
2022-07-25 00:31:58,9336.54,6672.65
2022-07-25 00:31:57,9338.28,6670.91
2022-07-25 00:31:56,9374.77,6634.42
2022-07-25 00:31:55,9373.31,6635.87
2022-07-25 00:31:54,9398.48,6610.71
2022-07-25 00:31:53,9456.21,6552.97
2022-07-25 00:31:52,9599.03,6410.15
2022-07-25 00:31:51,9955.24,6053.95
2022-07-25 00:31:50,10116.4,5892.78
2022-07-25 00:31:49,10519.1,5490.09
2022-07-25 00:31:48,10645,5364.23
2022-07-25 00:31:47,10768.3,5240.9
2022-07-25 00:31:46,10871.6,5137.55
2022-07-25 00:31:45,10976.6,5032.55
2022-07-25 00:31:44,10114,5895.16
2022-07-25 00:31:43,9487.47,6521.72
2022-07-25 00:31:42,9490.6,6518.59
2022-07-25 00:31:41,9525.54,6483.65
2022-07-25 00:31:40,9534.07,6475.11
2022-07-25 00:31:39,9534.05,6475.14
2022-07-25 00:31:38,9537.49,6471.69
2022-07-25 00:31:37,9562.07,6447.12
2022-07-25 00:31:36,9593.13,6416.06
2022-07-25 00:31:35,9737.55,6271.64
2022-07-25 00:31:34,9827.51,6181.68
2022-07-25 00:31:33,9842.7,6166.49
2022-07-25 00:31:32,9893.25,6115.94
2022-07-25 00:31:31,9949.73,6059.46
2022-07-25 00:31:30,10029.9,5979.31
2022-07-25 00:31:29,10246.8,5762.39
2022-07-25 00:31:28,9654.54,6354.64
2022-07-25 00:31:27,9684.27,6324.91
2022-07-25 00:31:26,9708.85,6300.33
2022-07-25 00:31:25,9753.06,6256.13
2022-07-25 00:31:24,9802.32,6206.87
2022-07-25 00:31:23,9809.52,6199.67
2022-07-25 00:31:22,9315.34,6693.85
2022-07-25 00:31:21,9315.05,6694.13
2022-07-25 00:31:20,9317.5,6691.69
2022-07-25 00:31:19,9319.8,6689.39
2022-07-25 00:31:18,9333.7,6675.48
2022-07-25 00:31:17,9334.7,6674.48
2022-07-25 00:31:16,9348.17,6661.02
2022-07-25 00:31:15,9363.03,6646.16
2022-07-25 00:31:14,9363.15,6646.04
2022-07-25 00:31:13,9382.26,6626.93
2022-07-25 00:31:12,9396.89,6612.3
2022-07-25 00:31:11,9399.32,6609.86
2022-07-25 00:31:10,9432.11,6577.07
2022-07-25 00:31:09,9442.49,6566.7
2022-07-25 00:31:08,9477.56,6531.62
2022-07-25 00:31:07,9574.38,6434.81
2022-07-25 00:31:06,9592.11,6417.07
2022-07-25 00:31:05,9926.5,6082.68
2022-07-25 00:31:04,10208.2,5801.03
2022-07-25 00:31:03,10265.9,5743.32
2022-07-25 00:31:02,10446.5,5562.73
2022-07-25 00:31:01,10559.9,5449.31
2022-07-25 00:31:00,10663,5346.16
2022-07-25 00:30:59,10777.4,5231.8
2022-07-25 00:30:58,10868.1,5141.11
2022-07-25 00:30:57,9877.03,6132.16
2022-07-25 00:30:56,9903.42,6105.77
2022-07-25 00:30:55,9279.15,6730.04
2022-07-25 00:30:54,9280,6729.19
2022-07-25 00:30:53,9286.27,6722.92
2022-07-25 00:30:52,9288.86,6720.32
2022-07-25 00:30:51,9364.05,6645.14
2022-07-25 00:30:50,9368.49,6640.7
2022-07-25 00:30:49,9568.7,6440.49
2022-07-25 00:30:48,9713.14,6296.05
2022-07-25 00:30:47,9812.94,6196.25
2022-07-25 00:30:46,9847.77,6161.42
2022-07-25 00:30:45,9876.83,6132.36
2022-07-25 00:30:44,9980.64,6028.55
2022-07-25 00:30:43,10046,5963.22
2022-07-25 00:30:42,9707.2,6301.99
2022-07-25 00:30:41,9745.01,6264.18
2022-07-25 00:30:40,9766.72,6242.46
2022-07-25 00:30:39,9793.28,6215.91
2022-07-25 00:30:38,9847.01,6162.18
2022-07-25 00:30:37,9901.69,6107.5
2022-07-25 00:30:36,9922.21,6086.97
2022-07-25 00:30:35,9416.7,6592.48
2022-07-25 00:30:34,9433.98,6575.21
2022-07-25 00:30:33,9443.75,6565.44
2022-07-25 00:30:32,9446.04,6563.15
2022-07-25 00:30:31,9460.2,6548.98
2022-07-25 00:30:30,9475.97,6533.22
2022-07-25 00:30:29,9477.27,6531.92
2022-07-25 00:30:28,9478.69,6530.5
2022-07-25 00:30:27,9513.41,6495.78
2022-07-25 00:30:26,9514.37,6494.82
2022-07-25 00:30:25,9538.32,6470.87
2022-07-25 00:30:24,9554.51,6454.68
2022-07-25 00:30:23,9569.09,6440.1
2022-07-25 00:30:22,9588.46,6420.72
2022-07-25 00:30:21,9625.51,6383.68
2022-07-25 00:30:20,9649.12,6360.07
2022-07-25 00:30:19,9839.63,6169.56
2022-07-25 00:30:18,9913.62,6095.56
2022-07-25 00:30:17,9982.96,6026.22
2022-07-25 00:30:16,10179.8,5829.4
2022-07-25 00:30:15,10483.2,5525.96
2022-07-25 00:30:14,10650.6,5358.59
2022-07-25 00:30:13,10785.7,5223.46
2022-07-25 00:30:12,10879.7,5129.45
2022-07-25 00:30:11,10457.5,5551.66
2022-07-25 00:30:10,10531.7,5477.51
2022-07-25 00:30:09,9985.95,6023.23
2022-07-25 00:30:08,9472.2,6536.98
2022-07-25 00:30:07,9471.43,6537.76
2022-07-25 00:30:06,9504.72,6504.47
2022-07-25 00:30:05,9516.94,6492.25
2022-07-25 00:30:04,9549.7,6459.48
2022-07-25 00:30:03,9596.29,6412.9
2022-07-25 00:30:02,9742.07,6267.12
2022-07-25 00:30:01,9820.45,6188.74
2022-07-25 00:30:00,9856.38,6152.8
2022-07-25 00:29:59,9883.47,6125.71
2022-07-25 00:29:58,9919.29,6089.89
2022-07-25 00:29:57,10013.4,5995.82
2022-07-25 00:29:56,10067.9,5941.27
2022-07-25 00:29:55,10208.8,5800.37
2022-07-25 00:29:54,9657.02,6352.16
2022-07-25 00:29:53,9681.68,6327.51
2022-07-25 00:29:52,9705.22,6303.97
2022-07-25 00:29:51,9759.29,6249.89
2022-07-25 00:29:50,9808.73,6200.46
2022-07-25 00:29:49,9290.89,6718.3
2022-07-25 00:29:48,9292.45,6716.74
2022-07-25 00:29:47,9294.87,6714.32
2022-07-25 00:29:46,9295.45,6713.74
2022-07-25 00:29:45,9296.02,6713.17
2022-07-25 00:29:44,9301.05,6708.14
2022-07-25 00:29:43,9300.51,6708.68
2022-07-25 00:29:42,9322.02,6687.16
2022-07-25 00:29:41,9322.37,6686.82
2022-07-25 00:29:40,9326.2,6682.98
2022-07-25 00:29:39,9352.98,6656.21
2022-07-25 00:29:38,9355.03,6654.15
2022-07-25 00:29:37,9393.72,6615.47
2022-07-25 00:29:36,9402.68,6606.51
2022-07-25 00:29:35,9404.34,6604.85
2022-07-25 00:29:34,9474.21,6534.98
2022-07-25 00:29:33,9484.87,6524.32
2022-07-25 00:29:32,9632.45,6376.73
2022-07-25 00:29:31,9720.03,6289.16
2022-07-25 00:29:30,9790.98,6218.21
2022-07-25 00:29:29,9838.86,6170.33
2022-07-25 00:29:28,10162.4,5846.78
2022-07-25 00:29:27,10308.2,5701.03
2022-07-25 00:29:26,10576.1,5433.08
2022-07-25 00:29:25,10056.8,5952.38
2022-07-25 00:29:24,10109.5,5899.7
2022-07-25 00:29:23,10168.8,5840.35
2022-07-25 00:29:22,10258.4,5750.8
2022-07-25 00:29:21,10334.4,5674.75
2022-07-25 00:29:20,9088.34,6920.84
2022-07-25 00:29:19,9088.18,6921
2022-07-25 00:29:18,9103.78,6905.41
2022-07-25 00:29:17,9106.62,6902.57
2022-07-25 00:29:16,9106.61,6902.57
2022-07-25 00:29:15,9165.36,6843.83
2022-07-25 00:29:14,9165.22,6843.97
2022-07-25 00:29:13,9432.37,6576.82
2022-07-25 00:29:12,9533.03,6476.16
2022-07-25 00:29:11,9604.36,6404.83
2022-07-25 00:29:10,9644.19,6364.99
2022-07-25 00:29:09,9692.08,6317.11
2022-07-25 00:29:08,9741.99,6267.2
2022-07-25 00:29:07,9803.24,6205.94
2022-07-25 00:29:06,9302.11,6707.08
2022-07-25 00:29:05,9462.49,6546.69
2022-07-25 00:29:04,9513.29,6495.9
2022-07-25 00:29:03,9532.29,6476.9
2022-07-25 00:29:02,9558.75,6450.44
2022-07-25 00:29:01,9604.99,6404.2
2022-07-25 00:29:00,9657.46,6351.73
2022-07-25 00:28:59,9673.27,6335.92
2022-07-25 00:28:58,9148.39,6860.8
2022-07-25 00:28:57,9149.1,6860.09
2022-07-25 00:28:56,9151.74,6857.45
2022-07-25 00:28:55,9149.89,6859.3
2022-07-25 00:28:54,9150.33,6858.86
2022-07-25 00:28:53,9153.04,6856.14
2022-07-25 00:28:52,9152.64,6856.55
2022-07-25 00:28:51,9154.58,6854.61
2022-07-25 00:28:50,9153.17,6856.02
2022-07-25 00:28:49,9157.98,6851.2
2022-07-25 00:28:48,9157.78,6851.4
2022-07-25 00:28:47,9159.2,6849.98
2022-07-25 00:28:46,9209.12,6800.07
2022-07-25 00:28:45,9213.19,6796
2022-07-25 00:28:44,9218.87,6790.32
2022-07-25 00:28:43,9527.73,6481.46
2022-07-25 00:28:42,9626.52,6382.67
2022-07-25 00:28:41,9690.34,6318.85
2022-07-25 00:28:40,9736.86,6272.33
2022-07-25 00:28:39,10237.8,5771.42
2022-07-25 00:28:38,10492,5517.23
2022-07-25 00:28:37,10694.6,5314.59
2022-07-25 00:28:36,10764.5,5244.7
2022-07-25 00:28:35,10198.7,5810.48
2022-07-25 00:28:34,10275.3,5733.93
2022-07-25 00:28:33,10369.8,5639.34
2022-07-25 00:28:32,10297.3,5711.84
2022-07-25 00:28:31,9294.32,6714.87
2022-07-25 00:28:30,9323.26,6685.93
2022-07-25 00:28:29,9323.97,6685.22
2022-07-25 00:28:28,9330.75,6678.44
2022-07-25 00:28:27,9337.89,6671.3
2022-07-25 00:28:26,9384.13,6625.06
2022-07-25 00:28:25,9401.15,6608.04
2022-07-25 00:28:24,9398.07,6611.11
2022-07-25 00:28:23,9449.05,6560.13
2022-07-25 00:28:22,9484.88,6524.31
2022-07-25 00:28:21,9614.87,6394.32
2022-07-25 00:28:20,9712.04,6297.14
2022-07-25 00:28:19,9744.22,6264.97
2022-07-25 00:28:18,9779.92,6229.27
2022-07-25 00:28:17,9842.59,6166.59
2022-07-25 00:28:16,9909.16,6100.03
2022-07-25 00:28:15,10106.4,5902.74
2022-07-25 00:28:14,9625.74,6383.45
2022-07-25 00:28:13,9647.12,6362.07
2022-07-25 00:28:12,9673.15,6336.04
2022-07-25 00:28:11,9722.8,6286.38
2022-07-25 00:28:10,9775.78,6233.41
2022-07-25 00:28:09,9781.34,6227.84
2022-07-25 00:28:08,9269.95,6739.23
2022-07-25 00:28:07,9272.19,6737
2022-07-25 00:28:06,9272.58,6736.61
2022-07-25 00:28:05,9274.37,6734.81
2022-07-25 00:28:04,9275.31,6733.88
2022-07-25 00:28:03,9276,6733.19
2022-07-25 00:28:02,9276.32,6732.87
2022-07-25 00:28:01,9286.4,6722.79
2022-07-25 00:28:00,9288.81,6720.37
2022-07-25 00:27:59,9289.59,6719.59
2022-07-25 00:27:58,9292.76,6716.43
2022-07-25 00:27:57,9313.37,6695.82
2022-07-25 00:27:56,9365.75,6643.44
2022-07-25 00:27:55,9375.25,6633.94
2022-07-25 00:27:54,9478.3,6530.89
2022-07-25 00:27:53,9773.14,6236.04
2022-07-25 00:27:52,9844.17,6165.02
2022-07-25 00:27:51,9926.84,6082.35
2022-07-25 00:27:50,10243.2,5765.98
2022-07-25 00:27:49,10376.6,5632.6
2022-07-25 00:27:48,10640.6,5368.55
2022-07-25 00:27:47,10756.8,5252.36
2022-07-25 00:27:46,10820.2,5188.98
2022-07-25 00:27:45,10392.8,5616.42
2022-07-25 00:27:44,10485.6,5523.6
2022-07-25 00:27:43,10029.3,5979.85
2022-07-25 00:27:42,10073.6,5935.55
2022-07-25 00:27:41,9450.43,6558.75
2022-07-25 00:27:40,9451.86,6557.33
2022-07-25 00:27:39,9480.6,6528.59
2022-07-25 00:27:38,9481.44,6527.75
2022-07-25 00:27:37,9481.5,6527.69
2022-07-25 00:27:36,9504.59,6504.59
2022-07-25 00:27:35,9517.1,6492.09
2022-07-25 00:27:34,9519.25,6489.93
2022-07-25 00:27:33,9560.11,6449.08
2022-07-25 00:27:32,9561.62,6447.57
2022-07-25 00:27:31,9597.52,6411.66
2022-07-25 00:27:30,9639.04,6370.15
2022-07-25 00:27:29,9775.01,6234.18
2022-07-25 00:27:28,9825.79,6183.39
2022-07-25 00:27:27,9899.06,6110.13
2022-07-25 00:27:26,9947.68,6061.51
2022-07-25 00:27:25,10133.2,5876.02
2022-07-25 00:27:24,10219.7,5789.52
2022-07-25 00:27:23,10284.4,5724.78
2022-07-25 00:27:22,10311.7,5697.46
2022-07-25 00:27:21,9856.42,6152.77
2022-07-25 00:27:20,9910.45,6098.73
2022-07-25 00:27:19,9562.56,6446.62
2022-07-25 00:27:18,9299.89,6709.3
2022-07-25 00:27:17,9313.65,6695.54
2022-07-25 00:27:16,9335.21,6673.98
2022-07-25 00:27:15,9335.88,6673.31
2022-07-25 00:27:14,9354.55,6654.64
2022-07-25 00:27:13,9354.88,6654.31
2022-07-25 00:27:12,9386.05,6623.14
2022-07-25 00:27:11,9406.64,6602.54
2022-07-25 00:27:10,9408.48,6600.71
2022-07-25 00:27:09,9438.69,6570.5
2022-07-25 00:27:08,9457.45,6551.74
2022-07-25 00:27:07,9467.77,6541.41
2022-07-25 00:27:06,9509.7,6499.49
2022-07-25 00:27:05,9519.7,6489.49
2022-07-25 00:27:04,9534.48,6474.71
2022-07-25 00:27:03,9638.49,6370.7
2022-07-25 00:27:02,9808.41,6200.77
2022-07-25 00:27:01,9965.77,6043.42
2022-07-25 00:27:00,10306.3,5702.92
2022-07-25 00:26:59,10444.9,5564.32
2022-07-25 00:26:58,10543.2,5465.94
2022-07-25 00:26:57,10646.3,5362.85
2022-07-25 00:26:56,10754.2,5254.98
2022-07-25 00:26:55,10253.4,5755.79
2022-07-25 00:26:54,9804.67,6204.52
2022-07-25 00:26:53,9827.45,6181.73
2022-07-25 00:26:52,9324.75,6684.43
2022-07-25 00:26:51,9335.89,6673.3
2022-07-25 00:26:50,9337.48,6671.7
2022-07-25 00:26:49,9342.28,6666.9
2022-07-25 00:26:48,9351.97,6657.22
2022-07-25 00:26:47,9346.53,6662.66
2022-07-25 00:26:46,9364.76,6644.43
2022-07-25 00:26:45,9364.22,6644.97
2022-07-25 00:26:44,9363.83,6645.36
2022-07-25 00:26:43,9381.9,6627.28
2022-07-25 00:26:42,9383.65,6625.53
2022-07-25 00:26:41,9396.75,6612.44
2022-07-25 00:26:40,9393.23,6615.95
2022-07-25 00:26:39,9478.22,6530.97
2022-07-25 00:26:38,9523.43,6485.76
2022-07-25 00:26:37,9857.06,6152.13
2022-07-25 00:26:36,10031.8,5977.42
2022-07-25 00:26:35,10138.6,5870.62
2022-07-25 00:26:34,10180.5,5828.68
2022-07-25 00:26:33,10259,5750.14
2022-07-25 00:26:32,10345.9,5663.3
2022-07-25 00:26:31,10406.3,5602.92
2022-07-25 00:26:30,9799.35,6209.84
2022-07-25 00:26:29,9178.9,6830.29
2022-07-25 00:26:28,9179.3,6829.89
2022-07-25 00:26:27,9179.04,6830.14
2022-07-25 00:26:26,9199.22,6809.97
2022-07-25 00:26:25,9209.48,6799.71
2022-07-25 00:26:24,9210.65,6798.53
2022-07-25 00:26:23,9233.68,6775.51
2022-07-25 00:26:22,9253.98,6755.21
2022-07-25 00:26:21,9255.74,6753.45
2022-07-25 00:26:20,9274.7,6734.48
2022-07-25 00:26:19,9296.76,6712.43
2022-07-25 00:26:18,9315.8,6693.38
2022-07-25 00:26:17,9318.65,6690.53
2022-07-25 00:26:16,9325.16,6684.03
2022-07-25 00:26:15,9428.26,6580.93
2022-07-25 00:26:14,9548.72,6460.47
2022-07-25 00:26:13,9911.46,6097.72
2022-07-25 00:26:12,10036,5973.19
2022-07-25 00:26:11,10147.9,5861.27
2022-07-25 00:26:10,10333.8,5675.42
2022-07-25 00:26:09,10429.7,5579.54
2022-07-25 00:26:08,10505.2,5503.97
2022-07-25 00:26:07,10612.5,5396.66
2022-07-25 00:26:06,10199.9,5809.28
2022-07-25 00:26:05,10252.4,5756.76
2022-07-25 00:26:04,9121.44,6887.75
2022-07-25 00:26:03,9123.8,6885.39
2022-07-25 00:26:02,9122.18,6887.01
2022-07-25 00:26:01,9121.9,6887.29
2022-07-25 00:26:00,9125.21,6883.98
2022-07-25 00:25:59,9126.56,6882.63
2022-07-25 00:25:58,9126.04,6883.14
2022-07-25 00:25:57,9125.56,6883.63
2022-07-25 00:25:56,9128.49,6880.7
2022-07-25 00:25:55,9130.99,6878.2
2022-07-25 00:25:54,9130.31,6878.88
2022-07-25 00:25:53,9132.2,6876.98
2022-07-25 00:25:52,9128.07,6881.12
2022-07-25 00:25:51,9173.21,6835.98
2022-07-25 00:25:50,9207.23,6801.96
2022-07-25 00:25:49,9505.37,6503.82
2022-07-25 00:25:48,9606.75,6402.43
2022-07-25 00:25:47,9836.81,6172.37
2022-07-25 00:25:46,10022,5987.15
2022-07-25 00:25:45,10135.8,5873.36
2022-07-25 00:25:44,10198.8,5810.38
2022-07-25 00:25:43,10260.2,5748.95
2022-07-25 00:25:42,10345.8,5663.39
2022-07-25 00:25:41,9878.8,6130.39
2022-07-25 00:25:40,9248.47,6760.71
2022-07-25 00:25:39,9248.81,6760.38
2022-07-25 00:25:38,9260.43,6748.76
2022-07-25 00:25:37,9262.72,6746.47
2022-07-25 00:25:36,9262.02,6747.17
2022-07-25 00:25:35,9265.18,6744
2022-07-25 00:25:34,9281.94,6727.25
2022-07-25 00:25:33,9283.27,6725.92
2022-07-25 00:25:32,9285.82,6723.37
2022-07-25 00:25:31,9294.64,6714.54
2022-07-25 00:25:30,9323.97,6685.21
2022-07-25 00:25:29,9355.18,6654.01
2022-07-25 00:25:28,9358.9,6650.29
2022-07-25 00:25:27,9368.26,6640.93
2022-07-25 00:25:26,9491.78,6517.41
2022-07-25 00:25:25,9522.85,6486.34
2022-07-25 00:25:24,9689.4,6319.78
2022-07-25 00:25:23,10085,5924.14
2022-07-25 00:25:22,10167,5842.19
2022-07-25 00:25:21,10295.6,5713.57
2022-07-25 00:25:20,10464,5545.16
2022-07-25 00:25:19,10567.1,5442.1
2022-07-25 00:25:18,10658.6,5350.57
2022-07-25 00:25:17,10751.8,5257.36
2022-07-25 00:25:16,10234.3,5774.86
2022-07-25 00:25:15,9652.55,6356.64
2022-07-25 00:25:14,9164.8,6844.38
2022-07-25 00:25:13,9165.6,6843.59
2022-07-25 00:25:12,9169.66,6839.53
2022-07-25 00:25:11,9168.32,6840.87
2022-07-25 00:25:10,9191.75,6817.44
2022-07-25 00:25:09,9194.17,6815.02
2022-07-25 00:25:08,9194.36,6814.83
2022-07-25 00:25:07,9214.86,6794.33
2022-07-25 00:25:06,9218.87,6790.32
2022-07-25 00:25:05,9221.99,6787.2
2022-07-25 00:25:04,9249.71,6759.48
2022-07-25 00:25:03,9251.65,6757.54
2022-07-25 00:25:02,9258.67,6750.52
2022-07-25 00:25:01,9304.07,6705.11
2022-07-25 00:25:00,9365.55,6643.64
2022-07-25 00:24:59,9524.2,6484.98
2022-07-25 00:24:58,9588.3,6420.89
2022-07-25 00:24:57,9897.63,6111.55
2022-07-25 00:24:56,9986.35,6022.84
2022-07-25 00:24:55,10079.3,5929.87
2022-07-25 00:24:54,10154.6,5854.54
2022-07-25 00:24:53,10236.3,5772.88
2022-07-25 00:24:52,9778.98,6230.2
2022-07-25 00:24:51,9826.31,6182.88
2022-07-25 00:24:50,9203.89,6805.3
2022-07-25 00:24:49,9205.81,6803.38
2022-07-25 00:24:48,9205.23,6803.95
2022-07-25 00:24:47,9214.44,6794.75
2022-07-25 00:24:46,9214.98,6794.2
2022-07-25 00:24:45,9216.11,6793.08
2022-07-25 00:24:44,9228.14,6781.05
2022-07-25 00:24:43,9229.37,6779.82
2022-07-25 00:24:42,9230.31,6778.88
2022-07-25 00:24:41,9241.45,6767.74
2022-07-25 00:24:40,9243.02,6766.17
2022-07-25 00:24:39,9242.94,6766.25
2022-07-25 00:24:38,9247.6,6761.59
2022-07-25 00:24:37,9244.34,6764.84
2022-07-25 00:24:36,9312.51,6696.68
2022-07-25 00:24:35,9378.85,6630.34
2022-07-25 00:24:34,9685.8,6323.39
2022-07-25 00:24:33,9771.26,6237.93
2022-07-25 00:24:32,10094,5915.21
2022-07-25 00:24:31,10219.7,5789.52
2022-07-25 00:24:30,10288,5721.22
2022-07-25 00:24:29,10396.5,5612.65
2022-07-25 00:24:28,10610.9,5398.25
2022-07-25 00:24:27,10731,5278.2
2022-07-25 00:24:26,10183,5826.16
2022-07-25 00:24:25,9691.18,6318
2022-07-25 00:24:24,9739.56,6269.63
2022-07-25 00:24:23,9781.79,6227.4
2022-07-25 00:24:22,9256.13,6753.06
2022-07-25 00:24:21,9267.51,6741.68
2022-07-25 00:24:20,9268.9,6740.28
2022-07-25 00:24:19,9270.62,6738.57
2022-07-25 00:24:18,9276.62,6732.56
2022-07-25 00:24:17,9277.04,6732.15
2022-07-25 00:24:16,9280.66,6728.53
2022-07-25 00:24:15,9281.48,6727.71
2022-07-25 00:24:14,9316.91,6692.28
2022-07-25 00:24:13,9319.2,6689.99
2022-07-25 00:24:12,9365.5,6643.68
2022-07-25 00:24:11,9425.11,6584.08
2022-07-25 00:24:10,9570.57,6438.62
2022-07-25 00:24:09,9844,6165.18
2022-07-25 00:24:08,9999.73,6009.46
2022-07-25 00:24:07,10114.2,5895.03
2022-07-25 00:24:06,10142,5867.2
2022-07-25 00:24:05,10222.8,5786.38
2022-07-25 00:24:04,10308.6,5700.54
2022-07-25 00:24:03,10265.6,5743.54
2022-07-25 00:24:02,9884.41,6124.78
2022-07-25 00:24:01,9392.4,6616.79
2022-07-25 00:24:00,9392.32,6616.87
2022-07-25 00:23:59,9395.17,6614.02
2022-07-25 00:23:58,9399.19,6610
2022-07-25 00:23:57,9400.16,6609.03
2022-07-25 00:23:56,9399.78,6609.41
2022-07-25 00:23:55,9422.43,6586.76
2022-07-25 00:23:54,9422.91,6586.28
2022-07-25 00:23:53,9425.17,6584.02
2022-07-25 00:23:52,9460.59,6548.6
2022-07-25 00:23:51,9471.61,6537.57
2022-07-25 00:23:50,9473.19,6536
2022-07-25 00:23:49,9522.61,6486.58
2022-07-25 00:23:48,9550.79,6458.39
2022-07-25 00:23:47,9553.46,6455.73
2022-07-25 00:23:46,9664.43,6344.76
2022-07-25 00:23:45,9679.03,6330.16
2022-07-25 00:23:44,9846.68,6162.51
2022-07-25 00:23:43,10205.7,5803.46
2022-07-25 00:23:42,10320.3,5688.87
2022-07-25 00:23:41,10437.7,5571.54
2022-07-25 00:23:40,10628.8,5380.35
2022-07-25 00:23:39,10738.7,5270.49
2022-07-25 00:23:38,10841.5,5167.67
2022-07-25 00:23:37,10926.8,5082.41
2022-07-25 00:23:36,10407,5602.16
2022-07-25 00:23:35,9841.84,6167.34
2022-07-25 00:23:34,9223.81,6785.37
2022-07-25 00:23:33,9241.02,6768.17
2022-07-25 00:23:32,9243.59,6765.6
2022-07-25 00:23:31,9252.98,6756.21
2022-07-25 00:23:30,9276.8,6732.38
2022-07-25 00:23:29,9277.1,6732.09
2022-07-25 00:23:28,9288.22,6720.97
2022-07-25 00:23:27,9310.77,6698.42
2022-07-25 00:23:26,9326.07,6683.12
2022-07-25 00:23:25,9339.64,6669.55
2022-07-25 00:23:24,9331.62,6677.56
2022-07-25 00:23:23,9367.96,6641.22
2022-07-25 00:23:22,9424.31,6584.88
2022-07-25 00:23:21,9581.29,6427.9
2022-07-25 00:23:20,9778.54,6230.64
2022-07-25 00:23:19,9857.15,6152.04
2022-07-25 00:23:18,9896.23,6112.96
2022-07-25 00:23:17,9963.82,6045.37
2022-07-25 00:23:16,10032.8,5976.34
2022-07-25 00:23:15,10113.6,5895.61
2022-07-25 00:23:14,9643.33,6365.86
2022-07-25 00:23:13,9037.53,6971.66
2022-07-25 00:23:12,9037.85,6971.34
2022-07-25 00:23:11,9038.4,6970.79
2022-07-25 00:23:10,9040.82,6968.36
2022-07-25 00:23:09,9039.98,6969.21
2022-07-25 00:23:08,9038.25,6970.94
2022-07-25 00:23:07,9039.33,6969.86
2022-07-25 00:23:06,9039.29,6969.9
2022-07-25 00:23:05,9039.62,6969.57
2022-07-25 00:23:04,9039.75,6969.43
2022-07-25 00:23:03,9042.27,6966.92
2022-07-25 00:23:02,9041.9,6967.29
2022-07-25 00:23:01,9041.11,6968.08
2022-07-25 00:23:00,9044.21,6964.97
2022-07-25 00:22:59,9045.61,6963.57
2022-07-25 00:22:58,9045.29,6963.89
2022-07-25 00:22:57,9041.29,6967.9
2022-07-25 00:22:56,9095.28,6913.91
2022-07-25 00:22:55,9211.46,6797.73
2022-07-25 00:22:54,9473.62,6535.56
2022-07-25 00:22:53,9585.75,6423.43
2022-07-25 00:22:52,10245,5764.22
2022-07-25 00:22:51,10379.1,5630.12
2022-07-25 00:22:50,10513.9,5495.33
2022-07-25 00:22:49,10595.7,5413.45
2022-07-25 00:22:48,10690.9,5318.28
2022-07-25 00:22:47,10820.7,5188.45
2022-07-25 00:22:46,10929.7,5079.48
2022-07-25 00:22:45,9317.97,6691.22
2022-07-25 00:22:44,9320.28,6688.9
2022-07-25 00:22:43,9320.43,6688.75
2022-07-25 00:22:42,9335.79,6673.4
2022-07-25 00:22:41,9328.52,6680.67
2022-07-25 00:22:40,9328.81,6680.38
2022-07-25 00:22:39,9345.77,6663.42
2022-07-25 00:22:38,9347.87,6661.32
2022-07-25 00:22:37,9351.09,6658.1
2022-07-25 00:22:36,9372.38,6636.81
2022-07-25 00:22:35,9363.4,6645.79
2022-07-25 00:22:34,9409.18,6600.01
2022-07-25 00:22:33,9455.58,6553.61
2022-07-25 00:22:32,9617.04,6392.14
2022-07-25 00:22:31,9918.28,6090.91
2022-07-25 00:22:30,10028.1,5981.05
2022-07-25 00:22:29,10132.1,5877.13
2022-07-25 00:22:28,10192.1,5817.12
2022-07-25 00:22:27,10258.7,5750.52
2022-07-25 00:22:26,10348.7,5660.48
2022-07-25 00:22:25,9884.86,6124.33
2022-07-25 00:22:24,9558.43,6450.75
2022-07-25 00:22:23,9273.83,6735.36
2022-07-25 00:22:22,9274.97,6734.21
2022-07-25 00:22:21,9275.57,6733.62
2022-07-25 00:22:20,9289.75,6719.44
2022-07-25 00:22:19,9289.72,6719.47
2022-07-25 00:22:18,9293.84,6715.34
2022-07-25 00:22:17,9310,6699.18
2022-07-25 00:22:16,9310.81,6698.38
2022-07-25 00:22:15,9310.28,6698.91
2022-07-25 00:22:14,9331.35,6677.84
2022-07-25 00:22:13,9349.95,6659.24
2022-07-25 00:22:12,9351.95,6657.24
2022-07-25 00:22:11,9374.67,6634.52
2022-07-25 00:22:10,9380.95,6628.24
2022-07-25 00:22:09,9445.78,6563.41
2022-07-25 00:22:08,9423.96,6585.22
2022-07-25 00:22:07,9463.57,6545.62
2022-07-25 00:22:06,9526.89,6482.3
2022-07-25 00:22:05,9746.35,6262.83
2022-07-25 00:22:04,9968.48,6040.71
2022-07-25 00:22:03,10040.4,5968.74
2022-07-25 00:22:02,10380.4,5628.79
2022-07-25 00:22:01,10490.3,5518.86
2022-07-25 00:22:00,10594.8,5414.36
2022-07-25 00:21:59,10706.6,5302.63
2022-07-25 00:21:58,10827.4,5181.8
2022-07-25 00:21:57,9905.29,6103.89
2022-07-25 00:21:56,9166.36,6842.83
2022-07-25 00:21:55,9187.19,6822
2022-07-25 00:21:54,9187.99,6821.2
2022-07-25 00:21:53,9189.02,6820.17
2022-07-25 00:21:52,9203.3,6805.88
2022-07-25 00:21:51,9209.81,6799.37
2022-07-25 00:21:50,9211.87,6797.31
2022-07-25 00:21:49,9235.57,6773.62
2022-07-25 00:21:48,9236.78,6772.41
2022-07-25 00:21:47,9240.27,6768.91
2022-07-25 00:21:46,9270.05,6739.14
2022-07-25 00:21:45,9248.67,6760.52
2022-07-25 00:21:44,9314.05,6695.14
2022-07-25 00:21:43,9337.7,6671.49
2022-07-25 00:21:42,9567.08,6442.11
2022-07-25 00:21:41,9859.43,6149.75
2022-07-25 00:21:40,9967.39,6041.8
2022-07-25 00:21:39,10013.4,5995.83
2022-07-25 00:21:38,10070,5939.19
2022-07-25 00:21:37,10148.7,5860.48
2022-07-25 00:21:36,10231.3,5777.85
2022-07-25 00:21:35,10303.5,5705.68
2022-07-25 00:21:34,9277.16,6732.03
2022-07-25 00:21:33,9277.52,6731.66
2022-07-25 00:21:32,9279.19,6730
2022-07-25 00:21:31,9280.86,6728.33
2022-07-25 00:21:30,9294.54,6714.65
2022-07-25 00:21:29,9295.03,6714.16
2022-07-25 00:21:28,9295.6,6713.59
2022-07-25 00:21:27,9316.52,6692.67
2022-07-25 00:21:26,9316.69,6692.5
2022-07-25 00:21:25,9317.63,6691.56
2022-07-25 00:21:24,9331.44,6677.75
2022-07-25 00:21:23,9327.38,6681.81
2022-07-25 00:21:22,9316.18,6693
2022-07-25 00:21:21,9347.48,6661.71
2022-07-25 00:21:20,9351.06,6658.12
2022-07-25 00:21:19,9341.43,6667.76
2022-07-25 00:21:18,9383.54,6625.65
2022-07-25 00:21:17,9460.79,6548.4
2022-07-25 00:21:16,9632.27,6376.92
2022-07-25 00:21:15,9988.18,6021.01
2022-07-25 00:21:14,10091.2,5918.01
2022-07-25 00:21:13,10205.2,5804.01
2022-07-25 00:21:12,10553.9,5455.27
2022-07-25 00:21:11,10692.9,5316.33
2022-07-25 00:21:10,10801.3,5207.92
2022-07-25 00:21:09,10893.4,5115.75
2022-07-25 00:21:08,10480.8,5528.37
2022-07-25 00:21:07,10035.2,5974
2022-07-25 00:21:06,9420.02,6589.17
2022-07-25 00:21:05,9433.97,6575.21
2022-07-25 00:21:04,9438.39,6570.8
2022-07-25 00:21:03,9438.69,6570.5
2022-07-25 00:21:02,9455.13,6554.06
2022-07-25 00:21:01,9458.68,6550.51
2022-07-25 00:21:00,9457.98,6551.21
2022-07-25 00:20:59,9495.42,6513.77
2022-07-25 00:20:58,9499.69,6509.5
2022-07-25 00:20:57,9517.65,6491.54
2022-07-25 00:20:56,9551.62,6457.57
2022-07-25 00:20:55,9552.37,6456.82
2022-07-25 00:20:54,9594.23,6414.95
2022-07-25 00:20:53,9694.89,6314.3
2022-07-25 00:20:52,9864.72,6144.47
2022-07-25 00:20:51,10016.5,5992.68
2022-07-25 00:20:50,10129.8,5879.38
2022-07-25 00:20:49,10154.7,5854.5
2022-07-25 00:20:48,10226.9,5782.25
2022-07-25 00:20:47,10286.7,5722.51
2022-07-25 00:20:46,9839.09,6170.09
2022-07-25 00:20:45,9884.53,6124.66
2022-07-25 00:20:44,9557.77,6451.42
2022-07-25 00:20:43,9419.82,6589.36
2022-07-25 00:20:42,9422.87,6586.32
2022-07-25 00:20:41,9425.59,6583.59
2022-07-25 00:20:40,9430.32,6578.87
2022-07-25 00:20:39,9439.99,6569.2
2022-07-25 00:20:38,9443.5,6565.69
2022-07-25 00:20:37,9465.85,6543.34
2022-07-25 00:20:36,9483.72,6525.47
2022-07-25 00:20:35,9484.55,6524.64
2022-07-25 00:20:34,9473.99,6535.2
2022-07-25 00:20:33,9514.16,6495.03
2022-07-25 00:20:32,9516.35,6492.84
2022-07-25 00:20:31,9540.05,6469.14
2022-07-25 00:20:30,9579.21,6429.97
2022-07-25 00:20:29,9589.33,6419.86
2022-07-25 00:20:28,9675.71,6333.47
2022-07-25 00:20:27,9777.67,6231.52
2022-07-25 00:20:26,9972.48,6036.7
2022-07-25 00:20:25,10206,5803.2
2022-07-25 00:20:24,10521.7,5487.54
2022-07-25 00:20:23,10617.8,5391.39
2022-07-25 00:20:22,10697.7,5311.45
2022-07-25 00:20:21,10807.6,5201.61
2022-07-25 00:20:20,10932,5077.17
2022-07-25 00:20:19,10530.5,5478.7
2022-07-25 00:20:18,10061.3,5947.86
2022-07-25 00:20:17,9450.85,6558.34
2022-07-25 00:20:16,9454.63,6554.56
2022-07-25 00:20:15,9467.4,6541.79
2022-07-25 00:20:14,9471.41,6537.77
2022-07-25 00:20:13,9472.4,6536.79
2022-07-25 00:20:12,9487.91,6521.27
2022-07-25 00:20:11,9518.06,6491.13
2022-07-25 00:20:10,9517.23,6491.95
2022-07-25 00:20:09,9519.66,6489.53
2022-07-25 00:20:08,9570.63,6438.55
2022-07-25 00:20:07,9583.11,6426.08
2022-07-25 00:20:06,9589.34,6419.84
2022-07-25 00:20:05,9638.96,6370.22
2022-07-25 00:20:04,9658.49,6350.7
2022-07-25 00:20:03,9828.17,6181.02
2022-07-25 00:20:02,9928.17,6081.02
2022-07-25 00:20:01,10112.1,5897.11
2022-07-25 00:20:00,10159.2,5850.04
2022-07-25 00:19:59,10198.2,5810.94
2022-07-25 00:19:58,10254.6,5754.62
2022-07-25 00:19:57,10346.7,5662.48
2022-07-25 00:19:56,9896.17,6113.02
2022-07-25 00:19:55,9291.73,6717.46
2022-07-25 00:19:54,9295.05,6714.14
2022-07-25 00:19:53,9295.87,6713.32
2022-07-25 00:19:52,9297.23,6711.96
2022-07-25 00:19:51,9296.62,6712.57
2022-07-25 00:19:50,9297.26,6711.93
2022-07-25 00:19:49,9335.93,6673.25
2022-07-25 00:19:48,9337.59,6671.6
2022-07-25 00:19:47,9356.51,6652.68
2022-07-25 00:19:46,9389.57,6619.62
2022-07-25 00:19:45,9391.1,6618.09
2022-07-25 00:19:44,9446.29,6562.9
2022-07-25 00:19:43,9448.28,6560.91
2022-07-25 00:19:42,9463.05,6546.14
2022-07-25 00:19:41,9497.53,6511.66
2022-07-25 00:19:40,9524.15,6485.04
2022-07-25 00:19:39,9538,6471.19
2022-07-25 00:19:38,9768.92,6240.27
2022-07-25 00:19:37,9802.61,6206.57
2022-07-25 00:19:36,9846.37,6162.82
2022-07-25 00:19:35,10274.8,5734.36
2022-07-25 00:19:34,10403.3,5605.84
2022-07-25 00:19:33,10523.7,5485.5
2022-07-25 00:19:32,10631.2,5378.03
2022-07-25 00:19:31,10712.4,5296.75
2022-07-25 00:19:30,10290.4,5718.75
2022-07-25 00:19:29,10374.1,5635.1
2022-07-25 00:19:28,9244.85,6764.34
2022-07-25 00:19:27,9245.84,6763.34
2022-07-25 00:19:26,9248.26,6760.93
2022-07-25 00:19:25,9263.11,6746.07
2022-07-25 00:19:24,9263.59,6745.59
2022-07-25 00:19:23,9266.01,6743.18
2022-07-25 00:19:22,9266.59,6742.6
2022-07-25 00:19:21,9292.89,6716.3
2022-07-25 00:19:20,9292.94,6716.25
2022-07-25 00:19:19,9293.55,6715.64
2022-07-25 00:19:18,9330.07,6679.12
2022-07-25 00:19:17,9316.81,6692.38
2022-07-25 00:19:16,9359.1,6650.09
2022-07-25 00:19:15,9424.72,6584.46
2022-07-25 00:19:14,9478.58,6530.61
2022-07-25 00:19:13,9936.22,6072.97
2022-07-25 00:19:12,10046.1,5963.09
2022-07-25 00:19:11,10113.5,5895.72
2022-07-25 00:19:10,10164.6,5844.58
2022-07-25 00:19:09,10226.2,5782.99
2022-07-25 00:19:08,10323.1,5686.05
2022-07-25 00:19:07,10402.6,5606.62
2022-07-25 00:19:06,9358.16,6651.03
2022-07-25 00:19:05,9369.06,6640.13
2022-07-25 00:19:04,9372.06,6637.13
2022-07-25 00:19:03,9373.45,6635.73
2022-07-25 00:19:02,9378.72,6630.47
2022-07-25 00:19:01,9391.45,6617.74
2022-07-25 00:19:00,9390.71,6618.48
2022-07-25 00:18:59,9414,6595.18
2022-07-25 00:18:58,9429.99,6579.2
2022-07-25 00:18:57,9433.66,6575.53
2022-07-25 00:18:56,9476.11,6533.07
2022-07-25 00:18:55,9477.08,6532.11
2022-07-25 00:18:54,9478.69,6530.5
2022-07-25 00:18:53,9533.24,6475.95
2022-07-25 00:18:52,9527.12,6482.07
2022-07-25 00:18:51,9576.31,6432.88
2022-07-25 00:18:50,9605.08,6404.11
2022-07-25 00:18:49,9744.38,6264.81
2022-07-25 00:18:48,9888.26,6120.93
2022-07-25 00:18:47,9919.61,6089.57
2022-07-25 00:18:46,10099.7,5909.44
2022-07-25 00:18:45,10444.3,5564.92
2022-07-25 00:18:44,10585.6,5423.55
2022-07-25 00:18:43,10696.8,5312.37
2022-07-25 00:18:42,10798,5211.15
2022-07-25 00:18:41,10392.1,5617.13
2022-07-25 00:18:40,10485.1,5524.12
2022-07-25 00:18:39,9894.13,6115.06
2022-07-25 00:18:38,9374.6,6634.58
2022-07-25 00:18:37,9378.5,6630.69
2022-07-25 00:18:36,9380.5,6628.69
2022-07-25 00:18:35,9390.13,6619.05
2022-07-25 00:18:34,9391.02,6618.17
2022-07-25 00:18:33,9390.53,6618.65
2022-07-25 00:18:32,9444.78,6564.41
2022-07-25 00:18:31,9445.56,6563.62
2022-07-25 00:18:30,9446.24,6562.95
2022-07-25 00:18:29,9529.23,6479.95
2022-07-25 00:18:28,9523.09,6486.1
2022-07-25 00:18:27,9541.82,6467.36
2022-07-25 00:18:26,9635.42,6373.77
2022-07-25 00:18:25,9676.45,6332.73
2022-07-25 00:18:24,9935.43,6073.76
2022-07-25 00:18:23,10090.1,5919.04
2022-07-25 00:18:22,10121.8,5887.37
2022-07-25 00:18:21,10179,5830.15
2022-07-25 00:18:20,10236.4,5772.75
2022-07-25 00:18:19,10333.8,5675.38
2022-07-25 00:18:18,10415,5594.21
2022-07-25 00:18:17,9419.19,6590
2022-07-25 00:18:16,9421.68,6587.51
2022-07-25 00:18:15,9422.96,6586.23
2022-07-25 00:18:14,9444.84,6564.35
2022-07-25 00:18:13,9446.5,6562.68
2022-07-25 00:18:12,9448.19,6561
2022-07-25 00:18:11,9475.15,6534.04
2022-07-25 00:18:10,9474.16,6535.03
2022-07-25 00:18:09,9478.74,6530.45
2022-07-25 00:18:08,9522.31,6486.88
2022-07-25 00:18:07,9522.95,6486.24
2022-07-25 00:18:06,9538.75,6470.44
2022-07-25 00:18:05,9578.2,6430.98
2022-07-25 00:18:04,9581.38,6427.8
2022-07-25 00:18:03,9594.62,6414.57
2022-07-25 00:18:02,9642.39,6366.8
2022-07-25 00:18:01,9661.44,6347.75
2022-07-25 00:18:00,9816.27,6192.91
2022-07-25 00:17:59,9908.99,6100.2
2022-07-25 00:17:58,9985.98,6023.21
2022-07-25 00:17:57,10184.5,5824.68
2022-07-25 00:17:56,10445.2,5564
2022-07-25 00:17:55,10623.8,5385.41
2022-07-25 00:17:54,10771.4,5237.81
2022-07-25 00:17:53,10876.5,5132.64
2022-07-25 00:17:52,10346,5663.2
2022-07-25 00:17:51,10437.3,5571.88
2022-07-25 00:17:50,9963.95,6045.24
2022-07-25 00:17:49,9339.57,6669.62
2022-07-25 00:17:48,9351.07,6658.12
2022-07-25 00:17:47,9351.15,6658.04
2022-07-25 00:17:46,9359.15,6650.04
2022-07-25 00:17:45,9360.49,6648.7
2022-07-25 00:17:44,9369.18,6640
2022-07-25 00:17:43,9374.34,6634.84
2022-07-25 00:17:42,9375.29,6633.9
2022-07-25 00:17:41,9378.63,6630.55
2022-07-25 00:17:40,9431.87,6577.32
2022-07-25 00:17:39,9421.2,6587.99
2022-07-25 00:17:38,9416.86,6592.32
2022-07-25 00:17:37,9485.98,6523.21
2022-07-25 00:17:36,9534.61,6474.57
2022-07-25 00:17:35,9702.43,6306.76
2022-07-25 00:17:34,9895.43,6113.76
2022-07-25 00:17:33,9986.16,6023.03
2022-07-25 00:17:32,10022,5987.18
2022-07-25 00:17:31,10090.4,5918.82
2022-07-25 00:17:30,10164.4,5844.75
2022-07-25 00:17:29,10244.9,5764.27
2022-07-25 00:17:28,9662.05,6347.14
2022-07-25 00:17:27,9145.74,6863.45
2022-07-25 00:17:26,9145.66,6863.52
2022-07-25 00:17:25,9147.52,6861.67
2022-07-25 00:17:24,9147.54,6861.65
2022-07-25 00:17:23,9146.71,6862.48
2022-07-25 00:17:22,9148.25,6860.94
2022-07-25 00:17:21,9148.58,6860.61
2022-07-25 00:17:20,9148.55,6860.64
2022-07-25 00:17:19,9147.91,6861.27
2022-07-25 00:17:18,9151.79,6857.4
2022-07-25 00:17:17,9142.63,6866.55
2022-07-25 00:17:16,9139.95,6869.24
2022-07-25 00:17:15,9163.46,6845.73
2022-07-25 00:17:14,9226.78,6782.41
2022-07-25 00:17:13,9279.95,6729.24
2022-07-25 00:17:12,9573.26,6435.93
2022-07-25 00:17:11,9633.07,6376.12
2022-07-25 00:17:10,9720.28,6288.91
2022-07-25 00:17:09,9831.59,6177.59
2022-07-25 00:17:08,10001.9,6007.32
2022-07-25 00:17:07,10122,5887.18
2022-07-25 00:17:06,10486.1,5523.06
2022-07-25 00:17:05,10611.7,5397.5
2022-07-25 00:17:04,10143.5,5865.7
2022-07-25 00:17:03,10219,5790.16
2022-07-25 00:17:02,10313.8,5695.34
2022-07-25 00:17:01,9759.37,6249.82
2022-07-25 00:17:00,9776.03,6233.16
2022-07-25 00:16:59,9151.3,6857.89
2022-07-25 00:16:58,9152.49,6856.7
2022-07-25 00:16:57,9153.43,6855.76
2022-07-25 00:16:56,9154.62,6854.56
2022-07-25 00:16:55,9154.11,6855.08
2022-07-25 00:16:54,9157.96,6851.22
2022-07-25 00:16:53,9183.67,6825.52
2022-07-25 00:16:52,9185.01,6824.18
2022-07-25 00:16:51,9186.97,6822.22
2022-07-25 00:16:50,9218.02,6791.16
2022-07-25 00:16:49,9250.01,6759.18
2022-07-25 00:16:48,9265.32,6743.86
2022-07-25 00:16:47,9377.52,6631.67
2022-07-25 00:16:46,9658.38,6350.81
2022-07-25 00:16:45,9878.68,6130.51
2022-07-25 00:16:44,9976.66,6032.52
2022-07-25 00:16:43,10027.6,5981.6
2022-07-25 00:16:42,10083.2,5925.95
2022-07-25 00:16:41,10150.3,5858.86
2022-07-25 00:16:40,10232.2,5776.99
2022-07-25 00:16:39,9767.45,6241.74
2022-07-25 00:16:38,9149.17,6860.02
2022-07-25 00:16:37,9150.36,6858.82
2022-07-25 00:16:36,9153.92,6855.27
2022-07-25 00:16:35,9154.43,6854.75
2022-07-25 00:16:34,9154.78,6854.41
2022-07-25 00:16:33,9154.21,6854.98
2022-07-25 00:16:32,9176.66,6832.52
2022-07-25 00:16:31,9177.66,6831.53
2022-07-25 00:16:30,9180.54,6828.65
2022-07-25 00:16:29,9203.95,6805.23
2022-07-25 00:16:28,9203.2,6805.98
2022-07-25 00:16:27,9204.8,6804.39
2022-07-25 00:16:26,9237.59,6771.6
2022-07-25 00:16:25,9238.1,6771.09
2022-07-25 00:16:24,9223.68,6785.5
2022-07-25 00:16:23,9270.22,6738.96
2022-07-25 00:16:22,9324.13,6685.06
2022-07-25 00:16:21,9464.75,6544.44
2022-07-25 00:16:20,9590.97,6418.22
2022-07-25 00:16:19,9917.88,6091.31
2022-07-25 00:16:18,10020.4,5988.79
2022-07-25 00:16:17,10381.3,5627.9
2022-07-25 00:16:16,10514.8,5494.4
2022-07-25 00:16:15,10610.9,5398.28
2022-07-25 00:16:14,10714.8,5294.37
2022-07-25 00:16:13,10186.9,5822.26
2022-07-25 00:16:12,10256.3,5752.85
2022-07-25 00:16:11,9667.52,6341.66
2022-07-25 00:16:10,9071.13,6938.06
2022-07-25 00:16:09,9071.89,6937.3
2022-07-25 00:16:08,9072.82,6936.36
2022-07-25 00:16:07,9090.27,6918.91
2022-07-25 00:16:06,9085.39,6923.79
2022-07-25 00:16:05,9087.18,6922.01
2022-07-25 00:16:04,9108.79,6900.4
2022-07-25 00:16:03,9109.09,6900.1
2022-07-25 00:16:02,9138.02,6871.17
2022-07-25 00:16:01,9138.65,6870.54
2022-07-25 00:16:00,9152.32,6856.87
2022-07-25 00:15:59,9208.26,6800.93
2022-07-25 00:15:58,9324.4,6684.78
2022-07-25 00:15:57,9459.57,6549.62
2022-07-25 00:15:56,9779.64,6229.55
2022-07-25 00:15:55,9880.53,6128.66
2022-07-25 00:15:54,9905.11,6104.07
2022-07-25 00:15:53,9989.69,6019.5
2022-07-25 00:15:52,10064.6,5944.56
2022-07-25 00:15:51,10133.6,5875.61
2022-07-25 00:15:50,8928.78,7080.41
2022-07-25 00:15:49,8930.22,7078.97
2022-07-25 00:15:48,8930.21,7078.98
2022-07-25 00:15:47,8930.14,7079.05
2022-07-25 00:15:46,8929.05,7080.14
2022-07-25 00:15:45,8928.95,7080.24
2022-07-25 00:15:44,8928.57,7080.62
2022-07-25 00:15:43,8928.84,7080.35
2022-07-25 00:15:42,8928.28,7080.91
2022-07-25 00:15:41,8927.62,7081.57
2022-07-25 00:15:40,8928.16,7081.03
2022-07-25 00:15:39,8926.75,7082.44
2022-07-25 00:15:38,8927.82,7081.37
2022-07-25 00:15:37,8918.83,7090.36
2022-07-25 00:15:36,8919.13,7090.06
2022-07-25 00:15:35,8921.49,7087.7
2022-07-25 00:15:34,8922.56,7086.63
2022-07-25 00:15:33,8963.7,7045.49
2022-07-25 00:15:32,8972.7,7036.49
2022-07-25 00:15:31,9042.97,6966.22
2022-07-25 00:15:30,9381.22,6627.96
2022-07-25 00:15:29,9740.09,6269.1
2022-07-25 00:15:28,9878.75,6130.44
2022-07-25 00:15:27,10228.9,5780.25
2022-07-25 00:15:26,10340.2,5668.95
2022-07-25 00:15:25,10434,5575.22
2022-07-25 00:15:24,10541.6,5467.61
2022-07-25 00:15:23,10653.7,5355.46
2022-07-25 00:15:22,10125.4,5883.84
2022-07-25 00:15:21,9535.69,6473.49
2022-07-25 00:15:20,9013.11,6996.08
2022-07-25 00:15:19,9013.66,6995.53
2022-07-25 00:15:18,9014.35,6994.84
2022-07-25 00:15:17,9016.39,6992.79
2022-07-25 00:15:16,9017.59,6991.6
2022-07-25 00:15:15,9020.08,6989.11
2022-07-25 00:15:14,9019.75,6989.44
2022-07-25 00:15:13,9010.75,6998.44
2022-07-25 00:15:12,9048.64,6960.55
2022-07-25 00:15:11,9073.69,6935.5
2022-07-25 00:15:10,9085.78,6923.41
2022-07-25 00:15:09,9446.66,6562.53
2022-07-25 00:15:08,9534.84,6474.35
2022-07-25 00:15:07,9585.79,6423.4
2022-07-25 00:15:06,9913.76,6095.43
2022-07-25 00:15:05,10013.5,5995.67
2022-07-25 00:15:04,10090.7,5918.48
2022-07-25 00:15:03,10154.4,5854.76
2022-07-25 00:15:02,10211.4,5797.78
2022-07-25 00:15:01,9650.78,6358.41
2022-07-25 00:15:00,9650.09,6359.1
2022-07-25 00:14:59,9043.02,6966.17
2022-07-25 00:14:58,9042,6967.19
2022-07-25 00:14:57,9044.52,6964.67
2022-07-25 00:14:56,9043.77,6965.42
2022-07-25 00:14:55,9044.39,6964.8
2022-07-25 00:14:54,9046.4,6962.79
2022-07-25 00:14:53,9046.47,6962.71
2022-07-25 00:14:52,9048,6961.19
2022-07-25 00:14:51,9048.01,6961.18
2022-07-25 00:14:50,9064.68,6944.5
2022-07-25 00:14:49,9065.96,6943.23
2022-07-25 00:14:48,9066.36,6942.82
2022-07-25 00:14:47,9091.23,6917.96
2022-07-25 00:14:46,9092.36,6916.82
2022-07-25 00:14:45,9098.5,6910.68
2022-07-25 00:14:44,9123.59,6885.6
2022-07-25 00:14:43,9120.64,6888.54
2022-07-25 00:14:42,9236.6,6772.59
2022-07-25 00:14:41,9284.61,6724.57
2022-07-25 00:14:40,9456.82,6552.37
2022-07-25 00:14:39,10094.1,5915.07
2022-07-25 00:14:38,10255.5,5753.71
2022-07-25 00:14:37,10344,5665.17
2022-07-25 00:14:36,10439.4,5569.79
2022-07-25 00:14:35,10504.1,5505.08
2022-07-25 00:14:34,10608.4,5400.74
2022-07-25 00:14:33,10744.9,5264.26
2022-07-25 00:14:32,9563.9,6445.29
2022-07-25 00:14:31,8952.79,7056.39
2022-07-25 00:14:30,8953.99,7055.2
2022-07-25 00:14:29,8954.48,7054.7
2022-07-25 00:14:28,8952.52,7056.67
2022-07-25 00:14:27,8952.35,7056.84
2022-07-25 00:14:26,8943.3,7065.88
2022-07-25 00:14:25,8943.43,7065.76
2022-07-25 00:14:24,8945.47,7063.71
2022-07-25 00:14:23,8945.57,7063.61
2022-07-25 00:14:22,8944.09,7065.09
2022-07-25 00:14:21,8955.05,7054.13
2022-07-25 00:14:20,9034.9,6974.29
2022-07-25 00:14:19,9040.38,6968.81
2022-07-25 00:14:18,9561.86,6447.33
2022-07-25 00:14:17,9737.9,6271.29
2022-07-25 00:14:16,9861.03,6148.16
2022-07-25 00:14:15,9917.73,6091.46
2022-07-25 00:14:14,9950.28,6058.91
2022-07-25 00:14:13,10039.7,5969.45
2022-07-25 00:14:12,10132,5877.19
2022-07-25 00:14:11,10173.8,5835.37
2022-07-25 00:14:10,9117.65,6891.54
2022-07-25 00:14:09,9118.17,6891.02
2022-07-25 00:14:08,9119.73,6889.45
2022-07-25 00:14:07,9120.03,6889.16
2022-07-25 00:14:06,9120.32,6888.87
2022-07-25 00:14:05,9120,6889.19
2022-07-25 00:14:04,9116.06,6893.13
2022-07-25 00:14:03,9114.22,6894.97
2022-07-25 00:14:02,9114.49,6894.7
2022-07-25 00:14:01,9113.68,6895.5
2022-07-25 00:14:00,9117.77,6891.41
2022-07-25 00:13:59,9119.39,6889.8
2022-07-25 00:13:58,9118.09,6891.1
2022-07-25 00:13:57,9112.77,6896.42
2022-07-25 00:13:56,9120.91,6888.28
2022-07-25 00:13:55,9121.03,6888.16
2022-07-25 00:13:54,9154.01,6855.18
2022-07-25 00:13:53,9155.7,6853.49
2022-07-25 00:13:52,9258.43,6750.75
2022-07-25 00:13:51,9568.82,6440.37
2022-07-25 00:13:50,9672.52,6336.66
2022-07-25 00:13:49,10048.3,5960.93
2022-07-25 00:13:48,10381.6,5627.56
2022-07-25 00:13:47,10552.8,5456.36
2022-07-25 00:13:46,10624.3,5384.9
2022-07-25 00:13:45,10711.8,5297.42
2022-07-25 00:13:44,10844.7,5164.5
2022-07-25 00:13:43,10961,5048.23
2022-07-25 00:13:42,9761.43,6247.75
2022-07-25 00:13:41,9160.77,6848.42
2022-07-25 00:13:40,9160.67,6848.52
2022-07-25 00:13:39,9161.86,6847.33
2022-07-25 00:13:38,9174.64,6834.54
2022-07-25 00:13:37,9175.81,6833.38
2022-07-25 00:13:36,9176.45,6832.73
2022-07-25 00:13:35,9190.63,6818.55
2022-07-25 00:13:34,9190.72,6818.47
2022-07-25 00:13:33,9211.66,6797.53
2022-07-25 00:13:32,9212.53,6796.66
2022-07-25 00:13:31,9296.72,6712.47
2022-07-25 00:13:30,9323.83,6685.36
2022-07-25 00:13:29,9341.32,6667.87
2022-07-25 00:13:28,9527.72,6481.47
2022-07-25 00:13:27,9613.16,6396.03
2022-07-25 00:13:26,9786.29,6222.9
2022-07-25 00:13:25,9871.17,6138.02
2022-07-25 00:13:24,9908.66,6100.53
2022-07-25 00:13:23,9995.04,6014.14
2022-07-25 00:13:22,10063.4,5945.84
2022-07-25 00:13:21,10119,5890.16
2022-07-25 00:13:20,9642.09,6367.09
2022-07-25 00:13:19,9011.69,6997.5
2022-07-25 00:13:18,9013.57,6995.62
2022-07-25 00:13:17,9014.33,6994.86
2022-07-25 00:13:16,9013.28,6995.91
2022-07-25 00:13:15,9014.12,6995.07
2022-07-25 00:13:14,9015.38,6993.8
2022-07-25 00:13:13,9015.64,6993.54
2022-07-25 00:13:12,9016.5,6992.69
2022-07-25 00:13:11,9018.19,6991
2022-07-25 00:13:10,9015.37,6993.82
2022-07-25 00:13:09,9016.12,6993.07
2022-07-25 00:13:08,9015.5,6993.69
2022-07-25 00:13:07,9005.19,7003.99
2022-07-25 00:13:06,9006.56,7002.63
2022-07-25 00:13:05,9023.08,6986.11
2022-07-25 00:13:04,9086.89,6922.3
2022-07-25 00:13:03,9119.26,6889.93
2022-07-25 00:13:02,9369.61,6639.58
2022-07-25 00:13:01,9769.97,6239.22
2022-07-25 00:13:00,9910.94,6098.24
2022-07-25 00:12:59,10046.7,5962.45
2022-07-25 00:12:58,10341,5668.15
2022-07-25 00:12:57,10475.4,5533.78
2022-07-25 00:12:56,10608,5401.21
2022-07-25 00:12:55,10697.9,5311.25
2022-07-25 00:12:54,10263.9,5745.33
2022-07-25 00:12:53,9800.18,6209.01
2022-07-25 00:12:52,9858.25,6150.94
2022-07-25 00:12:51,9232.71,6776.48
2022-07-25 00:12:50,9234.36,6774.83
2022-07-25 00:12:49,9253.46,6755.73
2022-07-25 00:12:48,9258.73,6750.46
2022-07-25 00:12:47,9246.77,6762.41
2022-07-25 00:12:46,9268.15,6741.04
2022-07-25 00:12:45,9269.22,6739.97
2022-07-25 00:12:44,9269.83,6739.36
2022-07-25 00:12:43,9299.02,6710.17
2022-07-25 00:12:42,9303.06,6706.12
2022-07-25 00:12:41,9326.74,6682.45
2022-07-25 00:12:40,9402,6607.19
2022-07-25 00:12:39,9493.79,6515.4
2022-07-25 00:12:38,9638.84,6370.35
2022-07-25 00:12:37,9966.02,6043.17
2022-07-25 00:12:36,10059.3,5949.9
2022-07-25 00:12:35,10105.1,5904.08
2022-07-25 00:12:34,10191.6,5817.62
2022-07-25 00:12:33,10268.6,5740.59
2022-07-25 00:12:32,10337.4,5671.82
2022-07-25 00:12:31,9738.89,6270.3
2022-07-25 00:12:30,9240.05,6769.14
2022-07-25 00:12:29,9240.56,6768.63
2022-07-25 00:12:28,9242,6767.18
2022-07-25 00:12:27,9243.74,6765.45
2022-07-25 00:12:26,9249.16,6760.03
2022-07-25 00:12:25,9249.46,6759.73
2022-07-25 00:12:24,9250.85,6758.34
2022-07-25 00:12:23,9265.52,6743.66
2022-07-25 00:12:22,9268.23,6740.96
2022-07-25 00:12:21,9272.94,6736.25
2022-07-25 00:12:20,9295.78,6713.4
2022-07-25 00:12:19,9290.87,6718.31
2022-07-25 00:12:18,9301.49,6707.7
2022-07-25 00:12:17,9370.02,6639.17
2022-07-25 00:12:16,9375.27,6633.92
2022-07-25 00:12:15,9422.61,6586.57
2022-07-25 00:12:14,9496.18,6513
2022-07-25 00:12:13,9730.81,6278.37
2022-07-25 00:12:12,9794.45,6214.73
2022-07-25 00:12:11,9999.65,6009.54
2022-07-25 00:12:10,10328,5681.15
2022-07-25 00:12:09,10415.7,5593.46
2022-07-25 00:12:08,10551.3,5457.85
2022-07-25 00:12:07,10654.7,5354.48
2022-07-25 00:12:06,10737.6,5271.59
2022-07-25 00:12:05,10317.4,5691.8
2022-07-25 00:12:04,9867.84,6141.34
2022-07-25 00:12:03,9251.52,6757.67
2022-07-25 00:12:02,9252.47,6756.71
2022-07-25 00:12:01,9253.49,6755.7
2022-07-25 00:12:00,9270.86,6738.32
2022-07-25 00:11:59,9271.29,6737.89
2022-07-25 00:11:58,9272.7,6736.49
2022-07-25 00:11:57,9290.99,6718.2
2022-07-25 00:11:56,9293.81,6715.38
2022-07-25 00:11:55,9295.56,6713.63
2022-07-25 00:11:54,9316.88,6692.3
2022-07-25 00:11:53,9316.39,6692.8
2022-07-25 00:11:52,9363.34,6645.85
2022-07-25 00:11:51,9400.02,6609.17
2022-07-25 00:11:50,9467.05,6542.14
2022-07-25 00:11:49,9740.76,6268.43
2022-07-25 00:11:48,9848.42,6160.77
2022-07-25 00:11:47,9902.57,6106.62
2022-07-25 00:11:46,10058.9,5950.25
2022-07-25 00:11:45,10158.6,5850.56
2022-07-25 00:11:44,10226.5,5782.71
2022-07-25 00:11:43,10267.3,5741.87
2022-07-25 00:11:42,9805.91,6203.27
2022-07-25 00:11:41,9858.8,6150.39
2022-07-25 00:11:40,9875.04,6134.15
2022-07-25 00:11:39,9380.03,6629.16
2022-07-25 00:11:38,9380.97,6628.22
2022-07-25 00:11:37,9382.93,6626.26
2022-07-25 00:11:36,9401.37,6607.82
2022-07-25 00:11:35,9402.82,6606.37
2022-07-25 00:11:34,9402.42,6606.77
2022-07-25 00:11:33,9425.57,6583.62
2022-07-25 00:11:32,9429.12,6580.07
2022-07-25 00:11:31,9428.96,6580.23
2022-07-25 00:11:30,9454.24,6554.95
2022-07-25 00:11:29,9456.34,6552.84
2022-07-25 00:11:28,9545.71,6463.47
2022-07-25 00:11:27,9569.38,6439.81
2022-07-25 00:11:26,9710.73,6298.46
2022-07-25 00:11:25,9828.4,6180.79
2022-07-25 00:11:24,9855.09,6154.09
2022-07-25 00:11:23,9912.89,6096.3
2022-07-25 00:11:22,10111.7,5897.49
2022-07-25 00:11:21,10186.9,5822.27
2022-07-25 00:11:20,10295.2,5713.94
2022-07-25 00:11:19,10332,5677.18
2022-07-25 00:11:18,10160.5,5848.66
2022-07-25 00:11:17,10254.1,5755.13
2022-07-25 00:11:16,9705.65,6303.54
2022-07-25 00:11:15,9743.36,6265.83
2022-07-25 00:11:14,9789.84,6219.34
2022-07-25 00:11:13,9839.49,6169.7
2022-07-25 00:11:12,9860.22,6148.97
2022-07-25 00:11:11,9240.71,6768.48
2022-07-25 00:11:10,9225.3,6783.88
2022-07-25 00:11:09,9229.52,6779.66
2022-07-25 00:11:08,9263.59,6745.6
2022-07-25 00:11:07,9264.39,6744.8
2022-07-25 00:11:06,9270.25,6738.94
2022-07-25 00:11:05,9297.89,6711.3
2022-07-25 00:11:04,9326.3,6682.88
2022-07-25 00:11:03,9330.3,6678.89
2022-07-25 00:11:02,9381.09,6628.09
2022-07-25 00:11:01,9434.38,6574.81
2022-07-25 00:11:00,9590.17,6419.02
2022-07-25 00:10:59,9635.19,6374
2022-07-25 00:10:58,9702.46,6306.72
2022-07-25 00:10:57,9742.91,6266.28
2022-07-25 00:10:56,9928.27,6080.92
2022-07-25 00:10:55,10055.2,5954
2022-07-25 00:10:54,9655.33,6353.86
2022-07-25 00:10:53,9611.67,6397.52
2022-07-25 00:10:52,9644.76,6364.43
2022-07-25 00:10:51,9690.31,6318.88
2022-07-25 00:10:50,9728.34,6280.84
2022-07-25 00:10:49,9108.16,6901.03
2022-07-25 00:10:48,9110.16,6899.02
2022-07-25 00:10:47,9115.21,6893.98
2022-07-25 00:10:46,9113.43,6895.76
2022-07-25 00:10:45,9115.43,6893.76
2022-07-25 00:10:44,9141.7,6867.49
2022-07-25 00:10:43,9142.99,6866.2
2022-07-25 00:10:42,9141.47,6867.71
2022-07-25 00:10:41,9185.03,6824.16
2022-07-25 00:10:40,9184.36,6824.83
2022-07-25 00:10:39,9184.64,6824.55
2022-07-25 00:10:38,9241.34,6767.85
2022-07-25 00:10:37,9259.08,6750.11
2022-07-25 00:10:36,9487.99,6521.2
2022-07-25 00:10:35,9525.86,6483.33
2022-07-25 00:10:34,9798.37,6210.81
2022-07-25 00:10:33,9921.62,6087.57
2022-07-25 00:10:32,10031.4,5977.75
2022-07-25 00:10:31,10148.8,5860.38
2022-07-25 00:10:30,10225.6,5783.62
2022-07-25 00:10:29,9864.71,6144.48
2022-07-25 00:10:28,10118.5,5890.66
2022-07-25 00:10:27,10015.4,5993.75
2022-07-25 00:10:26,9652.13,6357.06
2022-07-25 00:10:25,9678.45,6330.74
2022-07-25 00:10:24,9726.49,6282.7
2022-07-25 00:10:23,9792.57,6216.61
2022-07-25 00:10:22,9168.95,6840.24
2022-07-25 00:10:21,9190.32,6818.86
2022-07-25 00:10:20,9190.61,6818.58
2022-07-25 00:10:19,9188.63,6820.56
2022-07-25 00:10:18,9203.61,6805.58
2022-07-25 00:10:17,9206,6803.19
2022-07-25 00:10:16,9212.31,6796.88
2022-07-25 00:10:15,9213.13,6796.06
2022-07-25 00:10:14,9247.08,6762.11
2022-07-25 00:10:13,9298.87,6710.31
2022-07-25 00:10:12,9443.25,6565.94
2022-07-25 00:10:11,9461.03,6548.16
2022-07-25 00:10:10,9499.08,6510.11
2022-07-25 00:10:09,9514,6495.19
2022-07-25 00:10:08,9600.2,6408.98
2022-07-25 00:10:07,9654.59,6354.6
2022-07-25 00:10:06,9401.65,6607.54
2022-07-25 00:10:05,9530.07,6479.11
2022-07-25 00:10:04,9581.73,6427.46
2022-07-25 00:10:03,9621.26,6387.93
2022-07-25 00:10:02,9663.6,6345.59
2022-07-25 00:10:01,9720.7,6288.48
2022-07-25 00:10:00,9756.65,6252.54
2022-07-25 00:09:59,9150.41,6858.77
2022-07-25 00:09:58,9150.61,6858.57
2022-07-25 00:09:57,9152.44,6856.75
2022-07-25 00:09:56,9169.16,6840.02
2022-07-25 00:09:55,9170.41,6838.77
2022-07-25 00:09:54,9171.06,6838.13
2022-07-25 00:09:53,9193.2,6815.99
2022-07-25 00:09:52,9194.62,6814.57
2022-07-25 00:09:51,9195.99,6813.2
2022-07-25 00:09:50,9210.66,6798.52
2022-07-25 00:09:49,9204.88,6804.31
2022-07-25 00:09:48,9246.27,6762.92
2022-07-25 00:09:47,9288.66,6720.53
2022-07-25 00:09:46,9447.56,6561.62
2022-07-25 00:09:45,9527.28,6481.91
2022-07-25 00:09:44,9852.07,6157.11
2022-07-25 00:09:43,10001,6008.23
2022-07-25 00:09:42,10048.1,5961.12
2022-07-25 00:09:41,10322.1,5687.08
2022-07-25 00:09:40,10525.1,5484.13
2022-07-25 00:09:39,10681.5,5327.69
2022-07-25 00:09:38,10157.7,5851.51
2022-07-25 00:09:37,9681.64,6327.54
2022-07-25 00:09:36,9736.14,6273.04
2022-07-25 00:09:35,9794.1,6215.09
2022-07-25 00:09:34,9270.34,6738.84
2022-07-25 00:09:33,9271.94,6737.25
2022-07-25 00:09:32,9295.67,6713.52
2022-07-25 00:09:31,9295.72,6713.47
2022-07-25 00:09:30,9297.5,6711.69
2022-07-25 00:09:29,9326.25,6682.93
2022-07-25 00:09:28,9328.63,6680.55
2022-07-25 00:09:27,9365.04,6644.14
2022-07-25 00:09:26,9378.6,6630.59
2022-07-25 00:09:25,9529.42,6479.77
2022-07-25 00:09:24,9601.27,6407.91
2022-07-25 00:09:23,9614.14,6395.04
2022-07-25 00:09:22,9634.11,6375.07
2022-07-25 00:09:21,9696.68,6312.51
2022-07-25 00:09:20,9775.91,6233.27
2022-07-25 00:09:19,9844.56,6164.63
2022-07-25 00:09:18,9531.32,6477.87
2022-07-25 00:09:17,9607.25,6401.94
2022-07-25 00:09:16,9636.92,6372.27
2022-07-25 00:09:15,9663.89,6345.3
2022-07-25 00:09:14,9710.04,6299.14
2022-07-25 00:09:13,9767.29,6241.9
2022-07-25 00:09:12,9783.89,6225.3
2022-07-25 00:09:11,9288.82,6720.36
2022-07-25 00:09:10,9289.82,6719.37
2022-07-25 00:09:09,9291.9,6717.28
2022-07-25 00:09:08,9302.12,6707.06
2022-07-25 00:09:07,9309.87,6699.32
2022-07-25 00:09:06,9322,6687.19
2022-07-25 00:09:05,9317.03,6692.16
2022-07-25 00:09:04,9318.8,6690.38
2022-07-25 00:09:03,9350.88,6658.31
2022-07-25 00:09:02,9354.63,6654.56
2022-07-25 00:09:01,9356.95,6652.23
2022-07-25 00:09:00,9365.4,6643.79
2022-07-25 00:08:59,9400.56,6608.63
2022-07-25 00:08:58,9465.36,6543.82
2022-07-25 00:08:57,9524.33,6484.86
2022-07-25 00:08:56,9981.74,6027.45
2022-07-25 00:08:55,10093.6,5915.56
2022-07-25 00:08:54,10156.7,5852.49
2022-07-25 00:08:53,10272.5,5736.71
2022-07-25 00:08:52,10329.4,5679.81
2022-07-25 00:08:51,10433.7,5575.51
2022-07-25 00:08:50,10706.8,5302.43
2022-07-25 00:08:49,10754,5255.16
2022-07-25 00:08:48,9564.43,6444.75
2022-07-25 00:08:47,9611.65,6397.54
2022-07-25 00:08:46,9657.29,6351.9
2022-07-25 00:08:45,9158.95,6850.24
2022-07-25 00:08:44,9157.39,6851.8
2022-07-25 00:08:43,9157.68,6851.5
2022-07-25 00:08:42,9159.64,6849.55
2022-07-25 00:08:41,9160.45,6848.74
2022-07-25 00:08:40,9184.7,6824.49
2022-07-25 00:08:39,9184.86,6824.32
2022-07-25 00:08:38,9186.18,6823.01
2022-07-25 00:08:37,9269.29,6739.89
2022-07-25 00:08:36,9283.08,6726.11
2022-07-25 00:08:35,9598.71,6410.48
2022-07-25 00:08:34,9669.99,6339.2
2022-07-25 00:08:33,9742,6267.19
2022-07-25 00:08:32,9770.9,6238.29
2022-07-25 00:08:31,9833.68,6175.51
2022-07-25 00:08:30,9907.44,6101.75
2022-07-25 00:08:29,10058.7,5950.52
2022-07-25 00:08:28,9505.28,6503.91
2022-07-25 00:08:27,9520.07,6489.12
2022-07-25 00:08:26,9551.18,6458.01
2022-07-25 00:08:25,9576.28,6432.91
2022-07-25 00:08:24,9626.22,6382.97
2022-07-25 00:08:23,9668.56,6340.62
2022-07-25 00:08:22,9153.17,6856.02
2022-07-25 00:08:21,9150.2,6858.98
2022-07-25 00:08:20,9153.48,6855.7
2022-07-25 00:08:19,9153.65,6855.54
2022-07-25 00:08:18,9151.48,6857.71
2022-07-25 00:08:17,9151.53,6857.65
2022-07-25 00:08:16,9151.34,6857.85
2022-07-25 00:08:15,9130.02,6879.17
2022-07-25 00:08:14,9130.98,6878.2
2022-07-25 00:08:13,9134.22,6874.96
2022-07-25 00:08:12,9124.75,6884.43
2022-07-25 00:08:11,9124.17,6885.02
2022-07-25 00:08:10,9131.61,6877.58
2022-07-25 00:08:09,9247.28,6761.91
2022-07-25 00:08:08,9267.22,6741.97
2022-07-25 00:08:07,9649.24,6359.94
2022-07-25 00:08:06,9958.98,6050.21
2022-07-25 00:08:05,10101.6,5907.55
2022-07-25 00:08:04,10185.2,5823.98
2022-07-25 00:08:03,10261.1,5748.05
2022-07-25 00:08:02,10459.6,5549.58
2022-07-25 00:08:01,10596.8,5412.43
2022-07-25 00:08:00,10705.1,5304.06
2022-07-25 00:07:59,10234.9,5774.31
2022-07-25 00:07:58,9762.44,6246.75
2022-07-25 00:07:57,9814.16,6195.03
2022-07-25 00:07:56,9821.42,6187.77
2022-07-25 00:07:55,9209.52,6799.66
2022-07-25 00:07:54,9210.01,6799.18
2022-07-25 00:07:53,9212.76,6796.43
2022-07-25 00:07:52,9230.11,6779.07
2022-07-25 00:07:51,9230.96,6778.22
2022-07-25 00:07:50,9233.93,6775.26
2022-07-25 00:07:49,9235.69,6773.5
2022-07-25 00:07:48,9256.39,6752.8
2022-07-25 00:07:47,9302.11,6707.07
2022-07-25 00:07:46,9312.21,6696.98
2022-07-25 00:07:45,9523.92,6485.27
2022-07-25 00:07:44,9692.48,6316.71
2022-07-25 00:07:43,9762.02,6247.17
2022-07-25 00:07:42,9848.97,6160.21
2022-07-25 00:07:41,9897.82,6111.37
2022-07-25 00:07:40,10092.3,5916.88
2022-07-25 00:07:39,10193.5,5815.72
2022-07-25 00:07:38,9595.46,6413.73
2022-07-25 00:07:37,9614.97,6394.22
2022-07-25 00:07:36,9662.31,6346.88
2022-07-25 00:07:35,9716.08,6293.11
2022-07-25 00:07:34,9137.7,6871.48
2022-07-25 00:07:33,9140.07,6869.11
2022-07-25 00:07:32,9139.62,6869.57
2022-07-25 00:07:31,9141.06,6868.13
2022-07-25 00:07:30,9164.46,6844.73
2022-07-25 00:07:29,9165.02,6844.16
2022-07-25 00:07:28,9166.93,6842.26
2022-07-25 00:07:27,9165.52,6843.66
2022-07-25 00:07:26,9187.03,6822.15
2022-07-25 00:07:25,9187.57,6821.62
2022-07-25 00:07:24,9210.3,6798.89
2022-07-25 00:07:23,9228.64,6780.55
2022-07-25 00:07:22,9229,6780.18
2022-07-25 00:07:21,9253.74,6755.44
2022-07-25 00:07:20,9299.68,6709.5
2022-07-25 00:07:19,9301.64,6707.55
2022-07-25 00:07:18,9347.09,6662.1
2022-07-25 00:07:17,9451.12,6558.07
2022-07-25 00:07:16,9651.61,6357.58
2022-07-25 00:07:15,9824.04,6185.15
2022-07-25 00:07:14,9911.17,6098.02
2022-07-25 00:07:13,10257.5,5751.65
2022-07-25 00:07:12,10331.7,5677.48
2022-07-25 00:07:11,10461.8,5547.37
2022-07-25 00:07:10,10568.8,5440.38
2022-07-25 00:07:09,10137.1,5872.07
2022-07-25 00:07:08,9601.76,6407.43
2022-07-25 00:07:07,9647.63,6361.56
2022-07-25 00:07:06,9657.12,6352.07
2022-07-25 00:07:05,9139.89,6869.3
2022-07-25 00:07:04,9140.65,6868.54
2022-07-25 00:07:03,9140.82,6868.37
2022-07-25 00:07:02,9142.35,6866.84
2022-07-25 00:07:01,9145.64,6863.54
2022-07-25 00:07:00,9146,6863.18
2022-07-25 00:06:59,9189.94,6819.25
2022-07-25 00:06:58,9194.28,6814.91
2022-07-25 00:06:57,9410.66,6598.52
2022-07-25 00:06:56,9560.99,6448.2
2022-07-25 00:06:55,9630.39,6378.8
2022-07-25 00:06:54,9667.31,6341.88
2022-07-25 00:06:53,9705.3,6303.89
2022-07-25 00:06:52,9808.52,6200.67
2022-07-25 00:06:51,9863.09,6146.1
2022-07-25 00:06:50,9639.05,6370.14
2022-07-25 00:06:49,9707.86,6301.32
2022-07-25 00:06:48,9748.76,6260.43
2022-07-25 00:06:47,9777.86,6231.33
2022-07-25 00:06:46,9832.08,6177.11
2022-07-25 00:06:45,9883.81,6125.38
2022-07-25 00:06:44,9379.11,6630.08
2022-07-25 00:06:43,9385.62,6623.57
2022-07-25 00:06:42,9390.85,6618.34
2022-07-25 00:06:41,9389.03,6620.16
2022-07-25 00:06:40,9417.91,6591.28
2022-07-25 00:06:39,9420.71,6588.47
2022-07-25 00:06:38,9423,6586.19
2022-07-25 00:06:37,9440.32,6568.86
2022-07-25 00:06:36,9455.13,6554.05
2022-07-25 00:06:35,9474.62,6534.57
2022-07-25 00:06:34,9492.3,6516.89
2022-07-25 00:06:33,9511.58,6497.61
2022-07-25 00:06:32,9514.63,6494.56
2022-07-25 00:06:31,9542.03,6467.16
2022-07-25 00:06:30,9529.73,6479.46
2022-07-25 00:06:29,9576.33,6432.86
2022-07-25 00:06:28,9631.43,6377.75
2022-07-25 00:06:27,9864.94,6144.25
2022-07-25 00:06:26,10164.9,5844.28
2022-07-25 00:06:25,10244.7,5764.44
2022-07-25 00:06:24,10355.8,5653.41
2022-07-25 00:06:23,10417,5592.17
2022-07-25 00:06:22,10636,5373.15
2022-07-25 00:06:21,10762.9,5246.25
2022-07-25 00:06:20,10882,5127.21
2022-07-25 00:06:19,10269.6,5739.63
2022-07-25 00:06:18,9741.34,6267.85
2022-07-25 00:06:17,9805.31,6203.88
2022-07-25 00:06:16,9295.42,6713.77
2022-07-25 00:06:15,9312.98,6696.21
2022-07-25 00:06:14,9315.58,6693.6
2022-07-25 00:06:13,9322.95,6686.24
2022-07-25 00:06:12,9339.81,6669.38
2022-07-25 00:06:11,9377.7,6631.48
2022-07-25 00:06:10,9387.36,6621.82
2022-07-25 00:06:09,9575.61,6433.58
2022-07-25 00:06:08,9619.99,6389.2
2022-07-25 00:06:07,9643.5,6365.68
2022-07-25 00:06:06,9686.25,6322.94
2022-07-25 00:06:05,9730.87,6278.32
2022-07-25 00:06:04,9810.32,6198.87
2022-07-25 00:06:03,9860.32,6148.87
2022-07-25 00:06:02,9517.5,6491.69
2022-07-25 00:06:01,9581.56,6427.63
2022-07-25 00:06:00,9595.47,6413.71
2022-07-25 00:05:59,9634.53,6374.65
2022-07-25 00:05:58,9677.91,6331.28
2022-07-25 00:05:57,9724.66,6284.53
2022-07-25 00:05:56,9748.88,6260.31
2022-07-25 00:05:55,9142.29,6866.89
2022-07-25 00:05:54,9143.47,6865.72
2022-07-25 00:05:53,9140.97,6868.21
2022-07-25 00:05:52,9140.83,6868.36
2022-07-25 00:05:51,9151,6858.18
2022-07-25 00:05:50,9152.42,6856.77
2022-07-25 00:05:49,9152.62,6856.57
2022-07-25 00:05:48,9168.07,6841.12
2022-07-25 00:05:47,9168.66,6840.53
2022-07-25 00:05:46,9166.79,6842.39
2022-07-25 00:05:45,9179.54,6829.64
2022-07-25 00:05:44,9182.19,6827
2022-07-25 00:05:43,9195.32,6813.87
2022-07-25 00:05:42,9197.36,6811.83
2022-07-25 00:05:41,9186.04,6823.15
2022-07-25 00:05:40,9291.75,6717.43
2022-07-25 00:05:39,9299.28,6709.91
2022-07-25 00:05:38,9438.39,6570.8
2022-07-25 00:05:37,9943.53,6065.66
2022-07-25 00:05:36,10078.4,5930.84
2022-07-25 00:05:35,10169.6,5839.55
2022-07-25 00:05:34,10267.2,5742
2022-07-25 00:05:33,10327.3,5681.88
2022-07-25 00:05:32,10548.8,5460.39
2022-07-25 00:05:31,10709.8,5299.4
2022-07-25 00:05:30,10156,5853.23
2022-07-25 00:05:29,9693.07,6316.12
2022-07-25 00:05:28,9740.48,6268.71
2022-07-25 00:05:27,9817.73,6191.45
2022-07-25 00:05:26,9200.96,6808.23
2022-07-25 00:05:25,9209.54,6799.65
2022-07-25 00:05:24,9231.96,6777.22
2022-07-25 00:05:23,9234.86,6774.32
2022-07-25 00:05:22,9247.84,6761.35
2022-07-25 00:05:21,9275.94,6733.25
2022-07-25 00:05:20,9321.76,6687.43
2022-07-25 00:05:19,9484.34,6524.85
2022-07-25 00:05:18,9499.64,6509.54
2022-07-25 00:05:17,9515.43,6493.75
2022-07-25 00:05:16,9544.86,6464.33
2022-07-25 00:05:15,9634.69,6374.5
2022-07-25 00:05:14,9676.05,6333.14
2022-07-25 00:05:13,9699.64,6309.55
2022-07-25 00:05:12,9550.51,6458.68
2022-07-25 00:05:11,9592.87,6416.32
2022-07-25 00:05:10,9631.57,6377.62
2022-07-25 00:05:09,9654.77,6354.42
2022-07-25 00:05:08,9703.78,6305.4
2022-07-25 00:05:07,9744.96,6264.23
2022-07-25 00:05:06,9138.25,6870.93
2022-07-25 00:05:05,9139.32,6869.87
2022-07-25 00:05:04,9140.95,6868.24
2022-07-25 00:05:03,9140.91,6868.27
2022-07-25 00:05:02,9141.98,6867.21
2022-07-25 00:05:01,9142.59,6866.59
2022-07-25 00:05:00,9143.77,6865.42
2022-07-25 00:04:59,9144.27,6864.92
2022-07-25 00:04:58,9166,6843.19
2022-07-25 00:04:57,9166.83,6842.36
2022-07-25 00:04:56,9168.84,6840.34
2022-07-25 00:04:55,9199.97,6809.22
2022-07-25 00:04:54,9198.86,6810.33
2022-07-25 00:04:53,9193.07,6816.12
2022-07-25 00:04:52,9224.25,6784.93
2022-07-25 00:04:51,9232.36,6776.83
2022-07-25 00:04:50,9232.8,6776.39
2022-07-25 00:04:49,9276.82,6732.37
2022-07-25 00:04:48,9347.48,6661.71
2022-07-25 00:04:47,9560.01,6449.18
2022-07-25 00:04:46,9587.63,6421.55
2022-07-25 00:04:45,9925.72,6083.47
2022-07-25 00:04:44,10285.2,5724.03
2022-07-25 00:04:43,10431.1,5578.11
2022-07-25 00:04:42,10545.7,5463.52
2022-07-25 00:04:41,10650,5359.18
2022-07-25 00:04:40,10718.9,5290.28
2022-07-25 00:04:39,10205.9,5803.27
2022-07-25 00:04:38,9658.22,6350.97
2022-07-25 00:04:37,9146.28,6862.91
2022-07-25 00:04:36,9163.23,6845.96
2022-07-25 00:04:35,9181.42,6827.77
2022-07-25 00:04:34,9183.81,6825.38
2022-07-25 00:04:33,9240.82,6768.36
2022-07-25 00:04:32,9249.94,6759.25
2022-07-25 00:04:31,9399.93,6609.26
2022-07-25 00:04:30,9474.56,6534.63
2022-07-25 00:04:29,9487.58,6521.61
2022-07-25 00:04:28,9510.08,6499.11
2022-07-25 00:04:27,9561.67,6447.52
2022-07-25 00:04:26,9639.33,6369.86
2022-07-25 00:04:25,9687.72,6321.47
2022-07-25 00:04:24,9495.69,6513.5
2022-07-25 00:04:23,9571.28,6437.91
2022-07-25 00:04:22,9608.21,6400.97
2022-07-25 00:04:21,9633.38,6375.81
2022-07-25 00:04:20,9679.76,6329.43
2022-07-25 00:04:19,9730.04,6279.15
2022-07-25 00:04:18,9737.15,6272.03
2022-07-25 00:04:17,9110.69,6898.5
2022-07-25 00:04:16,9117.24,6891.95
2022-07-25 00:04:15,9116.97,6892.22
2022-07-25 00:04:14,9119.79,6889.4
2022-07-25 00:04:13,9129.48,6879.7
2022-07-25 00:04:12,9130.39,6878.8
2022-07-25 00:04:11,9131.04,6878.14
2022-07-25 00:04:10,9139.06,6870.13
2022-07-25 00:04:09,9146.41,6862.77
2022-07-25 00:04:08,9146.7,6862.48
2022-07-25 00:04:07,9157.91,6851.28
2022-07-25 00:04:06,9161.65,6847.54
2022-07-25 00:04:05,9157.7,6851.49
2022-07-25 00:04:04,9176.36,6832.83
2022-07-25 00:04:03,9177.97,6831.22
2022-07-25 00:04:02,9179.65,6829.54
2022-07-25 00:04:01,9202.43,6806.76
2022-07-25 00:04:00,9231.85,6777.34
2022-07-25 00:03:59,9302.85,6706.34
2022-07-25 00:03:58,9506.29,6502.89
2022-07-25 00:03:57,9789.13,6220.05
2022-07-25 00:03:56,10012.5,5996.7
2022-07-25 00:03:55,10346.3,5662.91
2022-07-25 00:03:54,10478.9,5530.32
2022-07-25 00:03:53,10525.8,5483.37
2022-07-25 00:03:52,10640.2,5368.98
2022-07-25 00:03:51,10786.3,5222.86
2022-07-25 00:03:50,9855.36,6153.83
2022-07-25 00:03:49,9346.05,6663.14
2022-07-25 00:03:48,9369.33,6639.86
2022-07-25 00:03:47,9370.46,6638.72
2022-07-25 00:03:46,9373.41,6635.78
2022-07-25 00:03:45,9399.7,6609.48
2022-07-25 00:03:44,9401.71,6607.48
2022-07-25 00:03:43,9431.96,6577.23
2022-07-25 00:03:42,9450.11,6559.07
2022-07-25 00:03:41,9613.29,6395.89
2022-07-25 00:03:40,9659.59,6349.6
2022-07-25 00:03:39,9682.7,6326.49
2022-07-25 00:03:38,9754.43,6254.76
2022-07-25 00:03:37,9824.72,6184.47
2022-07-25 00:03:36,9882.26,6126.93
2022-07-25 00:03:35,10210.9,5798.28
2022-07-25 00:03:34,9810.74,6198.45
2022-07-25 00:03:33,9852.03,6157.16
2022-07-25 00:03:32,9882.36,6126.83
2022-07-25 00:03:31,9932.98,6076.2
2022-07-25 00:03:30,9980.05,6029.13
2022-07-25 00:03:29,9468.6,6540.59
2022-07-25 00:03:28,9471.42,6537.77
2022-07-25 00:03:27,9475.79,6533.4
2022-07-25 00:03:26,9482.66,6526.52
2022-07-25 00:03:25,9486.09,6523.1
2022-07-25 00:03:24,9494.62,6514.57
2022-07-25 00:03:23,9506.41,6502.78
2022-07-25 00:03:22,9509.49,6499.7
2022-07-25 00:03:21,9511.22,6497.97
2022-07-25 00:03:20,9540.27,6468.92
2022-07-25 00:03:19,9542.13,6467.06
2022-07-25 00:03:18,9555.64,6453.55
2022-07-25 00:03:17,9591.51,6417.68
2022-07-25 00:03:16,9593.42,6415.77
2022-07-25 00:03:15,9622.31,6386.88
2022-07-25 00:03:14,9687.39,6321.8
2022-07-25 00:03:13,9682.37,6326.82
2022-07-25 00:03:12,9750.62,6258.57
2022-07-25 00:03:11,9776,6233.19
2022-07-25 00:03:10,9818.11,6191.08
2022-07-25 00:03:09,10056,5953.21
2022-07-25 00:03:08,10118.7,5890.5
2022-07-25 00:03:07,10306.4,5702.79
2022-07-25 00:03:06,10526.3,5482.87
2022-07-25 00:03:05,10625.1,5384.1
2022-07-25 00:03:04,10705,5304.18
2022-07-25 00:03:03,10780.3,5228.9
2022-07-25 00:03:02,10375.4,5633.78
2022-07-25 00:03:01,10474.6,5534.56
2022-07-25 00:03:00,9364.46,6644.73
2022-07-25 00:02:59,9364.17,6645.02
2022-07-25 00:02:58,9364.9,6644.28
2022-07-25 00:02:57,9366.82,6642.36
2022-07-25 00:02:56,9412.78,6596.4
2022-07-25 00:02:55,9414.76,6594.43
2022-07-25 00:02:54,9405.13,6604.05
2022-07-25 00:02:53,9474.74,6534.44
2022-07-25 00:02:52,9526.43,6482.76
2022-07-25 00:02:51,9646.36,6362.83
2022-07-25 00:02:50,9738.97,6270.21
2022-07-25 00:02:49,9821.58,6187.61
2022-07-25 00:02:48,9858.67,6150.52
2022-07-25 00:02:47,10010.5,5998.66
2022-07-25 00:02:46,10137.7,5871.47
2022-07-25 00:02:45,10202.7,5806.44
2022-07-25 00:02:44,10250.9,5758.28
2022-07-25 00:02:43,9675.38,6333.81
2022-07-25 00:02:42,9723.68,6285.51
2022-07-25 00:02:41,9753.39,6255.79
2022-07-25 00:02:40,9133.37,6875.82
2022-07-25 00:02:39,9132.48,6876.71
2022-07-25 00:02:38,9135.04,6874.15
2022-07-25 00:02:37,9148.39,6860.8
2022-07-25 00:02:36,9147.77,6861.42
2022-07-25 00:02:35,9150.09,6859.1
2022-07-25 00:02:34,9173.31,6835.88
2022-07-25 00:02:33,9172.56,6836.63
2022-07-25 00:02:32,9173.99,6835.2
2022-07-25 00:02:31,9210.39,6798.8
2022-07-25 00:02:30,9210.34,6798.85
2022-07-25 00:02:29,9212.61,6796.57
2022-07-25 00:02:28,9250.98,6758.21
2022-07-25 00:02:27,9252.2,6756.99
2022-07-25 00:02:26,9253,6756.19
2022-07-25 00:02:25,9294.89,6714.29
2022-07-25 00:02:24,9288.7,6720.48
2022-07-25 00:02:23,9377.52,6631.67
2022-07-25 00:02:22,9403.02,6606.17
2022-07-25 00:02:21,9563.02,6446.17
2022-07-25 00:02:20,9926.31,6082.87
2022-07-25 00:02:19,10021.9,5987.25
2022-07-25 00:02:18,10127,5882.23
2022-07-25 00:02:17,10321.4,5687.79
2022-07-25 00:02:16,10418.1,5591.07
2022-07-25 00:02:15,10527,5482.23
2022-07-25 00:02:14,10616.1,5393.11
2022-07-25 00:02:13,10190.6,5818.6
2022-07-25 00:02:12,9743.09,6266.1
2022-07-25 00:02:11,9107.46,6901.73
2022-07-25 00:02:10,9108.38,6900.8
2022-07-25 00:02:09,9093.43,6915.76
2022-07-25 00:02:08,9094.01,6915.18
2022-07-25 00:02:07,9093.3,6915.88
2022-07-25 00:02:06,9097.39,6911.8
2022-07-25 00:02:05,9097.18,6912.01
2022-07-25 00:02:04,9097.46,6911.73
2022-07-25 00:02:03,9100.73,6908.45
2022-07-25 00:02:02,9160.09,6849.1
2022-07-25 00:02:01,9206.71,6802.47
2022-07-25 00:02:00,9453.72,6555.46
2022-07-25 00:01:59,9566.67,6442.52
2022-07-25 00:01:58,9951.27,6057.92
2022-07-25 00:01:57,10046.8,5962.38
2022-07-25 00:01:56,10112.3,5896.86
2022-07-25 00:01:55,10190.1,5819.07
2022-07-25 00:01:54,10278.8,5730.42
2022-07-25 00:01:53,10340.9,5668.33
2022-07-25 00:01:52,9115.18,6894.01
2022-07-25 00:01:51,9119.2,6889.99
2022-07-25 00:01:50,9119.33,6889.86
2022-07-25 00:01:49,9119.89,6889.3
2022-07-25 00:01:48,9122.76,6886.43
2022-07-25 00:01:47,9142.43,6866.75
2022-07-25 00:01:46,9140.91,6868.28
2022-07-25 00:01:45,9142.32,6866.87
2022-07-25 00:01:44,9142.7,6866.49
2022-07-25 00:01:43,9159.62,6849.57
2022-07-25 00:01:42,9157.98,6851.2
2022-07-25 00:01:41,9182.95,6826.23
2022-07-25 00:01:40,9198.36,6810.83
2022-07-25 00:01:39,9200.8,6808.39
2022-07-25 00:01:38,9220.21,6788.98
2022-07-25 00:01:37,9250.84,6758.34
2022-07-25 00:01:36,9256.29,6752.9
2022-07-25 00:01:35,9274.78,6734.41
2022-07-25 00:01:34,9302.72,6706.46
2022-07-25 00:01:33,9334.47,6674.72
2022-07-25 00:01:32,9431.78,6577.41
2022-07-25 00:01:31,9595.11,6414.08
2022-07-25 00:01:30,9768.58,6240.61
2022-07-25 00:01:29,10151.2,5857.99
2022-07-25 00:01:28,10288,5721.23
2022-07-25 00:01:27,10337.2,5672.01
2022-07-25 00:01:26,10452.5,5556.66
2022-07-25 00:01:25,10539.5,5469.68
2022-07-25 00:01:24,10658.5,5350.73
2022-07-25 00:01:23,10128.5,5880.71
2022-07-25 00:01:22,9096.19,6912.99
2022-07-25 00:01:21,9096.11,6913.07
2022-07-25 00:01:20,9098.26,6910.93
2022-07-25 00:01:19,9093.03,6916.16
2022-07-25 00:01:18,9093.55,6915.64
2022-07-25 00:01:17,9095.3,6913.89
2022-07-25 00:01:16,9096.18,6913.01
2022-07-25 00:01:15,9098.29,6910.9
2022-07-25 00:01:14,9107.84,6901.35
2022-07-25 00:01:13,9188.14,6821.05
2022-07-25 00:01:12,9199.19,6810
2022-07-25 00:01:11,9493.07,6516.12
2022-07-25 00:01:10,9871.94,6137.25
2022-07-25 00:01:09,10005.7,6003.54
2022-07-25 00:01:08,10075.6,5933.6
2022-07-25 00:01:07,10138.4,5870.81
2022-07-25 00:01:06,10218.1,5791.07
2022-07-25 00:01:05,10303.5,5705.73
2022-07-25 00:01:04,10288.9,5720.33
2022-07-25 00:01:03,9326.2,6682.98
2022-07-25 00:01:02,9327.25,6681.94
2022-07-25 00:01:01,9331.13,6678.06
2022-07-25 00:01:00,9331.55,6677.64
2022-07-25 00:00:59,9332.56,6676.63
2022-07-25 00:00:58,9333.48,6675.7
2022-07-25 00:00:57,9335.03,6674.16
2022-07-25 00:00:56,9336.03,6673.15
2022-07-25 00:00:55,9336.91,6672.28
2022-07-25 00:00:54,9355.11,6654.07
2022-07-25 00:00:53,9356.2,6652.99
2022-07-25 00:00:52,9356.14,6653.05
2022-07-25 00:00:51,9367.83,6641.36
2022-07-25 00:00:50,9381.02,6628.17
2022-07-25 00:00:49,9358.44,6650.75
2022-07-25 00:00:48,9386.7,6622.48
2022-07-25 00:00:47,9401.71,6607.47
2022-07-25 00:00:46,9402.26,6606.93
2022-07-25 00:00:45,9476.26,6532.93
2022-07-25 00:00:44,9508.23,6500.96
2022-07-25 00:00:43,9537.34,6471.84
2022-07-25 00:00:42,9618.29,6390.89
2022-07-25 00:00:41,9947.46,6061.73
2022-07-25 00:00:40,10192.8,5816.35
2022-07-25 00:00:39,10431.3,5577.88
2022-07-25 00:00:38,10540.5,5468.64
2022-07-25 00:00:37,10605.6,5403.63
2022-07-25 00:00:36,10682.9,5326.26
2022-07-25 00:00:35,10785,5224.2
2022-07-25 00:00:34,10921.7,5087.5
2022-07-25 00:00:33,9859.98,6149.21
2022-07-25 00:00:32,9247.06,6762.12
2022-07-25 00:00:31,9247.05,6762.14
2022-07-25 00:00:30,9257.97,6751.21
2022-07-25 00:00:29,9280.52,6728.67
2022-07-25 00:00:28,9314.96,6694.22
2022-07-25 00:00:27,9313.95,6695.24
2022-07-25 00:00:26,9348.43,6660.76
2022-07-25 00:00:25,9386.05,6623.14
2022-07-25 00:00:24,9426.5,6582.68
2022-07-25 00:00:23,9473.35,6535.84
2022-07-25 00:00:22,9664.34,6344.85
2022-07-25 00:00:21,9732.72,6276.47
2022-07-25 00:00:20,9908.7,6100.49
2022-07-25 00:00:19,9980.88,6028.31
2022-07-25 00:00:18,10048.1,5961.14
2022-07-25 00:00:17,10116.9,5892.25
2022-07-25 00:00:16,10178.2,5831
2022-07-25 00:00:15,9710.12,6299.07
2022-07-25 00:00:14,9735.55,6273.64
2022-07-25 00:00:13,9224,6785.18
2022-07-25 00:00:12,9224.03,6785.16
2022-07-25 00:00:11,9212.28,6796.91
2022-07-25 00:00:10,9217.42,6791.77
2022-07-25 00:00:09,9218.2,6790.99
2022-07-25 00:00:08,9217.71,6791.48
2022-07-25 00:00:07,9221.01,6788.18
2022-07-25 00:00:06,9222.35,6786.84
2022-07-25 00:00:05,9219.58,6789.61
2022-07-25 00:00:04,9220.81,6788.38
2022-07-25 00:00:03,9230.41,6778.78
2022-07-25 00:00:02,9250.06,6759.13
2022-07-25 00:00:01,9250.86,6758.33
2022-07-25 00:00:00,9265.83,6743.36
2022-07-24 23:59:59,9264.98,6744.21
2022-07-24 23:59:58,9267.06,6742.13
2022-07-24 23:59:57,9279.19,6729.99
2022-07-24 23:59:56,9315.84,6693.35
2022-07-24 23:59:55,9307.14,6702.04
2022-07-24 23:59:54,9351.08,6658.11
2022-07-24 23:59:53,9468.27,6540.91
2022-07-24 23:59:52,9624.93,6384.26
2022-07-24 23:59:51,9742.51,6266.68
2022-07-24 23:59:50,10348.1,5661.11
2022-07-24 23:59:49,10456.9,5552.31
2022-07-24 23:59:48,10574,5435.22
2022-07-24 23:59:47,10683.3,5325.9
2022-07-24 23:59:46,10766.8,5242.4
2022-07-24 23:59:45,10886.7,5122.46
2022-07-24 23:59:44,10473,5536.16
2022-07-24 23:59:43,9353.5,6655.69
2022-07-24 23:59:42,9355.31,6653.88
2022-07-24 23:59:41,9356.82,6652.37
2022-07-24 23:59:40,9400.73,6608.46
2022-07-24 23:59:39,9402.96,6606.22
2022-07-24 23:59:38,9404.41,6604.77
2022-07-24 23:59:37,9406.32,6602.87
2022-07-24 23:59:36,9479.61,6529.58
2022-07-24 23:59:35,9476.2,6532.98
2022-07-24 23:59:34,9509.32,6499.87
2022-07-24 23:59:33,9547.85,6461.34
2022-07-24 23:59:32,9575.29,6433.9
2022-07-24 23:59:31,9800.61,6208.57
2022-07-24 23:59:30,9848.29,6160.9
2022-07-24 23:59:29,10015.5,5993.64
2022-07-24 23:59:28,10086.1,5923.13
2022-07-24 23:59:27,10149.1,5860.13
2022-07-24 23:59:26,10219.3,5789.91
2022-07-24 23:59:25,10271.2,5738.02
2022-07-24 23:59:24,9808.19,6201
2022-07-24 23:59:23,9839.41,6169.77
2022-07-24 23:59:22,9382.38,6626.8
2022-07-24 23:59:21,9324.64,6684.55
2022-07-24 23:59:20,9328.28,6680.91
2022-07-24 23:59:19,9330.02,6679.17
2022-07-24 23:59:18,9331.07,6678.11
2022-07-24 23:59:17,9332.29,6676.9
2022-07-24 23:59:16,9334.05,6675.14
2022-07-24 23:59:15,9367.24,6641.95
2022-07-24 23:59:14,9368.88,6640.31
2022-07-24 23:59:13,9371.12,6638.06
2022-07-24 23:59:12,9377,6632.19
2022-07-24 23:59:11,9424.19,6585
2022-07-24 23:59:10,9426.71,6582.48
2022-07-24 23:59:09,9450.87,6558.32
2022-07-24 23:59:08,9486.01,6523.18
2022-07-24 23:59:07,9490.98,6518.21
2022-07-24 23:59:06,9516.29,6492.89
2022-07-24 23:59:05,9553.72,6455.47
2022-07-24 23:59:04,9635.92,6373.27
2022-07-24 23:59:03,9840.95,6168.24
2022-07-24 23:59:02,9915.38,6093.81
2022-07-24 23:59:01,10334.1,5675.09
2022-07-24 23:59:00,10493.5,5515.66
2022-07-24 23:58:59,10597.7,5411.49
2022-07-24 23:58:58,10708.5,5300.65
2022-07-24 23:58:57,10792.2,5217
2022-07-24 23:58:56,10917.1,5092.13
2022-07-24 23:58:55,10390.8,5618.37
2022-07-24 23:58:54,9268.31,6740.87
2022-07-24 23:58:53,9288.91,6720.28
2022-07-24 23:58:52,9290.77,6718.42
2022-07-24 23:58:51,9293.22,6715.97
2022-07-24 23:58:50,9330.11,6679.08
2022-07-24 23:58:49,9330.43,6678.75
2022-07-24 23:58:48,9332.39,6676.8
2022-07-24 23:58:47,9377.99,6631.19
2022-07-24 23:58:46,9378.48,6630.71
2022-07-24 23:58:45,9401.1,6608.09
2022-07-24 23:58:44,9449.1,6560.09
2022-07-24 23:58:43,9479.33,6529.86
2022-07-24 23:58:42,9654.34,6354.85
2022-07-24 23:58:41,9706.99,6302.2
2022-07-24 23:58:40,9753.37,6255.82
2022-07-24 23:58:39,9796.01,6213.18
2022-07-24 23:58:38,10010.3,5998.91
2022-07-24 23:58:37,10095.8,5913.37
2022-07-24 23:58:36,10142.4,5866.81
2022-07-24 23:58:35,9669.79,6339.4
2022-07-24 23:58:34,9717.25,6291.94
2022-07-24 23:58:33,9741.11,6268.08
2022-07-24 23:58:32,9122.79,6886.4
2022-07-24 23:58:31,9122.64,6886.55
2022-07-24 23:58:30,9121.67,6887.52
2022-07-24 23:58:29,9123.28,6885.91
2022-07-24 23:58:28,9123.89,6885.3
2022-07-24 23:58:27,9124.06,6885.13
2022-07-24 23:58:26,9124.28,6884.91
2022-07-24 23:58:25,9134.79,6874.4
2022-07-24 23:58:24,9133.76,6875.43
2022-07-24 23:58:23,9135.27,6873.92
2022-07-24 23:58:22,9157.32,6851.86
2022-07-24 23:58:21,9158.7,6850.48
2022-07-24 23:58:20,9162.09,6847.09
2022-07-24 23:58:19,9190.57,6818.62
2022-07-24 23:58:18,9191.84,6817.35
2022-07-24 23:58:17,9230.07,6779.12
2022-07-24 23:58:16,9296.47,6712.72
2022-07-24 23:58:15,9326.48,6682.71
2022-07-24 23:58:14,9766.82,6242.37
2022-07-24 23:58:13,10007.5,6001.66
2022-07-24 23:58:12,10189.6,5819.57
2022-07-24 23:58:11,10268.3,5740.86
2022-07-24 23:58:10,10460.3,5548.93
2022-07-24 23:58:09,10587.1,5422.1
2022-07-24 23:58:08,10686.1,5323.11
2022-07-24 23:58:07,10788.6,5220.56
2022-07-24 23:58:06,9838.55,6170.64
2022-07-24 23:58:05,9874.71,6134.47
2022-07-24 23:58:04,9302.75,6706.44
2022-07-24 23:58:03,9305.04,6704.15
2022-07-24 23:58:02,9306.52,6702.67
2022-07-24 23:58:01,9323.4,6685.78
2022-07-24 23:58:00,9325.74,6683.45
2022-07-24 23:57:59,9350.51,6658.68
2022-07-24 23:57:58,9350.47,6658.71
2022-07-24 23:57:57,9358.05,6651.14
2022-07-24 23:57:56,9401.09,6608.1
2022-07-24 23:57:55,9443.33,6565.86
2022-07-24 23:57:54,9606.77,6402.42
2022-07-24 23:57:53,9618.1,6391.09
2022-07-24 23:57:52,9688.75,6320.44
2022-07-24 23:57:51,9717.73,6291.46
2022-07-24 23:57:50,10057.6,5951.63
2022-07-24 23:57:49,10182.3,5826.89
2022-07-24 23:57:48,10250.3,5758.86
2022-07-24 23:57:47,9800.6,6208.58
2022-07-24 23:57:46,9837.3,6171.89
2022-07-24 23:57:45,9888.37,6120.82
2022-07-24 23:57:44,9644.98,6364.21
2022-07-24 23:57:43,9285.14,6724.04
2022-07-24 23:57:42,9287.82,6721.36
2022-07-24 23:57:41,9300.73,6708.46
2022-07-24 23:57:40,9302.61,6706.57
2022-07-24 23:57:39,9303.31,6705.87
2022-07-24 23:57:38,9304.2,6704.99
2022-07-24 23:57:37,9336.34,6672.84
2022-07-24 23:57:36,9337.37,6671.82
2022-07-24 23:57:35,9339.04,6670.14
2022-07-24 23:57:34,9374.84,6634.35
2022-07-24 23:57:33,9377.18,6632.01
2022-07-24 23:57:32,9368.07,6641.11
2022-07-24 23:57:31,9408.95,6600.24
2022-07-24 23:57:30,9410.4,6598.78
2022-07-24 23:57:29,9431.32,6577.87
2022-07-24 23:57:28,9467.78,6541.4
2022-07-24 23:57:27,9469.8,6539.38
2022-07-24 23:57:26,9546.95,6462.24
2022-07-24 23:57:25,9587.67,6421.52
2022-07-24 23:57:24,9852.4,6156.78
2022-07-24 23:57:23,10042.5,5966.69
2022-07-24 23:57:22,10175.7,5833.52
2022-07-24 23:57:21,10404,5605.2
2022-07-24 23:57:20,10512,5497.21
2022-07-24 23:57:19,10629.4,5379.79
2022-07-24 23:57:18,10730.2,5279.02
2022-07-24 23:57:17,10840.4,5168.77
2022-07-24 23:57:16,9770.76,6238.43
2022-07-24 23:57:15,9267.75,6741.44
2022-07-24 23:57:14,9270.96,6738.22
2022-07-24 23:57:13,9300.2,6708.99
2022-07-24 23:57:12,9302.41,6706.77
2022-07-24 23:57:11,9308.1,6701.09
2022-07-24 23:57:10,9311.47,6697.72
2022-07-24 23:57:09,9349.53,6659.66
2022-07-24 23:57:08,9351.1,6658.09
2022-07-24 23:57:07,9401.06,6608.13
2022-07-24 23:57:06,9424.54,6584.65
2022-07-24 23:57:05,9558.75,6450.44
2022-07-24 23:57:04,9635.18,6374.01
2022-07-24 23:57:03,9657.06,6352.13
2022-07-24 23:57:02,9877.57,6131.62
2022-07-24 23:57:01,10074.7,5934.46
2022-07-24 23:57:00,10192.7,5816.47
2022-07-24 23:56:59,10139.5,5869.66
2022-07-24 23:56:58,9828.64,6180.55
2022-07-24 23:56:57,9875.11,6134.08
2022-07-24 23:56:56,9923.69,6085.5
2022-07-24 23:56:55,9947.77,6061.41
2022-07-24 23:56:54,9317.63,6691.55
2022-07-24 23:56:53,9319.36,6689.83
2022-07-24 23:56:52,9327.8,6681.39
2022-07-24 23:56:51,9327.88,6681.3
2022-07-24 23:56:50,9329.02,6680.16
2022-07-24 23:56:49,9329.52,6679.67
2022-07-24 23:56:48,9344.63,6664.56
2022-07-24 23:56:47,9345.79,6663.39
2022-07-24 23:56:46,9347.39,6661.8
2022-07-24 23:56:45,9363.71,6645.48
2022-07-24 23:56:44,9365.32,6643.87
2022-07-24 23:56:43,9366.8,6642.38
2022-07-24 23:56:42,9389.85,6619.34
2022-07-24 23:56:41,9388.14,6621.05
2022-07-24 23:56:40,9371.03,6638.16
2022-07-24 23:56:39,9442.3,6566.89
2022-07-24 23:56:38,9443.15,6566.04
2022-07-24 23:56:37,9511.23,6497.95
2022-07-24 23:56:36,9553.43,6455.76
2022-07-24 23:56:35,9870.05,6139.14
2022-07-24 23:56:34,9939.53,6069.65
2022-07-24 23:56:33,10196.3,5812.89
2022-07-24 23:56:32,10283.9,5725.29
2022-07-24 23:56:31,10358.5,5650.7
2022-07-24 23:56:30,10578.6,5430.57
2022-07-24 23:56:29,10639.2,5370.02
2022-07-24 23:56:28,10756.5,5252.68
2022-07-24 23:56:27,10357.9,5651.3
2022-07-24 23:56:26,10273.2,5736.02
2022-07-24 23:56:25,9830.96,6178.23
2022-07-24 23:56:24,9832.36,6176.83
2022-07-24 23:56:23,9352.3,6656.89
2022-07-24 23:56:22,9351.73,6657.46
2022-07-24 23:56:21,9352.44,6656.75
2022-07-24 23:56:20,9352.5,6656.69
2022-07-24 23:56:19,9354.84,6654.35
2022-07-24 23:56:18,9355.12,6654.07
2022-07-24 23:56:17,9358.26,6650.93
2022-07-24 23:56:16,9359.16,6650.03
2022-07-24 23:56:15,9362.91,6646.27
2022-07-24 23:56:14,9368.09,6641.09
2022-07-24 23:56:13,9384.75,6624.44
2022-07-24 23:56:12,9384.39,6624.8
2022-07-24 23:56:11,9406.66,6602.53
2022-07-24 23:56:10,9406.33,6602.86
2022-07-24 23:56:09,9407.5,6601.68
2022-07-24 23:56:08,9398.06,6611.13
2022-07-24 23:56:07,9435.53,6573.65
2022-07-24 23:56:06,9438.12,6571.07
2022-07-24 23:56:05,9478.14,6531.04
2022-07-24 23:56:04,9642.9,6366.29
2022-07-24 23:56:03,9693.13,6316.06
2022-07-24 23:56:02,9712.14,6297.05
2022-07-24 23:56:01,9741.29,6267.89
2022-07-24 23:56:00,10026.1,5983.1
2022-07-24 23:55:59,10165.9,5843.29
2022-07-24 23:55:58,10279.8,5729.38
2022-07-24 23:55:57,9839.73,6169.45
2022-07-24 23:55:56,9863.13,6146.06
2022-07-24 23:55:55,9918.71,6090.48
2022-07-24 23:55:54,9967.45,6041.74
2022-07-24 23:55:53,9982.21,6026.98
2022-07-24 23:55:52,9570.3,6438.89
2022-07-24 23:55:51,9574.17,6435.02
2022-07-24 23:55:50,9573.39,6435.8
2022-07-24 23:55:49,9575.24,6433.95
2022-07-24 23:55:48,9578.38,6430.81
2022-07-24 23:55:47,9578.82,6430.36
2022-07-24 23:55:46,9579.9,6429.28
2022-07-24 23:55:45,9578.13,6431.06
2022-07-24 23:55:44,9580.23,6428.96
2022-07-24 23:55:43,9580.05,6429.14
2022-07-24 23:55:42,9581.33,6427.86
2022-07-24 23:55:41,9581.66,6427.53
2022-07-24 23:55:40,9581.93,6427.25
2022-07-24 23:55:39,9588.52,6420.66
2022-07-24 23:55:38,9644.94,6364.25
2022-07-24 23:55:37,9652.09,6357.1
2022-07-24 23:55:36,9662.14,6347.04
2022-07-24 23:55:35,9670.06,6339.13
2022-07-24 23:55:34,9706.03,6303.16
2022-07-24 23:55:33,9786.6,6222.59
2022-07-24 23:55:32,9793.56,6215.63
2022-07-24 23:55:31,9872.93,6136.25
2022-07-24 23:55:30,10023.5,5985.66
2022-07-24 23:55:29,10473.7,5535.52
2022-07-24 23:55:28,10595.4,5413.76
2022-07-24 23:55:27,10698.6,5310.63
2022-07-24 23:55:26,10756.6,5252.55
2022-07-24 23:55:25,10852.4,5156.74
2022-07-24 23:55:24,10982.3,5026.93
2022-07-24 23:55:23,11087.2,4922.02
2022-07-24 23:55:22,9994.72,6014.47
2022-07-24 23:55:21,9396.77,6612.42
2022-07-24 23:55:20,9402.9,6606.29
2022-07-24 23:55:19,9403.12,6606.07
2022-07-24 23:55:18,9405,6604.19
2022-07-24 23:55:17,9405.72,6603.47
2022-07-24 23:55:16,9406.52,6602.66
2022-07-24 23:55:15,9418.05,6591.13
2022-07-24 23:55:14,9418.37,6590.81
2022-07-24 23:55:13,9421.56,6587.63
2022-07-24 23:55:12,9421.15,6588.04
2022-07-24 23:55:11,9421.07,6588.12
2022-07-24 23:55:10,9422.33,6586.86
2022-07-24 23:55:09,9448.73,6560.46
2022-07-24 23:55:08,9450.22,6558.97
2022-07-24 23:55:07,9450.1,6559.09
2022-07-24 23:55:06,9451.41,6557.78
2022-07-24 23:55:05,9479.3,6529.89
2022-07-24 23:55:04,9493.72,6515.46
2022-07-24 23:55:03,9521.11,6488.07
2022-07-24 23:55:02,9678.52,6330.67
2022-07-24 23:55:01,9720.39,6288.8
2022-07-24 23:55:00,9722.55,6286.64
2022-07-24 23:54:59,9765.39,6243.79
2022-07-24 23:54:58,9794.49,6214.7
2022-07-24 23:54:57,9873.33,6135.86
2022-07-24 23:54:56,10062.9,5946.34
2022-07-24 23:54:55,10134.3,5874.89
2022-07-24 23:54:54,9704.79,6304.39
2022-07-24 23:54:53,9733.42,6275.77
2022-07-24 23:54:52,9782.53,6226.66
2022-07-24 23:54:51,9835.21,6173.98
2022-07-24 23:54:50,9414.01,6595.18
2022-07-24 23:54:49,9340.29,6668.9
2022-07-24 23:54:48,9341.1,6668.09
2022-07-24 23:54:47,9341.99,6667.2
2022-07-24 23:54:46,9347.91,6661.27
2022-07-24 23:54:45,9349.16,6660.03
2022-07-24 23:54:44,9351.87,6657.32
2022-07-24 23:54:43,9352.06,6657.13
2022-07-24 23:54:42,9356.29,6652.9
2022-07-24 23:54:41,9358.72,6650.46
2022-07-24 23:54:40,9361.68,6647.5
2022-07-24 23:54:39,9362.18,6647.01
2022-07-24 23:54:38,9362,6647.19
2022-07-24 23:54:37,9381.59,6627.6
2022-07-24 23:54:36,9391.22,6617.97
2022-07-24 23:54:35,9388.95,6620.23
2022-07-24 23:54:34,9384.16,6625.02
2022-07-24 23:54:33,9384.97,6624.22
2022-07-24 23:54:32,9403.6,6605.59
2022-07-24 23:54:31,9440.86,6568.33
2022-07-24 23:54:30,9509.9,6499.29
2022-07-24 23:54:29,9505.83,6503.36
2022-07-24 23:54:28,9671.23,6337.96
2022-07-24 23:54:27,9888.86,6120.32
2022-07-24 23:54:26,10370,5639.15
2022-07-24 23:54:25,10529.8,5479.41
2022-07-24 23:54:24,10632,5377.21
2022-07-24 23:54:23,10714.8,5294.36
2022-07-24 23:54:22,10789.2,5219.96
2022-07-24 23:54:21,10916.8,5092.38
2022-07-24 23:54:20,11048.8,4960.43
2022-07-24 23:54:19,10147.3,5861.86
2022-07-24 23:54:18,9513.44,6495.75
2022-07-24 23:54:17,9526.74,6482.45
2022-07-24 23:54:16,9528.68,6480.51
2022-07-24 23:54:15,9528.21,6480.97
2022-07-24 23:54:14,9528.19,6481
2022-07-24 23:54:13,9529.33,6479.86
2022-07-24 23:54:12,9531.63,6477.55
2022-07-24 23:54:11,9531.16,6478.02
2022-07-24 23:54:10,9576.78,6432.41
2022-07-24 23:54:09,9581.3,6427.89
2022-07-24 23:54:08,9577.12,6432.07
2022-07-24 23:54:07,9578.73,6430.45
2022-07-24 23:54:06,9580.7,6428.49
2022-07-24 23:54:05,9581.02,6428.17
2022-07-24 23:54:04,9599.31,6409.88
2022-07-24 23:54:03,9600.56,6408.63
2022-07-24 23:54:02,9599.71,6409.48
2022-07-24 23:54:01,9624.72,6384.47
2022-07-24 23:54:00,9625.41,6383.78
2022-07-24 23:53:59,9677.31,6331.88
2022-07-24 23:53:58,9845.59,6163.6
2022-07-24 23:53:57,9918.94,6090.25
2022-07-24 23:53:56,9933.73,6075.46
2022-07-24 23:53:55,9969.64,6039.54
2022-07-24 23:53:54,10155.3,5853.92
2022-07-24 23:53:53,10269.3,5739.92
2022-07-24 23:53:52,10327.5,5681.67
2022-07-24 23:53:51,9867.25,6141.93
2022-07-24 23:53:50,9898.78,6110.41
2022-07-24 23:53:49,9944.1,6065.09
2022-07-24 23:53:48,9984.41,6024.78
2022-07-24 23:53:47,9355.58,6653.61
2022-07-24 23:53:46,9355.88,6653.31
2022-07-24 23:53:45,9355.77,6653.41
2022-07-24 23:53:44,9375.4,6633.79
2022-07-24 23:53:43,9388.57,6620.61
2022-07-24 23:53:42,9402.39,6606.8
2022-07-24 23:53:41,9403.92,6605.27
2022-07-24 23:53:40,9406.55,6602.64
2022-07-24 23:53:39,9409.07,6600.12
2022-07-24 23:53:38,9409.07,6600.12
2022-07-24 23:53:37,9411.55,6597.64
2022-07-24 23:53:36,9411.46,6597.73
2022-07-24 23:53:35,9411.97,6597.21
2022-07-24 23:53:34,9410.91,6598.28
2022-07-24 23:53:33,9411.01,6598.18
2022-07-24 23:53:32,9411.84,6597.35
2022-07-24 23:53:31,9435.74,6573.45
2022-07-24 23:53:30,9450.85,6558.34
2022-07-24 23:53:29,9477.5,6531.69
2022-07-24 23:53:28,9487.62,6521.57
2022-07-24 23:53:27,9488.01,6521.18
2022-07-24 23:53:26,9555.61,6453.58
2022-07-24 23:53:25,9809.3,6199.89
2022-07-24 23:53:24,9934.47,6074.71
2022-07-24 23:53:23,10110.9,5898.24
2022-07-24 23:53:22,10393.5,5615.67
2022-07-24 23:53:21,10511.2,5497.98
2022-07-24 23:53:20,10562.4,5446.83
2022-07-24 23:53:19,10645.2,5364.02
2022-07-24 23:53:18,10765.4,5243.84
2022-07-24 23:53:17,10877.3,5131.89
2022-07-24 23:53:16,10415.5,5593.68
2022-07-24 23:53:15,9338.42,6670.77
2022-07-24 23:53:14,9338.1,6671.09
2022-07-24 23:53:13,9336.89,6672.29
2022-07-24 23:53:12,9339.88,6669.3
2022-07-24 23:53:11,9338.73,6670.46
2022-07-24 23:53:10,9339.14,6670.05
2022-07-24 23:53:09,9339.53,6669.66
2022-07-24 23:53:08,9343.07,6666.12
2022-07-24 23:53:07,9345.48,6663.7
2022-07-24 23:53:06,9345.91,6663.27
2022-07-24 23:53:05,9342.56,6666.63
2022-07-24 23:53:04,9345.22,6663.97
2022-07-24 23:53:03,9344.94,6664.25
2022-07-24 23:53:02,9355.94,6653.24
2022-07-24 23:53:01,9378.18,6631.01
2022-07-24 23:53:00,9377.95,6631.24
2022-07-24 23:52:59,9377.77,6631.42
2022-07-24 23:52:58,9382.43,6626.76
2022-07-24 23:52:57,9384.16,6625.02
2022-07-24 23:52:56,9410.81,6598.38
2022-07-24 23:52:55,9470.14,6539.05
2022-07-24 23:52:54,9479.26,6529.93
2022-07-24 23:52:53,9520.38,6488.8
2022-07-24 23:52:52,9656.69,6352.5
2022-07-24 23:52:51,9926.32,6082.87
2022-07-24 23:52:50,10062.2,5946.94
2022-07-24 23:52:49,10160,5849.2
2022-07-24 23:52:48,10205.5,5803.65
2022-07-24 23:52:47,10273.2,5735.98
2022-07-24 23:52:46,10341.7,5667.45
2022-07-24 23:52:45,9907.65,6101.54
2022-07-24 23:52:44,9951.46,6057.73
2022-07-24 23:52:43,9952.01,6057.18
2022-07-24 23:52:42,9470.42,6538.77
2022-07-24 23:52:41,9470.53,6538.66
2022-07-24 23:52:40,9485.86,6523.33
2022-07-24 23:52:39,9485.14,6524.05
2022-07-24 23:52:38,9486.72,6522.47
2022-07-24 23:52:37,9488.56,6520.63
2022-07-24 23:52:36,9490.12,6519.07
2022-07-24 23:52:35,9488.19,6521
2022-07-24 23:52:34,9489.63,6519.56
2022-07-24 23:52:33,9490.36,6518.83
2022-07-24 23:52:32,9490.62,6518.57
2022-07-24 23:52:31,9491.96,6517.23
2022-07-24 23:52:30,9496.04,6513.14
2022-07-24 23:52:29,9510.28,6498.91
2022-07-24 23:52:28,9530.32,6478.87
2022-07-24 23:52:27,9531,6478.19
2022-07-24 23:52:26,9563.56,6445.62
2022-07-24 23:52:25,9636.67,6372.52
2022-07-24 23:52:24,9712.89,6296.3
2022-07-24 23:52:23,9731.56,6277.63
2022-07-24 23:52:22,9764.42,6244.77
2022-07-24 23:52:21,9954.42,6054.77
2022-07-24 23:52:20,10211.9,5797.32
2022-07-24 23:52:19,10519.5,5489.66
2022-07-24 23:52:18,10613.4,5395.75
2022-07-24 23:52:17,10703.3,5305.86
2022-07-24 23:52:16,10782,5227.21
2022-07-24 23:52:15,10877.2,5131.96
2022-07-24 23:52:14,11013.9,4995.3
2022-07-24 23:52:13,10464.7,5544.5
2022-07-24 23:52:12,9378.1,6631.08
2022-07-24 23:52:11,9383.45,6625.74
2022-07-24 23:52:10,9402.51,6606.68
2022-07-24 23:52:09,9403.05,6606.14
2022-07-24 23:52:08,9401.9,6607.28
2022-07-24 23:52:07,9403,6606.19
2022-07-24 23:52:06,9405.02,6604.17
2022-07-24 23:52:05,9407.18,6602.01
2022-07-24 23:52:04,9409.36,6599.82
2022-07-24 23:52:03,9410.59,6598.6
2022-07-24 23:52:02,9410.31,6598.88
2022-07-24 23:52:01,9411.61,6597.57
2022-07-24 23:52:00,9410.85,6598.33
2022-07-24 23:51:59,9412.98,6596.21
2022-07-24 23:51:58,9432.55,6576.64
2022-07-24 23:51:57,9459.39,6549.79
2022-07-24 23:51:56,9465.5,6543.69
2022-07-24 23:51:55,9465.77,6543.41
2022-07-24 23:51:54,9467.49,6541.7
2022-07-24 23:51:53,9507.28,6501.9
2022-07-24 23:51:52,9533.1,6476.09
2022-07-24 23:51:51,9566.97,6442.21
2022-07-24 23:51:50,9716.83,6292.36
2022-07-24 23:51:49,9797.55,6211.64
2022-07-24 23:51:48,9988.39,6020.8
2022-07-24 23:51:47,10038,5971.18
2022-07-24 23:51:46,10081.5,5927.7
2022-07-24 23:51:45,10142.6,5866.55
2022-07-24 23:51:44,10246.2,5763.01
2022-07-24 23:51:43,9853.25,6155.94
2022-07-24 23:51:42,9869.39,6139.79
2022-07-24 23:51:41,9237.5,6771.68
2022-07-24 23:51:40,9238.07,6771.12
2022-07-24 23:51:39,9239.52,6769.67
2022-07-24 23:51:38,9238.92,6770.27
2022-07-24 23:51:37,9238.13,6771.06
2022-07-24 23:51:36,9239.77,6769.42
2022-07-24 23:51:35,9258.81,6750.37
2022-07-24 23:51:34,9257.9,6751.29
2022-07-24 23:51:33,9258.03,6751.16
2022-07-24 23:51:32,9261.19,6748
2022-07-24 23:51:31,9263.11,6746.08
2022-07-24 23:51:30,9263.26,6745.93
2022-07-24 23:51:29,9262.06,6747.12
2022-07-24 23:51:28,9263.28,6745.91
2022-07-24 23:51:27,9263.38,6745.81
2022-07-24 23:51:26,9264.27,6744.91
2022-07-24 23:51:25,9264.64,6744.54
2022-07-24 23:51:24,9265.23,6743.96
2022-07-24 23:51:23,9288.94,6720.25
2022-07-24 23:51:22,9288.85,6720.34
2022-07-24 23:51:21,9385.32,6623.86
2022-07-24 23:51:20,9394.03,6615.16
2022-07-24 23:51:19,9394.14,6615.05
2022-07-24 23:51:18,9428.06,6581.12
2022-07-24 23:51:17,10061.1,5948.08
2022-07-24 23:51:16,10143.2,5866
2022-07-24 23:51:15,10285,5724.23
2022-07-24 23:51:14,10466.8,5542.39
2022-07-24 23:51:13,10553.7,5455.48
2022-07-24 23:51:12,10593.1,5416.09
2022-07-24 23:51:11,10700.3,5308.86
2022-07-24 23:51:10,10824.8,5184.36
2022-07-24 23:51:09,10275.1,5734.07
2022-07-24 23:51:08,9694.66,6314.53
2022-07-24 23:51:07,9695.02,6314.17
2022-07-24 23:51:06,9075.9,6933.29
2022-07-24 23:51:05,9087.64,6921.55
2022-07-24 23:51:04,9087.51,6921.68
2022-07-24 23:51:03,9089.2,6919.99
2022-07-24 23:51:02,9089.49,6919.7
2022-07-24 23:51:01,9091.07,6918.12
2022-07-24 23:51:00,9091.46,6917.72
2022-07-24 23:50:59,9093.2,6915.98
2022-07-24 23:50:58,9092.3,6916.88
2022-07-24 23:50:57,9093.26,6915.93
2022-07-24 23:50:56,9093.99,6915.2
2022-07-24 23:50:55,9094.64,6914.54
2022-07-24 23:50:54,9104.43,6904.75
2022-07-24 23:50:53,9114.3,6894.89
2022-07-24 23:50:52,9113.18,6896.01
2022-07-24 23:50:51,9114.19,6895
2022-07-24 23:50:50,9177.94,6831.25
2022-07-24 23:50:49,9195.81,6813.37
2022-07-24 23:50:48,9230.09,6779.09
2022-07-24 23:50:47,9374.92,6634.27
2022-07-24 23:50:46,9721.77,6287.42
2022-07-24 23:50:45,9793.4,6215.78
2022-07-24 23:50:44,9849.3,6159.89
2022-07-24 23:50:43,9900.41,6108.78
2022-07-24 23:50:42,9966.33,6042.86
2022-07-24 23:50:41,10055.6,5953.59
2022-07-24 23:50:40,9862.35,6146.84
2022-07-24 23:50:39,9167.88,6841.31
2022-07-24 23:50:38,9168.43,6840.76
2022-07-24 23:50:37,9168.9,6840.29
2022-07-24 23:50:36,9169.13,6840.05
2022-07-24 23:50:35,9170.4,6838.78
2022-07-24 23:50:34,9171.27,6837.92
2022-07-24 23:50:33,9172.94,6836.25
2022-07-24 23:50:32,9172.58,6836.61
2022-07-24 23:50:31,9174.57,6834.62
2022-07-24 23:50:30,9178.16,6831.03
2022-07-24 23:50:29,9179.08,6830.11
2022-07-24 23:50:28,9179.29,6829.9
2022-07-24 23:50:27,9178.56,6830.63
2022-07-24 23:50:26,9178.59,6830.6
2022-07-24 23:50:25,9179.36,6829.82
2022-07-24 23:50:24,9179.84,6829.35
2022-07-24 23:50:23,9180.96,6828.23
2022-07-24 23:50:22,9180.07,6829.12
2022-07-24 23:50:21,9204,6805.19
2022-07-24 23:50:20,9207.02,6802.17
2022-07-24 23:50:19,9207.14,6802.04
2022-07-24 23:50:18,9207.6,6801.59
2022-07-24 23:50:17,9273.79,6735.4
2022-07-24 23:50:16,9323.96,6685.23
2022-07-24 23:50:15,9354.79,6654.4
2022-07-24 23:50:14,9464.4,6544.79
2022-07-24 23:50:13,9821.72,6187.46
2022-07-24 23:50:12,10051.8,5957.43
2022-07-24 23:50:11,10322,5687.17
2022-07-24 23:50:10,10556.6,5452.54
2022-07-24 23:50:09,10675,5334.15
2022-07-24 23:50:08,10759.4,5249.8
2022-07-24 23:50:07,10872.4,5136.82
2022-07-24 23:50:06,10980.3,5028.88
2022-07-24 23:50:05,10615.6,5393.58
2022-07-24 23:50:04,10173.4,5835.74
2022-07-24 23:50:03,9554.19,6455
2022-07-24 23:50:02,9555.09,6454.1
2022-07-24 23:50:01,9559.09,6450.09
2022-07-24 23:50:00,9572.98,6436.21
2022-07-24 23:49:59,9580.66,6428.53
2022-07-24 23:49:58,9597.37,6411.82
2022-07-24 23:49:57,9599.43,6409.76
2022-07-24 23:49:56,9601.96,6407.23
2022-07-24 23:49:55,9603.84,6405.35
2022-07-24 23:49:54,9603.88,6405.3
2022-07-24 23:49:53,9604.59,6404.6
2022-07-24 23:49:52,9604.3,6404.89
2022-07-24 23:49:51,9604.12,6405.07
2022-07-24 23:49:50,9604.13,6405.06
2022-07-24 23:49:49,9608.14,6401.05
2022-07-24 23:49:48,9631.08,6378.11
2022-07-24 23:49:47,9653.31,6355.88
2022-07-24 23:49:46,9654.58,6354.61
2022-07-24 23:49:45,9654.28,6354.91
2022-07-24 23:49:44,9671.67,6337.52
2022-07-24 23:49:43,9715.82,6293.37
2022-07-24 23:49:42,9762.23,6246.96
2022-07-24 23:49:41,9919.21,6089.98
2022-07-24 23:49:40,10010.4,5998.83
2022-07-24 23:49:39,10199.2,5810.04
2022-07-24 23:49:38,10240.4,5768.75
2022-07-24 23:49:37,10278.1,5731.08
2022-07-24 23:49:36,10344.9,5664.3
2022-07-24 23:49:35,10433.6,5575.54
2022-07-24 23:49:34,10009.1,6000.11
2022-07-24 23:49:33,10025.8,5983.37
2022-07-24 23:49:32,9397.39,6611.79
2022-07-24 23:49:31,9399.09,6610.1
2022-07-24 23:49:30,9399.21,6609.97
2022-07-24 23:49:29,9400.17,6609.02
2022-07-24 23:49:28,9401.19,6608
2022-07-24 23:49:27,9417.02,6592.17
2022-07-24 23:49:26,9429.82,6579.37
2022-07-24 23:49:25,9427.92,6581.27
2022-07-24 23:49:24,9432.29,6576.9
2022-07-24 23:49:23,9434.45,6574.73
2022-07-24 23:49:22,9435.82,6573.37
2022-07-24 23:49:21,9434.71,6574.48
2022-07-24 23:49:20,9436.01,6573.18
2022-07-24 23:49:19,9435.7,6573.49
2022-07-24 23:49:18,9436.93,6572.26
2022-07-24 23:49:17,9453.04,6556.15
2022-07-24 23:49:16,9453.89,6555.3
2022-07-24 23:49:15,9456.59,6552.6
2022-07-24 23:49:14,9469.67,6539.52
2022-07-24 23:49:13,9468.22,6540.97
2022-07-24 23:49:12,9471.32,6537.87
2022-07-24 23:49:11,9470.58,6538.61
2022-07-24 23:49:10,9544.93,6464.26
2022-07-24 23:49:09,9581.93,6427.25
2022-07-24 23:49:08,9631.43,6377.75
2022-07-24 23:49:07,9920.78,6088.41
2022-07-24 23:49:06,10026.9,5982.26
2022-07-24 23:49:05,10063.3,5945.86
2022-07-24 23:49:04,10393.7,5615.51
2022-07-24 23:49:03,10466.7,5542.54
2022-07-24 23:49:02,10627.7,5381.47
2022-07-24 23:49:01,10751.8,5257.39
2022-07-24 23:49:00,10828,5181.15
2022-07-24 23:48:59,9791.22,6217.97
2022-07-24 23:48:58,9820.2,6188.99
2022-07-24 23:48:57,9711.23,6297.96
2022-07-24 23:48:56,9226.47,6782.71
2022-07-24 23:48:55,9224.77,6784.41
2022-07-24 23:48:54,9223.55,6785.63
2022-07-24 23:48:53,9225.63,6783.56
2022-07-24 23:48:52,9226.54,6782.65
2022-07-24 23:48:51,9228.32,6780.87
2022-07-24 23:48:50,9229.36,6779.83
2022-07-24 23:48:49,9230.62,6778.57
2022-07-24 23:48:48,9233.04,6776.15
2022-07-24 23:48:47,9230.17,6779.02
2022-07-24 23:48:46,9233.35,6775.84
2022-07-24 23:48:45,9233.9,6775.29
2022-07-24 23:48:44,9240.27,6768.92
2022-07-24 23:48:43,9262.55,6746.64
2022-07-24 23:48:42,9262.73,6746.45
2022-07-24 23:48:41,9279.15,6730.04
2022-07-24 23:48:40,9279.02,6730.17
2022-07-24 23:48:39,9290.74,6718.45
2022-07-24 23:48:38,9365.13,6644.06
2022-07-24 23:48:37,9372.98,6636.2
2022-07-24 23:48:36,9410.41,6598.77
2022-07-24 23:48:35,9858.9,6150.29
2022-07-24 23:48:34,9970.65,6038.53
2022-07-24 23:48:33,10024.2,5984.99
2022-07-24 23:48:32,10070.2,5939.02
2022-07-24 23:48:31,10105.4,5903.75
2022-07-24 23:48:30,10196.8,5812.38
2022-07-24 23:48:29,10295,5714.2
2022-07-24 23:48:28,10218.7,5790.47
2022-07-24 23:48:27,9251.07,6758.12
2022-07-24 23:48:26,9256.68,6752.51
2022-07-24 23:48:25,9254.69,6754.5
2022-07-24 23:48:24,9257.28,6751.91
2022-07-24 23:48:23,9256.52,6752.66
2022-07-24 23:48:22,9257.82,6751.36
2022-07-24 23:48:21,9257.21,6751.98
2022-07-24 23:48:20,9260.01,6749.18
2022-07-24 23:48:19,9259.81,6749.37
2022-07-24 23:48:18,9260.9,6748.28
2022-07-24 23:48:17,9263.57,6745.61
2022-07-24 23:48:16,9261.3,6747.88
2022-07-24 23:48:15,9261.19,6748
2022-07-24 23:48:14,9262.06,6747.13
2022-07-24 23:48:13,9262.67,6746.52
2022-07-24 23:48:12,9263.03,6746.16
2022-07-24 23:48:11,9263.74,6745.45
2022-07-24 23:48:10,9267.16,6742.03
2022-07-24 23:48:09,9287.64,6721.55
2022-07-24 23:48:08,9294.36,6714.82
2022-07-24 23:48:07,9294.91,6714.28
2022-07-24 23:48:06,9336.67,6672.52
2022-07-24 23:48:05,9335.97,6673.21
2022-07-24 23:48:04,9353.52,6655.66
2022-07-24 23:48:03,9721.89,6287.3
2022-07-24 23:48:02,9814.25,6194.94
2022-07-24 23:48:01,9899.47,6109.72
2022-07-24 23:48:00,9962.27,6046.92
2022-07-24 23:47:59,10294.6,5714.55
2022-07-24 23:47:58,10474.8,5534.35
2022-07-24 23:47:57,10619,5390.23
2022-07-24 23:47:56,10695.2,5313.99
2022-07-24 23:47:55,10302.7,5706.53
2022-07-24 23:47:54,10368.1,5641.06
2022-07-24 23:47:53,10450.6,5558.55
2022-07-24 23:47:52,9846.72,6162.46
2022-07-24 23:47:51,9223.63,6785.56
2022-07-24 23:47:50,9227.48,6781.71
2022-07-24 23:47:49,9243.8,6765.39
2022-07-24 23:47:48,9246.59,6762.6
2022-07-24 23:47:47,9246.86,6762.33
2022-07-24 23:47:46,9248.51,6760.68
2022-07-24 23:47:45,9249.75,6759.44
2022-07-24 23:47:44,9252.5,6756.69
2022-07-24 23:47:43,9251,6758.19
2022-07-24 23:47:42,9251.07,6758.12
2022-07-24 23:47:41,9252.46,6756.73
2022-07-24 23:47:40,9252.5,6756.69
2022-07-24 23:47:39,9252.89,6756.3
2022-07-24 23:47:38,9252.94,6756.25
2022-07-24 23:47:37,9252.91,6756.28
2022-07-24 23:47:36,9275.57,6733.62
2022-07-24 23:47:35,9275.52,6733.67
2022-07-24 23:47:34,9286.4,6722.79
2022-07-24 23:47:33,9346.94,6662.25
2022-07-24 23:47:32,9360.39,6648.79
2022-07-24 23:47:31,9388.2,6620.99
2022-07-24 23:47:30,9778.34,6230.84
2022-07-24 23:47:29,9929.21,6079.98
2022-07-24 23:47:28,10014.9,5994.26
2022-07-24 23:47:27,10072.4,5936.81
2022-07-24 23:47:26,10098.2,5910.94
2022-07-24 23:47:25,10186.9,5822.26
2022-07-24 23:47:24,10262,5747.16
2022-07-24 23:47:23,10320.7,5688.52
2022-07-24 23:47:22,9174.64,6834.55
2022-07-24 23:47:21,9179.04,6830.15
2022-07-24 23:47:20,9179.98,6829.21
2022-07-24 23:47:19,9179.08,6830.11
2022-07-24 23:47:18,9177.81,6831.38
2022-07-24 23:47:17,9180.71,6828.47
2022-07-24 23:47:16,9197.53,6811.66
2022-07-24 23:47:15,9197.79,6811.4
2022-07-24 23:47:14,9197.21,6811.97
2022-07-24 23:47:13,9202.03,6807.16
2022-07-24 23:47:12,9205.58,6803.61
2022-07-24 23:47:11,9204.31,6804.88
2022-07-24 23:47:10,9205.56,6803.63
2022-07-24 23:47:09,9203.7,6805.49
2022-07-24 23:47:08,9201.89,6807.3
2022-07-24 23:47:07,9203.01,6806.18
2022-07-24 23:47:06,9204.71,6804.48
2022-07-24 23:47:05,9217.05,6792.13
2022-07-24 23:47:04,9224.45,6784.74
2022-07-24 23:47:03,9226.99,6782.2
2022-07-24 23:47:02,9228.06,6781.13
2022-07-24 23:47:01,9228.83,6780.36
2022-07-24 23:47:00,9277.83,6731.36
2022-07-24 23:46:59,9318.17,6691.02
2022-07-24 23:46:58,9347.91,6661.28
2022-07-24 23:46:57,9506.63,6502.55
2022-07-24 23:46:56,9833.26,6175.93
2022-07-24 23:46:55,9949.36,6059.83
2022-07-24 23:46:54,10027,5982.18
2022-07-24 23:46:53,10077,5932.21
2022-07-24 23:46:52,10386.3,5622.92
2022-07-24 23:46:51,10563.1,5446.04
2022-07-24 23:46:50,10721.7,5287.44
2022-07-24 23:46:49,10337.6,5671.55
2022-07-24 23:46:48,9871.36,6137.83
2022-07-24 23:46:47,9923.86,6085.33
2022-07-24 23:46:46,9985.71,6023.47
2022-07-24 23:46:45,9472.43,6536.76
2022-07-24 23:46:44,9474.96,6534.23
2022-07-24 23:46:43,9476.58,6532.61
2022-07-24 23:46:42,9476.8,6532.39
2022-07-24 23:46:41,9478.85,6530.34
2022-07-24 23:46:40,9482.28,6526.9
2022-07-24 23:46:39,9482.62,6526.57
2022-07-24 23:46:38,9497.77,6511.41
2022-07-24 23:46:37,9503.53,6505.65
2022-07-24 23:46:36,9504.91,6504.28
2022-07-24 23:46:35,9506.66,6502.53
2022-07-24 23:46:34,9507.62,6501.57
2022-07-24 23:46:33,9509.18,6500.01
2022-07-24 23:46:32,9529.84,6479.35
2022-07-24 23:46:31,9543.15,6466.04
2022-07-24 23:46:30,9543.09,6466.1
2022-07-24 23:46:29,9544.33,6464.86
2022-07-24 23:46:28,9543.98,6465.21
2022-07-24 23:46:27,9591.44,6417.75
2022-07-24 23:46:26,9612.81,6396.38
2022-07-24 23:46:25,9658.06,6351.12
2022-07-24 23:46:24,9900.92,6108.27
2022-07-24 23:46:23,10020.9,5988.32
2022-07-24 23:46:22,10233.5,5775.73
2022-07-24 23:46:21,10321.2,5688.03
2022-07-24 23:46:20,10358.3,5650.88
2022-07-24 23:46:19,10415.2,5593.95
2022-07-24 23:46:18,10482.7,5526.52
2022-07-24 23:46:17,10592.3,5416.91
2022-07-24 23:46:16,10120.1,5889.09
2022-07-24 23:46:15,9618.38,6390.81
2022-07-24 23:46:14,9619.34,6389.85
2022-07-24 23:46:13,9620.24,6388.95
2022-07-24 23:46:12,9619.27,6389.92
2022-07-24 23:46:11,9635.91,6373.27
2022-07-24 23:46:10,9634.18,6375.01
2022-07-24 23:46:09,9634.64,6374.54
2022-07-24 23:46:08,9639.3,6369.88
2022-07-24 23:46:07,9647.78,6361.41
2022-07-24 23:46:06,9648.98,6360.21
2022-07-24 23:46:05,9647.12,6362.07
2022-07-24 23:46:04,9701.63,6307.55
2022-07-24 23:46:03,9707.9,6301.29
2022-07-24 23:46:02,9708.48,6300.7
2022-07-24 23:46:01,9710.65,6298.54
2022-07-24 23:46:00,9710.64,6298.54
2022-07-24 23:45:59,9741.84,6267.35
2022-07-24 23:45:58,9763.3,6245.88
2022-07-24 23:45:57,9764.5,6244.69
2022-07-24 23:45:56,9764.8,6244.39
2022-07-24 23:45:55,9801.41,6207.77
2022-07-24 23:45:54,9807.78,6201.41
2022-07-24 23:45:53,9853.56,6155.62
2022-07-24 23:45:52,10043.4,5965.75
2022-07-24 23:45:51,10090.4,5918.82
2022-07-24 23:45:50,10159.2,5849.94
2022-07-24 23:45:49,10310.6,5698.56
2022-07-24 23:45:48,10390.1,5619.09
2022-07-24 23:45:47,10593.6,5415.62
2022-07-24 23:45:46,10722.3,5286.86
2022-07-24 23:45:45,10787.4,5221.74
2022-07-24 23:45:44,10278.5,5730.71
2022-07-24 23:45:43,10355.5,5653.68
2022-07-24 23:45:42,10418.1,5591.06
2022-07-24 23:45:41,9943.45,6065.73
2022-07-24 23:45:40,9315.4,6693.79
2022-07-24 23:45:39,9315.91,6693.27
2022-07-24 23:45:38,9316.66,6692.53
2022-07-24 23:45:37,9316.55,6692.64
2022-07-24 23:45:36,9318.84,6690.35
2022-07-24 23:45:35,9322.24,6686.95
2022-07-24 23:45:34,9326.65,6682.54
2022-07-24 23:45:33,9326.24,6682.95
2022-07-24 23:45:32,9348.16,6661.02
2022-07-24 23:45:31,9352.77,6656.41
2022-07-24 23:45:30,9356.38,6652.81
2022-07-24 23:45:29,9355.64,6653.54
2022-07-24 23:45:28,9361.23,6647.95
2022-07-24 23:45:27,9365.87,6643.31
2022-07-24 23:45:26,9395.47,6613.72
2022-07-24 23:45:25,9395.96,6613.22
2022-07-24 23:45:24,9395.64,6613.55
2022-07-24 23:45:23,9396.32,6612.86
2022-07-24 23:45:22,9398.97,6610.22
2022-07-24 23:45:21,9450.75,6558.43
2022-07-24 23:45:20,9516.65,6492.53
2022-07-24 23:45:19,9523.95,6485.24
2022-07-24 23:45:18,9643.7,6365.48
2022-07-24 23:45:17,9953.08,6056.11
2022-07-24 23:45:16,9985.36,6023.82
2022-07-24 23:45:15,10040,5969.17
2022-07-24 23:45:14,10064.6,5944.57
2022-07-24 23:45:13,10150.1,5859.05
2022-07-24 23:45:12,10229.8,5779.44
2022-07-24 23:45:11,10292.8,5716.44
2022-07-24 23:45:10,9169.64,6839.55
2022-07-24 23:45:09,9187.66,6821.53
2022-07-24 23:45:08,9189.68,6819.5
2022-07-24 23:45:07,9198.71,6810.48
2022-07-24 23:45:06,9199.04,6810.15
2022-07-24 23:45:05,9200.02,6809.16
2022-07-24 23:45:04,9199.46,6809.73
2022-07-24 23:45:03,9214.64,6794.55
2022-07-24 23:45:02,9216.7,6792.48
2022-07-24 23:45:01,9215.83,6793.36
2022-07-24 23:45:00,9221.72,6787.46
2022-07-24 23:44:59,9224.95,6784.23
2022-07-24 23:44:58,9226.24,6782.95
2022-07-24 23:44:57,9228.88,6780.31
2022-07-24 23:44:56,9238.32,6770.87
2022-07-24 23:44:55,9241.3,6767.89
2022-07-24 23:44:54,9241.09,6768.09
2022-07-24 23:44:53,9253.5,6755.69
2022-07-24 23:44:52,9255.23,6753.96
2022-07-24 23:44:51,9264.12,6745.06
2022-07-24 23:44:50,9311.44,6697.75
2022-07-24 23:44:49,9313.25,6695.94
2022-07-24 23:44:48,9318.84,6690.35
2022-07-24 23:44:47,9338,6671.19
2022-07-24 23:44:46,9339.05,6670.14
2022-07-24 23:44:45,9469.64,6539.55
2022-07-24 23:44:44,9488.89,6520.3
2022-07-24 23:44:43,9508.71,6500.48
2022-07-24 23:44:42,9941.18,6068
2022-07-24 23:44:41,10083.5,5925.73
2022-07-24 23:44:40,10428.2,5580.97
2022-07-24 23:44:39,10599.9,5409.32
2022-07-24 23:44:38,10808.5,5200.66
2022-07-24 23:44:37,11240,4769.15
2022-07-24 23:44:36,11414.5,4594.68
2022-07-24 23:44:35,11537.4,4471.8
2022-07-24 23:44:34,11708.3,4300.89
2022-07-24 23:44:33,11370.6,4638.57
2022-07-24 23:44:32,10979.5,5029.7
2022-07-24 23:44:31,9879.43,6129.76
2022-07-24 23:44:30,9263.96,6745.23
2022-07-24 23:44:29,9268.4,6740.79
2022-07-24 23:44:28,9268.67,6740.52
2022-07-24 23:44:27,9278.04,6731.14
2022-07-24 23:44:26,9287.36,6721.82
2022-07-24 23:44:25,9287.31,6721.88
2022-07-24 23:44:24,9300,6709.19
2022-07-24 23:44:23,9299.97,6709.22
2022-07-24 23:44:22,9313.03,6696.16
2022-07-24 23:44:21,9322.71,6686.48
2022-07-24 23:44:20,9327.77,6681.42
2022-07-24 23:44:19,9331.05,6678.14
2022-07-24 23:44:18,9346.12,6663.07
2022-07-24 23:44:17,9374.72,6634.46
2022-07-24 23:44:16,9374.96,6634.23
2022-07-24 23:44:15,9395.88,6613.31
2022-07-24 23:44:14,9444.31,6564.88
2022-07-24 23:44:13,9446.47,6562.72
2022-07-24 23:44:12,9462.88,6546.31
2022-07-24 23:44:11,9468.34,6540.85
2022-07-24 23:44:10,9501.19,6508
2022-07-24 23:44:09,9537.27,6471.92
2022-07-24 23:44:08,9548.33,6460.86
2022-07-24 23:44:07,9669.67,6339.52
2022-07-24 23:44:06,9706.93,6302.25
2022-07-24 23:44:05,9992.94,6016.25
2022-07-24 23:44:04,10388.2,5621
2022-07-24 23:44:03,10507.5,5501.71
2022-07-24 23:44:02,10674.8,5334.34
2022-07-24 23:44:01,10865.1,5144.09
2022-07-24 23:44:00,10987.5,5021.67
2022-07-24 23:43:59,11316.8,4692.37
2022-07-24 23:43:58,11522.6,4486.64
2022-07-24 23:43:57,11740.8,4268.39
2022-07-24 23:43:56,10853,5156.17
2022-07-24 23:43:55,10278.5,5730.65
2022-07-24 23:43:54,9819.6,6189.59
2022-07-24 23:43:53,9865.56,6143.63
2022-07-24 23:43:52,9245.92,6763.27
2022-07-24 23:43:51,9250.16,6759.02
2022-07-24 23:43:50,9255.73,6753.45
2022-07-24 23:43:49,9255.6,6753.59
2022-07-24 23:43:48,9257.74,6751.44
2022-07-24 23:43:47,9258.84,6750.35
2022-07-24 23:43:46,9269.88,6739.3
2022-07-24 23:43:45,9270.02,6739.17
2022-07-24 23:43:44,9275.96,6733.23
2022-07-24 23:43:43,9286.9,6722.28
2022-07-24 23:43:42,9302.42,6706.77
2022-07-24 23:43:41,9304.13,6705.05
2022-07-24 23:43:40,9321.83,6687.36
2022-07-24 23:43:39,9364.86,6644.33
2022-07-24 23:43:38,9368.01,6641.18
2022-07-24 23:43:37,9383.89,6625.29
2022-07-24 23:43:36,9428.43,6580.75
2022-07-24 23:43:35,9430.47,6578.72
2022-07-24 23:43:34,9454,6555.18
2022-07-24 23:43:33,9504.2,6504.99
2022-07-24 23:43:32,9494.53,6514.66
2022-07-24 23:43:31,9614.1,6395.08
2022-07-24 23:43:30,9666.19,6343
2022-07-24 23:43:29,9724.14,6285.04
2022-07-24 23:43:28,10308.3,5700.86
2022-07-24 23:43:27,10475,5534.23
2022-07-24 23:43:26,10583.8,5425.39
2022-07-24 23:43:25,10710.9,5298.29
2022-07-24 23:43:24,10891,5118.19
2022-07-24 23:43:23,11053.5,4955.69
2022-07-24 23:43:22,11420.4,4588.75
2022-07-24 23:43:21,11635.2,4373.96
2022-07-24 23:43:20,11813.6,4195.64
2022-07-24 23:43:19,10298.5,5710.65
2022-07-24 23:43:18,10373.9,5635.24
2022-07-24 23:43:17,9389.82,6619.36
2022-07-24 23:43:16,9390.41,6618.78
2022-07-24 23:43:15,9394.53,6614.65
2022-07-24 23:43:14,9396.47,6612.72
2022-07-24 23:43:13,9402.53,6606.66
2022-07-24 23:43:12,9405.07,6604.11
2022-07-24 23:43:11,9407.64,6601.54
2022-07-24 23:43:10,9418.86,6590.33
2022-07-24 23:43:09,9417.49,6591.7
2022-07-24 23:43:08,9422.56,6586.63
2022-07-24 23:43:07,9423.43,6585.75
2022-07-24 23:43:06,9437.66,6571.52
2022-07-24 23:43:05,9439.75,6569.44
2022-07-24 23:43:04,9442.28,6566.91
2022-07-24 23:43:03,9454.55,6554.63
2022-07-24 23:43:02,9458.11,6551.07
2022-07-24 23:43:01,9463.32,6545.87
2022-07-24 23:43:00,9507.98,6501.21
2022-07-24 23:42:59,9506.34,6502.84
2022-07-24 23:42:58,9543.28,6465.91
2022-07-24 23:42:57,9603.43,6405.76
2022-07-24 23:42:56,9613.67,6395.52
2022-07-24 23:42:55,9655.24,6353.95
2022-07-24 23:42:54,9761.18,6248
2022-07-24 23:42:53,9833.5,6175.69
2022-07-24 23:42:52,10235.8,5773.34
2022-07-24 23:42:51,10434.5,5574.7
2022-07-24 23:42:50,10745,5264.16
2022-07-24 23:42:49,10831.2,5178.01
2022-07-24 23:42:48,10935.2,5073.99
2022-07-24 23:42:47,11225.8,4783.36
2022-07-24 23:42:46,11439.3,4569.87
2022-07-24 23:42:45,11580.5,4428.65
2022-07-24 23:42:44,11751.6,4257.58
2022-07-24 23:42:43,10290.1,5719.05
2022-07-24 23:42:42,10366.8,5642.37
2022-07-24 23:42:41,10470.9,5538.27
2022-07-24 23:42:40,9971.84,6037.35
2022-07-24 23:42:39,9349.18,6660.01
2022-07-24 23:42:38,9349.75,6659.44
2022-07-24 23:42:37,9350.54,6658.65
2022-07-24 23:42:36,9354.38,6654.81
2022-07-24 23:42:35,9363.36,6645.83
2022-07-24 23:42:34,9366.64,6642.55
2022-07-24 23:42:33,9368.18,6641
2022-07-24 23:42:32,9380.31,6628.88
2022-07-24 23:42:31,9393.16,6616.03
2022-07-24 23:42:30,9401.01,6608.18
2022-07-24 23:42:29,9421.69,6587.5
2022-07-24 23:42:28,9426.39,6582.79
2022-07-24 23:42:27,9441.87,6567.32
2022-07-24 23:42:26,9488.92,6520.27
2022-07-24 23:42:25,9488.52,6520.66
2022-07-24 23:42:24,9522.73,6486.46
2022-07-24 23:42:23,9553.16,6456.03
2022-07-24 23:42:22,9576.16,6433.02
2022-07-24 23:42:21,9619.75,6389.44
2022-07-24 23:42:20,9663.73,6345.45
2022-07-24 23:42:19,9687.86,6321.33
2022-07-24 23:42:18,9785.8,6223.38
2022-07-24 23:42:17,9838.09,6171.1
2022-07-24 23:42:16,10089.3,5919.93
2022-07-24 23:42:15,10296.1,5713.04
2022-07-24 23:42:14,10436,5573.16
2022-07-24 23:42:13,10655.9,5353.31
2022-07-24 23:42:12,10968.6,5040.56
2022-07-24 23:42:11,11105.2,4903.96
2022-07-24 23:42:10,11284,4725.14
2022-07-24 23:42:09,11516.6,4492.55
2022-07-24 23:42:08,11262.7,4746.51
2022-07-24 23:42:07,10684.1,5325.06
2022-07-24 23:42:06,10692,5317.14
2022-07-24 23:42:05,10234.8,5774.4
2022-07-24 23:42:04,9799.49,6209.7
2022-07-24 23:42:03,9290.72,6718.47
2022-07-24 23:42:02,9294.07,6715.12
2022-07-24 23:42:01,9293.46,6715.72
2022-07-24 23:42:00,9295.46,6713.72
2022-07-24 23:41:59,9296.25,6712.93
2022-07-24 23:41:58,9309.87,6699.32
2022-07-24 23:41:57,9312.35,6696.84
2022-07-24 23:41:56,9327.09,6682.1
2022-07-24 23:41:55,9345.66,6663.53
2022-07-24 23:41:54,9345.04,6664.15
2022-07-24 23:41:53,9365.44,6643.74
2022-07-24 23:41:52,9367.68,6641.51
2022-07-24 23:41:51,9385.07,6624.12
2022-07-24 23:41:50,9386.94,6622.25
2022-07-24 23:41:49,9411.98,6597.2
2022-07-24 23:41:48,9450.74,6558.45
2022-07-24 23:41:47,9452.91,6556.28
2022-07-24 23:41:46,9495.09,6514.09
2022-07-24 23:41:45,9503.4,6505.79
2022-07-24 23:41:44,9523.05,6486.13
2022-07-24 23:41:43,9565.43,6443.76
2022-07-24 23:41:42,9598.42,6410.77
2022-07-24 23:41:41,9677.89,6331.29
2022-07-24 23:41:40,9758.59,6250.6
2022-07-24 23:41:39,10164.7,5844.47
2022-07-24 23:41:38,10367.2,5641.97
2022-07-24 23:41:37,10653.3,5355.89
2022-07-24 23:41:36,10802.6,5206.56
2022-07-24 23:41:35,11066.2,4942.98
2022-07-24 23:41:34,11309.3,4699.86
2022-07-24 23:41:33,11432.3,4576.85
2022-07-24 23:41:32,11556,4453.18
2022-07-24 23:41:31,11708.9,4300.32
2022-07-24 23:41:30,11698.9,4310.32
2022-07-24 23:41:29,10469,5540.21
2022-07-24 23:41:28,9372.9,6636.29
2022-07-24 23:41:27,9376.56,6632.63
2022-07-24 23:41:26,9389.3,6619.88
2022-07-24 23:41:25,9390.75,6618.44
2022-07-24 23:41:24,9393.17,6616.02
2022-07-24 23:41:23,9404.95,6604.23
2022-07-24 23:41:22,9408.47,6600.72
2022-07-24 23:41:21,9407.4,6601.79
2022-07-24 23:41:20,9425.1,6584.09
2022-07-24 23:41:19,9432.2,6576.98
2022-07-24 23:41:18,9433.06,6576.13
2022-07-24 23:41:17,9448.48,6560.71
2022-07-24 23:41:16,9466.69,6542.5
2022-07-24 23:41:15,9472.73,6536.46
2022-07-24 23:41:14,9497.48,6511.71
2022-07-24 23:41:13,9531.21,6477.98
2022-07-24 23:41:12,9533.05,6476.13
2022-07-24 23:41:11,9581.98,6427.2
2022-07-24 23:41:10,9607.77,6401.41
2022-07-24 23:41:09,9613.03,6396.16
2022-07-24 23:41:08,9702.07,6307.12
2022-07-24 23:41:07,9706.03,6303.15
2022-07-24 23:41:06,9756.18,6253.01
2022-07-24 23:41:05,9791.8,6217.38
2022-07-24 23:41:04,9884.77,6124.42
2022-07-24 23:41:03,10067.3,5941.87
2022-07-24 23:41:02,10173.4,5835.84
2022-07-24 23:41:01,10457.6,5551.56
2022-07-24 23:41:00,10601.4,5407.81
2022-07-24 23:40:59,10987.2,5021.98
2022-07-24 23:40:58,11100.4,4908.77
2022-07-24 23:40:57,11234.1,4775.09
2022-07-24 23:40:56,11522.1,4487.13
2022-07-24 23:40:55,11045.5,4963.7
2022-07-24 23:40:54,11177.9,4831.32
2022-07-24 23:40:53,10532.9,5476.32
2022-07-24 23:40:52,9484.17,6525.02
2022-07-24 23:40:51,9524.77,6484.42
2022-07-24 23:40:50,9532.38,6476.81
2022-07-24 23:40:49,8904.1,7105.09
2022-07-24 23:40:48,8904.8,7104.39
2022-07-24 23:40:47,8905.04,7104.15
2022-07-24 23:40:46,8906.51,7102.68
2022-07-24 23:40:45,8906.31,7102.88
2022-07-24 23:40:44,8905.82,7103.37
2022-07-24 23:40:43,8905.92,7103.27
2022-07-24 23:40:42,8906.62,7102.57
2022-07-24 23:40:41,8905.54,7103.64
2022-07-24 23:40:40,8906.6,7102.59
2022-07-24 23:40:39,8907.9,7101.29
2022-07-24 23:40:38,8906.88,7102.3
2022-07-24 23:40:37,8906.3,7102.89
2022-07-24 23:40:36,8907.74,7101.45
2022-07-24 23:40:35,8907.47,7101.72
2022-07-24 23:40:34,8908.63,7100.56
2022-07-24 23:40:33,8907.71,7101.48
2022-07-24 23:40:32,8903.09,7106.1
2022-07-24 23:40:31,8904.38,7104.8
2022-07-24 23:40:30,8939.38,7069.81
2022-07-24 23:40:29,8965.69,7043.5
2022-07-24 23:40:28,9070.77,6938.42
2022-07-24 23:40:27,9375.8,6633.39
2022-07-24 23:40:26,9670.06,6339.13
2022-07-24 23:40:25,10090.7,5918.47
2022-07-24 23:40:24,10255.6,5753.59
2022-07-24 23:40:23,10380.9,5628.32
2022-07-24 23:40:22,10812.9,5196.24
2022-07-24 23:40:21,10922.8,5086.38
2022-07-24 23:40:20,11080.2,4928.99
2022-07-24 23:40:19,11490.2,4518.98
2022-07-24 23:40:18,11156.9,4852.25
2022-07-24 23:40:17,11297.9,4711.3
2022-07-24 23:40:16,10369.3,5639.93
2022-07-24 23:40:15,10449.5,5559.73
2022-07-24 23:40:14,10042.8,5966.37
2022-07-24 23:40:13,9376.19,6633
2022-07-24 23:40:12,9388.51,6620.68
2022-07-24 23:40:11,9390.97,6618.22
2022-07-24 23:40:10,9402.97,6606.21
2022-07-24 23:40:09,9405.97,6603.21
2022-07-24 23:40:08,9419.82,6589.36
2022-07-24 23:40:07,9419.62,6589.57
2022-07-24 23:40:06,9452.8,6556.39
2022-07-24 23:40:05,9467.3,6541.88
2022-07-24 23:40:04,9468.83,6540.36
2022-07-24 23:40:03,9485.32,6523.87
2022-07-24 23:40:02,9516.04,6493.15
2022-07-24 23:40:01,9520.67,6488.52
2022-07-24 23:40:00,9538.21,6470.98
2022-07-24 23:39:59,9572.94,6436.25
2022-07-24 23:39:58,9571.21,6437.98
2022-07-24 23:39:57,9593.47,6415.71
2022-07-24 23:39:56,9633.47,6375.72
2022-07-24 23:39:55,9636.02,6373.16
2022-07-24 23:39:54,9679.89,6329.29
2022-07-24 23:39:53,9703.99,6305.2
2022-07-24 23:39:52,9740.22,6268.97
2022-07-24 23:39:51,9797.61,6211.58
2022-07-24 23:39:50,9930.43,6078.76
2022-07-24 23:39:49,10173.7,5835.47
2022-07-24 23:39:48,10475.7,5533.49
2022-07-24 23:39:47,10574.1,5435.1
2022-07-24 23:39:46,10918.2,5090.97
2022-07-24 23:39:45,11079.3,4929.92
2022-07-24 23:39:44,11199.4,4809.75
2022-07-24 23:39:43,11469.8,4539.35
2022-07-24 23:39:42,11653.2,4355.97
2022-07-24 23:39:41,11807.6,4201.6
2022-07-24 23:39:40,10883.1,5126.06
2022-07-24 23:39:39,10350.2,5659.02
2022-07-24 23:39:38,9879.61,6129.57
2022-07-24 23:39:37,9892.24,6116.95
2022-07-24 23:39:36,9270.43,6738.76
2022-07-24 23:39:35,9272.99,6736.2
2022-07-24 23:39:34,9277.66,6731.53
2022-07-24 23:39:33,9277.48,6731.71
2022-07-24 23:39:32,9278.71,6730.47
2022-07-24 23:39:31,9279.81,6729.38
2022-07-24 23:39:30,9296.16,6713.03
2022-07-24 23:39:29,9296.3,6712.89
2022-07-24 23:39:28,9303.41,6705.77
2022-07-24 23:39:27,9304.8,6704.39
2022-07-24 23:39:26,9323.72,6685.46
2022-07-24 23:39:25,9325.21,6683.97
2022-07-24 23:39:24,9347.73,6661.46
2022-07-24 23:39:23,9367.48,6641.7
2022-07-24 23:39:22,9368.68,6640.51
2022-07-24 23:39:21,9391.78,6617.41
2022-07-24 23:39:20,9413.99,6595.2
2022-07-24 23:39:19,9444.87,6564.32
2022-07-24 23:39:18,9466.02,6543.17
2022-07-24 23:39:17,9478.86,6530.33
2022-07-24 23:39:16,9562.02,6447.17
2022-07-24 23:39:15,9659.82,6349.36
2022-07-24 23:39:14,9795.75,6213.43
2022-07-24 23:39:13,9916.28,6092.91
2022-07-24 23:39:12,10205.6,5803.6
2022-07-24 23:39:11,10492.3,5516.91
2022-07-24 23:39:10,10634.5,5374.72
2022-07-24 23:39:09,10875,5134.21
2022-07-24 23:39:08,11011.3,4997.87
2022-07-24 23:39:07,11121,4888.14
2022-07-24 23:39:06,11032,4977.18
2022-07-24 23:39:05,11173.2,4836
2022-07-24 23:39:04,10179.4,5829.8
2022-07-24 23:39:03,10243.4,5765.82
2022-07-24 23:39:02,10308.4,5700.76
2022-07-24 23:39:01,9736.8,6272.39
2022-07-24 23:39:00,9764.42,6244.77
2022-07-24 23:38:59,9271.59,6737.6
2022-07-24 23:38:58,9272.27,6736.92
2022-07-24 23:38:57,9273.22,6735.97
2022-07-24 23:38:56,9274.09,6735.09
2022-07-24 23:38:55,9287,6722.19
2022-07-24 23:38:54,9288.5,6720.69
2022-07-24 23:38:53,9289.43,6719.76
2022-07-24 23:38:52,9289.34,6719.85
2022-07-24 23:38:51,9311.61,6697.58
2022-07-24 23:38:50,9310.23,6698.96
2022-07-24 23:38:49,9311.24,6697.94
2022-07-24 23:38:48,9313.13,6696.06
2022-07-24 23:38:47,9331.2,6677.99
2022-07-24 23:38:46,9331.43,6677.75
2022-07-24 23:38:45,9331.35,6677.84
2022-07-24 23:38:44,9386.32,6622.87
2022-07-24 23:38:43,9404.34,6604.84
2022-07-24 23:38:42,9409.36,6599.82
2022-07-24 23:38:41,9427.3,6581.89
2022-07-24 23:38:40,9501.11,6508.07
2022-07-24 23:38:39,9567.61,6441.57
2022-07-24 23:38:38,9637.85,6371.34
2022-07-24 23:38:37,10132.8,5876.43
2022-07-24 23:38:36,10284.2,5725.02
2022-07-24 23:38:35,10399.1,5610.08
2022-07-24 23:38:34,10612.6,5396.61
2022-07-24 23:38:33,10956.3,5052.91
2022-07-24 23:38:32,11095.7,4913.48
2022-07-24 23:38:31,11259.7,4749.5
2022-07-24 23:38:30,11400.9,4608.29
2022-07-24 23:38:29,11297,4712.21
2022-07-24 23:38:28,10664.3,5344.84
2022-07-24 23:38:27,10601.3,5407.85
2022-07-24 23:38:26,10296.2,5713
2022-07-24 23:38:25,9728.5,6280.69
2022-07-24 23:38:24,9783.18,6226
2022-07-24 23:38:23,9169.33,6839.86
2022-07-24 23:38:22,9170.2,6838.98
2022-07-24 23:38:21,9169.32,6839.87
2022-07-24 23:38:20,9171.66,6837.53
2022-07-24 23:38:19,9171.27,6837.92
2022-07-24 23:38:18,9172.44,6836.75
2022-07-24 23:38:17,9180.12,6829.06
2022-07-24 23:38:16,9181.02,6828.16
2022-07-24 23:38:15,9180.8,6828.38
2022-07-24 23:38:14,9180.13,6829.06
2022-07-24 23:38:13,9198.14,6811.05
2022-07-24 23:38:12,9216.48,6792.71
2022-07-24 23:38:11,9219.11,6790.08
2022-07-24 23:38:10,9234.09,6775.1
2022-07-24 23:38:09,9239.4,6769.78
2022-07-24 23:38:08,9263.01,6746.18
2022-07-24 23:38:07,9266,6743.18
2022-07-24 23:38:06,9254.83,6754.36
2022-07-24 23:38:05,9311.98,6697.2
2022-07-24 23:38:04,9321.26,6687.93
2022-07-24 23:38:03,9341.37,6667.82
2022-07-24 23:38:02,9445.96,6563.23
2022-07-24 23:38:01,9537.55,6471.63
2022-07-24 23:38:00,9691.74,6317.45
2022-07-24 23:37:59,10044.7,5964.47
2022-07-24 23:37:58,10523.8,5485.35
2022-07-24 23:37:57,10651.7,5357.51
2022-07-24 23:37:56,10819.6,5189.59
2022-07-24 23:37:55,10924.8,5084.36
2022-07-24 23:37:54,11056.8,4952.39
2022-07-24 23:37:53,11184.8,4824.37
2022-07-24 23:37:52,11576.5,4432.73
2022-07-24 23:37:51,10700.9,5308.28
2022-07-24 23:37:50,9772.69,6236.5
2022-07-24 23:37:49,9797,6212.19
2022-07-24 23:37:48,9840.34,6168.85
2022-07-24 23:37:47,9891.7,6117.49
2022-07-24 23:37:46,9406.02,6603.16
2022-07-24 23:37:45,9411.95,6597.23
2022-07-24 23:37:44,9413.69,6595.5
2022-07-24 23:37:43,9425.04,6584.14
2022-07-24 23:37:42,9426.25,6582.93
2022-07-24 23:37:41,9427.55,6581.64
2022-07-24 23:37:40,9427.24,6581.95
2022-07-24 23:37:39,9446.53,6562.66
2022-07-24 23:37:38,9451.28,6557.91
2022-07-24 23:37:37,9465.73,6543.46
2022-07-24 23:37:36,9485.56,6523.63
2022-07-24 23:37:35,9486.69,6522.5
2022-07-24 23:37:34,9508.37,6500.82
2022-07-24 23:37:33,9526.06,6483.13
2022-07-24 23:37:32,9527.53,6481.66
2022-07-24 23:37:31,9551.85,6457.34
2022-07-24 23:37:30,9599.2,6409.99
2022-07-24 23:37:29,9600.43,6408.76
2022-07-24 23:37:28,9651.82,6357.36
2022-07-24 23:37:27,9667.31,6341.88
2022-07-24 23:37:26,9780.68,6228.5
2022-07-24 23:37:25,9828.61,6180.58
2022-07-24 23:37:24,9905.41,6103.78
2022-07-24 23:37:23,10431.3,5577.93
2022-07-24 23:37:22,10654.3,5354.91
2022-07-24 23:37:21,10740.1,5269.14
2022-07-24 23:37:20,10822.8,5186.37
2022-07-24 23:37:19,11053.4,4955.77
2022-07-24 23:37:18,11207.7,4801.44
2022-07-24 23:37:17,11340.9,4668.3
2022-07-24 23:37:16,11609,4400.21
2022-07-24 23:37:15,11768.8,4240.34
2022-07-24 23:37:14,10234,5775.16
2022-07-24 23:37:13,10299.8,5709.43
2022-07-24 23:37:12,9874.94,6134.25
2022-07-24 23:37:11,9915.85,6093.34
2022-07-24 23:37:10,9289.99,6719.2
2022-07-24 23:37:09,9297.54,6711.65
2022-07-24 23:37:08,9300.18,6709.01
2022-07-24 23:37:07,9301.7,6707.49
2022-07-24 23:37:06,9307.84,6701.35
2022-07-24 23:37:05,9310.54,6698.64
2022-07-24 23:37:04,9320.07,6689.11
2022-07-24 23:37:03,9332.88,6676.31
2022-07-24 23:37:02,9336.3,6672.89
2022-07-24 23:37:01,9335.5,6673.69
2022-07-24 23:37:00,9373.26,6635.93
2022-07-24 23:36:59,9373.39,6635.8
2022-07-24 23:36:58,9391.63,6617.56
2022-07-24 23:36:57,9418.27,6590.91
2022-07-24 23:36:56,9432.48,6576.7
2022-07-24 23:36:55,9438.64,6570.54
2022-07-24 23:36:54,9471.31,6537.88
2022-07-24 23:36:53,9481.59,6527.6
2022-07-24 23:36:52,9532.16,6477.03
2022-07-24 23:36:51,9547.35,6461.84
2022-07-24 23:36:50,9569.72,6439.47
2022-07-24 23:36:49,9629.98,6379.2
2022-07-24 23:36:48,9813.39,6195.79
2022-07-24 23:36:47,9896.62,6112.57
2022-07-24 23:36:46,10087.9,5921.29
2022-07-24 23:36:45,10415.1,5594.11
2022-07-24 23:36:44,10558.8,5450.41
2022-07-24 23:36:43,10859.9,5149.32
2022-07-24 23:36:42,10957.5,5051.71
2022-07-24 23:36:41,11081.1,4928.06
2022-07-24 23:36:40,11485,4524.21
2022-07-24 23:36:39,11644.6,4364.54
2022-07-24 23:36:38,10792.3,5216.88
2022-07-24 23:36:37,10266.4,5742.75
2022-07-24 23:36:36,9813.93,6195.26
2022-07-24 23:36:35,9867.46,6141.73
2022-07-24 23:36:34,9261.09,6748.1
2022-07-24 23:36:33,9262.05,6747.13
2022-07-24 23:36:32,9265.26,6743.93
2022-07-24 23:36:31,9263.84,6745.34
2022-07-24 23:36:30,9266.73,6742.45
2022-07-24 23:36:29,9266.18,6743.01
2022-07-24 23:36:28,9270.57,6738.62
2022-07-24 23:36:27,9271.06,6738.13
2022-07-24 23:36:26,9272.23,6736.95
2022-07-24 23:36:25,9272.18,6737.01
2022-07-24 23:36:24,9301,6708.19
2022-07-24 23:36:23,9301.48,6707.7
2022-07-24 23:36:22,9303.11,6706.08
2022-07-24 23:36:21,9304.06,6705.13
2022-07-24 23:36:20,9344.9,6664.29
2022-07-24 23:36:19,9378.47,6630.72
2022-07-24 23:36:18,9378.49,6630.7
2022-07-24 23:36:17,9403.42,6605.77
2022-07-24 23:36:16,9444.95,6564.24
2022-07-24 23:36:15,9453.29,6555.89
2022-07-24 23:36:14,9507.45,6501.74
2022-07-24 23:36:13,9548.19,6461
2022-07-24 23:36:12,9618.68,6390.51
2022-07-24 23:36:11,9808.64,6200.54
2022-07-24 23:36:10,9887.07,6122.12
2022-07-24 23:36:09,10322.6,5686.6
2022-07-24 23:36:08,10544.3,5464.9
2022-07-24 23:36:07,10665.7,5343.52
2022-07-24 23:36:06,10878,5131.19
2022-07-24 23:36:05,11217.8,4791.36
2022-07-24 23:36:04,11394.1,4615.07
2022-07-24 23:36:03,11579.7,4429.45
2022-07-24 23:36:02,11745.8,4263.43
2022-07-24 23:36:01,10841.9,5167.32
2022-07-24 23:36:00,10413,5596.2
2022-07-24 23:35:59,10474.7,5534.49
2022-07-24 23:35:58,9514.02,6495.17
2022-07-24 23:35:57,9520.64,6488.55
2022-07-24 23:35:56,9527.34,6481.85
2022-07-24 23:35:55,9530.39,6478.8
2022-07-24 23:35:54,9538.45,6470.74
2022-07-24 23:35:53,9547.1,6462.09
2022-07-24 23:35:52,9549.81,6459.38
2022-07-24 23:35:51,9561.63,6447.56
2022-07-24 23:35:50,9564.03,6445.16
2022-07-24 23:35:49,9577.86,6431.32
2022-07-24 23:35:48,9597.5,6411.69
2022-07-24 23:35:47,9614.76,6394.43
2022-07-24 23:35:46,9645.71,6363.48
2022-07-24 23:35:45,9655.36,6353.83
2022-07-24 23:35:44,9690.37,6318.82
2022-07-24 23:35:43,9705.89,6303.3
2022-07-24 23:35:42,9740.89,6268.3
2022-07-24 23:35:41,9757.38,6251.8
2022-07-24 23:35:40,9798.79,6210.4
2022-07-24 23:35:39,9830.41,6178.78
2022-07-24 23:35:38,9885.28,6123.91
2022-07-24 23:35:37,9901.04,6108.15
2022-07-24 23:35:36,9971.63,6037.56
2022-07-24 23:35:35,10065.7,5943.47
2022-07-24 23:35:34,10265.5,5743.65
2022-07-24 23:35:33,10476.5,5532.71
2022-07-24 23:35:32,10703.2,5306
2022-07-24 23:35:31,10848,5161.16
2022-07-24 23:35:30,10900,5109.17
2022-07-24 23:35:29,11037.3,4971.9
2022-07-24 23:35:28,11379.4,4629.83
2022-07-24 23:35:27,11519.6,4489.61
2022-07-24 23:35:26,11195.5,4813.66
2022-07-24 23:35:25,10786.9,5222.27
2022-07-24 23:35:24,10387.1,5622.05
2022-07-24 23:35:23,10465.1,5544.04
2022-07-24 23:35:22,9906.32,6102.87
2022-07-24 23:35:21,9393.85,6615.34
2022-07-24 23:35:20,9396.07,6613.12
2022-07-24 23:35:19,9405.06,6604.13
2022-07-24 23:35:18,9405.81,6603.38
2022-07-24 23:35:17,9419.01,6590.18
2022-07-24 23:35:16,9419.99,6589.2
2022-07-24 23:35:15,9426.85,6582.34
2022-07-24 23:35:14,9442.9,6566.29
2022-07-24 23:35:13,9446.77,6562.42
2022-07-24 23:35:12,9454.76,6554.43
2022-07-24 23:35:11,9466.03,6543.16
2022-07-24 23:35:10,9482.4,6526.79
2022-07-24 23:35:09,9507.68,6501.5
2022-07-24 23:35:08,9518.82,6490.37
2022-07-24 23:35:07,9545.07,6464.12
2022-07-24 23:35:06,9584.49,6424.69
2022-07-24 23:35:05,9592.06,6417.12
2022-07-24 23:35:04,9615.76,6393.43
2022-07-24 23:35:03,9635.05,6374.14
2022-07-24 23:35:02,9675.29,6333.89
2022-07-24 23:35:01,9708.72,6300.46
2022-07-24 23:35:00,9718.34,6290.84
2022-07-24 23:34:59,9858.3,6150.89
2022-07-24 23:34:58,9883.64,6125.55
2022-07-24 23:34:57,10008.3,6000.87
2022-07-24 23:34:56,10431.8,5577.37
2022-07-24 23:34:55,10588,5421.2
2022-07-24 23:34:54,10650.1,5359.13
2022-07-24 23:34:53,10862.3,5146.89
2022-07-24 23:34:52,11101.6,4907.62
2022-07-24 23:34:51,11382.4,4626.79
2022-07-24 23:34:50,11551.8,4457.34
2022-07-24 23:34:49,11745.6,4263.55
2022-07-24 23:34:48,10367.6,5641.58
2022-07-24 23:34:47,10428.4,5580.75
2022-07-24 23:34:46,10010.4,5998.79
2022-07-24 23:34:45,9398.84,6610.35
2022-07-24 23:34:44,9401.19,6608
2022-07-24 23:34:43,9412.58,6596.61
2022-07-24 23:34:42,9414.04,6595.15
2022-07-24 23:34:41,9415.98,6593.21
2022-07-24 23:34:40,9417.44,6591.75
2022-07-24 23:34:39,9429.77,6579.42
2022-07-24 23:34:38,9432.34,6576.85
2022-07-24 23:34:37,9439.65,6569.54
2022-07-24 23:34:36,9453.86,6555.33
2022-07-24 23:34:35,9454.29,6554.89
2022-07-24 23:34:34,9460.38,6548.81
2022-07-24 23:34:33,9480.76,6528.43
2022-07-24 23:34:32,9495.27,6513.92
2022-07-24 23:34:31,9510.92,6498.27
2022-07-24 23:34:30,9559.48,6449.7
2022-07-24 23:34:29,9563.14,6446.04
2022-07-24 23:34:28,9605.99,6403.2
2022-07-24 23:34:27,9652.81,6356.38
2022-07-24 23:34:26,9675.1,6334.09
2022-07-24 23:34:25,9708.65,6300.54
2022-07-24 23:34:24,9754.88,6254.31
2022-07-24 23:34:23,9785.47,6223.72
2022-07-24 23:34:22,9859.99,6149.2
2022-07-24 23:34:21,10044.3,5964.93
2022-07-24 23:34:20,10298.2,5710.94
2022-07-24 23:34:19,10379.2,5629.95
2022-07-24 23:34:18,10595,5414.22
2022-07-24 23:34:17,10913,5096.14
2022-07-24 23:34:16,11066.6,4942.56
2022-07-24 23:34:15,11312.6,4696.57
2022-07-24 23:34:14,11488.4,4520.77
2022-07-24 23:34:13,11629.8,4379.42
2022-07-24 23:34:12,11231.6,4777.57
2022-07-24 23:34:11,10867.2,5141.99
2022-07-24 23:34:10,10336.5,5672.69
2022-07-24 23:34:09,9891.59,6117.6
2022-07-24 23:34:08,9277.41,6731.78
2022-07-24 23:34:07,9283.99,6725.2
2022-07-24 23:34:06,9288.12,6721.06
2022-07-24 23:34:05,9287.41,6721.78
2022-07-24 23:34:04,9289.41,6719.78
2022-07-24 23:34:03,9296.57,6712.62
2022-07-24 23:34:02,9304.05,6705.14
2022-07-24 23:34:01,9301.88,6707.3
2022-07-24 23:34:00,9327.41,6681.78
2022-07-24 23:33:59,9329.65,6679.54
2022-07-24 23:33:58,9347.76,6661.43
2022-07-24 23:33:57,9378.23,6630.95
2022-07-24 23:33:56,9379.85,6629.34
2022-07-24 23:33:55,9389.88,6619.31
2022-07-24 23:33:54,9402.79,6606.39
2022-07-24 23:33:53,9421.89,6587.3
2022-07-24 23:33:52,9444.12,6565.07
2022-07-24 23:33:51,9476.71,6532.48
2022-07-24 23:33:50,9478.15,6531.04
2022-07-24 23:33:49,9506.05,6503.14
2022-07-24 23:33:48,9553.28,6455.91
2022-07-24 23:33:47,9553.66,6455.53
2022-07-24 23:33:46,9700.38,6308.8
2022-07-24 23:33:45,9716.24,6292.95
2022-07-24 23:33:44,9913.22,6095.97
2022-07-24 23:33:43,10337.8,5671.43
2022-07-24 23:33:42,10545.1,5464.12
2022-07-24 23:33:41,10633.9,5375.29
2022-07-24 23:33:40,10762.4,5246.81
2022-07-24 23:33:39,11217.8,4791.44
2022-07-24 23:33:38,11375.1,4634.13
2022-07-24 23:33:37,11541.3,4467.86
2022-07-24 23:33:36,11713.3,4295.86
2022-07-24 23:33:35,11853.8,4155.39
2022-07-24 23:33:34,10827,5182.23
2022-07-24 23:33:33,10053.7,5955.5
2022-07-24 23:33:32,9788.21,6220.98
2022-07-24 23:33:31,9282.23,6726.96
2022-07-24 23:33:30,9290.01,6719.18
2022-07-24 23:33:29,9293.94,6715.25
2022-07-24 23:33:28,9294.3,6714.89
2022-07-24 23:33:27,9313.56,6695.63
2022-07-24 23:33:26,9313.64,6695.55
2022-07-24 23:33:25,9323.95,6685.23
2022-07-24 23:33:24,9338.27,6670.92
2022-07-24 23:33:23,9347.72,6661.46
2022-07-24 23:33:22,9348.35,6660.84
2022-07-24 23:33:21,9366.97,6642.22
2022-07-24 23:33:20,9395.25,6613.93
2022-07-24 23:33:19,9398.75,6610.44
2022-07-24 23:33:18,9399.57,6609.62
2022-07-24 23:33:17,9428.52,6580.66
2022-07-24 23:33:16,9449.83,6559.36
2022-07-24 23:33:15,9470.11,6539.07
2022-07-24 23:33:14,9476,6533.19
2022-07-24 23:33:13,9488.7,6520.49
2022-07-24 23:33:12,9523.74,6485.44
2022-07-24 23:33:11,9540.81,6468.38
2022-07-24 23:33:10,9652.92,6356.27
2022-07-24 23:33:09,9706.92,6302.27
2022-07-24 23:33:08,9865.01,6144.18
2022-07-24 23:33:07,10295.2,5713.95
2022-07-24 23:33:06,10588.3,5420.93
2022-07-24 23:33:05,10792.1,5217.04
2022-07-24 23:33:04,10883.8,5125.44
2022-07-24 23:33:03,11137.1,4872.04
2022-07-24 23:33:02,11343,4666.14
2022-07-24 23:33:01,11498.7,4510.5
2022-07-24 23:33:00,11638.5,4370.64
2022-07-24 23:32:59,11796.5,4212.64
2022-07-24 23:32:58,10751.4,5257.75
2022-07-24 23:32:57,10372.6,5636.58
2022-07-24 23:32:56,9276.82,6732.36
2022-07-24 23:32:55,9277.26,6731.93
2022-07-24 23:32:54,9284.2,6724.98
2022-07-24 23:32:53,9284.78,6724.41
2022-07-24 23:32:52,9286.77,6722.42
2022-07-24 23:32:51,9288.11,6721.08
2022-07-24 23:32:50,9296.82,6712.37
2022-07-24 23:32:49,9295.52,6713.66
2022-07-24 23:32:48,9297.1,6712.09
2022-07-24 23:32:47,9310.99,6698.2
2022-07-24 23:32:46,9312.01,6697.18
2022-07-24 23:32:45,9315.09,6694.1
2022-07-24 23:32:44,9314.97,6694.22
2022-07-24 23:32:43,9353.86,6655.32
2022-07-24 23:32:42,9356.24,6652.95
2022-07-24 23:32:41,9359.16,6650.02
2022-07-24 23:32:40,9375.38,6633.8
2022-07-24 23:32:39,9417.75,6591.44
2022-07-24 23:32:38,9438.08,6571.11
2022-07-24 23:32:37,9439.9,6569.29
2022-07-24 23:32:36,9494.66,6514.53
2022-07-24 23:32:35,9517.49,6491.7
2022-07-24 23:32:34,9575.07,6434.12
2022-07-24 23:32:33,9670.81,6338.37
2022-07-24 23:32:32,9679.56,6329.62
2022-07-24 23:32:31,10004.1,6005.06
2022-07-24 23:32:30,10367.6,5641.57
2022-07-24 23:32:29,10595.3,5413.9
2022-07-24 23:32:28,10665.8,5343.37
2022-07-24 23:32:27,10845.2,5163.99
2022-07-24 23:32:26,11224.9,4784.31
2022-07-24 23:32:25,11393.3,4615.84
2022-07-24 23:32:24,11560.8,4448.38
2022-07-24 23:32:23,11731.1,4278.13
2022-07-24 23:32:22,11858.6,4150.6
2022-07-24 23:32:21,10345,5664.19
2022-07-24 23:32:20,9385.86,6623.32
2022-07-24 23:32:19,9386.17,6623.02
2022-07-24 23:32:18,9388.14,6621.04
2022-07-24 23:32:17,9398.64,6610.54
2022-07-24 23:32:16,9412.69,6596.5
2022-07-24 23:32:15,9413.93,6595.26
2022-07-24 23:32:14,9437.26,6571.93
2022-07-24 23:32:13,9448.47,6560.72
2022-07-24 23:32:12,9451.15,6558.04
2022-07-24 23:32:11,9474.66,6534.53
2022-07-24 23:32:10,9495.41,6513.78
2022-07-24 23:32:09,9504.74,6504.44
2022-07-24 23:32:08,9506.72,6502.46
2022-07-24 23:32:07,9552.46,6456.73
2022-07-24 23:32:06,9554.69,6454.5
2022-07-24 23:32:05,9584.55,6424.63
2022-07-24 23:32:04,9616.98,6392.21
2022-07-24 23:32:03,9619.26,6389.93
2022-07-24 23:32:02,9654.88,6354.31
2022-07-24 23:32:01,9687.39,6321.8
2022-07-24 23:32:00,9702.86,6306.32
2022-07-24 23:31:59,9755.41,6253.78
2022-07-24 23:31:58,9767.45,6241.74
2022-07-24 23:31:57,9851.32,6157.86
2022-07-24 23:31:56,9900.77,6108.42
2022-07-24 23:31:55,9946.61,6062.58
2022-07-24 23:31:54,10377.4,5631.82
2022-07-24 23:31:53,10701.6,5307.54
2022-07-24 23:31:52,10798.1,5211.05
2022-07-24 23:31:51,10929.3,5079.91
2022-07-24 23:31:50,11247,4762.16
2022-07-24 23:31:49,11370.6,4638.56
2022-07-24 23:31:48,11516.3,4492.85
2022-07-24 23:31:47,11640.8,4368.37
2022-07-24 23:31:46,11805.8,4203.42
2022-07-24 23:31:45,10420.8,5588.41
2022-07-24 23:31:44,10509.5,5499.73
2022-07-24 23:31:43,9377.16,6632.02
2022-07-24 23:31:42,9377.57,6631.62
2022-07-24 23:31:41,9382.64,6626.55
2022-07-24 23:31:40,9384,6625.19
2022-07-24 23:31:39,9385.05,6624.14
2022-07-24 23:31:38,9387.97,6621.22
2022-07-24 23:31:37,9389.37,6619.82
2022-07-24 23:31:36,9390.76,6618.43
2022-07-24 23:31:35,9390.9,6618.29
2022-07-24 23:31:34,9392.15,6617.04
2022-07-24 23:31:33,9394.95,6614.24
2022-07-24 23:31:32,9417.18,6592.01
2022-07-24 23:31:31,9418.14,6591.04
2022-07-24 23:31:30,9430.78,6578.41
2022-07-24 23:31:29,9438.65,6570.54
2022-07-24 23:31:28,9449.36,6559.83
2022-07-24 23:31:27,9475.74,6533.45
2022-07-24 23:31:26,9525.73,6483.45
2022-07-24 23:31:25,9550.4,6458.79
2022-07-24 23:31:24,9550.87,6458.32
2022-07-24 23:31:23,9656.93,6352.25
2022-07-24 23:31:22,9685.77,6323.41
2022-07-24 23:31:21,9690.72,6318.47
2022-07-24 23:31:20,9845.76,6163.43
2022-07-24 23:31:19,9888.23,6120.96
2022-07-24 23:31:18,10146.8,5862.34
2022-07-24 23:31:17,10417.2,5592.02
2022-07-24 23:31:16,10564.2,5445.02
2022-07-24 23:31:15,10933.3,5075.85
2022-07-24 23:31:14,11059.8,4949.36
2022-07-24 23:31:13,11171.2,4837.98
2022-07-24 23:31:12,11421.7,4587.49
2022-07-24 23:31:11,11579.8,4429.36
2022-07-24 23:31:10,11752.9,4256.27
2022-07-24 23:31:09,10761.4,5247.82
2022-07-24 23:31:08,9738.85,6270.34
2022-07-24 23:31:07,9640.71,6368.48
2022-07-24 23:31:06,9131.44,6877.75
2022-07-24 23:31:05,9131.92,6877.27
2022-07-24 23:31:04,9132.57,6876.62
2022-07-24 23:31:03,9136.98,6872.21
2022-07-24 23:31:02,9142.55,6866.64
2022-07-24 23:31:01,9143.17,6866.02
2022-07-24 23:31:00,9143.82,6865.37
2022-07-24 23:30:59,9164.86,6844.33
2022-07-24 23:30:58,9158.08,6851.11
2022-07-24 23:30:57,9160.91,6848.27
2022-07-24 23:30:56,9159.76,6849.43
2022-07-24 23:30:55,9187.65,6821.54
2022-07-24 23:30:54,9205.44,6803.75
2022-07-24 23:30:53,9206.75,6802.44
2022-07-24 23:30:52,9227.93,6781.26
2022-07-24 23:30:51,9244.54,6764.65
2022-07-24 23:30:50,9245.84,6763.34
2022-07-24 23:30:49,9268.76,6740.43
2022-07-24 23:30:48,9288.25,6720.93
2022-07-24 23:30:47,9305.34,6703.85
2022-07-24 23:30:46,9306.9,6702.28
2022-07-24 23:30:45,9334.26,6674.93
2022-07-24 23:30:44,9400.59,6608.6
2022-07-24 23:30:43,9446.94,6562.25
2022-07-24 23:30:42,9786.57,6222.62
2022-07-24 23:30:41,10043.5,5965.66
2022-07-24 23:30:40,10363.4,5645.78
2022-07-24 23:30:39,10736.2,5272.98
2022-07-24 23:30:38,10953.2,5055.95
2022-07-24 23:30:37,11108.8,4900.39
2022-07-24 23:30:36,11323.3,4685.87
2022-07-24 23:30:35,11493.7,4515.47
2022-07-24 23:30:34,11623.5,4385.66
2022-07-24 23:30:33,11797.6,4211.54
2022-07-24 23:30:32,10828.8,5180.39
2022-07-24 23:30:31,9689.86,6319.33
2022-07-24 23:30:30,9078.02,6931.17
2022-07-24 23:30:29,9076.98,6932.21
2022-07-24 23:30:28,9079.93,6929.26
2022-07-24 23:30:27,9078.86,6930.33
2022-07-24 23:30:26,9078.06,6931.13
2022-07-24 23:30:25,9083.39,6925.79
2022-07-24 23:30:24,9083.57,6925.62
2022-07-24 23:30:23,9082.05,6927.14
2022-07-24 23:30:22,9095.54,6913.64
2022-07-24 23:30:21,9095.58,6913.61
2022-07-24 23:30:20,9096.46,6912.73
2022-07-24 23:30:19,9097.14,6912.05
2022-07-24 23:30:18,9109.83,6899.36
2022-07-24 23:30:17,9111.39,6897.79
2022-07-24 23:30:16,9112.75,6896.44
2022-07-24 23:30:15,9112.45,6896.74
2022-07-24 23:30:14,9115.38,6893.81
2022-07-24 23:30:13,9114.97,6894.22
2022-07-24 23:30:12,9124.48,6884.71
2022-07-24 23:30:11,9129.5,6879.68
2022-07-24 23:30:10,9115.43,6893.76
2022-07-24 23:30:09,9130.07,6879.12
2022-07-24 23:30:08,9134.38,6874.81
2022-07-24 23:30:07,9161.7,6847.49
2022-07-24 23:30:06,9289.31,6719.88
2022-07-24 23:30:05,9459.9,6549.28
2022-07-24 23:30:04,9744.39,6264.79
2022-07-24 23:30:03,9939.52,6069.67
2022-07-24 23:30:02,10191.1,5818.14
2022-07-24 23:30:01,10970,5039.18
2022-07-24 23:30:00,11125,4884.14
2022-07-24 23:29:59,11314.5,4694.72
2022-07-24 23:29:58,11451.4,4557.83
2022-07-24 23:29:57,11565.7,4443.45
2022-07-24 23:29:56,11712.1,4297.08
2022-07-24 23:29:55,11896.7,4112.5
2022-07-24 23:29:54,10513.6,5495.62
2022-07-24 23:29:53,9543.16,6466.02
2022-07-24 23:29:52,9546.87,6462.32
2022-07-24 23:29:51,9548.2,6460.99
2022-07-24 23:29:50,9565.14,6444.04
2022-07-24 23:29:49,9565.89,6443.3
2022-07-24 23:29:48,9567.59,6441.6
2022-07-24 23:29:47,9577.89,6431.29
2022-07-24 23:29:46,9586.92,6422.27
2022-07-24 23:29:45,9588.43,6420.76
2022-07-24 23:29:44,9589.93,6419.26
2022-07-24 23:29:43,9616.4,6392.79
2022-07-24 23:29:42,9616.9,6392.29
2022-07-24 23:29:41,9633.53,6375.66
2022-07-24 23:29:40,9650.94,6358.25
2022-07-24 23:29:39,9681.28,6327.91
2022-07-24 23:29:38,9689.11,6320.08
2022-07-24 23:29:37,9714.64,6294.55
2022-07-24 23:29:36,9784.04,6225.15
2022-07-24 23:29:35,9801.13,6208.06
2022-07-24 23:29:34,9817.21,6191.98
2022-07-24 23:29:33,9834.63,6174.56
2022-07-24 23:29:32,9935.8,6073.39
2022-07-24 23:29:31,9934.52,6074.66
2022-07-24 23:29:30,9970.82,6038.37
2022-07-24 23:29:29,10057.3,5951.85
2022-07-24 23:29:28,10135.5,5873.68
2022-07-24 23:29:27,10331.7,5677.45
2022-07-24 23:29:26,10564.2,5444.98
2022-07-24 23:29:25,10924.4,5084.8
2022-07-24 23:29:24,11041.7,4967.52
2022-07-24 23:29:23,11127.1,4882.08
2022-07-24 23:29:22,11329.6,4679.62
2022-07-24 23:29:21,11487.4,4521.83
2022-07-24 23:29:20,11636,4373.18
2022-07-24 23:29:19,11813.7,4195.5
2022-07-24 23:29:18,10785.9,5223.28
2022-07-24 23:29:17,9731.47,6277.72
2022-07-24 23:29:16,9768.81,6240.38
2022-07-24 23:29:15,9243.97,6765.22
2022-07-24 23:29:14,9246.36,6762.83
2022-07-24 23:29:13,9247.44,6761.75
2022-07-24 23:29:12,9249.4,6759.78
2022-07-24 23:29:11,9250.39,6758.8
2022-07-24 23:29:10,9252.45,6756.73
2022-07-24 23:29:09,9254.19,6755
2022-07-24 23:29:08,9253.34,6755.85
2022-07-24 23:29:07,9255.86,6753.33
2022-07-24 23:29:06,9256.5,6752.69
2022-07-24 23:29:05,9258.55,6750.64
2022-07-24 23:29:04,9273.37,6735.82
2022-07-24 23:29:03,9272.63,6736.55
2022-07-24 23:29:02,9274.36,6734.83
2022-07-24 23:29:01,9300.63,6708.56
2022-07-24 23:29:00,9304.27,6704.92
2022-07-24 23:28:59,9346.39,6662.8
2022-07-24 23:28:58,9372.21,6636.98
2022-07-24 23:28:57,9374.08,6635.11
2022-07-24 23:28:56,9439.25,6569.94
2022-07-24 23:28:55,9465.89,6543.29
2022-07-24 23:28:54,9467.3,6541.88
2022-07-24 23:28:53,9627.77,6381.42
2022-07-24 23:28:52,9626.94,6382.25
2022-07-24 23:28:51,9836.95,6172.24
2022-07-24 23:28:50,10292.1,5717.13
2022-07-24 23:28:49,10476.5,5532.71
2022-07-24 23:28:48,10766,5243.2
2022-07-24 23:28:47,10973.7,5035.49
2022-07-24 23:28:46,11089.1,4920.1
2022-07-24 23:28:45,11360.5,4648.66
2022-07-24 23:28:44,11533.5,4475.72
2022-07-24 23:28:43,11695.6,4313.63
2022-07-24 23:28:42,10814.2,5195
2022-07-24 23:28:41,10402.6,5606.54
2022-07-24 23:28:40,10351.6,5657.62
2022-07-24 23:28:39,9994.13,6015.06
2022-07-24 23:28:38,9510.12,6499.06
2022-07-24 23:28:37,9512.36,6496.83
2022-07-24 23:28:36,9515.19,6494
2022-07-24 23:28:35,9521.57,6487.62
2022-07-24 23:28:34,9535.39,6473.79
2022-07-24 23:28:33,9541.43,6467.76
2022-07-24 23:28:32,9541.54,6467.64
2022-07-24 23:28:31,9578.51,6430.68
2022-07-24 23:28:30,9580.36,6428.83
2022-07-24 23:28:29,9583.19,6426
2022-07-24 23:28:28,9597.22,6411.96
2022-07-24 23:28:27,9638.93,6370.26
2022-07-24 23:28:26,9640.78,6368.41
2022-07-24 23:28:25,9658.35,6350.84
2022-07-24 23:28:24,9714.68,6294.51
2022-07-24 23:28:23,9715.22,6293.97
2022-07-24 23:28:22,9733.45,6275.73
2022-07-24 23:28:21,9805.35,6203.84
2022-07-24 23:28:20,9790.11,6219.08
2022-07-24 23:28:19,9786.61,6222.57
2022-07-24 23:28:18,9872.17,6137.02
2022-07-24 23:28:17,9891.54,6117.64
2022-07-24 23:28:16,9960.19,6049
2022-07-24 23:28:15,10076.8,5932.36
2022-07-24 23:28:14,10136.3,5872.86
2022-07-24 23:28:13,10465.8,5543.37
2022-07-24 23:28:12,10809.8,5199.41
2022-07-24 23:28:11,10980.7,5028.54
2022-07-24 23:28:10,11148.4,4860.8
2022-07-24 23:28:09,11295.6,4713.62
2022-07-24 23:28:08,11401,4608.14
2022-07-24 23:28:07,11581.5,4427.66
2022-07-24 23:28:06,11733.8,4275.38
2022-07-24 23:28:05,11934,4075.16
2022-07-24 23:28:04,9654.87,6354.32
2022-07-24 23:28:03,9040.66,6968.53
2022-07-24 23:28:02,9040.85,6968.34
2022-07-24 23:28:01,9040.49,6968.7
2022-07-24 23:28:00,9046.84,6962.34
2022-07-24 23:27:59,9046.84,6962.34
2022-07-24 23:27:58,9047.86,6961.33
2022-07-24 23:27:57,9046.98,6962.21
2022-07-24 23:27:56,9054.96,6954.23
2022-07-24 23:27:55,9055.29,6953.89
2022-07-24 23:27:54,9056.12,6953.06
2022-07-24 23:27:53,9056.98,6952.2
2022-07-24 23:27:52,9070.23,6938.96
2022-07-24 23:27:51,9071.36,6937.83
2022-07-24 23:27:50,9072.27,6936.92
2022-07-24 23:27:49,9071.09,6938.1
2022-07-24 23:27:48,9084.6,6924.59
2022-07-24 23:27:47,9076.79,6932.4
2022-07-24 23:27:46,9092.96,6916.23
2022-07-24 23:27:45,9092.77,6916.42
2022-07-24 23:27:44,9093.53,6915.66
2022-07-24 23:27:43,9111.44,6897.75
2022-07-24 23:27:42,9078.26,6930.93
2022-07-24 23:27:41,9100.78,6908.41
2022-07-24 23:27:40,9102.49,6906.69
2022-07-24 23:27:39,9321.97,6687.21
2022-07-24 23:27:38,9367.09,6642.09
2022-07-24 23:27:37,9483.94,6525.25
2022-07-24 23:27:36,10153.4,5855.83
2022-07-24 23:27:35,10659.4,5349.75
2022-07-24 23:27:34,10954.3,5054.89
2022-07-24 23:27:33,11234.6,4774.63
2022-07-24 23:27:32,11352,4657.22
2022-07-24 23:27:31,11444.4,4564.84
2022-07-24 23:27:30,11560.3,4448.91
2022-07-24 23:27:29,11730,4279.18
2022-07-24 23:27:28,11942.9,4066.28
2022-07-24 23:27:27,10081.5,5927.67
2022-07-24 23:27:26,9160.39,6848.79
2022-07-24 23:27:25,9159.56,6849.63
2022-07-24 23:27:24,9161.64,6847.55
2022-07-24 23:27:23,9161.82,6847.37
2022-07-24 23:27:22,9163.14,6846.05
2022-07-24 23:27:21,9163.68,6845.51
2022-07-24 23:27:20,9166.39,6842.8
2022-07-24 23:27:19,9166.5,6842.69
2022-07-24 23:27:18,9166.86,6842.33
2022-07-24 23:27:17,9174.74,6834.45
2022-07-24 23:27:16,9176.46,6832.73
2022-07-24 23:27:15,9175.62,6833.57
2022-07-24 23:27:14,9186.35,6822.84
2022-07-24 23:27:13,9205.99,6803.2
2022-07-24 23:27:12,9206.14,6803.05
2022-07-24 23:27:11,9219.32,6789.87
2022-07-24 23:27:10,9247.11,6762.07
2022-07-24 23:27:09,9248.22,6760.97
2022-07-24 23:27:08,9248.99,6760.2
2022-07-24 23:27:07,9288.61,6720.58
2022-07-24 23:27:06,9279.91,6729.28
2022-07-24 23:27:05,9289.25,6719.94
2022-07-24 23:27:04,9340.26,6668.93
2022-07-24 23:27:03,9340.08,6669.11
2022-07-24 23:27:02,9425.87,6583.32
2022-07-24 23:27:01,9506.92,6502.27
2022-07-24 23:27:00,9690.27,6318.92
2022-07-24 23:26:59,10169.6,5839.58
2022-07-24 23:26:58,10316.8,5692.41
2022-07-24 23:26:57,10659.8,5349.35
2022-07-24 23:26:56,11063.6,4945.57
2022-07-24 23:26:55,11243.8,4765.4
2022-07-24 23:26:54,11371.1,4638.05
2022-07-24 23:26:53,11531.3,4477.89
2022-07-24 23:26:52,11656.7,4352.45
2022-07-24 23:26:51,11867.6,4141.6
2022-07-24 23:26:50,11394.5,4614.72
2022-07-24 23:26:49,9181.64,6827.54
2022-07-24 23:26:48,9183.82,6825.36
2022-07-24 23:26:47,9184.71,6824.47
2022-07-24 23:26:46,9182.29,6826.9
2022-07-24 23:26:45,9185.28,6823.91
2022-07-24 23:26:44,9186.03,6823.16
2022-07-24 23:26:43,9187.3,6821.88
2022-07-24 23:26:42,9187.73,6821.46
2022-07-24 23:26:41,9189.09,6820.1
2022-07-24 23:26:40,9189.19,6820
2022-07-24 23:26:39,9194.94,6814.25
2022-07-24 23:26:38,9199.71,6809.48
2022-07-24 23:26:37,9199.73,6809.46
2022-07-24 23:26:36,9210.85,6798.34
2022-07-24 23:26:35,9227.09,6782.1
2022-07-24 23:26:34,9229.5,6779.69
2022-07-24 23:26:33,9244.4,6764.78
2022-07-24 23:26:32,9257.86,6751.32
2022-07-24 23:26:31,9278.35,6730.84
2022-07-24 23:26:30,9291.79,6717.39
2022-07-24 23:26:29,9296.77,6712.42
2022-07-24 23:26:28,9345.41,6663.77
2022-07-24 23:26:27,9364.01,6645.18
2022-07-24 23:26:26,9404.06,6605.12
2022-07-24 23:26:25,9466.59,6542.59
2022-07-24 23:26:24,9552.88,6456.31
2022-07-24 23:26:23,9881.25,6127.94
2022-07-24 23:26:22,10044.2,5964.98
2022-07-24 23:26:21,10417.8,5591.34
2022-07-24 23:26:20,10831.7,5177.52
2022-07-24 23:26:19,11121,4888.18
2022-07-24 23:26:18,11303,4706.16
2022-07-24 23:26:17,11392.7,4616.49
2022-07-24 23:26:16,11542,4467.22
2022-07-24 23:26:15,11676.7,4332.46
2022-07-24 23:26:14,11572.4,4436.78
2022-07-24 23:26:13,10880.9,5128.27
2022-07-24 23:26:12,9347.33,6661.86
2022-07-24 23:26:11,9347.92,6661.27
2022-07-24 23:26:10,9352.79,6656.39
2022-07-24 23:26:09,9354.99,6654.2
2022-07-24 23:26:08,9355.21,6653.98
2022-07-24 23:26:07,9364.57,6644.62
2022-07-24 23:26:06,9364.84,6644.35
2022-07-24 23:26:05,9377.25,6631.94
2022-07-24 23:26:04,9377.14,6632.04
2022-07-24 23:26:03,9386.26,6622.93
2022-07-24 23:26:02,9386.7,6622.49
2022-07-24 23:26:01,9408.76,6600.43
2022-07-24 23:26:00,9418.56,6590.63
2022-07-24 23:25:59,9430.43,6578.75
2022-07-24 23:25:58,9445.81,6563.37
2022-07-24 23:25:57,9463.03,6546.16
2022-07-24 23:25:56,9478.1,6531.09
2022-07-24 23:25:55,9492.39,6516.8
2022-07-24 23:25:54,9499.43,6509.75
2022-07-24 23:25:53,9545.37,6463.82
2022-07-24 23:25:52,9546.76,6462.43
2022-07-24 23:25:51,9565.34,6443.85
2022-07-24 23:25:50,9611.27,6397.92
2022-07-24 23:25:49,9674.74,6334.45
2022-07-24 23:25:48,9775.66,6233.53
2022-07-24 23:25:47,9926.4,6082.79
2022-07-24 23:25:46,10250,5759.22
2022-07-24 23:25:45,10568.7,5440.53
2022-07-24 23:25:44,10774.1,5235.1
2022-07-24 23:25:43,10952,5057.19
2022-07-24 23:25:42,11103.2,4905.97
2022-07-24 23:25:41,11315.6,4693.56
2022-07-24 23:25:40,11491.2,4518.03
2022-07-24 23:25:39,11627.9,4381.3
2022-07-24 23:25:38,11789.4,4219.81
2022-07-24 23:25:37,10672.5,5336.68
2022-07-24 23:25:36,9670.14,6339.05
2022-07-24 23:25:35,9678.5,6330.69
2022-07-24 23:25:34,9048.97,6960.21
2022-07-24 23:25:33,9048.46,6960.73
2022-07-24 23:25:32,9055.74,6953.45
2022-07-24 23:25:31,9053.74,6955.45
2022-07-24 23:25:30,9054.75,6954.44
2022-07-24 23:25:29,9054.22,6954.97
2022-07-24 23:25:28,9066.81,6942.38
2022-07-24 23:25:27,9067.75,6941.43
2022-07-24 23:25:26,9068.69,6940.5
2022-07-24 23:25:25,9067,6942.18
2022-07-24 23:25:24,9089.34,6919.84
2022-07-24 23:25:23,9087.77,6921.42
2022-07-24 23:25:22,9090.77,6918.41
2022-07-24 23:25:21,9107.2,6901.99
2022-07-24 23:25:20,9107.49,6901.7
2022-07-24 23:25:19,9111.14,6898.05
2022-07-24 23:25:18,9131.17,6878.02
2022-07-24 23:25:17,9130.36,6878.83
2022-07-24 23:25:16,9125.67,6883.52
2022-07-24 23:25:15,9149.33,6859.86
2022-07-24 23:25:14,9150.53,6858.66
2022-07-24 23:25:13,9150.71,6858.48
2022-07-24 23:25:12,9322.8,6686.39
2022-07-24 23:25:11,9331.91,6677.28
2022-07-24 23:25:10,9550.37,6458.82
2022-07-24 23:25:09,10224.3,5784.84
2022-07-24 23:25:08,10376.8,5632.36
2022-07-24 23:25:07,10607.8,5401.34
2022-07-24 23:25:06,10853.4,5155.75
2022-07-24 23:25:05,10942.3,5066.91
2022-07-24 23:25:04,11035.6,4973.63
2022-07-24 23:25:03,11390.5,4618.72
2022-07-24 23:25:02,11607,4402.19
2022-07-24 23:25:01,11310.8,4698.36
2022-07-24 23:25:00,9790.23,6218.96
2022-07-24 23:24:59,9829.91,6179.27
2022-07-24 23:24:58,9880.93,6128.26
2022-07-24 23:24:57,9399.04,6610.15
2022-07-24 23:24:56,9403.52,6605.66
2022-07-24 23:24:55,9406.36,6602.83
2022-07-24 23:24:54,9405.37,6603.82
2022-07-24 23:24:53,9415.18,6594.01
2022-07-24 23:24:52,9416.77,6592.41
2022-07-24 23:24:51,9419.45,6589.74
2022-07-24 23:24:50,9429.75,6579.43
2022-07-24 23:24:49,9436.67,6572.52
2022-07-24 23:24:48,9441.25,6567.94
2022-07-24 23:24:47,9442.41,6566.77
2022-07-24 23:24:46,9477.94,6531.25
2022-07-24 23:24:45,9497.19,6512
2022-07-24 23:24:44,9500.46,6508.73
2022-07-24 23:24:43,9516.26,6492.93
2022-07-24 23:24:42,9555.82,6453.36
2022-07-24 23:24:41,9553.52,6455.67
2022-07-24 23:24:40,9575.86,6433.33
2022-07-24 23:24:39,9578.44,6430.75
2022-07-24 23:24:38,9635.67,6373.52
2022-07-24 23:24:37,9671.32,6337.87
2022-07-24 23:24:36,9685.52,6323.67
2022-07-24 23:24:35,9777.83,6231.36
2022-07-24 23:24:34,9887,6122.18
2022-07-24 23:24:33,10108.2,5901.02
2022-07-24 23:24:32,10314.5,5694.68
2022-07-24 23:24:31,10655.5,5353.7
2022-07-24 23:24:30,10923.5,5085.64
2022-07-24 23:24:29,11081.4,4927.83
2022-07-24 23:24:28,11161.4,4847.84
2022-07-24 23:24:27,11430.7,4578.5
2022-07-24 23:24:26,11569.2,4439.94
2022-07-24 23:24:25,11747.2,4262.02
2022-07-24 23:24:24,11382.9,4626.31
2022-07-24 23:24:23,10453.1,5556.07
2022-07-24 23:24:22,10035.6,5973.54
2022-07-24 23:24:21,9547.67,6461.52
2022-07-24 23:24:20,9558.94,6450.25
2022-07-24 23:24:19,9567.29,6441.89
2022-07-24 23:24:18,9570.62,6438.57
2022-07-24 23:24:17,9590.57,6418.61
2022-07-24 23:24:16,9593.18,6416.01
2022-07-24 23:24:15,9598.43,6410.75
2022-07-24 23:24:14,9612.38,6396.81
2022-07-24 23:24:13,9624.97,6384.22
2022-07-24 23:24:12,9633.55,6375.64
2022-07-24 23:24:11,9643.55,6365.64
2022-07-24 23:24:10,9656.19,6353
2022-07-24 23:24:09,9683.43,6325.76
2022-07-24 23:24:08,9692.28,6316.9
2022-07-24 23:24:07,9715.5,6293.69
2022-07-24 23:24:06,9739.29,6269.89
2022-07-24 23:24:05,9758.55,6250.63
2022-07-24 23:24:04,9779.86,6229.33
2022-07-24 23:24:03,9806.05,6203.13
2022-07-24 23:24:02,9807.38,6201.81
2022-07-24 23:24:01,9896.17,6113.02
2022-07-24 23:24:00,9937.47,6071.72
2022-07-24 23:23:59,9973.33,6035.86
2022-07-24 23:23:58,10062.4,5946.8
2022-07-24 23:23:57,10133,5876.2
2022-07-24 23:23:56,10467.1,5542.12
2022-07-24 23:23:55,10700.2,5308.95
2022-07-24 23:23:54,10837.9,5171.27
2022-07-24 23:23:53,11035.3,4973.87
2022-07-24 23:23:52,11141.1,4868.13
2022-07-24 23:23:51,11215.4,4793.81
2022-07-24 23:23:50,11494.2,4515
2022-07-24 23:23:49,11655.7,4353.47
2022-07-24 23:23:48,11508,4501.18
2022-07-24 23:23:47,10424.8,5584.36
2022-07-24 23:23:46,9850.91,6158.28
2022-07-24 23:23:45,9894.28,6114.91
2022-07-24 23:23:44,9895.88,6113.31
2022-07-24 23:23:43,9378.82,6630.36
2022-07-24 23:23:42,9379.67,6629.52
2022-07-24 23:23:41,9382.44,6626.75
2022-07-24 23:23:40,9384,6625.19
2022-07-24 23:23:39,9388.43,6620.76
2022-07-24 23:23:38,9388.1,6621.09
2022-07-24 23:23:37,9388.53,6620.66
2022-07-24 23:23:36,9398.54,6610.64
2022-07-24 23:23:35,9399.92,6609.27
2022-07-24 23:23:34,9400.11,6609.08
2022-07-24 23:23:33,9418.02,6591.17
2022-07-24 23:23:32,9441.56,6567.62
2022-07-24 23:23:31,9442.78,6566.41
2022-07-24 23:23:30,9462.08,6547.11
2022-07-24 23:23:29,9482.68,6526.51
2022-07-24 23:23:28,9514.06,6495.13
2022-07-24 23:23:27,9536.74,6472.45
2022-07-24 23:23:26,9536.41,6472.77
2022-07-24 23:23:25,9590.33,6418.86
2022-07-24 23:23:24,9618.85,6390.34
2022-07-24 23:23:23,9663.21,6345.97
2022-07-24 23:23:22,9719.87,6289.32
2022-07-24 23:23:21,9839.54,6169.65
2022-07-24 23:23:20,10034.4,5974.82
2022-07-24 23:23:19,10133.5,5875.73
2022-07-24 23:23:18,10590.2,5418.97
2022-07-24 23:23:17,10893.3,5115.9
2022-07-24 23:23:16,11038.7,4970.49
2022-07-24 23:23:15,11126.5,4882.73
2022-07-24 23:23:14,11286.6,4722.59
2022-07-24 23:23:13,11503.8,4505.43
2022-07-24 23:23:12,11674.1,4335.09
2022-07-24 23:23:11,11754.6,4254.6
2022-07-24 23:23:10,10729,5280.17
2022-07-24 23:23:09,9767.83,6241.36
2022-07-24 23:23:08,9269.85,6739.34
2022-07-24 23:23:07,9279.77,6729.42
2022-07-24 23:23:06,9282.83,6726.36
2022-07-24 23:23:05,9280.09,6729.1
2022-07-24 23:23:04,9283.98,6725.21
2022-07-24 23:23:03,9292.18,6717.01
2022-07-24 23:23:02,9293.54,6715.64
2022-07-24 23:23:01,9296.36,6712.83
2022-07-24 23:23:00,9305.66,6703.53
2022-07-24 23:22:59,9321.96,6687.23
2022-07-24 23:22:58,9323.35,6685.84
2022-07-24 23:22:57,9334.15,6675.04
2022-07-24 23:22:56,9335.1,6674.09
2022-07-24 23:22:55,9351.74,6657.45
2022-07-24 23:22:54,9363.03,6646.16
2022-07-24 23:22:53,9364.83,6644.36
2022-07-24 23:22:52,9384.09,6625.1
2022-07-24 23:22:51,9395.63,6613.56
2022-07-24 23:22:50,9398.04,6611.15
2022-07-24 23:22:49,9420.58,6588.61
2022-07-24 23:22:48,9437.13,6572.06
2022-07-24 23:22:47,9439.84,6569.35
2022-07-24 23:22:46,9547.25,6461.94
2022-07-24 23:22:45,9636.84,6372.34
2022-07-24 23:22:44,9675.23,6333.96
2022-07-24 23:22:43,10229.1,5780.13
2022-07-24 23:22:42,10384.5,5624.73
2022-07-24 23:22:41,10664.8,5344.36
2022-07-24 23:22:40,10933.3,5075.93
2022-07-24 23:22:39,11090.9,4918.25
2022-07-24 23:22:38,11167.1,4842.1
2022-07-24 23:22:37,11285.9,4723.3
2022-07-24 23:22:36,11563.4,4445.79
2022-07-24 23:22:35,11319.7,4689.53
2022-07-24 23:22:34,10852.8,5156.43
2022-07-24 23:22:33,10410.9,5598.24
2022-07-24 23:22:32,9958.98,6050.2
2022-07-24 23:22:31,9997.78,6011.41
2022-07-24 23:22:30,9369.91,6639.27
2022-07-24 23:22:29,9370.69,6638.5
2022-07-24 23:22:28,9374.27,6634.92
2022-07-24 23:22:27,9377.75,6631.44
2022-07-24 23:22:26,9378,6631.19
2022-07-24 23:22:25,9379.39,6629.79
2022-07-24 23:22:24,9387.04,6622.15
2022-07-24 23:22:23,9397.68,6611.51
2022-07-24 23:22:22,9397.01,6612.18
2022-07-24 23:22:21,9398.71,6610.48
2022-07-24 23:22:20,9422.73,6586.46
2022-07-24 23:22:19,9444.29,6564.9
2022-07-24 23:22:18,9446.77,6562.42
2022-07-24 23:22:17,9490.77,6518.41
2022-07-24 23:22:16,9513.47,6495.72
2022-07-24 23:22:15,9516.23,6492.95
2022-07-24 23:22:14,9527.62,6481.57
2022-07-24 23:22:13,9596.59,6412.6
2022-07-24 23:22:12,9622.66,6386.52
2022-07-24 23:22:11,9626.85,6382.34
2022-07-24 23:22:10,9724.93,6284.26
2022-07-24 23:22:09,9760.95,6248.24
2022-07-24 23:22:08,9817.57,6191.62
2022-07-24 23:22:07,9996.99,6012.2
2022-07-24 23:22:06,10140,5869.17
2022-07-24 23:22:05,10385.6,5623.55
2022-07-24 23:22:04,10594.4,5414.74
2022-07-24 23:22:03,10821.2,5188.03
2022-07-24 23:22:02,10966,5043.19
2022-07-24 23:22:01,11322.1,4687.07
2022-07-24 23:22:00,11478.6,4530.58
2022-07-24 23:21:59,11623.7,4385.49
2022-07-24 23:21:58,11275,4734.22
2022-07-24 23:21:57,10895.2,5114.01
2022-07-24 23:21:56,9850.75,6158.44
2022-07-24 23:21:55,9362.08,6647.11
2022-07-24 23:21:54,9363.12,6646.07
2022-07-24 23:21:53,9363.76,6645.43
2022-07-24 23:21:52,9368.4,6640.79
2022-07-24 23:21:51,9373.85,6635.34
2022-07-24 23:21:50,9378.41,6630.77
2022-07-24 23:21:49,9378.73,6630.46
2022-07-24 23:21:48,9388.16,6621.03
2022-07-24 23:21:47,9388.38,6620.81
2022-07-24 23:21:46,9392,6617.18
2022-07-24 23:21:45,9416.38,6592.8
2022-07-24 23:21:44,9432.71,6576.48
2022-07-24 23:21:43,9433.48,6575.71
2022-07-24 23:21:42,9452.07,6557.11
2022-07-24 23:21:41,9483.39,6525.8
2022-07-24 23:21:40,9487.36,6521.83
2022-07-24 23:21:39,9519,6490.18
2022-07-24 23:21:38,9575.3,6433.89
2022-07-24 23:21:37,9578.47,6430.72
2022-07-24 23:21:36,9599.34,6409.84
2022-07-24 23:21:35,9688.14,6321.05
2022-07-24 23:21:34,9691.38,6317.81
2022-07-24 23:21:33,9782.21,6226.97
2022-07-24 23:21:32,9825.94,6183.25
2022-07-24 23:21:31,9891.99,6117.2
2022-07-24 23:21:30,10201.8,5807.39
2022-07-24 23:21:29,10324.7,5684.48
2022-07-24 23:21:28,10448.6,5560.62
2022-07-24 23:21:27,10765.2,5243.99
2022-07-24 23:21:26,10890.1,5119.1
2022-07-24 23:21:25,11115.1,4894.12
2022-07-24 23:21:24,11404.5,4604.68
2022-07-24 23:21:23,11567.5,4441.66
2022-07-24 23:21:22,11742.2,4266.99
2022-07-24 23:21:21,10771.2,5237.96
2022-07-24 23:21:20,10876.3,5132.84
2022-07-24 23:21:19,9805.27,6203.92
2022-07-24 23:21:18,9183.73,6825.46
2022-07-24 23:21:17,9184.12,6825.06
2022-07-24 23:21:16,9185.79,6823.39
2022-07-24 23:21:15,9186.46,6822.73
2022-07-24 23:21:14,9193.24,6815.95
2022-07-24 23:21:13,9195.03,6814.15
2022-07-24 23:21:12,9195.64,6813.55
2022-07-24 23:21:11,9204.09,6805.1
2022-07-24 23:21:10,9205.7,6803.49
2022-07-24 23:21:09,9219.94,6789.25
2022-07-24 23:21:08,9221.31,6787.87
2022-07-24 23:21:07,9232.43,6776.76
2022-07-24 23:21:06,9251.45,6757.74
2022-07-24 23:21:05,9251.39,6757.8
2022-07-24 23:21:04,9266.04,6743.15
2022-07-24 23:21:03,9284.53,6724.66
2022-07-24 23:21:02,9301.04,6708.15
2022-07-24 23:21:01,9301.57,6707.61
2022-07-24 23:21:00,9314.65,6694.54
2022-07-24 23:20:59,9334.64,6674.55
2022-07-24 23:20:58,9324.64,6684.55
2022-07-24 23:20:57,9355.61,6653.58
2022-07-24 23:20:56,9359.07,6650.12
2022-07-24 23:20:55,9438.69,6570.5
2022-07-24 23:20:54,9603.1,6406.09
2022-07-24 23:20:53,9895.55,6113.63
2022-07-24 23:20:52,10013,5996.21
2022-07-24 23:20:51,10466.6,5542.62
2022-07-24 23:20:50,10992.2,5016.97
2022-07-24 23:20:49,11153.8,4855.42
2022-07-24 23:20:48,11347.7,4661.52
2022-07-24 23:20:47,11501.1,4508.07
2022-07-24 23:20:46,11606.2,4402.94
2022-07-24 23:20:45,11805.3,4203.89
2022-07-24 23:20:44,11454.6,4554.6
2022-07-24 23:20:43,9632.75,6376.44
2022-07-24 23:20:42,9297.11,6712.08
2022-07-24 23:20:41,9297.86,6711.33
2022-07-24 23:20:40,9304.04,6705.15
2022-07-24 23:20:39,9304.24,6704.95
2022-07-24 23:20:38,9306.64,6702.55
2022-07-24 23:20:37,9308.41,6700.78
2022-07-24 23:20:36,9316.5,6692.68
2022-07-24 23:20:35,9318.35,6690.84
2022-07-24 23:20:34,9328.5,6680.68
2022-07-24 23:20:33,9339.24,6669.95
2022-07-24 23:20:32,9340.66,6668.52
2022-07-24 23:20:31,9358.91,6650.27
2022-07-24 23:20:30,9361.13,6648.05
2022-07-24 23:20:29,9373.24,6635.94
2022-07-24 23:20:28,9382.07,6627.12
2022-07-24 23:20:27,9401.62,6607.56
2022-07-24 23:20:26,9416.95,6592.23
2022-07-24 23:20:25,9418.48,6590.71
2022-07-24 23:20:24,9472.57,6536.62
2022-07-24 23:20:23,9473.11,6536.08
2022-07-24 23:20:22,9467.49,6541.7
2022-07-24 23:20:21,9539.74,6469.45
2022-07-24 23:20:20,9547.28,6461.91
2022-07-24 23:20:19,9622.09,6387.09
2022-07-24 23:20:18,9760.4,6248.79
2022-07-24 23:20:17,9798.25,6210.93
2022-07-24 23:20:16,10129.6,5879.61
2022-07-24 23:20:15,10674.1,5335.11
2022-07-24 23:20:14,10900.8,5108.42
2022-07-24 23:20:13,11090.9,4918.27
2022-07-24 23:20:12,11291,4718.22
2022-07-24 23:20:11,11474.9,4534.31
2022-07-24 23:20:10,11571.9,4437.25
2022-07-24 23:20:09,11754.5,4254.68
2022-07-24 23:20:08,11384.4,4624.78
2022-07-24 23:20:07,10540.9,5468.33
2022-07-24 23:20:06,9667.91,6341.28
2022-07-24 23:20:05,9151.32,6857.86
2022-07-24 23:20:04,9153.14,6856.05
2022-07-24 23:20:03,9156.99,6852.2
2022-07-24 23:20:02,9155.52,6853.67
2022-07-24 23:20:01,9154.66,6854.53
2022-07-24 23:20:00,9155.51,6853.68
2022-07-24 23:19:59,9156.89,6852.3
2022-07-24 23:19:58,9154.97,6854.21
2022-07-24 23:19:57,9155.32,6853.86
2022-07-24 23:19:56,9158.99,6850.2
2022-07-24 23:19:55,9158.24,6850.95
2022-07-24 23:19:54,9159.84,6849.35
2022-07-24 23:19:53,9175.21,6833.98
2022-07-24 23:19:52,9191.79,6817.39
2022-07-24 23:19:51,9193.39,6815.8
2022-07-24 23:19:50,9193.27,6815.92
2022-07-24 23:19:49,9221.34,6787.84
2022-07-24 23:19:48,9240.44,6768.75
2022-07-24 23:19:47,9224.23,6784.96
2022-07-24 23:19:46,9262.61,6746.57
2022-07-24 23:19:45,9285.5,6723.69
2022-07-24 23:19:44,9288.42,6720.77
2022-07-24 23:19:43,9377.59,6631.6
2022-07-24 23:19:42,9461.18,6548
2022-07-24 23:19:41,9613.48,6395.71
2022-07-24 23:19:40,9987.71,6021.48
2022-07-24 23:19:39,10106.7,5902.44
2022-07-24 23:19:38,10751.2,5257.98
2022-07-24 23:19:37,10914.1,5095.04
2022-07-24 23:19:36,11104.9,4904.26
2022-07-24 23:19:35,11325.9,4683.29
2022-07-24 23:19:34,11494.7,4514.51
2022-07-24 23:19:33,11622.8,4386.43
2022-07-24 23:19:32,11803,4206.22
2022-07-24 23:19:31,10949.2,5060
2022-07-24 23:19:30,9913.88,6095.31
2022-07-24 23:19:29,9425.1,6584.09
2022-07-24 23:19:28,9427.8,6581.39
2022-07-24 23:19:27,9428.85,6580.34
2022-07-24 23:19:26,9438.95,6570.24
2022-07-24 23:19:25,9440.89,6568.3
2022-07-24 23:19:24,9444.59,6564.59
2022-07-24 23:19:23,9455.97,6553.22
2022-07-24 23:19:22,9457.86,6551.32
2022-07-24 23:19:21,9474.3,6534.89
2022-07-24 23:19:20,9484.54,6524.65
2022-07-24 23:19:19,9493.84,6515.35
2022-07-24 23:19:18,9502.07,6507.12
2022-07-24 23:19:17,9527.44,6481.75
2022-07-24 23:19:16,9542.81,6466.38
2022-07-24 23:19:15,9560.77,6448.42
2022-07-24 23:19:14,9607.56,6401.63
2022-07-24 23:19:13,9610.49,6398.7
2022-07-24 23:19:12,9613.14,6396.05
2022-07-24 23:19:11,9684.08,6325.11
2022-07-24 23:19:10,9672.78,6336.41
2022-07-24 23:19:09,9697.51,6311.68
2022-07-24 23:19:08,9750.75,6258.44
2022-07-24 23:19:07,9752.07,6257.12
2022-07-24 23:19:06,9834.53,6174.65
2022-07-24 23:19:05,9911.09,6098.09
2022-07-24 23:19:04,10136.8,5872.41
2022-07-24 23:19:03,10338.3,5670.86
2022-07-24 23:19:02,10605.2,5403.95
2022-07-24 23:19:01,10872,5137.16
2022-07-24 23:19:00,11057.3,4951.88
2022-07-24 23:18:59,11170.6,4838.61
2022-07-24 23:18:58,11284.3,4724.84
2022-07-24 23:18:57,11549.1,4460.13
2022-07-24 23:18:56,11683.8,4325.37
2022-07-24 23:18:55,11351,4658.23
2022-07-24 23:18:54,10961.1,5048.12
2022-07-24 23:18:53,10021.6,5987.55
2022-07-24 23:18:52,10054.3,5954.87
2022-07-24 23:18:51,9572.29,6436.89
2022-07-24 23:18:50,9582.57,6426.62
2022-07-24 23:18:49,9599.53,6409.66
2022-07-24 23:18:48,9602.72,6406.47
2022-07-24 23:18:47,9618.19,6391
2022-07-24 23:18:46,9628.28,6380.91
2022-07-24 23:18:45,9640.73,6368.46
2022-07-24 23:18:44,9658.23,6350.96
2022-07-24 23:18:43,9674.61,6334.58
2022-07-24 23:18:42,9685.3,6323.89
2022-07-24 23:18:41,9705.5,6303.69
2022-07-24 23:18:40,9719.55,6289.63
2022-07-24 23:18:39,9738.22,6270.96
2022-07-24 23:18:38,9763.28,6245.91
2022-07-24 23:18:37,9792.33,6216.86
2022-07-24 23:18:36,9815.26,6193.93
2022-07-24 23:18:35,9850.77,6158.42
2022-07-24 23:18:34,9866.95,6142.24
2022-07-24 23:18:33,9918.13,6091.05
2022-07-24 23:18:32,9943.52,6065.67
2022-07-24 23:18:31,9937.2,6071.99
2022-07-24 23:18:30,10011.2,5997.94
2022-07-24 23:18:29,10025,5984.21
2022-07-24 23:18:28,10174.3,5834.94
2022-07-24 23:18:27,10342.6,5666.56
2022-07-24 23:18:26,10421.5,5587.68
2022-07-24 23:18:25,10840.7,5168.48
2022-07-24 23:18:24,11033.9,4975.25
2022-07-24 23:18:23,11097.8,4911.35
2022-07-24 23:18:22,11207.8,4801.44
2022-07-24 23:18:21,11418.2,4591
2022-07-24 23:18:20,11584,4425.18
2022-07-24 23:18:19,11732,4277.18
2022-07-24 23:18:18,11383.4,4625.81
2022-07-24 23:18:17,10354,5655.14
2022-07-24 23:18:16,9888.36,6120.83
2022-07-24 23:18:15,9896.38,6112.81
2022-07-24 23:18:14,9379.94,6629.24
2022-07-24 23:18:13,9384.7,6624.49
2022-07-24 23:18:12,9385.18,6624.01
2022-07-24 23:18:11,9388.46,6620.73
2022-07-24 23:18:10,9390.43,6618.76
2022-07-24 23:18:09,9397.78,6611.41
2022-07-24 23:18:08,9397.62,6611.57
2022-07-24 23:18:07,9398.33,6610.86
2022-07-24 23:18:06,9399.48,6609.7
2022-07-24 23:18:05,9417.66,6591.53
2022-07-24 23:18:04,9419.63,6589.56
2022-07-24 23:18:03,9420.88,6588.31
2022-07-24 23:18:02,9422.81,6586.38
2022-07-24 23:18:01,9444.46,6564.72
2022-07-24 23:18:00,9448.27,6560.92
2022-07-24 23:17:59,9481.38,6527.8
2022-07-24 23:17:58,9502.46,6506.73
2022-07-24 23:17:57,9503.32,6505.87
2022-07-24 23:17:56,9574.37,6434.82
2022-07-24 23:17:55,9607.47,6401.72
2022-07-24 23:17:54,9597.46,6411.72
2022-07-24 23:17:53,9668.64,6340.54
2022-07-24 23:17:52,9737.4,6271.79
2022-07-24 23:17:51,10093,5916.2
2022-07-24 23:17:50,10269.4,5739.78
2022-07-24 23:17:49,10361.7,5647.45
2022-07-24 23:17:48,10709.1,5300.14
2022-07-24 23:17:47,10956.2,5052.94
2022-07-24 23:17:46,11140.5,4868.74
2022-07-24 23:17:45,11346.9,4662.29
2022-07-24 23:17:44,11540.2,4469.03
2022-07-24 23:17:43,11680.5,4328.73
2022-07-24 23:17:42,11331.1,4678.11
2022-07-24 23:17:41,10838.9,5170.31
2022-07-24 23:17:40,9634.02,6375.16
2022-07-24 23:17:39,9656.36,6352.82
2022-07-24 23:17:38,9145.13,6864.05
2022-07-24 23:17:37,9146.52,6862.67
2022-07-24 23:17:36,9147.2,6861.99
2022-07-24 23:17:35,9149.79,6859.39
2022-07-24 23:17:34,9151.18,6858
2022-07-24 23:17:33,9150.54,6858.65
2022-07-24 23:17:32,9152.93,6856.25
2022-07-24 23:17:31,9159.91,6849.28
2022-07-24 23:17:30,9160.35,6848.84
2022-07-24 23:17:29,9169.91,6839.28
2022-07-24 23:17:28,9188.95,6820.24
2022-07-24 23:17:27,9192.05,6817.14
2022-07-24 23:17:26,9192.04,6817.14
2022-07-24 23:17:25,9214.14,6795.05
2022-07-24 23:17:24,9229.57,6779.61
2022-07-24 23:17:23,9230.05,6779.14
2022-07-24 23:17:22,9257.93,6751.26
2022-07-24 23:17:21,9270.92,6738.27
2022-07-24 23:17:20,9268.66,6740.52
2022-07-24 23:17:19,9303.69,6705.5
2022-07-24 23:17:18,9319.53,6689.66
2022-07-24 23:17:17,9334.63,6674.56
2022-07-24 23:17:16,9516.38,6492.81
2022-07-24 23:17:15,9615,6394.18
2022-07-24 23:17:14,9736.6,6272.59
2022-07-24 23:17:13,10463.9,5545.29
2022-07-24 23:17:12,10743.3,5265.91
2022-07-24 23:17:11,10980,5029.22
2022-07-24 23:17:10,11109.3,4899.91
2022-07-24 23:17:09,11225.7,4783.5
2022-07-24 23:17:08,11322.3,4686.93
2022-07-24 23:17:07,11613.3,4395.91
2022-07-24 23:17:06,11794.4,4214.83
2022-07-24 23:17:05,10789.2,5219.98
2022-07-24 23:17:04,9715.77,6293.41
2022-07-24 23:17:03,9767.17,6242.02
2022-07-24 23:17:02,9786.03,6223.16
2022-07-24 23:17:01,9297.85,6711.34
2022-07-24 23:17:00,9309.96,6699.23
2022-07-24 23:16:59,9310.13,6699.05
2022-07-24 23:16:58,9312.68,6696.51
2022-07-24 23:16:57,9324.12,6685.07
2022-07-24 23:16:56,9334.62,6674.57
2022-07-24 23:16:55,9335.07,6674.11
2022-07-24 23:16:54,9352.09,6657.1
2022-07-24 23:16:53,9364.66,6644.53
2022-07-24 23:16:52,9364.69,6644.5
2022-07-24 23:16:51,9366.63,6642.55
2022-07-24 23:16:50,9396.41,6612.78
2022-07-24 23:16:49,9397.99,6611.2
2022-07-24 23:16:48,9414.45,6594.74
2022-07-24 23:16:47,9430.05,6579.13
2022-07-24 23:16:46,9431.18,6578.01
2022-07-24 23:16:45,9452.37,6556.82
2022-07-24 23:16:44,9450.39,6558.79
2022-07-24 23:16:43,9470.63,6538.56
2022-07-24 23:16:42,9482.9,6526.28
2022-07-24 23:16:41,9531.56,6477.63
2022-07-24 23:16:40,9554.75,6454.43
2022-07-24 23:16:39,9685.27,6323.91
2022-07-24 23:16:38,10102.7,5906.5
2022-07-24 23:16:37,10277.6,5731.63
2022-07-24 23:16:36,10607.9,5401.29
2022-07-24 23:16:35,10894,5115.18
2022-07-24 23:16:34,11029.9,4979.25
2022-07-24 23:16:33,11160.9,4848.29
2022-07-24 23:16:32,11290.1,4719.04
2022-07-24 23:16:31,11415.6,4593.57
2022-07-24 23:16:30,11710.4,4298.8
2022-07-24 23:16:29,11379,4630.21
2022-07-24 23:16:28,10207.9,5801.33
2022-07-24 23:16:27,9647.29,6361.89
2022-07-24 23:16:26,9692.41,6316.77
2022-07-24 23:16:25,9078,6931.18
2022-07-24 23:16:24,9078.77,6930.42
2022-07-24 23:16:23,9078.55,6930.64
2022-07-24 23:16:22,9076.6,6932.59
2022-07-24 23:16:21,9080.15,6929.04
2022-07-24 23:16:20,9079.36,6929.82
2022-07-24 23:16:19,9078.85,6930.34
2022-07-24 23:16:18,9078.46,6930.73
2022-07-24 23:16:17,9079.13,6930.06
2022-07-24 23:16:16,9080.54,6928.65
2022-07-24 23:16:15,9079.88,6929.3
2022-07-24 23:16:14,9080.41,6928.78
2022-07-24 23:16:13,9080.57,6928.62
2022-07-24 23:16:12,9084.53,6924.65
2022-07-24 23:16:11,9093.21,6915.98
2022-07-24 23:16:10,9094.15,6915.04
2022-07-24 23:16:09,9093.12,6916.07
2022-07-24 23:16:08,9095.57,6913.62
2022-07-24 23:16:07,9155.61,6853.58
2022-07-24 23:16:06,9157.52,6851.66
2022-07-24 23:16:05,9159.34,6849.84
2022-07-24 23:16:04,9316.43,6692.76
2022-07-24 23:16:03,9329.65,6679.54
2022-07-24 23:16:02,9393.61,6615.57
2022-07-24 23:16:01,10073.3,5935.93
2022-07-24 23:16:00,10246.9,5762.34
2022-07-24 23:15:59,10691.6,5317.62
2022-07-24 23:15:58,10811.9,5197.26
2022-07-24 23:15:57,10947.1,5062.05
2022-07-24 23:15:56,11221.4,4787.79
2022-07-24 23:15:55,11467.8,4541.35
2022-07-24 23:15:54,11633.9,4375.3
2022-07-24 23:15:53,11208.8,4800.42
2022-07-24 23:15:52,10175.9,5833.29
2022-07-24 23:15:51,9715.55,6293.64
2022-07-24 23:15:50,9755.59,6253.6
2022-07-24 23:15:49,9755.29,6253.89
2022-07-24 23:15:48,9158.11,6851.08
2022-07-24 23:15:47,9157.85,6851.34
2022-07-24 23:15:46,9159.51,6849.68
2022-07-24 23:15:45,9159.27,6849.92
2022-07-24 23:15:44,9160.09,6849.1
2022-07-24 23:15:43,9161.13,6848.06
2022-07-24 23:15:42,9163.53,6845.66
2022-07-24 23:15:41,9164.23,6844.95
2022-07-24 23:15:40,9164.7,6844.48
2022-07-24 23:15:39,9166.11,6843.08
2022-07-24 23:15:38,9183.28,6825.91
2022-07-24 23:15:37,9188.25,6820.94
2022-07-24 23:15:36,9187.05,6822.14
2022-07-24 23:15:35,9209.52,6799.66
2022-07-24 23:15:34,9209.35,6799.84
2022-07-24 23:15:33,9240.46,6768.72
2022-07-24 23:15:32,9264.5,6744.68
2022-07-24 23:15:31,9266.84,6742.34
2022-07-24 23:15:30,9291.56,6717.63
2022-07-24 23:15:29,9329.21,6679.98
2022-07-24 23:15:28,9373.5,6635.69
2022-07-24 23:15:27,9417.52,6591.66
2022-07-24 23:15:26,9656.28,6352.9
2022-07-24 23:15:25,10002.3,6006.91
2022-07-24 23:15:24,10134.1,5875.05
2022-07-24 23:15:23,10351,5658.2
2022-07-24 23:15:22,10701.9,5307.25
2022-07-24 23:15:21,10872.4,5136.78
2022-07-24 23:15:20,10999.5,5009.68
2022-07-24 23:15:19,11109.7,4899.52
2022-07-24 23:15:18,11370,4639.19
2022-07-24 23:15:17,11679.9,4329.26
2022-07-24 23:15:16,10830.8,5178.43
2022-07-24 23:15:15,10289.9,5719.3
2022-07-24 23:15:14,9824.06,6185.12
2022-07-24 23:15:13,9882.09,6127.1
2022-07-24 23:15:12,9926.02,6083.17
2022-07-24 23:15:11,9302.41,6706.78
2022-07-24 23:15:10,9301.62,6707.57
2022-07-24 23:15:09,9314.43,6694.76
2022-07-24 23:15:08,9313.34,6695.84
2022-07-24 23:15:07,9316.18,6693.01
2022-07-24 23:15:06,9316.87,6692.32
2022-07-24 23:15:05,9327.96,6681.23
2022-07-24 23:15:04,9332.9,6676.28
2022-07-24 23:15:03,9331.19,6678
2022-07-24 23:15:02,9376.15,6633.04
2022-07-24 23:15:01,9378.46,6630.73
2022-07-24 23:15:00,9400.42,6608.77
2022-07-24 23:14:59,9425.06,6584.13
2022-07-24 23:14:58,9439.52,6569.67
2022-07-24 23:14:57,9448.87,6560.31
2022-07-24 23:14:56,9511.39,6497.8
2022-07-24 23:14:55,9514.3,6494.88
2022-07-24 23:14:54,9532.34,6476.85
2022-07-24 23:14:53,9589.64,6419.55
2022-07-24 23:14:52,9600.18,6409.01
2022-07-24 23:14:51,9637.34,6371.85
2022-07-24 23:14:50,9686.14,6323.05
2022-07-24 23:14:49,9739.11,6270.08
2022-07-24 23:14:48,10013.3,5995.85
2022-07-24 23:14:47,10308.7,5700.49
2022-07-24 23:14:46,10429.9,5579.27
2022-07-24 23:14:45,10742.2,5267.02
2022-07-24 23:14:44,10889.2,5120.02
2022-07-24 23:14:43,11029,4980.22
2022-07-24 23:14:42,11153.5,4855.68
2022-07-24 23:14:41,11538.1,4471.05
2022-07-24 23:14:40,11240.3,4768.9
2022-07-24 23:14:39,10767.5,5241.65
2022-07-24 23:14:38,9681.71,6327.48
2022-07-24 23:14:37,9728.52,6280.67
2022-07-24 23:14:36,9780.98,6228.21
2022-07-24 23:14:35,9794.58,6214.61
2022-07-24 23:14:34,9282.73,6726.46
2022-07-24 23:14:33,9284.79,6724.4
2022-07-24 23:14:32,9284.77,6724.41
2022-07-24 23:14:31,9293.91,6715.28
2022-07-24 23:14:30,9295.59,6713.6
2022-07-24 23:14:29,9297.32,6711.87
2022-07-24 23:14:28,9296.74,6712.45
2022-07-24 23:14:27,9313.49,6695.7
2022-07-24 23:14:26,9330.25,6678.93
2022-07-24 23:14:25,9332.61,6676.58
2022-07-24 23:14:24,9347.09,6662.1
2022-07-24 23:14:23,9370.6,6638.59
2022-07-24 23:14:22,9370.05,6639.14
2022-07-24 23:14:21,9373.42,6635.77
2022-07-24 23:14:20,9394.9,6614.29
2022-07-24 23:14:19,9426.61,6582.58
2022-07-24 23:14:18,9430.34,6578.84
2022-07-24 23:14:17,9472.1,6537.09
2022-07-24 23:14:16,9501.98,6507.2
2022-07-24 23:14:15,9513.72,6495.47
2022-07-24 23:14:14,9626.13,6383.06
2022-07-24 23:14:13,9688.86,6320.33
2022-07-24 23:14:12,9883.38,6125.81
2022-07-24 23:14:11,10281.1,5728.07
2022-07-24 23:14:10,10596.4,5412.83
2022-07-24 23:14:09,10760.7,5248.53
2022-07-24 23:14:08,11020.6,4988.59
2022-07-24 23:14:07,11158.9,4850.27
2022-07-24 23:14:06,11251.2,4758.01
2022-07-24 23:14:05,11512.7,4496.47
2022-07-24 23:14:04,11693.7,4315.49
2022-07-24 23:14:03,11236.9,4772.33
2022-07-24 23:14:02,10211.3,5797.85
2022-07-24 23:14:01,9684.65,6324.54
2022-07-24 23:14:00,9725.78,6283.41
2022-07-24 23:13:59,9202.27,6806.92
2022-07-24 23:13:58,9207.34,6801.85
2022-07-24 23:13:57,9205.85,6803.34
2022-07-24 23:13:56,9207.01,6802.18
2022-07-24 23:13:55,9206.94,6802.25
2022-07-24 23:13:54,9210.59,6798.6
2022-07-24 23:13:53,9209.07,6800.12
2022-07-24 23:13:52,9208.11,6801.08
2022-07-24 23:13:51,9209.83,6799.36
2022-07-24 23:13:50,9210.63,6798.56
2022-07-24 23:13:49,9213.85,6795.34
2022-07-24 23:13:48,9213.05,6796.14
2022-07-24 23:13:47,9212.36,6796.83
2022-07-24 23:13:46,9214.38,6794.81
2022-07-24 23:13:45,9214.98,6794.21
2022-07-24 23:13:44,9215,6794.18
2022-07-24 23:13:43,9228.7,6780.48
2022-07-24 23:13:42,9229.77,6779.41
2022-07-24 23:13:41,9222.28,6786.91
2022-07-24 23:13:40,9288.67,6720.52
2022-07-24 23:13:39,9290.2,6718.99
2022-07-24 23:13:38,9321.98,6687.21
2022-07-24 23:13:37,9462.31,6546.88
2022-07-24 23:13:36,9506.86,6502.33
2022-07-24 23:13:35,9841.07,6168.12
2022-07-24 23:13:34,10118.3,5890.89
2022-07-24 23:13:33,10513.6,5495.6
2022-07-24 23:13:32,10894,5115.2
2022-07-24 23:13:31,11056.7,4952.52
2022-07-24 23:13:30,11155.8,4853.4
2022-07-24 23:13:29,11379.3,4629.91
2022-07-24 23:13:28,11553.3,4455.85
2022-07-24 23:13:27,11715.3,4293.89
2022-07-24 23:13:26,11882.2,4126.99
2022-07-24 23:13:25,10340.9,5668.25
2022-07-24 23:13:24,9883.81,6125.38
2022-07-24 23:13:23,9917.93,6091.25
2022-07-24 23:13:22,9426.54,6582.65
2022-07-24 23:13:21,9428.22,6580.97
2022-07-24 23:13:20,9429,6580.18
2022-07-24 23:13:19,9449.2,6559.98
2022-07-24 23:13:18,9449.91,6559.28
2022-07-24 23:13:17,9453.13,6556.06
2022-07-24 23:13:16,9463.04,6546.14
2022-07-24 23:13:15,9473.99,6535.19
2022-07-24 23:13:14,9476.28,6532.91
2022-07-24 23:13:13,9490.95,6518.24
2022-07-24 23:13:12,9507.54,6501.65
2022-07-24 23:13:11,9506.76,6502.43
2022-07-24 23:13:10,9521.88,6487.31
2022-07-24 23:13:09,9532.87,6476.31
2022-07-24 23:13:08,9554.58,6454.61
2022-07-24 23:13:07,9582.2,6426.99
2022-07-24 23:13:06,9593.61,6415.57
2022-07-24 23:13:05,9617.26,6391.93
2022-07-24 23:13:04,9648.87,6360.32
2022-07-24 23:13:03,9681.51,6327.68
2022-07-24 23:13:02,9730.94,6278.25
2022-07-24 23:13:01,9737.8,6271.39
2022-07-24 23:13:00,9840.45,6168.74
2022-07-24 23:12:59,9949,6060.18
2022-07-24 23:12:58,10142.6,5866.56
2022-07-24 23:12:57,10471.9,5537.32
2022-07-24 23:12:56,10810.3,5198.87
2022-07-24 23:12:55,11029.4,4979.76
2022-07-24 23:12:54,11113.5,4895.69
2022-07-24 23:12:53,11225.8,4783.41
2022-07-24 23:12:52,11442.9,4566.28
2022-07-24 23:12:51,11574.9,4434.25
2022-07-24 23:12:50,11730.5,4278.68
2022-07-24 23:12:49,11386.6,4622.56
2022-07-24 23:12:48,9829.94,6179.25
2022-07-24 23:12:47,9882.26,6126.93
2022-07-24 23:12:46,9262.3,6746.88
2022-07-24 23:12:45,9259.45,6749.73
2022-07-24 23:12:44,9262.8,6746.38
2022-07-24 23:12:43,9263.09,6746.1
2022-07-24 23:12:42,9263.8,6745.39
2022-07-24 23:12:41,9264.52,6744.66
2022-07-24 23:12:40,9265.76,6743.43
2022-07-24 23:12:39,9270.76,6738.43
2022-07-24 23:12:38,9270.65,6738.54
2022-07-24 23:12:37,9273.31,6735.88
2022-07-24 23:12:36,9273.52,6735.67
2022-07-24 23:12:35,9308.73,6700.45
2022-07-24 23:12:34,9310.43,6698.76
2022-07-24 23:12:33,9310.7,6698.49
2022-07-24 23:12:32,9343.33,6665.86
2022-07-24 23:12:31,9348.14,6661.05
2022-07-24 23:12:30,9349.46,6659.73
2022-07-24 23:12:29,9391.35,6617.84
2022-07-24 23:12:28,9393.29,6615.89
2022-07-24 23:12:27,9394.73,6614.46
2022-07-24 23:12:26,9424.37,6584.81
2022-07-24 23:12:25,9459.08,6550.11
2022-07-24 23:12:24,9548.21,6460.98
2022-07-24 23:12:23,9576.84,6432.35
2022-07-24 23:12:22,9707.75,6301.43
2022-07-24 23:12:21,10188.4,5820.8
2022-07-24 23:12:20,10419.4,5589.82
2022-07-24 23:12:19,10614.9,5394.24
2022-07-24 23:12:18,10791.3,5217.93
2022-07-24 23:12:17,10921.6,5087.56
2022-07-24 23:12:16,11281.8,4727.4
2022-07-24 23:12:15,11447.9,4561.32
2022-07-24 23:12:14,11628.5,4380.64
2022-07-24 23:12:13,11837.5,4171.72
2022-07-24 23:12:12,10427.4,5581.78
2022-07-24 23:12:11,9991.64,6017.55
2022-07-24 23:12:10,10036.4,5972.77
2022-07-24 23:12:09,9441.35,6567.83
2022-07-24 23:12:08,9450.8,6558.39
2022-07-24 23:12:07,9461.08,6548.11
2022-07-24 23:12:06,9462.09,6547.1
2022-07-24 23:12:05,9464.01,6545.18
2022-07-24 23:12:04,9482.94,6526.25
2022-07-24 23:12:03,9484.2,6524.99
2022-07-24 23:12:02,9484.94,6524.25
2022-07-24 23:12:01,9526.36,6482.83
2022-07-24 23:12:00,9534.85,6474.34
2022-07-24 23:11:59,9536.59,6472.6
2022-07-24 23:11:58,9561.21,6447.98
2022-07-24 23:11:57,9588.32,6420.87
2022-07-24 23:11:56,9610.31,6398.88
2022-07-24 23:11:55,9638.27,6370.91
2022-07-24 23:11:54,9665.42,6343.77
2022-07-24 23:11:53,9687.45,6321.73
2022-07-24 23:11:52,9724.74,6284.45
2022-07-24 23:11:51,9725.88,6283.31
2022-07-24 23:11:50,9752.63,6256.56
2022-07-24 23:11:49,9810.5,6198.69
2022-07-24 23:11:48,9821.96,6187.23
2022-07-24 23:11:47,9903.18,6106.01
2022-07-24 23:11:46,9946.32,6062.87
2022-07-24 23:11:45,10038.3,5970.9
2022-07-24 23:11:44,10363.5,5645.71
2022-07-24 23:11:43,10662.3,5346.86
2022-07-24 23:11:42,10764.7,5244.49
2022-07-24 23:11:41,10967,5042.15
2022-07-24 23:11:40,11301.9,4707.31
2022-07-24 23:11:39,11429.4,4579.74
2022-07-24 23:11:38,11606,4403.22
2022-07-24 23:11:37,11787.1,4222.09
2022-07-24 23:11:36,11442.1,4567.06
2022-07-24 23:11:35,9878.8,6130.39
2022-07-24 23:11:34,9914.11,6095.08
2022-07-24 23:11:33,9296.72,6712.47
2022-07-24 23:11:32,9297.16,6712.03
2022-07-24 23:11:31,9300.57,6708.62
2022-07-24 23:11:30,9304.59,6704.59
2022-07-24 23:11:29,9307.51,6701.68
2022-07-24 23:11:28,9308.8,6700.39
2022-07-24 23:11:27,9316.89,6692.3
2022-07-24 23:11:26,9315.35,6693.84
2022-07-24 23:11:25,9315.89,6693.3
2022-07-24 23:11:24,9316.79,6692.39
2022-07-24 23:11:23,9325.55,6683.64
2022-07-24 23:11:22,9328.02,6681.17
2022-07-24 23:11:21,9328.29,6680.9
2022-07-24 23:11:20,9339.66,6669.53
2022-07-24 23:11:19,9342.28,6666.91
2022-07-24 23:11:18,9342.3,6666.89
2022-07-24 23:11:17,9369.04,6640.14
2022-07-24 23:11:16,9370.7,6638.48
2022-07-24 23:11:15,9366.48,6642.7
2022-07-24 23:11:14,9417.95,6591.23
2022-07-24 23:11:13,9477.93,6531.26
2022-07-24 23:11:12,9490.22,6518.97
2022-07-24 23:11:11,9560.58,6448.61
2022-07-24 23:11:10,9695.07,6314.12
2022-07-24 23:11:09,9858.44,6150.75
2022-07-24 23:11:08,9979.12,6030.07
2022-07-24 23:11:07,10550.9,5458.25
2022-07-24 23:11:06,10739.9,5269.27
2022-07-24 23:11:05,10864,5145.17
2022-07-24 23:11:04,10945,5064.19
2022-07-24 23:11:03,11087.7,4921.49
2022-07-24 23:11:02,11467.1,4542.11
2022-07-24 23:11:01,11641.6,4367.63
2022-07-24 23:11:00,11879.6,4129.63
2022-07-24 23:10:59,9589.93,6419.26
2022-07-24 23:10:58,9647.57,6361.61
2022-07-24 23:10:57,9695.11,6314.08
2022-07-24 23:10:56,9179.14,6830.05
2022-07-24 23:10:55,9179.14,6830.05
2022-07-24 23:10:54,9189.38,6819.81
2022-07-24 23:10:53,9189.74,6819.45
2022-07-24 23:10:52,9191.5,6817.69
2022-07-24 23:10:51,9199.92,6809.27
2022-07-24 23:10:50,9212.09,6797.1
2022-07-24 23:10:49,9212.05,6797.13
2022-07-24 23:10:48,9211.79,6797.39
2022-07-24 23:10:47,9240.45,6768.74
2022-07-24 23:10:46,9240.3,6768.89
2022-07-24 23:10:45,9253.1,6756.09
2022-07-24 23:10:44,9256.95,6752.24
2022-07-24 23:10:43,9270.08,6739.1
2022-07-24 23:10:42,9272.56,6736.62
2022-07-24 23:10:41,9298.3,6710.89
2022-07-24 23:10:40,9299.26,6709.93
2022-07-24 23:10:39,9302.66,6706.53
2022-07-24 23:10:38,9329.43,6679.76
2022-07-24 23:10:37,9330.96,6678.23
2022-07-24 23:10:36,9346.91,6662.28
2022-07-24 23:10:35,9420.62,6588.57
2022-07-24 23:10:34,9458.39,6550.79
2022-07-24 23:10:33,9635.39,6373.79
2022-07-24 23:10:32,10107.7,5901.52
2022-07-24 23:10:31,10305.8,5703.34
2022-07-24 23:10:30,10549.6,5459.6
2022-07-24 23:10:29,10776.4,5232.79
2022-07-24 23:10:28,11027.3,4981.91
2022-07-24 23:10:27,11286.3,4722.89
2022-07-24 23:10:26,11450.7,4558.49
2022-07-24 23:10:25,11616,4393.18
2022-07-24 23:10:24,11742.8,4266.38
2022-07-24 23:10:23,11267.8,4741.38
2022-07-24 23:10:22,10253.5,5755.66
2022-07-24 23:10:21,9807.34,6201.85
2022-07-24 23:10:20,9350.99,6658.2
2022-07-24 23:10:19,9360.3,6648.89
2022-07-24 23:10:18,9365.29,6643.89
2022-07-24 23:10:17,9371.84,6637.34
2022-07-24 23:10:16,9383.15,6626.04
2022-07-24 23:10:15,9385.38,6623.81
2022-07-24 23:10:14,9396.28,6612.91
2022-07-24 23:10:13,9395.84,6613.34
2022-07-24 23:10:12,9408.37,6600.82
2022-07-24 23:10:11,9422.57,6586.62
2022-07-24 23:10:10,9423.54,6585.64
2022-07-24 23:10:09,9440.97,6568.22
2022-07-24 23:10:08,9446.93,6562.26
2022-07-24 23:10:07,9465.65,6543.54
2022-07-24 23:10:06,9484.36,6524.83
2022-07-24 23:10:05,9509.71,6499.48
2022-07-24 23:10:04,9511.47,6497.71
2022-07-24 23:10:03,9540.71,6468.48
2022-07-24 23:10:02,9552.9,6456.29
2022-07-24 23:10:01,9556.63,6452.56
2022-07-24 23:10:00,9593.62,6415.57
2022-07-24 23:09:59,9636.87,6372.32
2022-07-24 23:09:58,9673.82,6335.37
2022-07-24 23:09:57,9726.89,6282.3
2022-07-24 23:09:56,10041.5,5967.7
2022-07-24 23:09:55,10146.2,5862.98
2022-07-24 23:09:54,10497.8,5511.42
2022-07-24 23:09:53,10748.8,5260.39
2022-07-24 23:09:52,11024.4,4984.82
2022-07-24 23:09:51,11120.2,4889.01
2022-07-24 23:09:50,11228.4,4780.79
2022-07-24 23:09:49,11464.3,4544.89
2022-07-24 23:09:48,11604.4,4404.75
2022-07-24 23:09:47,11250.3,4758.86
2022-07-24 23:09:46,11400,4609.15
2022-07-24 23:09:45,10364.2,5644.97
2022-07-24 23:09:44,9797.35,6211.84
2022-07-24 23:09:43,9320.98,6688.21
2022-07-24 23:09:42,9322.9,6686.29
2022-07-24 23:09:41,9322.1,6687.09
2022-07-24 23:09:40,9332.11,6677.08
2022-07-24 23:09:39,9334.27,6674.91
2022-07-24 23:09:38,9335.64,6673.54
2022-07-24 23:09:37,9346.18,6663
2022-07-24 23:09:36,9356.74,6652.45
2022-07-24 23:09:35,9361,6648.19
2022-07-24 23:09:34,9362.17,6647.02
2022-07-24 23:09:33,9389.69,6619.5
2022-07-24 23:09:32,9390.66,6618.53
2022-07-24 23:09:31,9410.71,6598.48
2022-07-24 23:09:30,9424.18,6585.01
2022-07-24 23:09:29,9447.88,6561.31
2022-07-24 23:09:28,9485.23,6523.96
2022-07-24 23:09:27,9482.78,6526.41
2022-07-24 23:09:26,9501.17,6508.02
2022-07-24 23:09:25,9549.53,6459.66
2022-07-24 23:09:24,9569.69,6439.5
2022-07-24 23:09:23,9585.23,6423.95
2022-07-24 23:09:22,9597.81,6411.38
2022-07-24 23:09:21,9660.52,6348.66
2022-07-24 23:09:20,9743.8,6265.38
2022-07-24 23:09:19,9958.37,6050.82
2022-07-24 23:09:18,10065,5944.19
2022-07-24 23:09:17,10519,5490.18
2022-07-24 23:09:16,10773.2,5235.95
2022-07-24 23:09:15,11011.5,4997.66
2022-07-24 23:09:14,11161.9,4847.32
2022-07-24 23:09:13,11418.8,4590.38
2022-07-24 23:09:12,11538.5,4470.68
2022-07-24 23:09:11,11695.6,4313.57
2022-07-24 23:09:10,11864.2,4145
2022-07-24 23:09:09,10955.8,5053.42
2022-07-24 23:09:08,9891.07,6118.12
2022-07-24 23:09:07,9899.42,6109.77
2022-07-24 23:09:06,9396.71,6612.48
2022-07-24 23:09:05,9399.29,6609.9
2022-07-24 23:09:04,9417.84,6591.35
2022-07-24 23:09:03,9420.63,6588.56
2022-07-24 23:09:02,9424.61,6584.57
2022-07-24 23:09:01,9435.62,6573.57
2022-07-24 23:09:00,9443.59,6565.6
2022-07-24 23:08:59,9454.67,6554.52
2022-07-24 23:08:58,9455.67,6553.52
2022-07-24 23:08:57,9477.61,6531.58
2022-07-24 23:08:56,9483.01,6526.18
2022-07-24 23:08:55,9508.87,6500.32
2022-07-24 23:08:54,9523.21,6485.98
2022-07-24 23:08:53,9538.81,6470.38
2022-07-24 23:08:52,9564.47,6444.72
2022-07-24 23:08:51,9578.82,6430.36
2022-07-24 23:08:50,9596.72,6412.47
2022-07-24 23:08:49,9611.56,6397.63
2022-07-24 23:08:48,9643.61,6365.57
2022-07-24 23:08:47,9683.09,6326.1
2022-07-24 23:08:46,9686,6323.18
2022-07-24 23:08:45,9757.77,6251.41
2022-07-24 23:08:44,9868.95,6140.24
2022-07-24 23:08:43,9928,6081.18
2022-07-24 23:08:42,10421.5,5587.73
2022-07-24 23:08:41,10517.4,5491.77
2022-07-24 23:08:40,10788.2,5220.98
2022-07-24 23:08:39,11019.9,4989.25
2022-07-24 23:08:38,11132.9,4876.27
2022-07-24 23:08:37,11337,4672.17
2022-07-24 23:08:36,11496.2,4512.97
2022-07-24 23:08:35,11632.4,4376.79
2022-07-24 23:08:34,11792.5,4216.68
2022-07-24 23:08:33,10896.5,5112.64
2022-07-24 23:08:32,11005.2,5004.02
2022-07-24 23:08:31,9889.93,6119.25
2022-07-24 23:08:30,9290.45,6718.74
2022-07-24 23:08:29,9290.25,6718.94
2022-07-24 23:08:28,9291.13,6718.06
2022-07-24 23:08:27,9291.27,6717.91
2022-07-24 23:08:26,9304.56,6704.62
2022-07-24 23:08:25,9303.83,6705.36
2022-07-24 23:08:24,9305.05,6704.13
2022-07-24 23:08:23,9322.04,6687.15
2022-07-24 23:08:22,9328.47,6680.71
2022-07-24 23:08:21,9331.38,6677.81
2022-07-24 23:08:20,9333.54,6675.64
2022-07-24 23:08:19,9368.6,6640.59
2022-07-24 23:08:18,9372.03,6637.16
2022-07-24 23:08:17,9371.61,6637.58
2022-07-24 23:08:16,9413.66,6595.53
2022-07-24 23:08:15,9428.96,6580.23
2022-07-24 23:08:14,9451.11,6558.07
2022-07-24 23:08:13,9477.34,6531.85
2022-07-24 23:08:12,9500.05,6509.13
2022-07-24 23:08:11,9518.67,6490.52
2022-07-24 23:08:10,9579.14,6430.05
2022-07-24 23:08:09,9608.06,6401.13
2022-07-24 23:08:08,9620.43,6388.75
2022-07-24 23:08:07,9838.74,6170.45
2022-07-24 23:08:06,9970.37,6038.82
2022-07-24 23:08:05,10043.1,5966.11
2022-07-24 23:08:04,10364.8,5644.41
2022-07-24 23:08:03,10718.4,5290.83
2022-07-24 23:08:02,10878,5131.15
2022-07-24 23:08:01,11013.8,4995.39
2022-07-24 23:08:00,11396.4,4612.8
2022-07-24 23:07:59,11579.8,4429.41
2022-07-24 23:07:58,11205,4804.16
2022-07-24 23:07:57,11362.1,4647.06
2022-07-24 23:07:56,10561.3,5447.91
2022-07-24 23:07:55,9707.97,6301.21
2022-07-24 23:07:54,9228.21,6780.98
2022-07-24 23:07:53,9226.78,6782.4
2022-07-24 23:07:52,9227.96,6781.23
2022-07-24 23:07:51,9228.89,6780.3
2022-07-24 23:07:50,9234.2,6774.98
2022-07-24 23:07:49,9236.31,6772.87
2022-07-24 23:07:48,9236.27,6772.91
2022-07-24 23:07:47,9243.88,6765.3
2022-07-24 23:07:46,9245.37,6763.82
2022-07-24 23:07:45,9249.51,6759.68
2022-07-24 23:07:44,9256.19,6753
2022-07-24 23:07:43,9257.4,6751.79
2022-07-24 23:07:42,9258.26,6750.93
2022-07-24 23:07:41,9297.23,6711.96
2022-07-24 23:07:40,9292.63,6716.56
2022-07-24 23:07:39,9297.06,6712.13
2022-07-24 23:07:38,9306.41,6702.78
2022-07-24 23:07:37,9331.23,6677.95
2022-07-24 23:07:36,9344.95,6664.24
2022-07-24 23:07:35,9351.24,6657.94
2022-07-24 23:07:34,9366.06,6643.13
2022-07-24 23:07:33,9385.31,6623.88
2022-07-24 23:07:32,9423.35,6585.84
2022-07-24 23:07:31,9566.35,6442.84
2022-07-24 23:07:30,9669.34,6339.84
2022-07-24 23:07:29,9800.47,6208.72
2022-07-24 23:07:28,10377.5,5631.65
2022-07-24 23:07:27,10733.3,5275.85
2022-07-24 23:07:26,10960.3,5048.93
2022-07-24 23:07:25,11232.4,4776.82
2022-07-24 23:07:24,11391.8,4617.41
2022-07-24 23:07:23,11520.6,4488.64
2022-07-24 23:07:22,11639.8,4369.37
2022-07-24 23:07:21,11629.3,4379.86
2022-07-24 23:07:20,10823.9,5185.27
2022-07-24 23:07:19,9796.5,6212.68
2022-07-24 23:07:18,9810.57,6198.61
2022-07-24 23:07:17,9181.6,6827.59
2022-07-24 23:07:16,9190.69,6818.5
2022-07-24 23:07:15,9191.16,6818.03
2022-07-24 23:07:14,9190.64,6818.55
2022-07-24 23:07:13,9199.82,6809.37
2022-07-24 23:07:12,9198.61,6810.58
2022-07-24 23:07:11,9201.74,6807.44
2022-07-24 23:07:10,9204.11,6805.07
2022-07-24 23:07:09,9216.31,6792.88
2022-07-24 23:07:08,9216.14,6793.05
2022-07-24 23:07:07,9217.26,6791.93
2022-07-24 23:07:06,9231.4,6777.79
2022-07-24 23:07:05,9230.63,6778.55
2022-07-24 23:07:04,9230.53,6778.66
2022-07-24 23:07:03,9247.48,6761.7
2022-07-24 23:07:02,9247.18,6762.01
2022-07-24 23:07:01,9267.23,6741.95
2022-07-24 23:07:00,9289.04,6720.15
2022-07-24 23:06:59,9294.86,6714.32
2022-07-24 23:06:58,9314.64,6694.55
2022-07-24 23:06:57,9296.76,6712.43
2022-07-24 23:06:56,9374.78,6634.41
2022-07-24 23:06:55,9425.77,6583.42
2022-07-24 23:06:54,9554.23,6454.96
2022-07-24 23:06:53,9917.43,6091.76
2022-07-24 23:06:52,10141.3,5867.85
2022-07-24 23:06:51,10215.6,5793.59
2022-07-24 23:06:50,10303.6,5705.61
2022-07-24 23:06:49,10801.9,5207.28
2022-07-24 23:06:48,11188.5,4820.7
2022-07-24 23:06:47,11375.1,4634.05
2022-07-24 23:06:46,11557,4452.18
2022-07-24 23:06:45,11704.6,4304.61
2022-07-24 23:06:44,10699,5310.16
2022-07-24 23:06:43,10803.9,5205.34
2022-07-24 23:06:42,10930.2,5078.95
2022-07-24 23:06:41,9210.12,6799.07
2022-07-24 23:06:40,9210.46,6798.73
2022-07-24 23:06:39,9212.46,6796.73
2022-07-24 23:06:38,9213.16,6796.02
2022-07-24 23:06:37,9215.55,6793.64
2022-07-24 23:06:36,9213.41,6795.78
2022-07-24 23:06:35,9217.52,6791.66
2022-07-24 23:06:34,9218.69,6790.5
2022-07-24 23:06:33,9217.43,6791.76
2022-07-24 23:06:32,9216.9,6792.29
2022-07-24 23:06:31,9217.95,6791.24
2022-07-24 23:06:30,9233.32,6775.87
2022-07-24 23:06:29,9232.8,6776.39
2022-07-24 23:06:28,9248.79,6760.39
2022-07-24 23:06:27,9249.37,6759.82
2022-07-24 23:06:26,9265.43,6743.75
2022-07-24 23:06:25,9266.98,6742.21
2022-07-24 23:06:24,9295.33,6713.86
2022-07-24 23:06:23,9313.77,6695.41
2022-07-24 23:06:22,9291.73,6717.46
2022-07-24 23:06:21,9330.68,6678.5
2022-07-24 23:06:20,9351.99,6657.19
2022-07-24 23:06:19,9365.62,6643.57
2022-07-24 23:06:18,9439,6570.18
2022-07-24 23:06:17,9595.06,6414.12
2022-07-24 23:06:16,9824.94,6184.25
2022-07-24 23:06:15,10111.5,5897.64
2022-07-24 23:06:14,10434,5575.21
2022-07-24 23:06:13,10901.4,5107.81
2022-07-24 23:06:12,11075.3,4933.86
2022-07-24 23:06:11,11168.8,4840.43
2022-07-24 23:06:10,11416.4,4592.79
2022-07-24 23:06:09,11555,4454.2
2022-07-24 23:06:08,11728.5,4280.73
2022-07-24 23:06:07,11367.5,4641.66
2022-07-24 23:06:06,9829.61,6179.58
2022-07-24 23:06:05,9881.01,6128.18
2022-07-24 23:06:04,9898.28,6110.91
2022-07-24 23:06:03,9396.01,6613.18
2022-07-24 23:06:02,9396.3,6612.89
2022-07-24 23:06:01,9405.39,6603.8
2022-07-24 23:06:00,9409.11,6600.08
2022-07-24 23:05:59,9412.68,6596.51
2022-07-24 23:05:58,9411.34,6597.85
2022-07-24 23:05:57,9426.87,6582.31
2022-07-24 23:05:56,9435.11,6574.07
2022-07-24 23:05:55,9435.75,6573.44
2022-07-24 23:05:54,9454.83,6554.36
2022-07-24 23:05:53,9468.71,6540.48
2022-07-24 23:05:52,9470.34,6538.85
2022-07-24 23:05:51,9483.91,6525.27
2022-07-24 23:05:50,9487.2,6521.99
2022-07-24 23:05:49,9503.63,6505.56
2022-07-24 23:05:48,9540.29,6468.9
2022-07-24 23:05:47,9538.72,6470.47
2022-07-24 23:05:46,9560.56,6448.62
2022-07-24 23:05:45,9617.06,6392.13
2022-07-24 23:05:44,9617.17,6392.02
2022-07-24 23:05:43,9643.09,6366.1
2022-07-24 23:05:42,9705.2,6303.98
2022-07-24 23:05:41,9812.11,6197.08
2022-07-24 23:05:40,9872.67,6136.52
2022-07-24 23:05:39,10081.1,5928.06
2022-07-24 23:05:38,10394.6,5614.54
2022-07-24 23:05:37,10728.9,5280.29
2022-07-24 23:05:36,10960.7,5048.49
2022-07-24 23:05:35,11096.8,4912.41
2022-07-24 23:05:34,11198.1,4811.08
2022-07-24 23:05:33,11292,4717.23
2022-07-24 23:05:32,11567.3,4441.93
2022-07-24 23:05:31,11761.3,4247.84
2022-07-24 23:05:30,11431.9,4577.33
2022-07-24 23:05:29,9848.06,6161.13
2022-07-24 23:05:28,9901.43,6107.76
2022-07-24 23:05:27,9948.07,6061.12
2022-07-24 23:05:26,9449.53,6559.66
2022-07-24 23:05:25,9452.21,6556.98
2022-07-24 23:05:24,9465.22,6543.97
2022-07-24 23:05:23,9466.04,6543.14
2022-07-24 23:05:22,9472.29,6536.9
2022-07-24 23:05:21,9480.01,6529.18
2022-07-24 23:05:20,9488.74,6520.45
2022-07-24 23:05:19,9490.8,6518.38
2022-07-24 23:05:18,9516.12,6493.07
2022-07-24 23:05:17,9531.48,6477.7
2022-07-24 23:05:16,9535.19,6474
2022-07-24 23:05:15,9552.69,6456.49
2022-07-24 23:05:14,9585.83,6423.36
2022-07-24 23:05:13,9597.22,6411.97
2022-07-24 23:05:12,9616.22,6392.97
2022-07-24 23:05:11,9642.53,6366.65
2022-07-24 23:05:10,9664.54,6344.64
2022-07-24 23:05:09,9690.75,6318.44
2022-07-24 23:05:08,9707.89,6301.29
2022-07-24 23:05:07,9743.42,6265.77
2022-07-24 23:05:06,9789.11,6220.07
2022-07-24 23:05:05,9791.27,6217.92
2022-07-24 23:05:04,9967.79,6041.39
2022-07-24 23:05:03,9936.24,6072.95
2022-07-24 23:05:02,10026.1,5983.13
2022-07-24 23:05:01,10656,5353.19
2022-07-24 23:05:00,10900.7,5108.48
2022-07-24 23:04:59,11022.2,4986.96
2022-07-24 23:04:58,11131.2,4877.95
2022-07-24 23:04:57,11229.4,4779.74
2022-07-24 23:04:56,11442.7,4566.49
2022-07-24 23:04:55,11635.2,4374.01
2022-07-24 23:04:54,11797.8,4211.36
2022-07-24 23:04:53,11341.6,4667.59
2022-07-24 23:04:52,9653.09,6356.1
2022-07-24 23:04:51,9680.14,6329.05
2022-07-24 23:04:50,9063.3,6945.89
2022-07-24 23:04:49,9063.33,6945.86
2022-07-24 23:04:48,9062.92,6946.27
2022-07-24 23:04:47,9064.46,6944.73
2022-07-24 23:04:46,9062.61,6946.58
2022-07-24 23:04:45,9063.56,6945.62
2022-07-24 23:04:44,9062.25,6946.94
2022-07-24 23:04:43,9064.36,6944.83
2022-07-24 23:04:42,9066.11,6943.08
2022-07-24 23:04:41,9063.93,6945.26
2022-07-24 23:04:40,9064.04,6945.15
2022-07-24 23:04:39,9065.91,6943.28
2022-07-24 23:04:38,9066.44,6942.75
2022-07-24 23:04:37,9068.34,6940.85
2022-07-24 23:04:36,9072.6,6936.59
2022-07-24 23:04:35,9073.65,6935.54
2022-07-24 23:04:34,9075.34,6933.85
2022-07-24 23:04:33,9099.96,6909.22
2022-07-24 23:04:32,9102.26,6906.93
2022-07-24 23:04:31,9086.5,6922.69
2022-07-24 23:04:30,9123.8,6885.38
2022-07-24 23:04:29,9124.15,6885.04
2022-07-24 23:04:28,9234.87,6774.32
2022-07-24 23:04:27,9365.94,6643.25
2022-07-24 23:04:26,9636.89,6372.3
2022-07-24 23:04:25,9951.26,6057.93
2022-07-24 23:04:24,10493.1,5516.04
2022-07-24 23:04:23,10730.1,5279.09
2022-07-24 23:04:22,10901.4,5107.75
2022-07-24 23:04:21,10978.6,5030.63
2022-07-24 23:04:20,11305.5,4703.71
2022-07-24 23:04:19,11482.8,4526.41
2022-07-24 23:04:18,11708.6,4300.63
2022-07-24 23:04:17,11388.1,4621.05
2022-07-24 23:04:16,10556.6,5452.56
2022-07-24 23:04:15,9898.67,6110.52
2022-07-24 23:04:14,9920.54,6088.65
2022-07-24 23:04:13,9438.16,6571.03
2022-07-24 23:04:12,9445.32,6563.87
2022-07-24 23:04:11,9449.7,6559.49
2022-07-24 23:04:10,9461.67,6547.52
2022-07-24 23:04:09,9465.75,6543.44
2022-07-24 23:04:08,9472.57,6536.62
2022-07-24 23:04:07,9487.44,6521.75
2022-07-24 23:04:06,9486.79,6522.4
2022-07-24 23:04:05,9495.7,6513.49
2022-07-24 23:04:04,9511.23,6497.96
2022-07-24 23:04:03,9514.95,6494.24
2022-07-24 23:04:02,9525.25,6483.93
2022-07-24 23:04:01,9543.49,6465.7
2022-07-24 23:04:00,9562.16,6447.03
2022-07-24 23:03:59,9574.98,6434.2
2022-07-24 23:03:58,9608.79,6400.39
2022-07-24 23:03:57,9637.25,6371.94
2022-07-24 23:03:56,9672.53,6336.66
2022-07-24 23:03:55,9678.66,6330.52
2022-07-24 23:03:54,9739.98,6269.21
2022-07-24 23:03:53,9763.42,6245.77
2022-07-24 23:03:52,9791.11,6218.07
2022-07-24 23:03:51,9920.67,6088.52
2022-07-24 23:03:50,10023.6,5985.59
2022-07-24 23:03:49,10187.8,5821.43
2022-07-24 23:03:48,10376.8,5632.37
2022-07-24 23:03:47,10787.3,5221.86
2022-07-24 23:03:46,10990,5019.16
2022-07-24 23:03:45,11149.4,4859.8
2022-07-24 23:03:44,11367.3,4641.93
2022-07-24 23:03:43,11507.6,4501.62
2022-07-24 23:03:42,11624.4,4384.83
2022-07-24 23:03:41,11794.3,4214.86
2022-07-24 23:03:40,10931.2,5078.01
2022-07-24 23:03:39,9784.9,6224.29
2022-07-24 23:03:38,9803.36,6205.83
2022-07-24 23:03:37,9287.22,6721.97
2022-07-24 23:03:36,9287.23,6721.95
2022-07-24 23:03:35,9298.76,6710.43
2022-07-24 23:03:34,9300.03,6709.16
2022-07-24 23:03:33,9303.2,6705.99
2022-07-24 23:03:32,9310.21,6698.98
2022-07-24 23:03:31,9312.02,6697.17
2022-07-24 23:03:30,9324.13,6685.06
2022-07-24 23:03:29,9325.2,6683.99
2022-07-24 23:03:28,9335.61,6673.58
2022-07-24 23:03:27,9339.69,6669.5
2022-07-24 23:03:26,9357.85,6651.34
2022-07-24 23:03:25,9373.05,6636.13
2022-07-24 23:03:24,9392.8,6616.39
2022-07-24 23:03:23,9401.51,6607.68
2022-07-24 23:03:22,9432.07,6577.12
2022-07-24 23:03:21,9456.55,6552.64
2022-07-24 23:03:20,9458.84,6550.35
2022-07-24 23:03:19,9492.78,6516.41
2022-07-24 23:03:18,9507.65,6501.54
2022-07-24 23:03:17,9523.77,6485.42
2022-07-24 23:03:16,9571.68,6437.5
2022-07-24 23:03:15,9591.14,6418.04
2022-07-24 23:03:14,9732.72,6276.47
2022-07-24 23:03:13,9943.57,6065.62
2022-07-24 23:03:12,10014.8,5994.34
2022-07-24 23:03:11,10479.2,5530.02
2022-07-24 23:03:10,10944.1,5065.09
2022-07-24 23:03:09,11137,4872.15
2022-07-24 23:03:08,11320.9,4688.27
2022-07-24 23:03:07,11446,4563.14
2022-07-24 23:03:06,11559.6,4449.57
2022-07-24 23:03:05,11695,4314.21
2022-07-24 23:03:04,11265.5,4743.64
2022-07-24 23:03:03,11445.9,4563.27
2022-07-24 23:03:02,9219.26,6789.93
2022-07-24 23:03:01,9221.57,6787.62
2022-07-24 23:03:00,9226.12,6783.07
2022-07-24 23:02:59,9225.93,6783.26
2022-07-24 23:02:58,9226.62,6782.56
2022-07-24 23:02:57,9233.77,6775.42
2022-07-24 23:02:56,9234.91,6774.27
2022-07-24 23:02:55,9237.5,6771.68
2022-07-24 23:02:54,9246.17,6763.02
2022-07-24 23:02:53,9247.84,6761.35
2022-07-24 23:02:52,9246.74,6762.45
2022-07-24 23:02:51,9257.53,6751.66
2022-07-24 23:02:50,9258.41,6750.78
2022-07-24 23:02:49,9258.1,6751.09
2022-07-24 23:02:48,9258.74,6750.45
2022-07-24 23:02:47,9272.28,6736.91
2022-07-24 23:02:46,9295.12,6714.07
2022-07-24 23:02:45,9294.92,6714.27
2022-07-24 23:02:44,9311.41,6697.78
2022-07-24 23:02:43,9325.87,6683.32
2022-07-24 23:02:42,9354,6655.18
2022-07-24 23:02:41,9363.69,6645.5
2022-07-24 23:02:40,9400.31,6608.87
2022-07-24 23:02:39,9462.09,6547.1
2022-07-24 23:02:38,9486.09,6523.1
2022-07-24 23:02:37,9587.64,6421.55
2022-07-24 23:02:36,9949.9,6059.29
2022-07-24 23:02:35,10131.9,5877.3
2022-07-24 23:02:34,10459.5,5549.69
2022-07-24 23:02:33,10808.8,5200.34
2022-07-24 23:02:32,11127.6,4881.54
2022-07-24 23:02:31,11341.4,4667.75
2022-07-24 23:02:30,11455.1,4554.04
2022-07-24 23:02:29,11603.9,4405.25
2022-07-24 23:02:28,11727.9,4281.25
2022-07-24 23:02:27,11303.5,4705.69
2022-07-24 23:02:26,10841,5168.22
2022-07-24 23:02:25,9208.94,6800.25
2022-07-24 23:02:24,9216.07,6793.11
2022-07-24 23:02:23,9222.96,6786.22
2022-07-24 23:02:22,9223.51,6785.68
2022-07-24 23:02:21,9222.68,6786.5
2022-07-24 23:02:20,9230.26,6778.93
2022-07-24 23:02:19,9236.39,6772.8
2022-07-24 23:02:18,9236.95,6772.24
2022-07-24 23:02:17,9249,6760.18
2022-07-24 23:02:16,9249.39,6759.79
2022-07-24 23:02:15,9249.85,6759.34
2022-07-24 23:02:14,9251.14,6758.04
2022-07-24 23:02:13,9271.88,6737.3
2022-07-24 23:02:12,9274.71,6734.48
2022-07-24 23:02:11,9275.26,6733.93
2022-07-24 23:02:10,9297.72,6711.47
2022-07-24 23:02:09,9298.18,6711.01
2022-07-24 23:02:08,9300.46,6708.72
2022-07-24 23:02:07,9328.03,6681.15
2022-07-24 23:02:06,9322.89,6686.29
2022-07-24 23:02:05,9337.42,6671.77
2022-07-24 23:02:04,9355.25,6653.94
2022-07-24 23:02:03,9380.3,6628.89
2022-07-24 23:02:02,9459.13,6550.06
2022-07-24 23:02:01,9511.76,6497.43
2022-07-24 23:02:00,9775.23,6233.95
2022-07-24 23:01:59,10044.3,5964.87
2022-07-24 23:01:58,10312.4,5696.82
2022-07-24 23:01:57,10551.9,5457.28
2022-07-24 23:01:56,10855.5,5153.71
2022-07-24 23:01:55,11178.6,4830.6
2022-07-24 23:01:54,11382.1,4627.04
2022-07-24 23:01:53,11472.4,4536.76
2022-07-24 23:01:52,11623.2,4385.94
2022-07-24 23:01:51,11778.7,4230.52
2022-07-24 23:01:50,11411.7,4597.46
2022-07-24 23:01:49,11021,4988.15
2022-07-24 23:01:48,9386.75,6622.44
2022-07-24 23:01:47,9390.62,6618.57
2022-07-24 23:01:46,9399.3,6609.89
2022-07-24 23:01:45,9402.18,6607.01
2022-07-24 23:01:44,9404.24,6604.95
2022-07-24 23:01:43,9415.84,6593.35
2022-07-24 23:01:42,9416.71,6592.48
2022-07-24 23:01:41,9419.63,6589.55
2022-07-24 23:01:40,9420.47,6588.72
2022-07-24 23:01:39,9430.93,6578.25
2022-07-24 23:01:38,9432.74,6576.45
2022-07-24 23:01:37,9456.18,6553
2022-07-24 23:01:36,9470.02,6539.17
2022-07-24 23:01:35,9472.8,6536.39
2022-07-24 23:01:34,9497.46,6511.73
2022-07-24 23:01:33,9528.66,6480.53
2022-07-24 23:01:32,9531.46,6477.73
2022-07-24 23:01:31,9584.23,6424.96
2022-07-24 23:01:30,9616.49,6392.7
2022-07-24 23:01:29,9617.81,6391.38
2022-07-24 23:01:28,9682.16,6327.03
2022-07-24 23:01:27,9730.64,6278.55
2022-07-24 23:01:26,9752.54,6256.65
2022-07-24 23:01:25,9869.55,6139.64
2022-07-24 23:01:24,9890.65,6118.54
2022-07-24 23:01:23,10208.6,5800.62
2022-07-24 23:01:22,10377.3,5631.89
2022-07-24 23:01:21,10532.9,5476.25
2022-07-24 23:01:20,10687.2,5321.95
2022-07-24 23:01:19,10874.2,5135.01
2022-07-24 23:01:18,10977.1,5032.09
2022-07-24 23:01:17,11316.9,4692.31
2022-07-24 23:01:16,11508.3,4500.88
2022-07-24 23:01:15,11700,4309.2
2022-07-24 23:01:14,10617.2,5392.02
2022-07-24 23:01:13,10069.8,5939.38
2022-07-24 23:01:12,9642.56,6366.63
2022-07-24 23:01:11,9684.95,6324.24
2022-07-24 23:01:10,9691.53,6317.66
2022-07-24 23:01:09,9195.26,6813.93
2022-07-24 23:01:08,9195.73,6813.46
2022-07-24 23:01:07,9197.31,6811.88
2022-07-24 23:01:06,9207.62,6801.57
2022-07-24 23:01:05,9206.19,6803
2022-07-24 23:01:04,9207.11,6802.08
2022-07-24 23:01:03,9216.95,6792.24
2022-07-24 23:01:02,9223.57,6785.61
2022-07-24 23:01:01,9225.18,6784
2022-07-24 23:01:00,9235.04,6774.15
2022-07-24 23:00:59,9235.51,6773.68
2022-07-24 23:00:58,9249.6,6759.59
2022-07-24 23:00:57,9258.38,6750.8
2022-07-24 23:00:56,9260.79,6748.39
2022-07-24 23:00:55,9263.03,6746.16
2022-07-24 23:00:54,9276.47,6732.72
2022-07-24 23:00:53,9278.68,6730.51
2022-07-24 23:00:52,9281.38,6727.81
2022-07-24 23:00:51,9314.62,6694.57
2022-07-24 23:00:50,9358.22,6650.97
2022-07-24 23:00:49,9427.92,6581.27
2022-07-24 23:00:48,9517.8,6491.38
2022-07-24 23:00:47,9845.2,6163.99
2022-07-24 23:00:46,10194.3,5814.9
2022-07-24 23:00:45,10621.3,5387.92
2022-07-24 23:00:44,10767.3,5241.92
2022-07-24 23:00:43,10882.5,5126.7
2022-07-24 23:00:42,11115.1,4894.05
2022-07-24 23:00:41,11233.5,4775.72
2022-07-24 23:00:40,11381.7,4627.53
2022-07-24 23:00:39,11636.4,4372.75
2022-07-24 23:00:38,11288.4,4720.82
2022-07-24 23:00:37,10232.9,5776.24
2022-07-24 23:00:36,10297,5712.14
2022-07-24 23:00:35,9735.14,6274.04
2022-07-24 23:00:34,9777.88,6231.31
2022-07-24 23:00:33,9164.83,6844.36
2022-07-24 23:00:32,9166.32,6842.87
2022-07-24 23:00:31,9169.56,6839.63
2022-07-24 23:00:30,9168.83,6840.36
2022-07-24 23:00:29,9171.5,6837.69
2022-07-24 23:00:28,9176.15,6833.04
2022-07-24 23:00:27,9177.24,6831.95
2022-07-24 23:00:26,9177.57,6831.62
2022-07-24 23:00:25,9177.85,6831.34
2022-07-24 23:00:24,9197.17,6812.02
2022-07-24 23:00:23,9199.95,6809.23
2022-07-24 23:00:22,9200.28,6808.9
2022-07-24 23:00:21,9233,6776.19
2022-07-24 23:00:20,9238.53,6770.66
2022-07-24 23:00:19,9239.98,6769.2
2022-07-24 23:00:18,9265.6,6743.59
2022-07-24 23:00:17,9288.18,6721
2022-07-24 23:00:16,9292.67,6716.52
2022-07-24 23:00:15,9348.47,6660.72
2022-07-24 23:00:14,9354.25,6654.94
2022-07-24 23:00:13,9360.35,6648.84
2022-07-24 23:00:12,9460.41,6548.78
2022-07-24 23:00:11,9526.61,6482.58
2022-07-24 23:00:10,9771.5,6237.69
2022-07-24 23:00:09,10230.5,5778.68
2022-07-24 23:00:08,10354.5,5654.71
2022-07-24 23:00:07,10739.9,5269.31
2022-07-24 23:00:06,10864.1,5145.09
2022-07-24 23:00:05,10990.2,5018.95
2022-07-24 23:00:04,11206.3,4802.9
2022-07-24 23:00:03,11537.1,4472.09
2022-07-24 23:00:02,11741.5,4267.64
2022-07-24 23:00:01,10131.4,5877.75
2022-07-24 23:00:00,9570.96,6438.23
2022-07-24 22:59:59,9618,6391.19
2022-07-24 22:59:58,9665.5,6343.68
2022-07-24 22:59:57,9172,6837.19
2022-07-24 22:59:56,9172.06,6837.13
2022-07-24 22:59:55,9181.84,6827.35
2022-07-24 22:59:54,9180.98,6828.2
2022-07-24 22:59:53,9182.76,6826.43
2022-07-24 22:59:52,9186.61,6822.58
2022-07-24 22:59:51,9194.42,6814.77
2022-07-24 22:59:50,9195.16,6814.03
2022-07-24 22:59:49,9196.81,6812.37
2022-07-24 22:59:48,9225.3,6783.89
2022-07-24 22:59:47,9223.31,6785.88
2022-07-24 22:59:46,9223.36,6785.83
2022-07-24 22:59:45,9235.76,6773.43
2022-07-24 22:59:44,9256.47,6752.72
2022-07-24 22:59:43,9257.55,6751.64
2022-07-24 22:59:42,9270.44,6738.75
2022-07-24 22:59:41,9295.77,6713.42
2022-07-24 22:59:40,9298.99,6710.2
2022-07-24 22:59:39,9321.9,6687.29
2022-07-24 22:59:38,9326.92,6682.27
2022-07-24 22:59:37,9385.77,6623.42
2022-07-24 22:59:36,9508.41,6500.78
2022-07-24 22:59:35,9489.2,6519.99
2022-07-24 22:59:34,9818.32,6190.87
2022-07-24 22:59:33,10420.7,5588.5
2022-07-24 22:59:32,10643.1,5366.11
2022-07-24 22:59:31,10797.8,5211.41
2022-07-24 22:59:30,11042.2,4966.94
2022-07-24 22:59:29,11160.5,4848.72
2022-07-24 22:59:28,11247.2,4761.98
2022-07-24 22:59:27,11407,4602.21
2022-07-24 22:59:26,11667.7,4341.47
2022-07-24 22:59:25,11339.2,4669.94
2022-07-24 22:59:24,10164.4,5844.8
2022-07-24 22:59:23,9571.31,6437.88
2022-07-24 22:59:22,9619.21,6389.98
2022-07-24 22:59:21,9660.21,6348.97
2022-07-24 22:59:20,9155.79,6853.39
2022-07-24 22:59:19,9156.35,6852.84
2022-07-24 22:59:18,9157.45,6851.73
2022-07-24 22:59:17,9156.21,6852.98
2022-07-24 22:59:16,9163.68,6845.51
2022-07-24 22:59:15,9166.54,6842.65
2022-07-24 22:59:14,9168.14,6841.04
2022-07-24 22:59:13,9180.38,6828.81
2022-07-24 22:59:12,9180.7,6828.49
2022-07-24 22:59:11,9183.01,6826.18
2022-07-24 22:59:10,9196.63,6812.55
2022-07-24 22:59:09,9196.18,6813.01
2022-07-24 22:59:08,9197.73,6811.46
2022-07-24 22:59:07,9213.49,6795.7
2022-07-24 22:59:06,9211.25,6797.94
2022-07-24 22:59:05,9212.53,6796.66
2022-07-24 22:59:04,9245.46,6763.73
2022-07-24 22:59:03,9245.94,6763.25
2022-07-24 22:59:02,9252.14,6757.05
2022-07-24 22:59:01,9294.06,6715.13
2022-07-24 22:59:00,9396.15,6613.04
2022-07-24 22:58:59,9415.41,6593.78
2022-07-24 22:58:58,9805.5,6203.69
2022-07-24 22:58:57,10136,5873.23
2022-07-24 22:58:56,10313.4,5695.78
2022-07-24 22:58:55,10810.3,5198.93
2022-07-24 22:58:54,10973.9,5035.25
2022-07-24 22:58:53,11083.1,4926.05
2022-07-24 22:58:52,11215.9,4793.24
2022-07-24 22:58:51,11356.8,4652.37
2022-07-24 22:58:50,11520.2,4489.04
2022-07-24 22:58:49,11272.4,4736.76
2022-07-24 22:58:48,10923.6,5085.58
2022-07-24 22:58:47,9710.13,6299.06
2022-07-24 22:58:46,9757.66,6251.52
2022-07-24 22:58:45,9807.94,6201.25
2022-07-24 22:58:44,9365.59,6643.6
2022-07-24 22:58:43,9213.53,6795.66
2022-07-24 22:58:42,9234.26,6774.93
2022-07-24 22:58:41,9235.25,6773.94
2022-07-24 22:58:40,9235.83,6773.36
2022-07-24 22:58:39,9246.45,6762.74
2022-07-24 22:58:38,9259.71,6749.48
2022-07-24 22:58:37,9260.57,6748.62
2022-07-24 22:58:36,9270.79,6738.4
2022-07-24 22:58:35,9270.73,6738.46
2022-07-24 22:58:34,9285.54,6723.65
2022-07-24 22:58:33,9292.59,6716.6
2022-07-24 22:58:32,9293.78,6715.4
2022-07-24 22:58:31,9309.74,6699.45
2022-07-24 22:58:30,9321.7,6687.49
2022-07-24 22:58:29,9321.96,6687.23
2022-07-24 22:58:28,9333.15,6676.04
2022-07-24 22:58:27,9348.31,6660.87
2022-07-24 22:58:26,9368.73,6640.46
2022-07-24 22:58:25,9385.49,6623.7
2022-07-24 22:58:24,9430.16,6579.03
2022-07-24 22:58:23,9494.12,6515.06
2022-07-24 22:58:22,9545.63,6463.56
2022-07-24 22:58:21,10009.4,5999.79
2022-07-24 22:58:20,10148,5861.15
2022-07-24 22:58:19,10353.1,5656.06
2022-07-24 22:58:18,10503.7,5505.47
2022-07-24 22:58:17,10834.7,5174.47
2022-07-24 22:58:16,10943.3,5065.93
2022-07-24 22:58:15,11299.4,4709.77
2022-07-24 22:58:14,11506.8,4502.34
2022-07-24 22:58:13,11712.1,4297.12
2022-07-24 22:58:12,10933.1,5076.07
2022-07-24 22:58:11,10929.4,5079.76
2022-07-24 22:58:10,9903.27,6105.92
2022-07-24 22:58:09,9290.07,6719.12
2022-07-24 22:58:08,9303.23,6705.95
2022-07-24 22:58:07,9309.35,6699.84
2022-07-24 22:58:06,9310.34,6698.85
2022-07-24 22:58:05,9316.19,6693
2022-07-24 22:58:04,9327.88,6681.31
2022-07-24 22:58:03,9328.31,6680.88
2022-07-24 22:58:02,9335.88,6673.3
2022-07-24 22:58:01,9347.55,6661.64
2022-07-24 22:58:00,9349.29,6659.89
2022-07-24 22:57:59,9360.57,6648.61
2022-07-24 22:57:58,9361.95,6647.24
2022-07-24 22:57:57,9372.16,6637.02
2022-07-24 22:57:56,9384.3,6624.89
2022-07-24 22:57:55,9389.71,6619.48
2022-07-24 22:57:54,9405.49,6603.7
2022-07-24 22:57:53,9446.3,6562.89
2022-07-24 22:57:52,9448.59,6560.6
2022-07-24 22:57:51,9466.45,6542.74
2022-07-24 22:57:50,9521.87,6487.32
2022-07-24 22:57:49,9522.79,6486.4
2022-07-24 22:57:48,9560.26,6448.93
2022-07-24 22:57:47,9623.2,6385.99
2022-07-24 22:57:46,9640.71,6368.47
2022-07-24 22:57:45,9859.45,6149.74
2022-07-24 22:57:44,10002.1,6007.1
2022-07-24 22:57:43,10192.7,5816.46
2022-07-24 22:57:42,10419.7,5589.48
2022-07-24 22:57:41,10529,5480.17
2022-07-24 22:57:40,10857.7,5151.51
2022-07-24 22:57:39,11237.7,4771.52
2022-07-24 22:57:38,11416.5,4592.68
2022-07-24 22:57:37,11612.9,4396.3
2022-07-24 22:57:36,11761.5,4247.71
2022-07-24 22:57:35,10135,5874.16
2022-07-24 22:57:34,10225.4,5783.84
2022-07-24 22:57:33,9664.85,6344.34
2022-07-24 22:57:32,9160.28,6848.9
2022-07-24 22:57:31,9163.09,6846.1
2022-07-24 22:57:30,9162.2,6846.99
2022-07-24 22:57:29,9163.89,6845.29
2022-07-24 22:57:28,9162.56,6846.63
2022-07-24 22:57:27,9164.84,6844.35
2022-07-24 22:57:26,9165.52,6843.66
2022-07-24 22:57:25,9164.63,6844.56
2022-07-24 22:57:24,9166.31,6842.87
2022-07-24 22:57:23,9166.89,6842.3
2022-07-24 22:57:22,9166.37,6842.82
2022-07-24 22:57:21,9170.28,6838.91
2022-07-24 22:57:20,9169.52,6839.66
2022-07-24 22:57:19,9169.47,6839.71
2022-07-24 22:57:18,9152.51,6856.68
2022-07-24 22:57:17,9171.61,6837.58
2022-07-24 22:57:16,9183.12,6826.07
2022-07-24 22:57:15,9184.46,6824.73
2022-07-24 22:57:14,9185.07,6824.11
2022-07-24 22:57:13,9219.04,6790.15
2022-07-24 22:57:12,9235.75,6773.43
2022-07-24 22:57:11,9240.82,6768.36
2022-07-24 22:57:10,9348.12,6661.06
2022-07-24 22:57:09,9497.02,6512.17
2022-07-24 22:57:08,9525.02,6484.17
2022-07-24 22:57:07,9987.03,6022.16
2022-07-24 22:57:06,10416.1,5593.12
2022-07-24 22:57:05,10761.9,5247.27
2022-07-24 22:57:04,10962.6,5046.58
2022-07-24 22:57:03,11107.5,4901.73
2022-07-24 22:57:02,11213.9,4795.25
2022-07-24 22:57:01,11299.7,4709.53
2022-07-24 22:57:00,11601.8,4407.43
2022-07-24 22:56:59,11788.5,4220.73
2022-07-24 22:56:58,10896.2,5112.97
2022-07-24 22:56:57,9919.97,6089.22
2022-07-24 22:56:56,9978.02,6031.17
2022-07-24 22:56:55,10020,5989.21
2022-07-24 22:56:54,9508.56,6500.63
2022-07-24 22:56:53,9519.23,6489.96
2022-07-24 22:56:52,9519.9,6489.28
2022-07-24 22:56:51,9550.48,6458.7
2022-07-24 22:56:50,9551.5,6457.69
2022-07-24 22:56:49,9561.15,6448.04
2022-07-24 22:56:48,9564.18,6445.01
2022-07-24 22:56:47,9601.18,6408.01
2022-07-24 22:56:46,9613.03,6396.16
2022-07-24 22:56:45,9619.07,6390.12
2022-07-24 22:56:44,9667.45,6341.74
2022-07-24 22:56:43,9671.09,6338.1
2022-07-24 22:56:42,9674.57,6334.61
2022-07-24 22:56:41,9709.16,6300.03
2022-07-24 22:56:40,9728.64,6280.55
2022-07-24 22:56:39,9750.42,6258.77
2022-07-24 22:56:38,9789.62,6219.56
2022-07-24 22:56:37,9825.1,6184.09
2022-07-24 22:56:36,9837.82,6171.37
2022-07-24 22:56:35,9899,6110.19
2022-07-24 22:56:34,9932.59,6076.59
2022-07-24 22:56:33,9950.73,6058.46
2022-07-24 22:56:32,10069.9,5939.3
2022-07-24 22:56:31,10129.9,5879.32
2022-07-24 22:56:30,10336.6,5672.6
2022-07-24 22:56:29,10797.9,5211.27
2022-07-24 22:56:28,10955.8,5053.39
2022-07-24 22:56:27,11010.9,4998.24
2022-07-24 22:56:26,11149.9,4859.26
2022-07-24 22:56:25,11220.5,4788.69
2022-07-24 22:56:24,11373.9,4635.29
2022-07-24 22:56:23,11631.2,4377.97
2022-07-24 22:56:22,11854.5,4154.7
2022-07-24 22:56:21,10796,5213.2
2022-07-24 22:56:20,9750.87,6258.32
2022-07-24 22:56:19,9790.96,6218.23
2022-07-24 22:56:18,9828.49,6180.7
2022-07-24 22:56:17,9214.15,6795.04
2022-07-24 22:56:16,9214.41,6794.78
2022-07-24 22:56:15,9219.09,6790.1
2022-07-24 22:56:14,9220.1,6789.09
2022-07-24 22:56:13,9221.84,6787.34
2022-07-24 22:56:12,9222.87,6786.32
2022-07-24 22:56:11,9241.92,6767.27
2022-07-24 22:56:10,9242.82,6766.37
2022-07-24 22:56:09,9244.7,6764.49
2022-07-24 22:56:08,9263.7,6745.48
2022-07-24 22:56:07,9280.2,6728.98
2022-07-24 22:56:06,9283.86,6725.33
2022-07-24 22:56:05,9282.27,6726.92
2022-07-24 22:56:04,9320.13,6689.06
2022-07-24 22:56:03,9320.92,6688.27
2022-07-24 22:56:02,9321.4,6687.79
2022-07-24 22:56:01,9360.44,6648.74
2022-07-24 22:56:00,9362.53,6646.66
2022-07-24 22:55:59,9384.12,6625.07
2022-07-24 22:55:58,9412.59,6596.59
2022-07-24 22:55:57,9404.41,6604.78
2022-07-24 22:55:56,9512.77,6496.42
2022-07-24 22:55:55,9606.42,6402.77
2022-07-24 22:55:54,9758.94,6250.25
2022-07-24 22:55:53,10026.7,5982.53
2022-07-24 22:55:52,10412.7,5596.49
2022-07-24 22:55:51,10635.4,5373.84
2022-07-24 22:55:50,10848.8,5160.37
2022-07-24 22:55:49,10983,5026.23
2022-07-24 22:55:48,11368.3,4640.84
2022-07-24 22:55:47,11522,4487.22
2022-07-24 22:55:46,11183.4,4825.78
2022-07-24 22:55:45,11323.1,4686.13
2022-07-24 22:55:44,10324.7,5684.52
2022-07-24 22:55:43,10398.7,5610.5
2022-07-24 22:55:42,9747.43,6261.75
2022-07-24 22:55:41,9198.82,6810.36
2022-07-24 22:55:40,9209.97,6799.22
2022-07-24 22:55:39,9211.43,6797.76
2022-07-24 22:55:38,9209.93,6799.26
2022-07-24 22:55:37,9222.04,6787.15
2022-07-24 22:55:36,9221.93,6787.26
2022-07-24 22:55:35,9227.02,6782.17
2022-07-24 22:55:34,9232.21,6776.98
2022-07-24 22:55:33,9232.45,6776.73
2022-07-24 22:55:32,9232.73,6776.45
2022-07-24 22:55:31,9245.18,6764.01
2022-07-24 22:55:30,9259.01,6750.18
2022-07-24 22:55:29,9257.71,6751.48
2022-07-24 22:55:28,9271.16,6738.02
2022-07-24 22:55:27,9304.73,6704.46
2022-07-24 22:55:26,9317.98,6691.21
2022-07-24 22:55:25,9317.56,6691.63
2022-07-24 22:55:24,9357.39,6651.8
2022-07-24 22:55:23,9372.79,6636.4
2022-07-24 22:55:22,9368.61,6640.58
2022-07-24 22:55:21,9428.98,6580.21
2022-07-24 22:55:20,9457.06,6552.13
2022-07-24 22:55:19,9642.44,6366.75
2022-07-24 22:55:18,9714.08,6295.11
2022-07-24 22:55:17,9795.87,6213.32
2022-07-24 22:55:16,10240.9,5768.31
2022-07-24 22:55:15,10417.9,5591.27
2022-07-24 22:55:14,10516.9,5492.27
2022-07-24 22:55:13,10616.7,5392.45
2022-07-24 22:55:12,10531.5,5477.7
2022-07-24 22:55:11,10886.5,5122.73
2022-07-24 22:55:10,11050.8,4958.41
2022-07-24 22:55:09,10735.9,5273.25
2022-07-24 22:55:08,10200.6,5808.59
2022-07-24 22:55:07,10268.5,5740.65
2022-07-24 22:55:06,10349.8,5659.41
2022-07-24 22:55:05,10435.1,5574.14
2022-07-24 22:55:04,9318.25,6690.94
2022-07-24 22:55:03,9317.56,6691.62
2022-07-24 22:55:02,9317.42,6691.77
2022-07-24 22:55:01,9326.29,6682.9
2022-07-24 22:55:00,9331.19,6678
2022-07-24 22:54:59,9331.57,6677.61
2022-07-24 22:54:58,9349.13,6660.05
2022-07-24 22:54:57,9347.97,6661.22
2022-07-24 22:54:56,9354.58,6654.61
2022-07-24 22:54:55,9374.3,6634.89
2022-07-24 22:54:54,9373.91,6635.28
2022-07-24 22:54:53,9383.05,6626.14
2022-07-24 22:54:52,9402.95,6606.23
2022-07-24 22:54:51,9404.44,6604.75
2022-07-24 22:54:50,9405.12,6604.07
2022-07-24 22:54:49,9444.44,6564.74
2022-07-24 22:54:48,9436.3,6572.88
2022-07-24 22:54:47,9458.18,6551.01
2022-07-24 22:54:46,9539.09,6470.1
2022-07-24 22:54:45,9622.46,6386.72
2022-07-24 22:54:44,9778.98,6230.21
2022-07-24 22:54:43,9888.62,6120.57
2022-07-24 22:54:42,10194.9,5814.26
2022-07-24 22:54:41,10315.3,5693.86
2022-07-24 22:54:40,10559.9,5449.27
2022-07-24 22:54:39,10676.4,5332.81
2022-07-24 22:54:38,10740.5,5268.7
2022-07-24 22:54:37,10398.1,5611.07
2022-07-24 22:54:36,10468.2,5540.98
2022-07-24 22:54:35,10587.1,5422.1
2022-07-24 22:54:34,11088.7,4920.48
2022-07-24 22:54:33,10208.3,5800.86
2022-07-24 22:54:32,10256.5,5752.68
2022-07-24 22:54:31,10315.9,5693.3
2022-07-24 22:54:30,10395.4,5613.79
2022-07-24 22:54:29,10481.1,5528.05
2022-07-24 22:54:28,10544.8,5464.43
2022-07-24 22:54:27,9551.98,6457.21
2022-07-24 22:54:26,9559.51,6449.68
2022-07-24 22:54:25,9560.79,6448.4
2022-07-24 22:54:24,9564.65,6444.54
2022-07-24 22:54:23,9571.69,6437.5
2022-07-24 22:54:22,9589.82,6419.37
2022-07-24 22:54:21,9592.57,6416.62
2022-07-24 22:54:20,9592.47,6416.72
2022-07-24 22:54:19,9619.62,6389.57
2022-07-24 22:54:18,9618.75,6390.43
2022-07-24 22:54:17,9620.37,6388.82
2022-07-24 22:54:16,9671.03,6338.16
2022-07-24 22:54:15,9678.16,6331.03
2022-07-24 22:54:14,9682.19,6327
2022-07-24 22:54:13,9694.59,6314.6
2022-07-24 22:54:12,9740.78,6268.41
2022-07-24 22:54:11,9783.68,6225.51
2022-07-24 22:54:10,9835.48,6173.71
2022-07-24 22:54:09,9874.74,6134.45
2022-07-24 22:54:08,9918.18,6091.01
2022-07-24 22:54:07,10007.6,6001.56
2022-07-24 22:54:06,10072.4,5936.8
2022-07-24 22:54:05,10341.9,5667.31
2022-07-24 22:54:04,10710.6,5298.59
2022-07-24 22:54:03,10754.7,5254.48
2022-07-24 22:54:02,10832.9,5176.26
2022-07-24 22:54:01,10904.2,5104.99
2022-07-24 22:54:00,11055.5,4953.65
2022-07-24 22:53:59,11201.9,4807.29
2022-07-24 22:53:58,11433.3,4575.86
2022-07-24 22:53:57,10937.9,5071.32
2022-07-24 22:53:56,10247.4,5761.77
2022-07-24 22:53:55,10303,5706.14
2022-07-24 22:53:54,10367.1,5642.05
2022-07-24 22:53:53,10444,5565.15
2022-07-24 22:53:52,10519.6,5489.6
2022-07-24 22:53:51,9850.36,6158.82
2022-07-24 22:53:50,9413.12,6596.07
2022-07-24 22:53:49,9418.51,6590.68
2022-07-24 22:53:48,9420.02,6589.17
2022-07-24 22:53:47,9419.32,6589.86
2022-07-24 22:53:46,9422.24,6586.95
2022-07-24 22:53:45,9438.54,6570.64
2022-07-24 22:53:44,9440.32,6568.87
2022-07-24 22:53:43,9441.59,6567.6
2022-07-24 22:53:42,9444.26,6564.93
2022-07-24 22:53:41,9463.72,6545.47
2022-07-24 22:53:40,9462.84,6546.34
2022-07-24 22:53:39,9462.68,6546.5
2022-07-24 22:53:38,9508.27,6500.92
2022-07-24 22:53:37,9508.61,6500.58
2022-07-24 22:53:36,9537.12,6472.06
2022-07-24 22:53:35,9567.92,6441.27
2022-07-24 22:53:34,9606,6403.19
2022-07-24 22:53:33,9647.67,6361.52
2022-07-24 22:53:32,9696.06,6313.12
2022-07-24 22:53:31,9759.59,6249.6
2022-07-24 22:53:30,9849.43,6159.76
2022-07-24 22:53:29,10022.4,5986.8
2022-07-24 22:53:28,10153.4,5855.82
2022-07-24 22:53:27,10445.1,5564.09
2022-07-24 22:53:26,10547.9,5461.3
2022-07-24 22:53:25,10687.8,5321.38
2022-07-24 22:53:24,10796.2,5212.94
2022-07-24 22:53:23,10881.8,5127.39
2022-07-24 22:53:22,11312.7,4696.45
2022-07-24 22:53:21,11020.3,4988.92
2022-07-24 22:53:20,11223,4786.14
2022-07-24 22:53:19,10284.6,5724.54
2022-07-24 22:53:18,10329.5,5679.73
2022-07-24 22:53:17,10425.7,5583.45
2022-07-24 22:53:16,10524.9,5484.25
2022-07-24 22:53:15,9393.37,6615.82
2022-07-24 22:53:14,9405.04,6604.15
2022-07-24 22:53:13,9405.07,6604.11
2022-07-24 22:53:12,9408.67,6600.52
2022-07-24 22:53:11,9409.21,6599.98
2022-07-24 22:53:10,9421.04,6588.14
2022-07-24 22:53:09,9422.73,6586.46
2022-07-24 22:53:08,9424.95,6584.24
2022-07-24 22:53:07,9450.03,6559.16
2022-07-24 22:53:06,9452,6557.19
2022-07-24 22:53:05,9452.74,6556.45
2022-07-24 22:53:04,9458.95,6550.24
2022-07-24 22:53:03,9493.04,6516.15
2022-07-24 22:53:02,9495.53,6513.66
2022-07-24 22:53:01,9502.27,6506.92
2022-07-24 22:53:00,9555.82,6453.36
2022-07-24 22:52:59,9557.27,6451.92
2022-07-24 22:52:58,9553.7,6455.48
2022-07-24 22:52:57,9619.8,6389.39
2022-07-24 22:52:56,9673.2,6335.98
2022-07-24 22:52:55,9698.93,6310.26
2022-07-24 22:52:54,9735.75,6273.44
2022-07-24 22:52:53,9880.05,6129.14
2022-07-24 22:52:52,10044.3,5964.89
2022-07-24 22:52:51,10259.9,5749.29
2022-07-24 22:52:50,10491.4,5517.75
2022-07-24 22:52:49,10611.7,5397.49
2022-07-24 22:52:48,10708.1,5301.09
2022-07-24 22:52:47,10875.8,5133.43
2022-07-24 22:52:46,11051.5,4957.7
2022-07-24 22:52:45,11456.1,4553.04
2022-07-24 22:52:44,11633.8,4375.43
2022-07-24 22:52:43,10658.3,5350.84
2022-07-24 22:52:42,10280.6,5728.61
2022-07-24 22:52:41,10353.3,5655.85
2022-07-24 22:52:40,10436.3,5572.93
2022-07-24 22:52:39,9843.39,6165.8
2022-07-24 22:52:38,9762.05,6247.13
2022-07-24 22:52:37,9343.48,6665.7
2022-07-24 22:52:36,9356.27,6652.92
2022-07-24 22:52:35,9357.13,6652.06
2022-07-24 22:52:34,9358.1,6651.09
2022-07-24 22:52:33,9372.83,6636.36
2022-07-24 22:52:32,9381.65,6627.54
2022-07-24 22:52:31,9381.14,6628.05
2022-07-24 22:52:30,9391.82,6617.37
2022-07-24 22:52:29,9412.79,6596.39
2022-07-24 22:52:28,9414.23,6594.96
2022-07-24 22:52:27,9423.39,6585.79
2022-07-24 22:52:26,9441.44,6567.75
2022-07-24 22:52:25,9448.14,6561.05
2022-07-24 22:52:24,9460.14,6549.04
2022-07-24 22:52:23,9479.67,6529.52
2022-07-24 22:52:22,9505.48,6503.71
2022-07-24 22:52:21,9518.55,6490.63
2022-07-24 22:52:20,9544.52,6464.67
2022-07-24 22:52:19,9549.27,6459.92
2022-07-24 22:52:18,9606,6403.19
2022-07-24 22:52:17,9672.68,6336.5
2022-07-24 22:52:16,9803.86,6205.33
2022-07-24 22:52:15,10039.1,5970.11
2022-07-24 22:52:14,10323.3,5685.84
2022-07-24 22:52:13,10438.8,5570.39
2022-07-24 22:52:12,10645.2,5363.94
2022-07-24 22:52:11,10965,5044.18
2022-07-24 22:52:10,11139.5,4869.64
2022-07-24 22:52:09,11273.6,4735.6
2022-07-24 22:52:08,11397.1,4612.11
2022-07-24 22:52:07,11685.4,4323.83
2022-07-24 22:52:06,11303.2,4706
2022-07-24 22:52:05,10886,5123.2
2022-07-24 22:52:04,10325.8,5683.39
2022-07-24 22:52:03,9862.62,6146.57
2022-07-24 22:52:02,9878.59,6130.59
2022-07-24 22:52:01,9245.11,6764.08
2022-07-24 22:52:00,9245.26,6763.93
2022-07-24 22:51:59,9248.39,6760.8
2022-07-24 22:51:58,9250.41,6758.78
2022-07-24 22:51:57,9253.43,6755.75
2022-07-24 22:51:56,9252.73,6756.46
2022-07-24 22:51:55,9254.93,6754.26
2022-07-24 22:51:54,9256.29,6752.9
2022-07-24 22:51:53,9259.36,6749.82
2022-07-24 22:51:52,9276.37,6732.82
2022-07-24 22:51:51,9290.19,6719
2022-07-24 22:51:50,9290.54,6718.64
2022-07-24 22:51:49,9292.21,6716.97
2022-07-24 22:51:48,9330.25,6678.94
2022-07-24 22:51:47,9356.81,6652.38
2022-07-24 22:51:46,9357.8,6651.38
2022-07-24 22:51:45,9381,6628.19
2022-07-24 22:51:44,9449.71,6559.48
2022-07-24 22:51:43,9463.75,6545.43
2022-07-24 22:51:42,9484.58,6524.61
2022-07-24 22:51:41,9570.22,6438.96
2022-07-24 22:51:40,9612.53,6396.66
2022-07-24 22:51:39,9741.49,6267.7
2022-07-24 22:51:38,9953.33,6055.86
2022-07-24 22:51:37,10163.2,5846.02
2022-07-24 22:51:36,10321.8,5687.43
2022-07-24 22:51:35,10709.8,5299.35
2022-07-24 22:51:34,10835,5174.19
2022-07-24 22:51:33,10985.8,5023.36
2022-07-24 22:51:32,11379.3,4629.86
2022-07-24 22:51:31,11563.2,4446
2022-07-24 22:51:30,11713,4296.19
2022-07-24 22:51:29,11219.7,4789.5
2022-07-24 22:51:28,10845.5,5163.73
2022-07-24 22:51:27,9802.19,6207
2022-07-24 22:51:26,9304.03,6705.16
2022-07-24 22:51:25,9307.41,6701.77
2022-07-24 22:51:24,9308.77,6700.42
2022-07-24 22:51:23,9319.89,6689.3
2022-07-24 22:51:22,9320.99,6688.2
2022-07-24 22:51:21,9322.3,6686.89
2022-07-24 22:51:20,9324.18,6685
2022-07-24 22:51:19,9331.58,6677.61
2022-07-24 22:51:18,9337.05,6672.14
2022-07-24 22:51:17,9338.21,6670.98
2022-07-24 22:51:16,9338.94,6670.25
2022-07-24 22:51:15,9363.37,6645.82
2022-07-24 22:51:14,9367.3,6641.88
2022-07-24 22:51:13,9369.36,6639.82
2022-07-24 22:51:12,9385.1,6624.09
2022-07-24 22:51:11,9406.23,6602.96
2022-07-24 22:51:10,9422.53,6586.66
2022-07-24 22:51:09,9443.09,6566.09
2022-07-24 22:51:08,9463.89,6545.3
2022-07-24 22:51:07,9475.04,6534.14
2022-07-24 22:51:06,9517.42,6491.77
2022-07-24 22:51:05,9551.56,6457.63
2022-07-24 22:51:04,9574.46,6434.73
2022-07-24 22:51:03,9674.06,6335.13
2022-07-24 22:51:02,9728.94,6280.25
2022-07-24 22:51:01,10104.7,5904.5
2022-07-24 22:51:00,10383.5,5625.69
2022-07-24 22:50:59,10568.9,5440.32
2022-07-24 22:50:58,10876.7,5132.53
2022-07-24 22:50:57,11031.7,4977.44
2022-07-24 22:50:56,11178.8,4830.41
2022-07-24 22:50:55,11339,4670.23
2022-07-24 22:50:54,11600.4,4408.83
2022-07-24 22:50:53,11237,4772.22
2022-07-24 22:50:52,11380.4,4628.74
2022-07-24 22:50:51,10368.2,5640.96
2022-07-24 22:50:50,9896.81,6112.38
2022-07-24 22:50:49,9933.26,6075.93
2022-07-24 22:50:48,9436.41,6572.77
2022-07-24 22:50:47,9441.64,6567.55
2022-07-24 22:50:46,9447.58,6561.6
2022-07-24 22:50:45,9448.34,6560.85
2022-07-24 22:50:44,9457.22,6551.97
2022-07-24 22:50:43,9487.22,6521.96
2022-07-24 22:50:42,9487.55,6521.64
2022-07-24 22:50:41,9506.45,6502.74
2022-07-24 22:50:40,9497.02,6512.16
2022-07-24 22:50:39,9538.48,6470.71
2022-07-24 22:50:38,9541.16,6468.02
2022-07-24 22:50:37,9568.56,6440.62
2022-07-24 22:50:36,9602.51,6406.68
2022-07-24 22:50:35,9604.01,6405.18
2022-07-24 22:50:34,9626.27,6382.91
2022-07-24 22:50:33,9673.95,6335.23
2022-07-24 22:50:32,9676.43,6332.76
2022-07-24 22:50:31,9704.8,6304.39
2022-07-24 22:50:30,9737.68,6271.51
2022-07-24 22:50:29,9774.67,6234.52
2022-07-24 22:50:28,9808.42,6200.77
2022-07-24 22:50:27,9857.13,6152.06
2022-07-24 22:50:26,9949.64,6059.55
2022-07-24 22:50:25,10114,5895.16
2022-07-24 22:50:24,10205.5,5803.68
2022-07-24 22:50:23,10550.2,5458.94
2022-07-24 22:50:22,10826.5,5182.73
2022-07-24 22:50:21,11062.1,4947.06
2022-07-24 22:50:20,11154.4,4854.79
2022-07-24 22:50:19,11386,4623.19
2022-07-24 22:50:18,11523.9,4485.28
2022-07-24 22:50:17,11659.4,4349.76
2022-07-24 22:50:16,11844.7,4164.52
2022-07-24 22:50:15,10209.4,5799.79
2022-07-24 22:50:14,9630.58,6378.61
2022-07-24 22:50:13,9649.04,6360.15
2022-07-24 22:50:12,9139.41,6869.77
2022-07-24 22:50:11,9140.34,6868.85
2022-07-24 22:50:10,9141.34,6867.84
2022-07-24 22:50:09,9141.81,6867.38
2022-07-24 22:50:08,9142.72,6866.47
2022-07-24 22:50:07,9143.43,6865.75
2022-07-24 22:50:06,9145.39,6863.8
2022-07-24 22:50:05,9146.14,6863.05
2022-07-24 22:50:04,9145.55,6863.64
2022-07-24 22:50:03,9145.63,6863.56
2022-07-24 22:50:02,9147.8,6861.39
2022-07-24 22:50:01,9147.94,6861.25
2022-07-24 22:50:00,9150.17,6859.02
2022-07-24 22:49:59,9162.55,6846.64
2022-07-24 22:49:58,9178.38,6830.81
2022-07-24 22:49:57,9178.19,6830.99
2022-07-24 22:49:56,9185.38,6823.81
2022-07-24 22:49:55,9215.39,6793.8
2022-07-24 22:49:54,9221.74,6787.45
2022-07-24 22:49:53,9224.96,6784.23
2022-07-24 22:49:52,9280.95,6728.24
2022-07-24 22:49:51,9325.35,6683.84
2022-07-24 22:49:50,9407.67,6601.52
2022-07-24 22:49:49,9500.66,6508.53
2022-07-24 22:49:48,9850.34,6158.85
2022-07-24 22:49:47,10015.4,5993.77
2022-07-24 22:49:46,10698.2,5310.95
2022-07-24 22:49:45,10898,5111.21
2022-07-24 22:49:44,11084.3,4924.86
2022-07-24 22:49:43,11165.4,4843.78
2022-07-24 22:49:42,11284.6,4724.63
2022-07-24 22:49:41,11532.7,4476.46
2022-07-24 22:49:40,11731.7,4277.52
2022-07-24 22:49:39,11906.2,4102.97
2022-07-24 22:49:38,10504.8,5504.38
2022-07-24 22:49:37,10053,5956.16
2022-07-24 22:49:36,9429.18,6580.01
2022-07-24 22:49:35,9430.66,6578.53
2022-07-24 22:49:34,9430.14,6579.05
2022-07-24 22:49:33,9440.28,6568.91
2022-07-24 22:49:32,9445.84,6563.35
2022-07-24 22:49:31,9446.09,6563.1
2022-07-24 22:49:30,9456.03,6553.16
2022-07-24 22:49:29,9457.99,6551.2
2022-07-24 22:49:28,9473.76,6535.43
2022-07-24 22:49:27,9481.82,6527.37
2022-07-24 22:49:26,9483.72,6525.46
2022-07-24 22:49:25,9500.93,6508.25
2022-07-24 22:49:24,9510.42,6498.77
2022-07-24 22:49:23,9512.52,6496.66
2022-07-24 22:49:22,9531.7,6477.49
2022-07-24 22:49:21,9552.2,6456.99
2022-07-24 22:49:20,9555.94,6453.25
2022-07-24 22:49:19,9563.68,6445.51
2022-07-24 22:49:18,9608.71,6400.48
2022-07-24 22:49:17,9641.76,6367.43
2022-07-24 22:49:16,9699.99,6309.2
2022-07-24 22:49:15,9725.87,6283.31
2022-07-24 22:49:14,9735.65,6273.54
2022-07-24 22:49:13,9859,6150.19
2022-07-24 22:49:12,9940.11,6069.08
2022-07-24 22:49:11,10114.5,5894.69
2022-07-24 22:49:10,10431.2,5577.98
2022-07-24 22:49:09,10605.7,5403.46
2022-07-24 22:49:08,10849.2,5159.95
2022-07-24 22:49:07,10930.7,5078.54
2022-07-24 22:49:06,11025.6,4983.58
2022-07-24 22:49:05,11398.5,4610.69
2022-07-24 22:49:04,11566.8,4442.34
2022-07-24 22:49:03,11263,4746.22
2022-07-24 22:49:02,10264.1,5745.07
2022-07-24 22:49:01,9847.46,6161.73
2022-07-24 22:49:00,9909.84,6099.35
2022-07-24 22:48:59,9936.15,6073.04
2022-07-24 22:48:58,9323.95,6685.23
2022-07-24 22:48:57,9324.55,6684.64
2022-07-24 22:48:56,9333.41,6675.77
2022-07-24 22:48:55,9342.09,6667.1
2022-07-24 22:48:54,9343.48,6665.71
2022-07-24 22:48:53,9356.95,6652.23
2022-07-24 22:48:52,9374.72,6634.47
2022-07-24 22:48:51,9377.02,6632.16
2022-07-24 22:48:50,9380.16,6629.03
2022-07-24 22:48:49,9404.65,6604.53
2022-07-24 22:48:48,9420.54,6588.65
2022-07-24 22:48:47,9422.02,6587.17
2022-07-24 22:48:46,9453.43,6555.75
2022-07-24 22:48:45,9465.63,6543.55
2022-07-24 22:48:44,9467.74,6541.45
2022-07-24 22:48:43,9498.97,6510.22
2022-07-24 22:48:42,9502.45,6506.74
2022-07-24 22:48:41,9536.13,6473.05
2022-07-24 22:48:40,9553.05,6456.13
2022-07-24 22:48:39,9594.54,6414.65
2022-07-24 22:48:38,9641.03,6368.16
2022-07-24 22:48:37,9664.45,6344.74
2022-07-24 22:48:36,9880.48,6128.71
2022-07-24 22:48:35,9957.65,6051.54
2022-07-24 22:48:34,10104.2,5904.98
2022-07-24 22:48:33,10489.5,5519.68
2022-07-24 22:48:32,10745.9,5263.27
2022-07-24 22:48:31,10886.1,5123.1
2022-07-24 22:48:30,11040,4969.22
2022-07-24 22:48:29,11119.7,4889.49
2022-07-24 22:48:28,10779.9,5229.3
2022-07-24 22:48:27,11070.2,4938.98
2022-07-24 22:48:26,11249.5,4759.71
2022-07-24 22:48:25,9746.23,6262.96
2022-07-24 22:48:24,9742.13,6267.05
2022-07-24 22:48:23,9789.7,6219.49
2022-07-24 22:48:22,9836.41,6172.77
2022-07-24 22:48:21,9228.07,6781.11
2022-07-24 22:48:20,9232.33,6776.86
2022-07-24 22:48:19,9232.73,6776.46
2022-07-24 22:48:18,9233.22,6775.97
2022-07-24 22:48:17,9233.65,6775.53
2022-07-24 22:48:16,9235,6774.18
2022-07-24 22:48:15,9236.44,6772.75
2022-07-24 22:48:14,9235.34,6773.84
2022-07-24 22:48:13,9236.7,6772.49
2022-07-24 22:48:12,9237.56,6771.62
2022-07-24 22:48:11,9239.61,6769.58
2022-07-24 22:48:10,9238.56,6770.63
2022-07-24 22:48:09,9251.8,6757.38
2022-07-24 22:48:08,9251.01,6758.18
2022-07-24 22:48:07,9253.78,6755.4
2022-07-24 22:48:06,9285.04,6724.14
2022-07-24 22:48:05,9309.97,6699.22
2022-07-24 22:48:04,9297.52,6711.67
2022-07-24 22:48:03,9401.94,6607.25
2022-07-24 22:48:02,9454.76,6554.43
2022-07-24 22:48:01,9699.97,6309.22
2022-07-24 22:48:00,9841.59,6167.59
2022-07-24 22:47:59,9930.75,6078.44
2022-07-24 22:47:58,10148,5861.22
2022-07-24 22:47:57,10453.2,5555.96
2022-07-24 22:47:56,10623.7,5385.45
2022-07-24 22:47:55,10875.1,5134.06
2022-07-24 22:47:54,11030.5,4978.73
2022-07-24 22:47:53,11132.6,4876.61
2022-07-24 22:47:52,10759.3,5249.86
2022-07-24 22:47:51,11134.6,4874.63
2022-07-24 22:47:50,11302.1,4707.12
2022-07-24 22:47:49,10677.7,5331.52
2022-07-24 22:47:48,9958.26,6050.93
2022-07-24 22:47:47,10000.8,6008.41
2022-07-24 22:47:46,10051.6,5957.58
2022-07-24 22:47:45,9561.35,6447.84
2022-07-24 22:47:44,9562.3,6446.89
2022-07-24 22:47:43,9590.14,6419.04
2022-07-24 22:47:42,9590.44,6418.75
2022-07-24 22:47:41,9594.27,6414.92
2022-07-24 22:47:40,9621.39,6387.79
2022-07-24 22:47:39,9622.17,6387.02
2022-07-24 22:47:38,9626.3,6382.89
2022-07-24 22:47:37,9629.82,6379.36
2022-07-24 22:47:36,9666.68,6342.5
2022-07-24 22:47:35,9689.73,6319.46
2022-07-24 22:47:34,9706.44,6302.75
2022-07-24 22:47:33,9750.83,6258.36
2022-07-24 22:47:32,9776.51,6232.68
2022-07-24 22:47:31,9807.91,6201.28
2022-07-24 22:47:30,9840.2,6168.98
2022-07-24 22:47:29,9872.92,6136.27
2022-07-24 22:47:28,9916.94,6092.25
2022-07-24 22:47:27,9931.8,6077.39
2022-07-24 22:47:26,9988.72,6020.47
2022-07-24 22:47:25,10066.8,5942.43
2022-07-24 22:47:24,10215.4,5793.79
2022-07-24 22:47:23,10263.8,5745.41
2022-07-24 22:47:22,10398.8,5610.44
2022-07-24 22:47:21,10445,5564.21
2022-07-24 22:47:20,10582.3,5426.88
2022-07-24 22:47:19,11001.4,5007.82
2022-07-24 22:47:18,11179.8,4829.35
2022-07-24 22:47:17,11268.7,4740.49
2022-07-24 22:47:16,11476.1,4533.09
2022-07-24 22:47:15,11090.4,4918.74
2022-07-24 22:47:14,11223.1,4786.1
2022-07-24 22:47:13,11386.5,4622.71
2022-07-24 22:47:12,10963.9,5045.28
2022-07-24 22:47:11,10027.6,5981.59
2022-07-24 22:47:10,10042.8,5966.38
2022-07-24 22:47:09,9555.39,6453.8
2022-07-24 22:47:08,9566.46,6442.73
2022-07-24 22:47:07,9569.36,6439.83
2022-07-24 22:47:06,9576.13,6433.05
2022-07-24 22:47:05,9575.78,6433.41
2022-07-24 22:47:04,9591.79,6417.4
2022-07-24 22:47:03,9594.88,6414.31
2022-07-24 22:47:02,9600.14,6409.04
2022-07-24 22:47:01,9614.72,6394.47
2022-07-24 22:47:00,9617.82,6391.37
2022-07-24 22:46:59,9626.53,6382.65
2022-07-24 22:46:58,9659.11,6350.08
2022-07-24 22:46:57,9661.47,6347.72
2022-07-24 22:46:56,9682.82,6326.36
2022-07-24 22:46:55,9743.44,6265.75
2022-07-24 22:46:54,9744.44,6264.75
2022-07-24 22:46:53,9785.87,6223.32
2022-07-24 22:46:52,9852.72,6156.46
2022-07-24 22:46:51,9848.37,6160.81
2022-07-24 22:46:50,9906.06,6103.13
2022-07-24 22:46:49,10040.4,5968.78
2022-07-24 22:46:48,10182.1,5827.07
2022-07-24 22:46:47,10249.7,5759.46
2022-07-24 22:46:46,10310.6,5698.6
2022-07-24 22:46:45,10575.5,5433.68
2022-07-24 22:46:44,10660.2,5349
2022-07-24 22:46:43,10761.6,5247.55
2022-07-24 22:46:42,11120,4889.16
2022-07-24 22:46:41,10745,5264.19
2022-07-24 22:46:40,10839.8,5169.41
2022-07-24 22:46:39,10941.9,5067.25
2022-07-24 22:46:38,11182.7,4826.47
2022-07-24 22:46:37,10799.4,5209.77
2022-07-24 22:46:36,10903.7,5105.5
2022-07-24 22:46:35,9696.7,6312.49
2022-07-24 22:46:34,9759.43,6249.76
2022-07-24 22:46:33,9801.24,6207.95
2022-07-24 22:46:32,9291.25,6717.94
2022-07-24 22:46:31,9301.2,6707.99
2022-07-24 22:46:30,9303.23,6705.96
2022-07-24 22:46:29,9304.07,6705.11
2022-07-24 22:46:28,9307.82,6701.36
2022-07-24 22:46:27,9319.58,6689.61
2022-07-24 22:46:26,9320.75,6688.44
2022-07-24 22:46:25,9324.17,6685.02
2022-07-24 22:46:24,9348.18,6661.01
2022-07-24 22:46:23,9348.46,6660.72
2022-07-24 22:46:22,9349.81,6659.37
2022-07-24 22:46:21,9392.23,6616.96
2022-07-24 22:46:20,9385.74,6623.45
2022-07-24 22:46:19,9389.05,6620.14
2022-07-24 22:46:18,9404.12,6605.07
2022-07-24 22:46:17,9464.45,6544.74
2022-07-24 22:46:16,9465.2,6543.99
2022-07-24 22:46:15,9489.03,6520.16
2022-07-24 22:46:14,9554.62,6454.56
2022-07-24 22:46:13,9573.52,6435.66
2022-07-24 22:46:12,9707,6302.19
2022-07-24 22:46:11,9821.38,6187.81
2022-07-24 22:46:10,9959.26,6049.93
2022-07-24 22:46:09,10022,5987.23
2022-07-24 22:46:08,10225,5784.15
2022-07-24 22:46:07,10565.5,5443.66
2022-07-24 22:46:06,10951.3,5057.91
2022-07-24 22:46:05,11155.5,4853.73
2022-07-24 22:46:04,11283.4,4725.83
2022-07-24 22:46:03,10878.3,5130.85
2022-07-24 22:46:02,11095.2,4913.94
2022-07-24 22:46:01,11250.7,4758.48
2022-07-24 22:46:00,10878.9,5130.25
2022-07-24 22:45:59,10168.4,5840.75
2022-07-24 22:45:58,9840.8,6168.38
2022-07-24 22:45:57,9895.59,6113.6
2022-07-24 22:45:56,9910.46,6098.73
2022-07-24 22:45:55,9410.25,6598.94
2022-07-24 22:45:54,9414.69,6594.5
2022-07-24 22:45:53,9416.35,6592.84
2022-07-24 22:45:52,9416.44,6592.74
2022-07-24 22:45:51,9418.05,6591.14
2022-07-24 22:45:50,9419.16,6590.03
2022-07-24 22:45:49,9436.43,6572.76
2022-07-24 22:45:48,9440.32,6568.87
2022-07-24 22:45:47,9473,6536.19
2022-07-24 22:45:46,9494.51,6514.68
2022-07-24 22:45:45,9507.66,6501.53
2022-07-24 22:45:44,9528.45,6480.74
2022-07-24 22:45:43,9579.78,6429.41
2022-07-24 22:45:42,9583.05,6426.14
2022-07-24 22:45:41,9603.43,6405.76
2022-07-24 22:45:40,9666.1,6343.09
2022-07-24 22:45:39,9677.37,6331.82
2022-07-24 22:45:38,9695.57,6313.61
2022-07-24 22:45:37,9771.64,6237.54
2022-07-24 22:45:36,9799.65,6209.54
2022-07-24 22:45:35,9974.07,6035.11
2022-07-24 22:45:34,10105.4,5903.77
2022-07-24 22:45:33,10165.1,5844.04
2022-07-24 22:45:32,10625.7,5383.45
2022-07-24 22:45:31,10763.9,5245.28
2022-07-24 22:45:30,10926.4,5082.84
2022-07-24 22:45:29,11175.8,4833.37
2022-07-24 22:45:28,11265.1,4744.13
2022-07-24 22:45:27,11424,4585.22
2022-07-24 22:45:26,11018.5,4990.68
2022-07-24 22:45:25,11255.6,4753.57
2022-07-24 22:45:24,10283.3,5725.84
2022-07-24 22:45:23,9823.7,6185.48
2022-07-24 22:45:22,9851.52,6157.67
2022-07-24 22:45:21,9896.31,6112.88
2022-07-24 22:45:20,9944.04,6065.15
2022-07-24 22:45:19,9446.75,6562.44
2022-07-24 22:45:18,9448.02,6561.17
2022-07-24 22:45:17,9449.48,6559.71
2022-07-24 22:45:16,9451.14,6558.04
2022-07-24 22:45:15,9449.64,6559.55
2022-07-24 22:45:14,9450.82,6558.36
2022-07-24 22:45:13,9453.35,6555.84
2022-07-24 22:45:12,9453.27,6555.91
2022-07-24 22:45:11,9454.8,6554.39
2022-07-24 22:45:10,9458.4,6550.79
2022-07-24 22:45:09,9469.66,6539.53
2022-07-24 22:45:08,9471.32,6537.86
2022-07-24 22:45:07,9473.56,6535.63
2022-07-24 22:45:06,9487.15,6522.04
2022-07-24 22:45:05,9536.42,6472.77
2022-07-24 22:45:04,9538.77,6470.42
2022-07-24 22:45:03,9557.7,6451.48
2022-07-24 22:45:02,9685.55,6323.63
2022-07-24 22:45:01,9692.78,6316.4
2022-07-24 22:45:00,9732.47,6276.71
2022-07-24 22:44:59,9802.66,6206.53
2022-07-24 22:44:58,9950.37,6058.82
2022-07-24 22:44:57,10150.5,5858.65
2022-07-24 22:44:56,10361.7,5647.49
2022-07-24 22:44:55,10837.6,5171.62
2022-07-24 22:44:54,10981.9,5027.26
2022-07-24 22:44:53,11116.8,4892.39
2022-07-24 22:44:52,11192.1,4817.13
2022-07-24 22:44:51,11386.4,4622.8
2022-07-24 22:44:50,11514.9,4494.24
2022-07-24 22:44:49,11289.7,4719.48
2022-07-24 22:44:48,10281.1,5728.14
2022-07-24 22:44:47,9690.67,6318.52
2022-07-24 22:44:46,9730.91,6278.28
2022-07-24 22:44:45,9782.65,6226.54
2022-07-24 22:44:44,9825.11,6184.07
2022-07-24 22:44:43,9219.37,6789.81
2022-07-24 22:44:42,9217.84,6791.34
2022-07-24 22:44:41,9220,6789.18
2022-07-24 22:44:40,9226.94,6782.25
2022-07-24 22:44:39,9237.27,6771.92
2022-07-24 22:44:38,9237.25,6771.94
2022-07-24 22:44:37,9237.91,6771.28
2022-07-24 22:44:36,9262.36,6746.83
2022-07-24 22:44:35,9263.16,6746.03
2022-07-24 22:44:34,9264.16,6745.03
2022-07-24 22:44:33,9280.82,6728.36
2022-07-24 22:44:32,9291.02,6718.17
2022-07-24 22:44:31,9291.13,6718.05
2022-07-24 22:44:30,9305,6704.19
2022-07-24 22:44:29,9318.06,6691.13
2022-07-24 22:44:28,9333.59,6675.6
2022-07-24 22:44:27,9343.64,6665.55
2022-07-24 22:44:26,9345.16,6664.02
2022-07-24 22:44:25,9363.75,6645.43
2022-07-24 22:44:24,9382.95,6626.23
2022-07-24 22:44:23,9468.7,6540.48
2022-07-24 22:44:22,9563.87,6445.32
2022-07-24 22:44:21,9719.05,6290.13
2022-07-24 22:44:20,10131.2,5877.97
2022-07-24 22:44:19,10576,5433.2
2022-07-24 22:44:18,10744.9,5264.32
2022-07-24 22:44:17,10856.4,5152.75
2022-07-24 22:44:16,10994,5015.16
2022-07-24 22:44:15,11056.9,4952.26
2022-07-24 22:44:14,11392.8,4616.39
2022-07-24 22:44:13,11657.9,4351.3
2022-07-24 22:44:12,11365.6,4643.62
2022-07-24 22:44:11,9929.37,6079.82
2022-07-24 22:44:10,9959.35,6049.84
2022-07-24 22:44:09,10007.6,6001.58
2022-07-24 22:44:08,10065.8,5943.36
2022-07-24 22:44:07,9607.77,6401.42
2022-07-24 22:44:06,9627.57,6381.62
2022-07-24 22:44:05,9625.16,6384.02
2022-07-24 22:44:04,9633.91,6375.27
2022-07-24 22:44:03,9652.77,6356.41
2022-07-24 22:44:02,9668.69,6340.5
2022-07-24 22:44:01,9676.18,6333.01
2022-07-24 22:44:00,9698.09,6311.1
2022-07-24 22:43:59,9711.44,6297.75
2022-07-24 22:43:58,9731.41,6277.78
2022-07-24 22:43:57,9752.74,6256.45
2022-07-24 22:43:56,9752.84,6256.35
2022-07-24 22:43:55,9767.72,6241.47
2022-07-24 22:43:54,9795.31,6213.88
2022-07-24 22:43:53,9794.75,6214.44
2022-07-24 22:43:52,9854.44,6154.74
2022-07-24 22:43:51,9884.82,6124.37
2022-07-24 22:43:50,9910.13,6099.05
2022-07-24 22:43:49,9950.08,6059.11
2022-07-24 22:43:48,9985.04,6024.14
2022-07-24 22:43:47,10028.3,5980.89
2022-07-24 22:43:46,10100.7,5908.53
2022-07-24 22:43:45,10318,5691.21
2022-07-24 22:43:44,10394.3,5614.88
2022-07-24 22:43:43,10600.4,5408.74
2022-07-24 22:43:42,10955.3,5053.92
2022-07-24 22:43:41,11060,4949.23
2022-07-24 22:43:40,11143.6,4865.61
2022-07-24 22:43:39,11264.9,4744.3
2022-07-24 22:43:38,11391,4618.19
2022-07-24 22:43:37,11536.2,4473
2022-07-24 22:43:36,11296.1,4713.07
2022-07-24 22:43:35,10387.2,5621.98
2022-07-24 22:43:34,9925.86,6083.33
2022-07-24 22:43:33,9972.52,6036.67
2022-07-24 22:43:32,10031.1,5978.05
2022-07-24 22:43:31,9595.63,6413.55
2022-07-24 22:43:30,9571.14,6438.04
2022-07-24 22:43:29,9589.07,6420.12
2022-07-24 22:43:28,9588.66,6420.53
2022-07-24 22:43:27,9609.75,6399.43
2022-07-24 22:43:26,9609.08,6400.11
2022-07-24 22:43:25,9637.77,6371.42
2022-07-24 22:43:24,9664.83,6344.36
2022-07-24 22:43:23,9666.89,6342.3
2022-07-24 22:43:22,9699.38,6309.81
2022-07-24 22:43:21,9703.23,6305.96
2022-07-24 22:43:20,9730.91,6278.28
2022-07-24 22:43:19,9763.34,6245.85
2022-07-24 22:43:18,9777.07,6232.11
2022-07-24 22:43:17,9796.25,6212.93
2022-07-24 22:43:16,9815.46,6193.73
2022-07-24 22:43:15,9860.12,6149.07
2022-07-24 22:43:14,9889.45,6119.74
2022-07-24 22:43:13,9927.19,6082
2022-07-24 22:43:12,9939.41,6069.78
2022-07-24 22:43:11,10000.9,6008.34
2022-07-24 22:43:10,10074.5,5934.71
2022-07-24 22:43:09,10231.2,5777.94
2022-07-24 22:43:08,10434.7,5574.44
2022-07-24 22:43:07,10580.7,5428.44
2022-07-24 22:43:06,10786.8,5222.36
2022-07-24 22:43:05,10890.9,5118.24
2022-07-24 22:43:04,11113.7,4895.47
2022-07-24 22:43:03,11229.8,4779.41
2022-07-24 22:43:02,11341.2,4667.95
2022-07-24 22:43:01,11468.8,4540.39
2022-07-24 22:43:00,11130,4879.23
2022-07-24 22:42:59,10224.3,5784.93
2022-07-24 22:42:58,9901.06,6108.13
2022-07-24 22:42:57,9793.34,6215.84
2022-07-24 22:42:56,9836.73,6172.45
2022-07-24 22:42:55,9884.52,6124.67
2022-07-24 22:42:54,9918.31,6090.88
2022-07-24 22:42:53,9398.45,6610.73
2022-07-24 22:42:52,9410.64,6598.55
2022-07-24 22:42:51,9410.41,6598.78
2022-07-24 22:42:50,9422.54,6586.65
2022-07-24 22:42:49,9440.57,6568.61
2022-07-24 22:42:48,9454.26,6554.93
2022-07-24 22:42:47,9455.18,6554.01
2022-07-24 22:42:46,9474.15,6535.04
2022-07-24 22:42:45,9503.88,6505.3
2022-07-24 22:42:44,9504.45,6504.74
2022-07-24 22:42:43,9524.75,6484.44
2022-07-24 22:42:42,9550.49,6458.7
2022-07-24 22:42:41,9555.13,6454.05
2022-07-24 22:42:40,9576.64,6432.54
2022-07-24 22:42:39,9630.32,6378.86
2022-07-24 22:42:38,9631.98,6377.21
2022-07-24 22:42:37,9654.49,6354.7
2022-07-24 22:42:36,9714.79,6294.4
2022-07-24 22:42:35,9731.62,6277.57
2022-07-24 22:42:34,9825.49,6183.7
2022-07-24 22:42:33,10004.6,6004.55
2022-07-24 22:42:32,10110.1,5899.13
2022-07-24 22:42:31,10441.1,5568.05
2022-07-24 22:42:30,10653.6,5355.6
2022-07-24 22:42:29,10800,5209.19
2022-07-24 22:42:28,10929.1,5080.09
2022-07-24 22:42:27,11140.9,4868.31
2022-07-24 22:42:26,11282.6,4726.55
2022-07-24 22:42:25,11433.5,4575.68
2022-07-24 22:42:24,11092.6,4916.56
2022-07-24 22:42:23,10699,5310.17
2022-07-24 22:42:22,10262.2,5747
2022-07-24 22:42:21,10336.9,5672.28
2022-07-24 22:42:20,9745.93,6263.26
2022-07-24 22:42:19,9796.37,6212.82
2022-07-24 22:42:18,9848.5,6160.69
2022-07-24 22:42:17,9227.5,6781.68
2022-07-24 22:42:16,9227.51,6781.68
2022-07-24 22:42:15,9235.42,6773.77
2022-07-24 22:42:14,9236.51,6772.68
2022-07-24 22:42:13,9237.72,6771.47
2022-07-24 22:42:12,9244.91,6764.28
2022-07-24 22:42:11,9246.57,6762.61
2022-07-24 22:42:10,9246.96,6762.23
2022-07-24 22:42:09,9255.79,6753.39
2022-07-24 22:42:08,9255.55,6753.64
2022-07-24 22:42:07,9259.41,6749.78
2022-07-24 22:42:06,9273.14,6736.05
2022-07-24 22:42:05,9275.03,6734.16
2022-07-24 22:42:04,9286.42,6722.77
2022-07-24 22:42:03,9288.58,6720.61
2022-07-24 22:42:02,9315.77,6693.41
2022-07-24 22:42:01,9328.53,6680.66
2022-07-24 22:42:00,9331.65,6677.54
2022-07-24 22:41:59,9385.14,6624.05
2022-07-24 22:41:58,9428.65,6580.53
2022-07-24 22:41:57,9449.95,6559.23
2022-07-24 22:41:56,9923.76,6085.43
2022-07-24 22:41:55,10064,5945.21
2022-07-24 22:41:54,10183,5826.23
2022-07-24 22:41:53,10394.1,5615.12
2022-07-24 22:41:52,10467.5,5541.66
2022-07-24 22:41:51,10829.5,5179.65
2022-07-24 22:41:50,11007.6,5001.55
2022-07-24 22:41:49,11170.3,4838.92
2022-07-24 22:41:48,11167.6,4841.54
2022-07-24 22:41:47,10714.5,5294.66
2022-07-24 22:41:46,10833.2,5176.04
2022-07-24 22:41:45,10302.3,5706.86
2022-07-24 22:41:44,10353,5656.19
2022-07-24 22:41:43,9896.62,6112.57
2022-07-24 22:41:42,9928.78,6080.41
2022-07-24 22:41:41,9427.39,6581.79
2022-07-24 22:41:40,9427.66,6581.53
2022-07-24 22:41:39,9430.3,6578.89
2022-07-24 22:41:38,9434.09,6575.09
2022-07-24 22:41:37,9443.01,6566.18
2022-07-24 22:41:36,9444.43,6564.76
2022-07-24 22:41:35,9448,6561.19
2022-07-24 22:41:34,9464.49,6544.7
2022-07-24 22:41:33,9463.55,6545.63
2022-07-24 22:41:32,9487.84,6521.35
2022-07-24 22:41:31,9489.05,6520.13
2022-07-24 22:41:30,9507.82,6501.37
2022-07-24 22:41:29,9532.68,6476.51
2022-07-24 22:41:28,9534.44,6474.75
2022-07-24 22:41:27,9555.8,6453.38
2022-07-24 22:41:26,9564.94,6444.25
2022-07-24 22:41:25,9605.22,6403.96
2022-07-24 22:41:24,9639,6370.18
2022-07-24 22:41:23,9690.81,6318.38
2022-07-24 22:41:22,9723.09,6286.1
2022-07-24 22:41:21,9924.54,6084.65
2022-07-24 22:41:20,10066,5943.19
2022-07-24 22:41:19,10226.7,5782.47
2022-07-24 22:41:18,10315.2,5694.01
2022-07-24 22:41:17,10673.8,5335.41
2022-07-24 22:41:16,10832.6,5176.58
2022-07-24 22:41:15,10957.1,5052.07
2022-07-24 22:41:14,11210.8,4798.37
2022-07-24 22:41:13,10866.5,5142.65
2022-07-24 22:41:12,10976.8,5032.41
2022-07-24 22:41:11,11224.5,4784.73
2022-07-24 22:41:10,10686.5,5322.65
2022-07-24 22:41:09,10263.1,5746.09
2022-07-24 22:41:08,10341.8,5667.36
2022-07-24 22:41:07,9879.84,6129.35
2022-07-24 22:41:06,9918.8,6090.39
2022-07-24 22:41:05,9443.35,6565.84
2022-07-24 22:41:04,9443.43,6565.75
2022-07-24 22:41:03,9452.4,6556.79
2022-07-24 22:41:02,9457.92,6551.27
2022-07-24 22:41:01,9460.62,6548.57
2022-07-24 22:41:00,9469.34,6539.84
2022-07-24 22:40:59,9468.69,6540.5
2022-07-24 22:40:58,9488.28,6520.91
2022-07-24 22:40:57,9489.6,6519.59
2022-07-24 22:40:56,9497.07,6512.12
2022-07-24 22:40:55,9510.69,6498.5
2022-07-24 22:40:54,9557.95,6451.23
2022-07-24 22:40:53,9559.19,6450
2022-07-24 22:40:52,9574.36,6434.83
2022-07-24 22:40:51,9585.01,6424.18
2022-07-24 22:40:50,9624.64,6384.55
2022-07-24 22:40:49,9625.19,6384
2022-07-24 22:40:48,9636.57,6372.62
2022-07-24 22:40:47,9707.37,6301.82
2022-07-24 22:40:46,9709.05,6300.14
2022-07-24 22:40:45,9830.34,6178.84
2022-07-24 22:40:44,9900.56,6108.63
2022-07-24 22:40:43,10071.6,5937.57
2022-07-24 22:40:42,10516.2,5492.94
2022-07-24 22:40:41,10689.2,5319.99
2022-07-24 22:40:40,10813,5196.21
2022-07-24 22:40:39,10894.9,5114.26
2022-07-24 22:40:38,11099.4,4909.84
2022-07-24 22:40:37,11278,4731.22
2022-07-24 22:40:36,11409.1,4600.09
2022-07-24 22:40:35,11162.4,4846.83
2022-07-24 22:40:34,11176.9,4832.25
2022-07-24 22:40:33,10180.4,5828.8
2022-07-24 22:40:32,10245.9,5763.33
2022-07-24 22:40:31,9669.48,6339.71
2022-07-24 22:40:30,9707.2,6301.98
2022-07-24 22:40:29,9646.11,6363.08
2022-07-24 22:40:28,9092.24,6916.95
2022-07-24 22:40:27,9091.24,6917.95
2022-07-24 22:40:26,9101.02,6908.16
2022-07-24 22:40:25,9101.69,6907.5
2022-07-24 22:40:24,9102.02,6907.16
2022-07-24 22:40:23,9109.84,6899.35
2022-07-24 22:40:22,9109.5,6899.69
2022-07-24 22:40:21,9111.98,6897.2
2022-07-24 22:40:20,9124.33,6884.86
2022-07-24 22:40:19,9122.59,6886.6
2022-07-24 22:40:18,9124.52,6884.66
2022-07-24 22:40:17,9134.61,6874.58
2022-07-24 22:40:16,9134.64,6874.55
2022-07-24 22:40:15,9135.38,6873.8
2022-07-24 22:40:14,9148.68,6860.51
2022-07-24 22:40:13,9150.34,6858.85
2022-07-24 22:40:12,9162.88,6846.3
2022-07-24 22:40:11,9142.81,6866.37
2022-07-24 22:40:10,9161.87,6847.31
2022-07-24 22:40:09,9218.43,6790.76
2022-07-24 22:40:08,9211.93,6797.26
2022-07-24 22:40:07,9515.7,6493.48
2022-07-24 22:40:06,9708.93,6300.25
2022-07-24 22:40:05,9911.66,6097.53
2022-07-24 22:40:04,10174,5835.19
2022-07-24 22:40:03,10637.6,5371.63
2022-07-24 22:40:02,10801.2,5208.03
2022-07-24 22:40:01,10992.9,5016.27
2022-07-24 22:40:00,11100.5,4908.66
2022-07-24 22:39:59,11228,4781.18
2022-07-24 22:39:58,11644.8,4364.34
2022-07-24 22:39:57,10668.1,5341.13
2022-07-24 22:39:56,10795.9,5213.24
2022-07-24 22:39:55,9717.92,6291.27
2022-07-24 22:39:54,9770.28,6238.91
2022-07-24 22:39:53,9818.52,6190.67
2022-07-24 22:39:52,9196.14,6813.05
2022-07-24 22:39:51,9196.82,6812.37
2022-07-24 22:39:50,9205.81,6803.38
2022-07-24 22:39:49,9205.12,6804.07
2022-07-24 22:39:48,9208.03,6801.16
2022-07-24 22:39:47,9208.23,6800.96
2022-07-24 22:39:46,9216.55,6792.63
2022-07-24 22:39:45,9217.16,6792.02
2022-07-24 22:39:44,9227.59,6781.59
2022-07-24 22:39:43,9239.36,6769.82
2022-07-24 22:39:42,9240.09,6769.1
2022-07-24 22:39:41,9252.71,6756.48
2022-07-24 22:39:40,9273.13,6736.05
2022-07-24 22:39:39,9273.34,6735.84
2022-07-24 22:39:38,9272.88,6736.31
2022-07-24 22:39:37,9311.2,6697.98
2022-07-24 22:39:36,9313.84,6695.34
2022-07-24 22:39:35,9316.26,6692.93
2022-07-24 22:39:34,9366.61,6642.57
2022-07-24 22:39:33,9367.53,6641.66
2022-07-24 22:39:32,9395.37,6613.82
2022-07-24 22:39:31,9477.32,6531.86
2022-07-24 22:39:30,9545.02,6464.17
2022-07-24 22:39:29,9744.93,6264.26
2022-07-24 22:39:28,10037.5,5971.73
2022-07-24 22:39:27,10275.9,5733.33
2022-07-24 22:39:26,10705.8,5303.42
2022-07-24 22:39:25,10825.2,5184.01
2022-07-24 22:39:24,10945.3,5063.93
2022-07-24 22:39:23,11305.7,4703.5
2022-07-24 22:39:22,11466.5,4542.66
2022-07-24 22:39:21,11659.5,4349.64
2022-07-24 22:39:20,11832.2,4176.95
2022-07-24 22:39:19,10978.6,5030.54
2022-07-24 22:39:18,10550.9,5458.25
2022-07-24 22:39:17,9301.89,6707.3
2022-07-24 22:39:16,9304.36,6704.83
2022-07-24 22:39:15,9304.42,6704.77
2022-07-24 22:39:14,9304.66,6704.52
2022-07-24 22:39:13,9306.23,6702.96
2022-07-24 22:39:12,9308.12,6701.07
2022-07-24 22:39:11,9311.35,6697.83
2022-07-24 22:39:10,9311.34,6697.84
2022-07-24 22:39:09,9311.84,6697.34
2022-07-24 22:39:08,9313.54,6695.65
2022-07-24 22:39:07,9314.49,6694.7
2022-07-24 22:39:06,9330.49,6678.7
2022-07-24 22:39:05,9332.27,6676.92
2022-07-24 22:39:04,9331.27,6677.91
2022-07-24 22:39:03,9355.16,6654.02
2022-07-24 22:39:02,9355.09,6654.1
2022-07-24 22:39:01,9356.11,6653.08
2022-07-24 22:39:00,9404.71,6604.48
2022-07-24 22:38:59,9414.36,6594.82
2022-07-24 22:38:58,9405,6604.18
2022-07-24 22:38:57,9428.08,6581.11
2022-07-24 22:38:56,9536.73,6472.45
2022-07-24 22:38:55,9536.39,6472.8
2022-07-24 22:38:54,9585.08,6424.11
2022-07-24 22:38:53,9706.27,6302.91
2022-07-24 22:38:52,9939.05,6070.14
2022-07-24 22:38:51,10084.4,5924.74
2022-07-24 22:38:50,10386.7,5622.48
2022-07-24 22:38:49,10646.9,5362.33
2022-07-24 22:38:48,11067.6,4941.55
2022-07-24 22:38:47,11215.2,4794.02
2022-07-24 22:38:46,11419.7,4589.48
2022-07-24 22:38:45,11562.9,4446.25
2022-07-24 22:38:44,11714.5,4294.72
2022-07-24 22:38:43,11887.5,4121.68
2022-07-24 22:38:42,11030.3,4978.84
2022-07-24 22:38:41,10077.4,5931.76
2022-07-24 22:38:40,9382.86,6626.33
2022-07-24 22:38:39,9383.28,6625.91
2022-07-24 22:38:38,9392.01,6617.18
2022-07-24 22:38:37,9393.79,6615.4
2022-07-24 22:38:36,9394.08,6615.11
2022-07-24 22:38:35,9403.89,6605.3
2022-07-24 22:38:34,9405.02,6604.17
2022-07-24 22:38:33,9407.91,6601.28
2022-07-24 22:38:32,9420.33,6588.86
2022-07-24 22:38:31,9425.02,6584.17
2022-07-24 22:38:30,9436.94,6572.25
2022-07-24 22:38:29,9450.23,6558.95
2022-07-24 22:38:28,9465.47,6543.72
2022-07-24 22:38:27,9467.65,6541.53
2022-07-24 22:38:26,9505.63,6503.55
2022-07-24 22:38:25,9521.57,6487.61
2022-07-24 22:38:24,9526.44,6482.75
2022-07-24 22:38:23,9567.32,6441.87
2022-07-24 22:38:22,9586.1,6423.09
2022-07-24 22:38:21,9605.87,6403.32
2022-07-24 22:38:20,9652.45,6356.74
2022-07-24 22:38:19,9661.19,6348
2022-07-24 22:38:18,9699.62,6309.57
2022-07-24 22:38:17,9786.4,6222.79
2022-07-24 22:38:16,9819.13,6190.06
2022-07-24 22:38:15,10100.8,5908.36
2022-07-24 22:38:14,10509.1,5500.06
2022-07-24 22:38:13,10630.3,5378.91
2022-07-24 22:38:12,10882,5127.21
2022-07-24 22:38:11,11236.9,4772.24
2022-07-24 22:38:10,11390.1,4619.05
2022-07-24 22:38:09,11532.9,4476.28
2022-07-24 22:38:08,11685.7,4323.52
2022-07-24 22:38:07,11844.1,4165.05
2022-07-24 22:38:06,10952.8,5056.38
2022-07-24 22:38:05,10517.9,5491.25
2022-07-24 22:38:04,9379.05,6630.14
2022-07-24 22:38:03,9382.27,6626.92
2022-07-24 22:38:02,9381.71,6627.48
2022-07-24 22:38:01,9383.37,6625.82
2022-07-24 22:38:00,9383.99,6625.2
2022-07-24 22:37:59,9386.11,6623.08
2022-07-24 22:37:58,9391.59,6617.59
2022-07-24 22:37:57,9393,6616.18
2022-07-24 22:37:56,9393.64,6615.54
2022-07-24 22:37:55,9394.14,6615.05
2022-07-24 22:37:54,9394.46,6614.73
2022-07-24 22:37:53,9406.63,6602.55
2022-07-24 22:37:52,9410.45,6598.74
2022-07-24 22:37:51,9410.02,6599.17
2022-07-24 22:37:50,9438.81,6570.38
2022-07-24 22:37:49,9443.02,6566.17
2022-07-24 22:37:48,9467.91,6541.28
2022-07-24 22:37:47,9491.76,6517.43
2022-07-24 22:37:46,9501.18,6508.01
2022-07-24 22:37:45,9515.78,6493.41
2022-07-24 22:37:44,9595.52,6413.66
2022-07-24 22:37:43,9606.07,6403.11
2022-07-24 22:37:42,9621.08,6388.11
2022-07-24 22:37:41,9766.35,6242.84
2022-07-24 22:37:40,9906.7,6102.49
2022-07-24 22:37:39,10123.2,5885.95
2022-07-24 22:37:38,10302.1,5707.1
2022-07-24 22:37:37,10685.6,5323.61
2022-07-24 22:37:36,10903.4,5105.78
2022-07-24 22:37:35,11082.4,4926.75
2022-07-24 22:37:34,11263.9,4745.28
2022-07-24 22:37:33,11465.9,4543.3
2022-07-24 22:37:32,11581.7,4427.53
2022-07-24 22:37:31,11756.2,4252.99
2022-07-24 22:37:30,11403.3,4605.88
2022-07-24 22:37:29,10400.3,5608.88
2022-07-24 22:37:28,9938.47,6070.72
2022-07-24 22:37:27,9434.42,6574.77
2022-07-24 22:37:26,9437.04,6572.14
2022-07-24 22:37:25,9445.34,6563.85
2022-07-24 22:37:24,9445.63,6563.56
2022-07-24 22:37:23,9465.67,6543.52
2022-07-24 22:37:22,9477.23,6531.96
2022-07-24 22:37:21,9477.9,6531.29
2022-07-24 22:37:20,9493.12,6516.07
2022-07-24 22:37:19,9513.71,6495.48
2022-07-24 22:37:18,9518.71,6490.47
2022-07-24 22:37:17,9532.8,6476.39
2022-07-24 22:37:16,9575.2,6433.98
2022-07-24 22:37:15,9578.67,6430.52
2022-07-24 22:37:14,9596.48,6412.71
2022-07-24 22:37:13,9632.5,6376.69
2022-07-24 22:37:12,9653.68,6355.51
2022-07-24 22:37:11,9681.86,6327.32
2022-07-24 22:37:10,9688.41,6320.78
2022-07-24 22:37:09,9744.56,6264.63
2022-07-24 22:37:08,9759.43,6249.76
2022-07-24 22:37:07,9823.55,6185.64
2022-07-24 22:37:06,9828.89,6180.3
2022-07-24 22:37:05,9875.7,6133.49
2022-07-24 22:37:04,9933.48,6075.71
2022-07-24 22:37:03,9987.7,6021.49
2022-07-24 22:37:02,10271.3,5737.92
2022-07-24 22:37:01,10632.4,5376.76
2022-07-24 22:37:00,10771.2,5238
2022-07-24 22:36:59,10903.1,5106.05
2022-07-24 22:36:58,11238.6,4770.56
2022-07-24 22:36:57,11390.5,4618.73
2022-07-24 22:36:56,11512.9,4496.31
2022-07-24 22:36:55,11660.5,4348.7
2022-07-24 22:36:54,11803.9,4205.32
2022-07-24 22:36:53,10940.8,5068.37
2022-07-24 22:36:52,10565.1,5444.05
2022-07-24 22:36:51,9352.03,6657.16
2022-07-24 22:36:50,9362.41,6646.78
2022-07-24 22:36:49,9363.23,6645.95
2022-07-24 22:36:48,9372.19,6637
2022-07-24 22:36:47,9370.52,6638.67
2022-07-24 22:36:46,9385.81,6623.38
2022-07-24 22:36:45,9398.75,6610.44
2022-07-24 22:36:44,9399.79,6609.39
2022-07-24 22:36:43,9407.26,6601.93
2022-07-24 22:36:42,9436.43,6572.75
2022-07-24 22:36:41,9437.35,6571.84
2022-07-24 22:36:40,9449.3,6559.89
2022-07-24 22:36:39,9467.44,6541.75
2022-07-24 22:36:38,9481.04,6528.15
2022-07-24 22:36:37,9482.38,6526.81
2022-07-24 22:36:36,9523.44,6485.75
2022-07-24 22:36:35,9518.73,6490.46
2022-07-24 22:36:34,9532.51,6476.68
2022-07-24 22:36:33,9561.73,6447.45
2022-07-24 22:36:32,9564.47,6444.71
2022-07-24 22:36:31,9592.39,6416.79
2022-07-24 22:36:30,9614.3,6394.88
2022-07-24 22:36:29,9624.84,6384.35
2022-07-24 22:36:28,9660.16,6349.03
2022-07-24 22:36:27,9704.57,6304.62
2022-07-24 22:36:26,9860.28,6148.91
2022-07-24 22:36:25,10134.5,5874.66
2022-07-24 22:36:24,10225.3,5783.93
2022-07-24 22:36:23,10538.9,5470.3
2022-07-24 22:36:22,10908,5101.14
2022-07-24 22:36:21,11193.3,4815.85
2022-07-24 22:36:20,11363.1,4646.08
2022-07-24 22:36:19,11499.8,4509.38
2022-07-24 22:36:18,11619.2,4390.02
2022-07-24 22:36:17,11781.2,4227.96
2022-07-24 22:36:16,11952.9,4056.31
2022-07-24 22:36:15,10422,5587.23
2022-07-24 22:36:14,9404.81,6604.38
2022-07-24 22:36:13,9406.89,6602.3
2022-07-24 22:36:12,9405.64,6603.55
2022-07-24 22:36:11,9410.85,6598.34
2022-07-24 22:36:10,9412.81,6596.38
2022-07-24 22:36:09,9413.38,6595.8
2022-07-24 22:36:08,9415.47,6593.72
2022-07-24 22:36:07,9417.71,6591.48
2022-07-24 22:36:06,9424.59,6584.6
2022-07-24 22:36:05,9424.24,6584.95
2022-07-24 22:36:04,9430.45,6578.74
2022-07-24 22:36:03,9435.01,6574.18
2022-07-24 22:36:02,9453.8,6555.39
2022-07-24 22:36:01,9456.27,6552.92
2022-07-24 22:36:00,9483.17,6526.02
2022-07-24 22:35:59,9504.52,6504.67
2022-07-24 22:35:58,9505.91,6503.28
2022-07-24 22:35:57,9532.26,6476.93
2022-07-24 22:35:56,9570.45,6438.73
2022-07-24 22:35:55,9572.92,6436.27
2022-07-24 22:35:54,9607.27,6401.92
2022-07-24 22:35:53,9660.96,6348.23
2022-07-24 22:35:52,9662.52,6346.67
2022-07-24 22:35:51,9811.52,6197.67
2022-07-24 22:35:50,9840.89,6168.3
2022-07-24 22:35:49,10044.4,5964.75
2022-07-24 22:35:48,10379.4,5629.75
2022-07-24 22:35:47,10692.6,5316.58
2022-07-24 22:35:46,10788.2,5220.95
2022-07-24 22:35:45,11141.1,4868.09
2022-07-24 22:35:44,11282.9,4726.29
2022-07-24 22:35:43,11438,4571.21
2022-07-24 22:35:42,11567.4,4441.78
2022-07-24 22:35:41,11750.3,4258.84
2022-07-24 22:35:40,11259.5,4749.65
2022-07-24 22:35:39,10170.1,5839.06
2022-07-24 22:35:38,10207,5802.2
2022-07-24 22:35:37,9104.69,6904.49
2022-07-24 22:35:36,9104.04,6905.14
2022-07-24 22:35:35,9102.27,6906.91
2022-07-24 22:35:34,9105.68,6903.51
2022-07-24 22:35:33,9109.53,6899.66
2022-07-24 22:35:32,9111.48,6897.71
2022-07-24 22:35:31,9111.65,6897.54
2022-07-24 22:35:30,9117.09,6892.09
2022-07-24 22:35:29,9120.72,6888.47
2022-07-24 22:35:28,9118.78,6890.41
2022-07-24 22:35:27,9124.1,6885.09
2022-07-24 22:35:26,9124.04,6885.15
2022-07-24 22:35:25,9124.81,6884.37
2022-07-24 22:35:24,9134.69,6874.5
2022-07-24 22:35:23,9136.08,6873.11
2022-07-24 22:35:22,9146.8,6862.39
2022-07-24 22:35:21,9146.44,6862.75
2022-07-24 22:35:20,9145.79,6863.4
2022-07-24 22:35:19,9161.45,6847.73
2022-07-24 22:35:18,9165.4,6843.78
2022-07-24 22:35:17,9169.46,6839.73
2022-07-24 22:35:16,9189.98,6819.2
2022-07-24 22:35:15,9235.35,6773.84
2022-07-24 22:35:14,9336.63,6672.56
2022-07-24 22:35:13,9332.49,6676.7
2022-07-24 22:35:12,9790.3,6218.89
2022-07-24 22:35:11,10103,5906.18
2022-07-24 22:35:10,10443.6,5565.56
2022-07-24 22:35:09,10858.1,5151.11
2022-07-24 22:35:08,11037.1,4972.11
2022-07-24 22:35:07,11296.1,4713.1
2022-07-24 22:35:06,11421.4,4587.76
2022-07-24 22:35:05,11576.3,4432.87
2022-07-24 22:35:04,11707.9,4301.29
2022-07-24 22:35:03,11889.2,4120.03
2022-07-24 22:35:02,10516.3,5492.88
2022-07-24 22:35:01,10058.8,5950.34
2022-07-24 22:35:00,9432.45,6576.74
2022-07-24 22:34:59,9441.62,6567.56
2022-07-24 22:34:58,9443.78,6565.41
2022-07-24 22:34:57,9450.15,6559.04
2022-07-24 22:34:56,9456.91,6552.27
2022-07-24 22:34:55,9459.51,6549.68
2022-07-24 22:34:54,9460.68,6548.5
2022-07-24 22:34:53,9469.37,6539.82
2022-07-24 22:34:52,9477.4,6531.79
2022-07-24 22:34:51,9487.03,6522.16
2022-07-24 22:34:50,9499.91,6509.28
2022-07-24 22:34:49,9515.57,6493.62
2022-07-24 22:34:48,9532.9,6476.29
2022-07-24 22:34:47,9553.47,6455.71
2022-07-24 22:34:46,9570.2,6438.99
2022-07-24 22:34:45,9590.92,6418.27
2022-07-24 22:34:44,9619.5,6389.68
2022-07-24 22:34:43,9646.23,6362.96
2022-07-24 22:34:42,9704.02,6305.17
2022-07-24 22:34:41,9706.66,6302.53
2022-07-24 22:34:40,9737.6,6271.59
2022-07-24 22:34:39,9797.84,6211.34
2022-07-24 22:34:38,9801.71,6207.47
2022-07-24 22:34:37,9902.97,6106.22
2022-07-24 22:34:36,9946.53,6062.66
2022-07-24 22:34:35,10154.5,5854.73
2022-07-24 22:34:34,10428.7,5580.52
2022-07-24 22:34:33,10642.1,5367.06
2022-07-24 22:34:32,10728.7,5280.46
2022-07-24 22:34:31,11205.3,4803.9
2022-07-24 22:34:30,11341.2,4667.97
2022-07-24 22:34:29,11504.4,4504.82
2022-07-24 22:34:28,11640.9,4368.3
2022-07-24 22:34:27,11787.3,4221.91
2022-07-24 22:34:26,10960.7,5048.5
2022-07-24 22:34:25,10440.8,5568.37
2022-07-24 22:34:24,9954.21,6054.98
2022-07-24 22:34:23,9446.77,6562.42
2022-07-24 22:34:22,9451.66,6557.53
2022-07-24 22:34:21,9460.36,6548.83
2022-07-24 22:34:20,9465.96,6543.23
2022-07-24 22:34:19,9469.74,6539.45
2022-07-24 22:34:18,9473.55,6535.64
2022-07-24 22:34:17,9489.64,6519.54
2022-07-24 22:34:16,9481.48,6527.7
2022-07-24 22:34:15,9488.32,6520.86
2022-07-24 22:34:14,9512.55,6496.64
2022-07-24 22:34:13,9513.84,6495.35
2022-07-24 22:34:12,9525.79,6483.4
2022-07-24 22:34:11,9542.57,6466.62
2022-07-24 22:34:10,9567.24,6441.94
2022-07-24 22:34:09,9580.59,6428.6
2022-07-24 22:34:08,9593.95,6415.24
2022-07-24 22:34:07,9621.36,6387.82
2022-07-24 22:34:06,9651.91,6357.28
2022-07-24 22:34:05,9647.55,6361.64
2022-07-24 22:34:04,9689.35,6319.84
2022-07-24 22:34:03,9730.09,6279.09
2022-07-24 22:34:02,9732.4,6276.79
2022-07-24 22:34:01,9806.59,6202.59
2022-07-24 22:34:00,9917.86,6091.32
2022-07-24 22:33:59,10211.1,5798.06
2022-07-24 22:33:58,10348.2,5660.94
2022-07-24 22:33:57,10688.2,5321.02
2022-07-24 22:33:56,10804.4,5204.75
2022-07-24 22:33:55,11090.8,4918.42
2022-07-24 22:33:54,11194.9,4814.34
2022-07-24 22:33:53,11315.1,4694.04
2022-07-24 22:33:52,11581.2,4428.01
2022-07-24 22:33:51,11743.5,4265.66
2022-07-24 22:33:50,10890.1,5119.13
2022-07-24 22:33:49,10463.9,5545.28
2022-07-24 22:33:48,9890,6119.19
2022-07-24 22:33:47,9933.34,6075.85
2022-07-24 22:33:46,9434.14,6575.05
2022-07-24 22:33:45,9436.72,6572.47
2022-07-24 22:33:44,9442.56,6566.63
2022-07-24 22:33:43,9442.23,6566.96
2022-07-24 22:33:42,9446.09,6563.09
2022-07-24 22:33:41,9446.69,6562.5
2022-07-24 22:33:40,9450.7,6558.49
2022-07-24 22:33:39,9450.7,6558.48
2022-07-24 22:33:38,9452.27,6556.91
2022-07-24 22:33:37,9451.73,6557.46
2022-07-24 22:33:36,9474.56,6534.62
2022-07-24 22:33:35,9477.74,6531.45
2022-07-24 22:33:34,9488.29,6520.89
2022-07-24 22:33:33,9524.87,6484.32
2022-07-24 22:33:32,9542.63,6466.55
2022-07-24 22:33:31,9572.07,6437.12
2022-07-24 22:33:30,9602.58,6406.61
2022-07-24 22:33:29,9639.82,6369.37
2022-07-24 22:33:28,9679.09,6330.1
2022-07-24 22:33:27,9706.63,6302.55
2022-07-24 22:33:26,9756.81,6252.38
2022-07-24 22:33:25,9801.97,6207.22
2022-07-24 22:33:24,9853.56,6155.63
2022-07-24 22:33:23,10102.8,5906.38
2022-07-24 22:33:22,10178.3,5830.92
2022-07-24 22:33:21,10373.7,5635.46
2022-07-24 22:33:20,10596.5,5412.73
2022-07-24 22:33:19,11018.6,4990.57
2022-07-24 22:33:18,11113.5,4895.73
2022-07-24 22:33:17,11261,4748.15
2022-07-24 22:33:16,11490,4519.16
2022-07-24 22:33:15,11665.7,4343.52
2022-07-24 22:33:14,11285.8,4723.4
2022-07-24 22:33:13,11408.7,4600.53
2022-07-24 22:33:12,10397,5612.23
2022-07-24 22:33:11,9813.83,6195.36
2022-07-24 22:33:10,9314.72,6694.47
2022-07-24 22:33:09,9323.27,6685.92
2022-07-24 22:33:08,9323.98,6685.2
2022-07-24 22:33:07,9324.25,6684.94
2022-07-24 22:33:06,9326.45,6682.74
2022-07-24 22:33:05,9337.56,6671.62
2022-07-24 22:33:04,9339.81,6669.38
2022-07-24 22:33:03,9339.86,6669.33
2022-07-24 22:33:02,9351.72,6657.47
2022-07-24 22:33:01,9356.02,6653.17
2022-07-24 22:33:00,9358.64,6650.55
2022-07-24 22:32:59,9379.69,6629.5
2022-07-24 22:32:58,9381.6,6627.59
2022-07-24 22:32:57,9385.54,6623.64
2022-07-24 22:32:56,9436.42,6572.77
2022-07-24 22:32:55,9438.71,6570.48
2022-07-24 22:32:54,9442.11,6567.08
2022-07-24 22:32:53,9510.22,6498.97
2022-07-24 22:32:52,9504.56,6504.62
2022-07-24 22:32:51,9523.73,6485.46
2022-07-24 22:32:50,9583.47,6425.71
2022-07-24 22:32:49,9594.06,6415.12
2022-07-24 22:32:48,9751.39,6257.8
2022-07-24 22:32:47,9926.54,6082.65
2022-07-24 22:32:46,9997.66,6011.53
2022-07-24 22:32:45,10049.5,5959.7
2022-07-24 22:32:44,10539.8,5469.38
2022-07-24 22:32:43,10864,5145.16
2022-07-24 22:32:42,11113.9,4895.31
2022-07-24 22:32:41,11234.8,4774.35
2022-07-24 22:32:40,11360.4,4648.82
2022-07-24 22:32:39,11565.6,4443.54
2022-07-24 22:32:38,11232.5,4776.67
2022-07-24 22:32:37,11381.7,4627.44
2022-07-24 22:32:36,9815.6,6193.59
2022-07-24 22:32:35,9866.52,6142.66
2022-07-24 22:32:34,9911.28,6097.91
2022-07-24 22:32:33,9915.4,6093.79
2022-07-24 22:32:32,9393.18,6616.01
2022-07-24 22:32:31,9397.63,6611.55
2022-07-24 22:32:30,9399.39,6609.79
2022-07-24 22:32:29,9408.94,6600.25
2022-07-24 22:32:28,9410.79,6598.4
2022-07-24 22:32:27,9412.57,6596.62
2022-07-24 22:32:26,9429.66,6579.53
2022-07-24 22:32:25,9432.43,6576.75
2022-07-24 22:32:24,9435.71,6573.48
2022-07-24 22:32:23,9454.41,6554.78
2022-07-24 22:32:22,9474.51,6534.68
2022-07-24 22:32:21,9473.41,6535.78
2022-07-24 22:32:20,9485.78,6523.4
2022-07-24 22:32:19,9524.61,6484.57
2022-07-24 22:32:18,9527.19,6482
2022-07-24 22:32:17,9564.88,6444.3
2022-07-24 22:32:16,9618.15,6391.04
2022-07-24 22:32:15,9620.04,6389.15
2022-07-24 22:32:14,9693.33,6315.86
2022-07-24 22:32:13,9744.13,6265.06
2022-07-24 22:32:12,9755.95,6253.24
2022-07-24 22:32:11,9946.71,6062.48
2022-07-24 22:32:10,10135.1,5874.12
2022-07-24 22:32:09,10300.4,5708.82
2022-07-24 22:32:08,10409.4,5599.76
2022-07-24 22:32:07,10873.1,5136.12
2022-07-24 22:32:06,11016.3,4992.88
2022-07-24 22:32:05,11196.2,4812.94
2022-07-24 22:32:04,11340.8,4668.42
2022-07-24 22:32:03,11453.1,4556.12
2022-07-24 22:32:02,11243.9,4765.31
2022-07-24 22:32:01,10716.1,5293.12
2022-07-24 22:32:00,10806.8,5202.34
2022-07-24 22:31:59,9633.94,6375.25
2022-07-24 22:31:58,9680.04,6329.14
2022-07-24 22:31:57,9728.73,6280.46
2022-07-24 22:31:56,9107.43,6901.75
2022-07-24 22:31:55,9107.68,6901.5
2022-07-24 22:31:54,9108.72,6900.47
2022-07-24 22:31:53,9119.77,6889.42
2022-07-24 22:31:52,9121.37,6887.82
2022-07-24 22:31:51,9121.2,6887.99
2022-07-24 22:31:50,9133.53,6875.66
2022-07-24 22:31:49,9139.1,6870.09
2022-07-24 22:31:48,9140.85,6868.34
2022-07-24 22:31:47,9141.28,6867.91
2022-07-24 22:31:46,9155.66,6853.53
2022-07-24 22:31:45,9156.11,6853.08
2022-07-24 22:31:44,9157.26,6851.93
2022-07-24 22:31:43,9173.44,6835.75
2022-07-24 22:31:42,9174.24,6834.95
2022-07-24 22:31:41,9186.77,6822.41
2022-07-24 22:31:40,9189.62,6819.57
2022-07-24 22:31:39,9190.68,6818.51
2022-07-24 22:31:38,9202.99,6806.19
2022-07-24 22:31:37,9245.15,6764.04
2022-07-24 22:31:36,9287.24,6721.95
2022-07-24 22:31:35,9324.39,6684.8
2022-07-24 22:31:34,9647.66,6361.52
2022-07-24 22:31:33,10190.3,5818.92
2022-07-24 22:31:32,10330.8,5678.4
2022-07-24 22:31:31,10487.8,5521.38
2022-07-24 22:31:30,10824.9,5184.3
2022-07-24 22:31:29,10935.1,5074.08
2022-07-24 22:31:28,11085,4924.16
2022-07-24 22:31:27,11236.6,4772.58
2022-07-24 22:31:26,11665.1,4344.08
2022-07-24 22:31:25,11882,4127.15
2022-07-24 22:31:24,10220.4,5788.82
2022-07-24 22:31:23,9647.63,6361.55
2022-07-24 22:31:22,9700.12,6309.07
2022-07-24 22:31:21,9709.09,6300.1
2022-07-24 22:31:20,9199.66,6809.52
2022-07-24 22:31:19,9203.45,6805.74
2022-07-24 22:31:18,9200.73,6808.46
2022-07-24 22:31:17,9201.52,6807.67
2022-07-24 22:31:16,9204,6805.18
2022-07-24 22:31:15,9203.97,6805.22
2022-07-24 22:31:14,9216.9,6792.29
2022-07-24 22:31:13,9214.62,6794.57
2022-07-24 22:31:12,9216.19,6793
2022-07-24 22:31:11,9217.2,6791.98
2022-07-24 22:31:10,9234.36,6774.83
2022-07-24 22:31:09,9235,6774.19
2022-07-24 22:31:08,9235.77,6773.42
2022-07-24 22:31:07,9254.88,6754.31
2022-07-24 22:31:06,9259.67,6749.52
2022-07-24 22:31:05,9261.34,6747.84
2022-07-24 22:31:04,9271.32,6737.87
2022-07-24 22:31:03,9270.46,6738.73
2022-07-24 22:31:02,9288.58,6720.61
2022-07-24 22:31:01,9331.35,6677.84
2022-07-24 22:31:00,9359.74,6649.45
2022-07-24 22:30:59,9461.24,6547.95
2022-07-24 22:30:58,9716.51,6292.68
2022-07-24 22:30:57,9873.9,6135.29
2022-07-24 22:30:56,10407,5602.16
2022-07-24 22:30:55,10760.7,5248.5
2022-07-24 22:30:54,10950.8,5058.37
2022-07-24 22:30:53,11061.6,4947.57
2022-07-24 22:30:52,11218.7,4790.49
2022-07-24 22:30:51,11320.1,4689.08
2022-07-24 22:30:50,11595.9,4413.25
2022-07-24 22:30:49,11789.2,4220.03
2022-07-24 22:30:48,11424.7,4584.53
2022-07-24 22:30:47,9983.62,6025.57
2022-07-24 22:30:46,10034.7,5974.53
2022-07-24 22:30:45,10068,5941.19
2022-07-24 22:30:44,9568.06,6441.13
2022-07-24 22:30:43,9569.59,6439.6
2022-07-24 22:30:42,9579.51,6429.68
2022-07-24 22:30:41,9591.14,6418.05
2022-07-24 22:30:40,9592.51,6416.68
2022-07-24 22:30:39,9602.69,6406.5
2022-07-24 22:30:38,9619.87,6389.32
2022-07-24 22:30:37,9623.65,6385.54
2022-07-24 22:30:36,9630.31,6378.88
2022-07-24 22:30:35,9657.32,6351.86
2022-07-24 22:30:34,9670.88,6338.31
2022-07-24 22:30:33,9700.29,6308.9
2022-07-24 22:30:32,9713.97,6295.22
2022-07-24 22:30:31,9739.28,6269.91
2022-07-24 22:30:30,9767.3,6241.89
2022-07-24 22:30:29,9780.91,6228.28
2022-07-24 22:30:28,9806.48,6202.71
2022-07-24 22:30:27,9835.62,6173.57
2022-07-24 22:30:26,9879.54,6129.65
2022-07-24 22:30:25,9878.45,6130.74
2022-07-24 22:30:24,9925.91,6083.28
2022-07-24 22:30:23,9986.12,6023.06
2022-07-24 22:30:22,10003.7,6005.5
2022-07-24 22:30:21,10080.8,5928.35
2022-07-24 22:30:20,10165.8,5843.41
2022-07-24 22:30:19,10362.6,5646.57
2022-07-24 22:30:18,10580,5429.23
2022-07-24 22:30:17,10927.6,5081.61
2022-07-24 22:30:16,11080.7,4928.44
2022-07-24 22:30:15,11142.9,4866.24
2022-07-24 22:30:14,11297.9,4711.31
2022-07-24 22:30:13,11497.9,4511.27
2022-07-24 22:30:12,11668.4,4340.81
2022-07-24 22:30:11,11812.4,4196.76
2022-07-24 22:30:10,11350.6,4658.62
2022-07-24 22:30:09,9785.68,6223.5
2022-07-24 22:30:08,9766.91,6242.28
2022-07-24 22:30:07,9288.49,6720.7
2022-07-24 22:30:06,9296.35,6712.84
2022-07-24 22:30:05,9298.24,6710.95
2022-07-24 22:30:04,9299.94,6709.25
2022-07-24 22:30:03,9304.27,6704.92
2022-07-24 22:30:02,9305.06,6704.12
2022-07-24 22:30:01,9306.48,6702.71
2022-07-24 22:30:00,9311.62,6697.57
2022-07-24 22:29:59,9310.52,6698.67
2022-07-24 22:29:58,9311.05,6698.14
2022-07-24 22:29:57,9322.39,6686.79
2022-07-24 22:29:56,9320.64,6688.55
2022-07-24 22:29:55,9321.91,6687.28
2022-07-24 22:29:54,9322.96,6686.23
2022-07-24 22:29:53,9333.72,6675.47
2022-07-24 22:29:52,9336.5,6672.69
2022-07-24 22:29:51,9346.41,6662.77
2022-07-24 22:29:50,9359.41,6649.78
2022-07-24 22:29:49,9361.23,6647.96
2022-07-24 22:29:48,9380.33,6628.86
2022-07-24 22:29:47,9428.61,6580.58
2022-07-24 22:29:46,9448.97,6560.22
2022-07-24 22:29:45,9474.89,6534.3
2022-07-24 22:29:44,9585.7,6423.49
2022-07-24 22:29:43,9898.95,6110.23
2022-07-24 22:29:42,10087.8,5921.4
2022-07-24 22:29:41,10445.8,5563.39
2022-07-24 22:29:40,10840.6,5168.58
2022-07-24 22:29:39,11023.6,4985.57
2022-07-24 22:29:38,11237,4772.23
2022-07-24 22:29:37,11386.4,4622.77
2022-07-24 22:29:36,11518,4491.15
2022-07-24 22:29:35,11699,4310.2
2022-07-24 22:29:34,11838.1,4171.05
2022-07-24 22:29:33,10807.4,5201.83
2022-07-24 22:29:32,9408.47,6600.72
2022-07-24 22:29:31,8995.02,7014.17
2022-07-24 22:29:30,8995.25,7013.94
2022-07-24 22:29:29,8994.77,7014.42
2022-07-24 22:29:28,8992.79,7016.39
2022-07-24 22:29:27,8992.88,7016.31
2022-07-24 22:29:26,8993.37,7015.82
2022-07-24 22:29:25,8993.25,7015.93
2022-07-24 22:29:24,8991.91,7017.28
2022-07-24 22:29:23,8992.6,7016.59
2022-07-24 22:29:22,8992.23,7016.96
2022-07-24 22:29:21,8992.45,7016.74
2022-07-24 22:29:20,8991.75,7017.44
2022-07-24 22:29:19,8991.64,7017.54
2022-07-24 22:29:18,8991.57,7017.61
2022-07-24 22:29:17,8992.84,7016.35
2022-07-24 22:29:16,8993.54,7015.65
2022-07-24 22:29:15,8992.31,7016.88
2022-07-24 22:29:14,8992.09,7017.1
2022-07-24 22:29:13,8993.55,7015.64
2022-07-24 22:29:12,8992.56,7016.63
2022-07-24 22:29:11,8995.22,7013.97
2022-07-24 22:29:10,8987.48,7021.71
2022-07-24 22:29:09,9027.94,6981.25
2022-07-24 22:29:08,9041.24,6967.95
2022-07-24 22:29:07,9326.38,6682.81
2022-07-24 22:29:06,9454.49,6554.7
2022-07-24 22:29:05,9717.04,6292.15
2022-07-24 22:29:04,9946.59,6062.6
2022-07-24 22:29:03,10291.5,5717.68
2022-07-24 22:29:02,10800.8,5208.36
2022-07-24 22:29:01,11108.7,4900.52
2022-07-24 22:29:00,11346.3,4662.89
2022-07-24 22:28:59,11508.8,4500.37
2022-07-24 22:28:58,11648.8,4360.39
2022-07-24 22:28:57,11168.5,4840.69
2022-07-24 22:28:56,10790.9,5218.25
2022-07-24 22:28:55,10928.1,5081.09
2022-07-24 22:28:54,9964.06,6045.13
2022-07-24 22:28:53,9345.72,6663.47
2022-07-24 22:28:52,9348.35,6660.84
2022-07-24 22:28:51,9357.95,6651.24
2022-07-24 22:28:50,9368.45,6640.73
2022-07-24 22:28:49,9375.3,6633.88
2022-07-24 22:28:48,9372.95,6636.24
2022-07-24 22:28:47,9394.13,6615.05
2022-07-24 22:28:46,9395.75,6613.44
2022-07-24 22:28:45,9395.68,6613.5
2022-07-24 22:28:44,9400.21,6608.98
2022-07-24 22:28:43,9420.21,6588.98
2022-07-24 22:28:42,9422.61,6586.58
2022-07-24 22:28:41,9433.58,6575.61
2022-07-24 22:28:40,9441.82,6567.36
2022-07-24 22:28:39,9441.93,6567.26
2022-07-24 22:28:38,9480.79,6528.4
2022-07-24 22:28:37,9485.05,6524.14
2022-07-24 22:28:36,9497.2,6511.99
2022-07-24 22:28:35,9545.1,6464.09
2022-07-24 22:28:34,9534.64,6474.55
2022-07-24 22:28:33,9569.01,6440.18
2022-07-24 22:28:32,9609.07,6400.11
2022-07-24 22:28:31,9681.2,6327.99
2022-07-24 22:28:30,9692.71,6316.47
2022-07-24 22:28:29,9901.77,6107.42
2022-07-24 22:28:28,10066.9,5942.32
2022-07-24 22:28:27,10379.7,5629.51
2022-07-24 22:28:26,10619.1,5390.04
2022-07-24 22:28:25,10864,5145.23
2022-07-24 22:28:24,11186.4,4822.81
2022-07-24 22:28:23,11354,4655.17
2022-07-24 22:28:22,11500.2,4508.97
2022-07-24 22:28:21,11652,4357.15
2022-07-24 22:28:20,11824.5,4184.68
2022-07-24 22:28:19,10960.5,5048.72
2022-07-24 22:28:18,10426.3,5582.85
2022-07-24 22:28:17,9309.53,6699.66
2022-07-24 22:28:16,9318.77,6690.41
2022-07-24 22:28:15,9320.73,6688.46
2022-07-24 22:28:14,9326.8,6682.39
2022-07-24 22:28:13,9342.79,6666.4
2022-07-24 22:28:12,9355.34,6653.85
2022-07-24 22:28:11,9365.29,6643.9
2022-07-24 22:28:10,9364.68,6644.51
2022-07-24 22:28:09,9377.76,6631.43
2022-07-24 22:28:08,9390.56,6618.63
2022-07-24 22:28:07,9401.47,6607.72
2022-07-24 22:28:06,9422.28,6586.91
2022-07-24 22:28:05,9443.98,6565.21
2022-07-24 22:28:04,9454.29,6554.9
2022-07-24 22:28:03,9473.37,6535.82
2022-07-24 22:28:02,9491.34,6517.85
2022-07-24 22:28:01,9504.13,6505.06
2022-07-24 22:28:00,9521.62,6487.56
2022-07-24 22:27:59,9549.46,6459.73
2022-07-24 22:27:58,9567.47,6441.72
2022-07-24 22:27:57,9560.86,6448.33
2022-07-24 22:27:56,9603.18,6406
2022-07-24 22:27:55,9609.91,6399.28
2022-07-24 22:27:54,9675.14,6334.05
2022-07-24 22:27:53,9735.63,6273.55
2022-07-24 22:27:52,10074.8,5934.36
2022-07-24 22:27:51,10194.2,5814.95
2022-07-24 22:27:50,10292.4,5716.78
2022-07-24 22:27:49,10748.2,5260.95
2022-07-24 22:27:48,10874.2,5134.98
2022-07-24 22:27:47,11160.9,4848.28
2022-07-24 22:27:46,11385.5,4623.73
2022-07-24 22:27:45,11561.2,4447.94
2022-07-24 22:27:44,11716.1,4293.09
2022-07-24 22:27:43,10837,5172.17
2022-07-24 22:27:42,10964.2,5045
2022-07-24 22:27:41,10429.4,5579.77
2022-07-24 22:27:40,9291.8,6717.39
2022-07-24 22:27:39,9293.98,6715.21
2022-07-24 22:27:38,9295.34,6713.84
2022-07-24 22:27:37,9296.49,6712.7
2022-07-24 22:27:36,9299.37,6709.81
2022-07-24 22:27:35,9301.28,6707.91
2022-07-24 22:27:34,9302.41,6706.78
2022-07-24 22:27:33,9302.92,6706.27
2022-07-24 22:27:32,9315.42,6693.77
2022-07-24 22:27:31,9317.28,6691.91
2022-07-24 22:27:30,9318.03,6691.16
2022-07-24 22:27:29,9318.01,6691.18
2022-07-24 22:27:28,9332.24,6676.95
2022-07-24 22:27:27,9333.26,6675.93
2022-07-24 22:27:26,9335.87,6673.32
2022-07-24 22:27:25,9350.14,6659.04
2022-07-24 22:27:24,9366.09,6643.1
2022-07-24 22:27:23,9365.17,6644.02
2022-07-24 22:27:22,9386.56,6622.63
2022-07-24 22:27:21,9413.14,6596.05
2022-07-24 22:27:20,9457.8,6551.39
2022-07-24 22:27:19,9480.82,6528.36
2022-07-24 22:27:18,9496.93,6512.26
2022-07-24 22:27:17,9602.42,6406.77
2022-07-24 22:27:16,9666.54,6342.64
2022-07-24 22:27:15,9839.64,6169.54
2022-07-24 22:27:14,10052.1,5957.14
2022-07-24 22:27:13,10464.5,5544.73
2022-07-24 22:27:12,10575.8,5433.41
2022-07-24 22:27:11,10688.4,5320.77
2022-07-24 22:27:10,11140.5,4868.65
2022-07-24 22:27:09,11379.9,4629.29
2022-07-24 22:27:08,11543.7,4465.49
2022-07-24 22:27:07,11697.8,4311.39
2022-07-24 22:27:06,10783.6,5225.61
2022-07-24 22:27:05,10914.3,5094.93
2022-07-24 22:27:04,11027.9,4981.25
2022-07-24 22:27:03,9416.35,6592.84
2022-07-24 22:27:02,9420.29,6588.9
2022-07-24 22:27:01,9421.58,6587.61
2022-07-24 22:27:00,9422.8,6586.39
2022-07-24 22:26:59,9424.19,6585
2022-07-24 22:26:58,9431.06,6578.13
2022-07-24 22:26:57,9432.02,6577.16
2022-07-24 22:26:56,9434.84,6574.35
2022-07-24 22:26:55,9434.66,6574.53
2022-07-24 22:26:54,9453.85,6555.34
2022-07-24 22:26:53,9457.32,6551.86
2022-07-24 22:26:52,9464.33,6544.86
2022-07-24 22:26:51,9479.18,6530
2022-07-24 22:26:50,9480.33,6528.86
2022-07-24 22:26:49,9484.04,6525.15
2022-07-24 22:26:48,9495.43,6513.75
2022-07-24 22:26:47,9526.49,6482.7
2022-07-24 22:26:46,9550.41,6458.78
2022-07-24 22:26:45,9581.6,6427.59
2022-07-24 22:26:44,9606.7,6402.49
2022-07-24 22:26:43,9631.95,6377.24
2022-07-24 22:26:42,9683.7,6325.48
2022-07-24 22:26:41,9716.99,6292.2
2022-07-24 22:26:40,9781.63,6227.55
2022-07-24 22:26:39,9877.77,6131.41
2022-07-24 22:26:38,10015.4,5993.81
2022-07-24 22:26:37,10301.4,5707.75
2022-07-24 22:26:36,10462.3,5546.87
2022-07-24 22:26:35,10878.8,5130.39
2022-07-24 22:26:34,11042.1,4967.07
2022-07-24 22:26:33,11160.1,4849.1
2022-07-24 22:26:32,11259.3,4749.86
2022-07-24 22:26:31,11388.2,4620.95
2022-07-24 22:26:30,11644.5,4364.68
2022-07-24 22:26:29,11825,4184.18
2022-07-24 22:26:28,10464.9,5544.25
2022-07-24 22:26:27,9987.29,6021.89
2022-07-24 22:26:26,10039.6,5969.58
2022-07-24 22:26:25,10077.1,5932.12
2022-07-24 22:26:24,9566.9,6442.29
2022-07-24 22:26:23,9581.55,6427.64
2022-07-24 22:26:22,9589.83,6419.36
2022-07-24 22:26:21,9593.44,6415.74
2022-07-24 22:26:20,9602.05,6407.14
2022-07-24 22:26:19,9604.03,6405.16
2022-07-24 22:26:18,9613.98,6395.21
2022-07-24 22:26:17,9618.97,6390.22
2022-07-24 22:26:16,9635.29,6373.89
2022-07-24 22:26:15,9651.75,6357.44
2022-07-24 22:26:14,9653.84,6355.35
2022-07-24 22:26:13,9688.43,6320.76
2022-07-24 22:26:12,9717.32,6291.86
2022-07-24 22:26:11,9724.14,6285.05
2022-07-24 22:26:10,9761.89,6247.3
2022-07-24 22:26:09,9779.78,6229.41
2022-07-24 22:26:08,9802.19,6207
2022-07-24 22:26:07,9830.37,6178.82
2022-07-24 22:26:06,9835.83,6173.36
2022-07-24 22:26:05,9876.73,6132.46
2022-07-24 22:26:04,9928.39,6080.8
2022-07-24 22:26:03,9936.46,6072.72
2022-07-24 22:26:02,10088.9,5920.34
2022-07-24 22:26:01,10127.5,5881.73
2022-07-24 22:26:00,10333.3,5675.88
2022-07-24 22:25:59,10777.3,5231.85
2022-07-24 22:25:58,10952.8,5056.42
2022-07-24 22:25:57,11060.3,4948.85
2022-07-24 22:25:56,11156.5,4852.65
2022-07-24 22:25:55,11222.8,4786.34
2022-07-24 22:25:54,11376.7,4632.44
2022-07-24 22:25:53,11628.2,4381.03
2022-07-24 22:25:52,11855,4154.22
2022-07-24 22:25:51,9662.13,6347.06
2022-07-24 22:25:50,9677.48,6331.7
2022-07-24 22:25:49,9728.36,6280.82
2022-07-24 22:25:48,9781.18,6228.01
2022-07-24 22:25:47,9290.36,6718.83
2022-07-24 22:25:46,9290.51,6718.68
2022-07-24 22:25:45,9295.52,6713.67
2022-07-24 22:25:44,9297.03,6712.16
2022-07-24 22:25:43,9298.33,6710.86
2022-07-24 22:25:42,9301.95,6707.23
2022-07-24 22:25:41,9302.96,6706.22
2022-07-24 22:25:40,9303.76,6705.43
2022-07-24 22:25:39,9302.72,6706.47
2022-07-24 22:25:38,9303.57,6705.61
2022-07-24 22:25:37,9304,6705.18
2022-07-24 22:25:36,9305.15,6704.04
2022-07-24 22:25:35,9305.16,6704.02
2022-07-24 22:25:34,9322.12,6687.07
2022-07-24 22:25:33,9322.05,6687.14
2022-07-24 22:25:32,9323.03,6686.16
2022-07-24 22:25:31,9350.22,6658.97
2022-07-24 22:25:30,9366.44,6642.75
2022-07-24 22:25:29,9371.05,6638.13
2022-07-24 22:25:28,9407.17,6602.02
2022-07-24 22:25:27,9443.48,6565.71
2022-07-24 22:25:26,9445.89,6563.3
2022-07-24 22:25:25,9673.93,6335.26
2022-07-24 22:25:24,9725.88,6283.31
2022-07-24 22:25:23,9891.52,6117.66
2022-07-24 22:25:22,10290.4,5718.83
2022-07-24 22:25:21,10766,5243.22
2022-07-24 22:25:20,10959.1,5050.1
2022-07-24 22:25:19,11100.9,4908.3
2022-07-24 22:25:18,11206.5,4802.66
2022-07-24 22:25:17,11409,4600.16
2022-07-24 22:25:16,11588.8,4420.36
2022-07-24 22:25:15,11739.7,4269.48
2022-07-24 22:25:14,11403.5,4605.73
2022-07-24 22:25:13,10868.1,5141.04
2022-07-24 22:25:12,9776.95,6232.24
2022-07-24 22:25:11,9777.21,6231.98
2022-07-24 22:25:10,9276.65,6732.54
2022-07-24 22:25:09,9278.98,6730.21
2022-07-24 22:25:08,9281.33,6727.86
2022-07-24 22:25:07,9282.27,6726.92
2022-07-24 22:25:06,9284.92,6724.27
2022-07-24 22:25:05,9284.48,6724.7
2022-07-24 22:25:04,9286.09,6723.1
2022-07-24 22:25:03,9295.91,6713.28
2022-07-24 22:25:02,9307.44,6701.75
2022-07-24 22:25:01,9309.57,6699.61
2022-07-24 22:25:00,9310.5,6698.69
2022-07-24 22:24:59,9328.41,6680.78
2022-07-24 22:24:58,9352.71,6656.48
2022-07-24 22:24:57,9354.1,6655.09
2022-07-24 22:24:56,9373.82,6635.37
2022-07-24 22:24:55,9407.49,6601.7
2022-07-24 22:24:54,9423.66,6585.52
2022-07-24 22:24:53,9446.14,6563.05
2022-07-24 22:24:52,9484.65,6524.54
2022-07-24 22:24:51,9495.68,6513.51
2022-07-24 22:24:50,9542.55,6466.64
2022-07-24 22:24:49,9595.4,6413.79
2022-07-24 22:24:48,9653.84,6355.34
2022-07-24 22:24:47,9864.74,6144.45
2022-07-24 22:24:46,9993.68,6015.51
2022-07-24 22:24:45,10261.7,5747.5
2022-07-24 22:24:44,10537.2,5471.98
2022-07-24 22:24:43,10931.3,5077.93
2022-07-24 22:24:42,11056.9,4952.33
2022-07-24 22:24:41,11214.3,4794.93
2022-07-24 22:24:40,11377.1,4632.07
2022-07-24 22:24:39,11622,4387.14
2022-07-24 22:24:38,11761.5,4247.68
2022-07-24 22:24:37,10898.4,5110.8
2022-07-24 22:24:36,9823.95,6185.23
2022-07-24 22:24:35,9870.96,6138.23
2022-07-24 22:24:34,9910.58,6098.61
2022-07-24 22:24:33,9280.32,6728.86
2022-07-24 22:24:32,9282.01,6727.18
2022-07-24 22:24:31,9284.09,6725.1
2022-07-24 22:24:30,9294.17,6715.02
2022-07-24 22:24:29,9294.94,6714.25
2022-07-24 22:24:28,9296.16,6713.03
2022-07-24 22:24:27,9309.36,6699.82
2022-07-24 22:24:26,9309.53,6699.66
2022-07-24 22:24:25,9311.3,6697.89
2022-07-24 22:24:24,9319.99,6689.2
2022-07-24 22:24:23,9334.08,6675.11
2022-07-24 22:24:22,9337.16,6672.03
2022-07-24 22:24:21,9341.07,6668.12
2022-07-24 22:24:20,9361.7,6647.49
2022-07-24 22:24:19,9364.93,6644.26
2022-07-24 22:24:18,9389.74,6619.45
2022-07-24 22:24:17,9406.49,6602.7
2022-07-24 22:24:16,9415.7,6593.49
2022-07-24 22:24:15,9429.64,6579.54
2022-07-24 22:24:14,9470.03,6539.16
2022-07-24 22:24:13,9471.99,6537.2
2022-07-24 22:24:12,9545.6,6463.59
2022-07-24 22:24:11,9624.12,6385.07
2022-07-24 22:24:10,9800.05,6209.14
2022-07-24 22:24:09,9929.15,6080.04
2022-07-24 22:24:08,10049.1,5960.1
2022-07-24 22:24:07,10644.2,5364.98
2022-07-24 22:24:06,10794.3,5214.86
2022-07-24 22:24:05,10922.3,5086.89
2022-07-24 22:24:04,11287.6,4721.63
2022-07-24 22:24:03,11410,4599.16
2022-07-24 22:24:02,11576.3,4432.88
2022-07-24 22:24:01,11742,4267.14
2022-07-24 22:24:00,11286.7,4722.53
2022-07-24 22:23:59,9643.28,6365.91
2022-07-24 22:23:58,9681.55,6327.63
2022-07-24 22:23:57,9622.95,6386.24
2022-07-24 22:23:56,9176.61,6832.58
2022-07-24 22:23:55,9176.38,6832.8
2022-07-24 22:23:54,9177.21,6831.98
2022-07-24 22:23:53,9180.3,6828.89
2022-07-24 22:23:52,9201.27,6807.91
2022-07-24 22:23:51,9201.59,6807.59
2022-07-24 22:23:50,9203.73,6805.46
2022-07-24 22:23:49,9209.13,6800.06
2022-07-24 22:23:48,9222.2,6786.98
2022-07-24 22:23:47,9224.18,6785
2022-07-24 22:23:46,9224.28,6784.91
2022-07-24 22:23:45,9251.52,6757.67
2022-07-24 22:23:44,9251.94,6757.25
2022-07-24 22:23:43,9254.37,6754.82
2022-07-24 22:23:42,9272.54,6736.64
2022-07-24 22:23:41,9286.21,6722.98
2022-07-24 22:23:40,9281.86,6727.33
2022-07-24 22:23:39,9306.33,6702.86
2022-07-24 22:23:38,9322.54,6686.65
2022-07-24 22:23:37,9318.72,6690.47
2022-07-24 22:23:36,9333.47,6675.72
2022-07-24 22:23:35,9439.72,6569.47
2022-07-24 22:23:34,9505.64,6503.55
2022-07-24 22:23:33,9773.04,6236.14
2022-07-24 22:23:32,10282.1,5727.11
2022-07-24 22:23:31,10560.7,5448.49
2022-07-24 22:23:30,10708.7,5300.5
2022-07-24 22:23:29,10848.8,5160.43
2022-07-24 22:23:28,11079.3,4929.86
2022-07-24 22:23:27,11193.5,4815.7
2022-07-24 22:23:26,11286.1,4723.14
2022-07-24 22:23:25,11575.4,4433.74
2022-07-24 22:23:24,11735.6,4273.57
2022-07-24 22:23:23,11396.7,4612.5
2022-07-24 22:23:22,10362,5647.15
2022-07-24 22:23:21,9797.5,6211.68
2022-07-24 22:23:20,9831.74,6177.45
2022-07-24 22:23:19,9310.84,6698.35
2022-07-24 22:23:18,9312.3,6696.88
2022-07-24 22:23:17,9323.27,6685.92
2022-07-24 22:23:16,9320.74,6688.45
2022-07-24 22:23:15,9325.95,6683.23
2022-07-24 22:23:14,9337.39,6671.8
2022-07-24 22:23:13,9340.48,6668.71
2022-07-24 22:23:12,9348.62,6660.57
2022-07-24 22:23:11,9348.99,6660.2
2022-07-24 22:23:10,9362.68,6646.51
2022-07-24 22:23:09,9364.29,6644.89
2022-07-24 22:23:08,9378.08,6631.11
2022-07-24 22:23:07,9394.6,6614.59
2022-07-24 22:23:06,9428.72,6580.47
2022-07-24 22:23:05,9457.14,6552.05
2022-07-24 22:23:04,9456.27,6552.92
2022-07-24 22:23:03,9491.09,6518.1
2022-07-24 22:23:02,9499.98,6509.21
2022-07-24 22:23:01,9504.04,6505.15
2022-07-24 22:23:00,9547.93,6461.26
2022-07-24 22:22:59,9568.85,6440.34
2022-07-24 22:22:58,9573.04,6436.14
2022-07-24 22:22:57,9680.81,6328.38
2022-07-24 22:22:56,9744.96,6264.22
2022-07-24 22:22:55,9915.61,6093.58
2022-07-24 22:22:54,10267.9,5741.28
2022-07-24 22:22:53,10629.3,5379.86
2022-07-24 22:22:52,10945.5,5063.68
2022-07-24 22:22:51,11084.1,4925.06
2022-07-24 22:22:50,11309.2,4699.98
2022-07-24 22:22:49,11454.5,4554.66
2022-07-24 22:22:48,11567.4,4441.75
2022-07-24 22:22:47,11744.2,4265.03
2022-07-24 22:22:46,11898.8,4110.41
2022-07-24 22:22:45,10427.3,5581.87
2022-07-24 22:22:44,9848.12,6161.07
2022-07-24 22:22:43,9435.9,6573.29
2022-07-24 22:22:42,9444.22,6564.97
2022-07-24 22:22:41,9446.59,6562.59
2022-07-24 22:22:40,9446.82,6562.37
2022-07-24 22:22:39,9462.11,6547.07
2022-07-24 22:22:38,9463.11,6546.08
2022-07-24 22:22:37,9465.29,6543.9
2022-07-24 22:22:36,9478.54,6530.65
2022-07-24 22:22:35,9478.16,6531.03
2022-07-24 22:22:34,9481.23,6527.96
2022-07-24 22:22:33,9499.34,6509.84
2022-07-24 22:22:32,9501.02,6508.17
2022-07-24 22:22:31,9503.16,6506.03
2022-07-24 22:22:30,9516.36,6492.83
2022-07-24 22:22:29,9547.48,6461.71
2022-07-24 22:22:28,9549.81,6459.38
2022-07-24 22:22:27,9571.56,6437.63
2022-07-24 22:22:26,9597.82,6411.36
2022-07-24 22:22:25,9601.9,6407.29
2022-07-24 22:22:24,9613.25,6395.93
2022-07-24 22:22:23,9646.21,6362.97
2022-07-24 22:22:22,9648.83,6360.36
2022-07-24 22:22:21,9696.7,6312.49
2022-07-24 22:22:20,9783.39,6225.8
2022-07-24 22:22:19,9860.24,6148.94
2022-07-24 22:22:18,10176,5833.19
2022-07-24 22:22:17,10483.8,5525.37
2022-07-24 22:22:16,10576.6,5432.55
2022-07-24 22:22:15,10867.8,5141.37
2022-07-24 22:22:14,11171.7,4837.48
2022-07-24 22:22:13,11347.3,4661.84
2022-07-24 22:22:12,11449.8,4559.41
2022-07-24 22:22:11,11591.3,4417.84
2022-07-24 22:22:10,11733.3,4275.89
2022-07-24 22:22:09,11367.3,4641.91
2022-07-24 22:22:08,10910.1,5099.07
2022-07-24 22:22:07,9686.2,6322.99
2022-07-24 22:22:06,9385.17,6624.02
2022-07-24 22:22:05,9387.77,6621.42
2022-07-24 22:22:04,9391,6618.19
2022-07-24 22:22:03,9391.87,6617.32
2022-07-24 22:22:02,9392.36,6616.82
2022-07-24 22:22:01,9396.73,6612.46
2022-07-24 22:22:00,9398.5,6610.69
2022-07-24 22:21:59,9399.82,6609.37
2022-07-24 22:21:58,9400.8,6608.39
2022-07-24 22:21:57,9405.35,6603.84
2022-07-24 22:21:56,9408.43,6600.76
2022-07-24 22:21:55,9409.96,6599.22
2022-07-24 22:21:54,9433.37,6575.81
2022-07-24 22:21:53,9449.66,6559.53
2022-07-24 22:21:52,9453.55,6555.64
2022-07-24 22:21:51,9451.21,6557.98
2022-07-24 22:21:50,9537.71,6471.48
2022-07-24 22:21:49,9536.02,6473.17
2022-07-24 22:21:48,9556.09,6453.1
2022-07-24 22:21:47,9613.88,6395.3
2022-07-24 22:21:46,9652.45,6356.73
2022-07-24 22:21:45,9666.13,6343.06
2022-07-24 22:21:44,9717.07,6292.12
2022-07-24 22:21:43,9842.17,6167.02
2022-07-24 22:21:42,9924.41,6084.78
2022-07-24 22:21:41,10155.9,5853.32
2022-07-24 22:21:40,10582.1,5427.1
2022-07-24 22:21:39,10718.8,5290.4
2022-07-24 22:21:38,10945.8,5063.4
2022-07-24 22:21:37,11104.5,4904.66
2022-07-24 22:21:36,11232.4,4776.79
2022-07-24 22:21:35,11462.5,4546.7
2022-07-24 22:21:34,11635.4,4373.79
2022-07-24 22:21:33,11795.8,4213.36
2022-07-24 22:21:32,10880.9,5128.27
2022-07-24 22:21:31,10362,5647.23
2022-07-24 22:21:30,9804.93,6204.26
2022-07-24 22:21:29,9305.25,6703.93
2022-07-24 22:21:28,9307.99,6701.2
2022-07-24 22:21:27,9309.51,6699.68
2022-07-24 22:21:26,9311.05,6698.13
2022-07-24 22:21:25,9313.27,6695.92
2022-07-24 22:21:24,9312.95,6696.24
2022-07-24 22:21:23,9316.58,6692.61
2022-07-24 22:21:22,9316.91,6692.28
2022-07-24 22:21:21,9318.17,6691.02
2022-07-24 22:21:20,9316.97,6692.21
2022-07-24 22:21:19,9319.1,6690.09
2022-07-24 22:21:18,9321.37,6687.82
2022-07-24 22:21:17,9320.88,6688.3
2022-07-24 22:21:16,9329.01,6680.18
2022-07-24 22:21:15,9330.46,6678.73
2022-07-24 22:21:14,9332.82,6676.36
2022-07-24 22:21:13,9379.39,6629.79
2022-07-24 22:21:12,9397.68,6611.5
2022-07-24 22:21:11,9398.91,6610.28
2022-07-24 22:21:10,9453.58,6555.61
2022-07-24 22:21:09,9502.67,6506.52
2022-07-24 22:21:08,9507.34,6501.85
2022-07-24 22:21:07,9561.58,6447.61
2022-07-24 22:21:06,9708.04,6301.15
2022-07-24 22:21:05,9860.93,6148.25
2022-07-24 22:21:04,10040.4,5968.83
2022-07-24 22:21:03,10428.6,5580.57
2022-07-24 22:21:02,10548,5461.22
2022-07-24 22:21:01,10883.1,5126.07
2022-07-24 22:21:00,11056.4,4952.74
2022-07-24 22:20:59,11224.3,4784.85
2022-07-24 22:20:58,11473.9,4535.27
2022-07-24 22:20:57,11645.1,4364.07
2022-07-24 22:20:56,11308.6,4700.55
2022-07-24 22:20:55,11422.4,4586.83
2022-07-24 22:20:54,10493.2,5516.03
2022-07-24 22:20:53,10023.1,5986.12
2022-07-24 22:20:52,9510.82,6498.36
2022-07-24 22:20:51,9511.06,6498.13
2022-07-24 22:20:50,9514.47,6494.72
2022-07-24 22:20:49,9518.58,6490.61
2022-07-24 22:20:48,9521.19,6488
2022-07-24 22:20:47,9522.74,6486.45
2022-07-24 22:20:46,9525.09,6484.1
2022-07-24 22:20:45,9533.83,6475.36
2022-07-24 22:20:44,9535.19,6474
2022-07-24 22:20:43,9537.54,6471.64
2022-07-24 22:20:42,9560.03,6449.16
2022-07-24 22:20:41,9573.77,6435.42
2022-07-24 22:20:40,9575.2,6433.99
2022-07-24 22:20:39,9589.99,6419.2
2022-07-24 22:20:38,9621.91,6387.28
2022-07-24 22:20:37,9657.76,6351.43
2022-07-24 22:20:36,9660.28,6348.91
2022-07-24 22:20:35,9683.32,6325.87
2022-07-24 22:20:34,9728.92,6280.27
2022-07-24 22:20:33,9725.66,6283.53
2022-07-24 22:20:32,9773.61,6235.57
2022-07-24 22:20:31,9828.41,6180.77
2022-07-24 22:20:30,9864.23,6144.95
2022-07-24 22:20:29,10012.1,5997.06
2022-07-24 22:20:28,10114.1,5895.12
2022-07-24 22:20:27,10299.3,5709.86
2022-07-24 22:20:26,10519.1,5490.08
2022-07-24 22:20:25,10808.4,5200.82
2022-07-24 22:20:24,11069.9,4939.34
2022-07-24 22:20:23,11141.5,4867.73
2022-07-24 22:20:22,11373.9,4635.33
2022-07-24 22:20:21,11503.7,4505.45
2022-07-24 22:20:20,11665.1,4344.05
2022-07-24 22:20:19,11821.4,4187.76
2022-07-24 22:20:18,10964.6,5044.63
2022-07-24 22:20:17,9806.93,6202.26
2022-07-24 22:20:16,9310.73,6698.45
2022-07-24 22:20:15,9313.68,6695.51
2022-07-24 22:20:14,9322.1,6687.09
2022-07-24 22:20:13,9323.71,6685.47
2022-07-24 22:20:12,9326.76,6682.43
2022-07-24 22:20:11,9340.75,6668.44
2022-07-24 22:20:10,9340.3,6668.88
2022-07-24 22:20:09,9353.24,6655.95
2022-07-24 22:20:08,9361.82,6647.36
2022-07-24 22:20:07,9367.88,6641.3
2022-07-24 22:20:06,9369.07,6640.12
2022-07-24 22:20:05,9383.72,6625.46
2022-07-24 22:20:04,9408.18,6601
2022-07-24 22:20:03,9409.06,6600.13
2022-07-24 22:20:02,9428.19,6581
2022-07-24 22:20:01,9456.18,6553.01
2022-07-24 22:20:00,9459.43,6549.75
2022-07-24 22:19:59,9481.59,6527.59
2022-07-24 22:19:58,9498.21,6510.98
2022-07-24 22:19:57,9516.41,6492.78
2022-07-24 22:19:56,9530.3,6478.89
2022-07-24 22:19:55,9532.14,6477.05
2022-07-24 22:19:54,9580.76,6428.43
2022-07-24 22:19:53,9587.37,6421.82
2022-07-24 22:19:52,9786.46,6222.73
2022-07-24 22:19:51,9789.91,6219.28
2022-07-24 22:19:50,9980.93,6028.26
2022-07-24 22:19:49,10552.2,5456.97
2022-07-24 22:19:48,10880.9,5128.29
2022-07-24 22:19:47,11064.5,4944.64
2022-07-24 22:19:46,11140.9,4868.24
2022-07-24 22:19:45,11300.4,4708.78
2022-07-24 22:19:44,11479.1,4530.07
2022-07-24 22:19:43,11645.1,4364.1
2022-07-24 22:19:42,11816.4,4192.81
2022-07-24 22:19:41,11360.5,4648.68
2022-07-24 22:19:40,9680.78,6328.4
2022-07-24 22:19:39,9063.28,6945.91
2022-07-24 22:19:38,9063.85,6945.34
2022-07-24 22:19:37,9068.2,6940.99
2022-07-24 22:19:36,9069.07,6940.11
2022-07-24 22:19:35,9068.56,6940.63
2022-07-24 22:19:34,9074.32,6934.87
2022-07-24 22:19:33,9074.04,6935.15
2022-07-24 22:19:32,9075.44,6933.75
2022-07-24 22:19:31,9076.75,6932.43
2022-07-24 22:19:30,9082.91,6926.27
2022-07-24 22:19:29,9084.05,6925.14
2022-07-24 22:19:28,9083.36,6925.83
2022-07-24 22:19:27,9095.31,6913.88
2022-07-24 22:19:26,9096.36,6912.82
2022-07-24 22:19:25,9097.7,6911.48
2022-07-24 22:19:24,9111.28,6897.9
2022-07-24 22:19:23,9111.74,6897.45
2022-07-24 22:19:22,9112.39,6896.8
2022-07-24 22:19:21,9128.13,6881.05
2022-07-24 22:19:20,9129.14,6880.05
2022-07-24 22:19:19,9131.51,6877.68
2022-07-24 22:19:18,9147.82,6861.37
2022-07-24 22:19:17,9151.64,6857.55
2022-07-24 22:19:16,9203.6,6805.58
2022-07-24 22:19:15,9265.01,6744.18
2022-07-24 22:19:14,9416.41,6592.78
2022-07-24 22:19:13,9698.9,6310.29
2022-07-24 22:19:12,9960.63,6048.55
2022-07-24 22:19:11,10560.9,5448.31
2022-07-24 22:19:10,10714.8,5294.39
2022-07-24 22:19:09,11132,4877.14
2022-07-24 22:19:08,11273,4736.18
2022-07-24 22:19:07,11426.4,4582.77
2022-07-24 22:19:06,11565.9,4443.3
2022-07-24 22:19:05,11739.3,4269.9
2022-07-24 22:19:04,11283.3,4725.91
2022-07-24 22:19:03,10724.1,5285.05
2022-07-24 22:19:02,9890.98,6118.21
2022-07-24 22:19:01,9395.65,6613.54
2022-07-24 22:19:00,9397.53,6611.66
2022-07-24 22:18:59,9402.06,6607.13
2022-07-24 22:18:58,9403.59,6605.6
2022-07-24 22:18:57,9407.91,6601.28
2022-07-24 22:18:56,9413.62,6595.57
2022-07-24 22:18:55,9413.95,6595.23
2022-07-24 22:18:54,9416.88,6592.3
2022-07-24 22:18:53,9428.14,6581.04
2022-07-24 22:18:52,9447.51,6561.68
2022-07-24 22:18:51,9447.57,6561.62
2022-07-24 22:18:50,9463.21,6545.98
2022-07-24 22:18:49,9470.48,6538.7
2022-07-24 22:18:48,9482.68,6526.51
2022-07-24 22:18:47,9500.22,6508.97
2022-07-24 22:18:46,9511.82,6497.37
2022-07-24 22:18:45,9554.62,6454.57
2022-07-24 22:18:44,9570.82,6438.37
2022-07-24 22:18:43,9601.46,6407.73
2022-07-24 22:18:42,9627.43,6381.75
2022-07-24 22:18:41,9650.57,6358.62
2022-07-24 22:18:40,9718.75,6290.44
2022-07-24 22:18:39,9780.76,6228.43
2022-07-24 22:18:38,9813.66,6195.53
2022-07-24 22:18:37,10198.8,5810.34
2022-07-24 22:18:36,10279.4,5729.79
2022-07-24 22:18:35,10549.8,5459.34
2022-07-24 22:18:34,10816.2,5192.94
2022-07-24 22:18:33,10930.1,5079.05
2022-07-24 22:18:32,11136.3,4872.91
2022-07-24 22:18:31,11400,4609.21
2022-07-24 22:18:30,11500.3,4508.93
2022-07-24 22:18:29,11655.4,4353.79
2022-07-24 22:18:28,11244.9,4764.33
2022-07-24 22:18:27,11414.7,4594.5
2022-07-24 22:18:26,10546.2,5463.01
2022-07-24 22:18:25,9858.23,6150.95
2022-07-24 22:18:24,9564.63,6444.55
2022-07-24 22:18:23,9577.47,6431.72
2022-07-24 22:18:22,9582.06,6427.13
2022-07-24 22:18:21,9584.65,6424.54
2022-07-24 22:18:20,9606.51,6402.68
2022-07-24 22:18:19,9607.04,6402.14
2022-07-24 22:18:18,9610.61,6398.58
2022-07-24 22:18:17,9628.39,6380.79
2022-07-24 22:18:16,9638.24,6370.95
2022-07-24 22:18:15,9651.43,6357.76
2022-07-24 22:18:14,9679.87,6329.31
2022-07-24 22:18:13,9696.8,6312.39
2022-07-24 22:18:12,9699.34,6309.85
2022-07-24 22:18:11,9740.17,6269.02
2022-07-24 22:18:10,9765.69,6243.5
2022-07-24 22:18:09,9768.76,6240.43
2022-07-24 22:18:08,9807.81,6201.38
2022-07-24 22:18:07,9842.85,6166.34
2022-07-24 22:18:06,9845.06,6164.13
2022-07-24 22:18:05,9910.25,6098.94
2022-07-24 22:18:04,9929.01,6080.18
2022-07-24 22:18:03,9987.61,6021.58
2022-07-24 22:18:02,10018.2,5990.94
2022-07-24 22:18:01,10189.9,5819.26
2022-07-24 22:18:00,10317.7,5691.46
2022-07-24 22:17:59,10399.8,5609.4
2022-07-24 22:17:58,10596.5,5412.68
2022-07-24 22:17:57,10854.8,5154.39
2022-07-24 22:17:56,11059.8,4949.36
2022-07-24 22:17:55,11181.9,4827.31
2022-07-24 22:17:54,11404.9,4604.28
2022-07-24 22:17:53,11551.6,4457.64
2022-07-24 22:17:52,11671,4338.18
2022-07-24 22:17:51,11325.9,4683.32
2022-07-24 22:17:50,10957.2,5051.97
2022-07-24 22:17:49,9898.8,6110.39
2022-07-24 22:17:48,9412.51,6596.68
2022-07-24 22:17:47,9414.73,6594.46
2022-07-24 22:17:46,9416.97,6592.22
2022-07-24 22:17:45,9418.47,6590.71
2022-07-24 22:17:44,9427.71,6581.47
2022-07-24 22:17:43,9429.66,6579.53
2022-07-24 22:17:42,9440.66,6568.53
2022-07-24 22:17:41,9449.76,6559.43
2022-07-24 22:17:40,9452.59,6556.6
2022-07-24 22:17:39,9453.54,6555.65
2022-07-24 22:17:38,9477.45,6531.74
2022-07-24 22:17:37,9478.85,6530.34
2022-07-24 22:17:36,9482.74,6526.45
2022-07-24 22:17:35,9514.09,6495.1
2022-07-24 22:17:34,9526.68,6482.51
2022-07-24 22:17:33,9550.41,6458.78
2022-07-24 22:17:32,9578.33,6430.85
2022-07-24 22:17:31,9606.57,6402.61
2022-07-24 22:17:30,9610.91,6398.28
2022-07-24 22:17:29,9644.49,6364.7
2022-07-24 22:17:28,9673.96,6335.22
2022-07-24 22:17:27,9720.36,6288.83
2022-07-24 22:17:26,9742.5,6266.69
2022-07-24 22:17:25,9794.96,6214.23
2022-07-24 22:17:24,9913.27,6095.92
2022-07-24 22:17:23,10078.6,5930.54
2022-07-24 22:17:22,10189.6,5819.55
2022-07-24 22:17:21,10619.2,5390
2022-07-24 22:17:20,10922.3,5086.93
2022-07-24 22:17:19,11065.3,4943.87
2022-07-24 22:17:18,11233.6,4775.56
2022-07-24 22:17:17,11441.1,4568.04
2022-07-24 22:17:16,11561.7,4447.46
2022-07-24 22:17:15,11707.3,4301.86
2022-07-24 22:17:14,11315.4,4693.76
2022-07-24 22:17:13,10969.5,5039.73
2022-07-24 22:17:12,9803.5,6205.69
2022-07-24 22:17:11,9181.54,6827.65
2022-07-24 22:17:10,9181.85,6827.33
2022-07-24 22:17:09,9186.78,6822.41
2022-07-24 22:17:08,9186.4,6822.79
2022-07-24 22:17:07,9186.91,6822.27
2022-07-24 22:17:06,9192.98,6816.21
2022-07-24 22:17:05,9202.73,6806.46
2022-07-24 22:17:04,9205.87,6803.32
2022-07-24 22:17:03,9214.41,6794.78
2022-07-24 22:17:02,9241.13,6768.05
2022-07-24 22:17:01,9242.36,6766.83
2022-07-24 22:17:00,9243.28,6765.91
2022-07-24 22:16:59,9266.36,6742.83
2022-07-24 22:16:58,9280.64,6728.54
2022-07-24 22:16:57,9267.85,6741.34
2022-07-24 22:16:56,9291.56,6717.63
2022-07-24 22:16:55,9307.69,6701.5
2022-07-24 22:16:54,9309.97,6699.22
2022-07-24 22:16:53,9340.13,6669.05
2022-07-24 22:16:52,9341.72,6667.47
2022-07-24 22:16:51,9344.17,6665.02
2022-07-24 22:16:50,9380.38,6628.81
2022-07-24 22:16:49,9383.08,6626.11
2022-07-24 22:16:48,9450,6559.19
2022-07-24 22:16:47,9533.43,6475.76
2022-07-24 22:16:46,9744.85,6264.34
2022-07-24 22:16:45,9940.95,6068.24
2022-07-24 22:16:44,10285.2,5724.02
2022-07-24 22:16:43,10694.2,5314.95
2022-07-24 22:16:42,10840.4,5168.83
2022-07-24 22:16:41,11198.1,4811.07
2022-07-24 22:16:40,11380.5,4628.68
2022-07-24 22:16:39,11555.6,4453.57
2022-07-24 22:16:38,11701.1,4308.09
2022-07-24 22:16:37,11360.3,4648.84
2022-07-24 22:16:36,10733.3,5275.92
2022-07-24 22:16:35,10032.9,5976.29
2022-07-24 22:16:34,9413.75,6595.44
2022-07-24 22:16:33,9417.73,6591.46
2022-07-24 22:16:32,9418.97,6590.22
2022-07-24 22:16:31,9420.91,6588.28
2022-07-24 22:16:30,9422.83,6586.36
2022-07-24 22:16:29,9424.92,6584.27
2022-07-24 22:16:28,9429.32,6579.87
2022-07-24 22:16:27,9428.68,6580.5
2022-07-24 22:16:26,9430.6,6578.59
2022-07-24 22:16:25,9442.39,6566.8
2022-07-24 22:16:24,9444.01,6565.18
2022-07-24 22:16:23,9458.01,6551.18
2022-07-24 22:16:22,9487.14,6522.05
2022-07-24 22:16:21,9505.53,6503.66
2022-07-24 22:16:20,9507.24,6501.95
2022-07-24 22:16:19,9553.55,6455.63
2022-07-24 22:16:18,9574.6,6434.59
2022-07-24 22:16:17,9576,6433.18
2022-07-24 22:16:16,9618.94,6390.25
2022-07-24 22:16:15,9639.68,6369.5
2022-07-24 22:16:14,9690.96,6318.22
2022-07-24 22:16:13,9726.12,6283.07
2022-07-24 22:16:12,9758.3,6250.88
2022-07-24 22:16:11,9774.84,6234.35
2022-07-24 22:16:10,10002.8,6006.41
2022-07-24 22:16:09,10133.3,5875.89
2022-07-24 22:16:08,10308.2,5700.95
2022-07-24 22:16:07,10406.5,5602.67
2022-07-24 22:16:06,10751.4,5257.77
2022-07-24 22:16:05,11015.8,4993.34
2022-07-24 22:16:04,11173.8,4835.41
2022-07-24 22:16:03,11306.2,4702.97
2022-07-24 22:16:02,10907.5,5101.71
2022-07-24 22:16:01,11065.8,4943.39
2022-07-24 22:16:00,11190,4819.21
2022-07-24 22:15:59,10667.2,5341.97
2022-07-24 22:15:58,10235.2,5774
2022-07-24 22:15:57,9800.45,6208.73
2022-07-24 22:15:56,9695.27,6313.92
2022-07-24 22:15:55,9315.89,6693.3
2022-07-24 22:15:54,9320.12,6689.07
2022-07-24 22:15:53,9320.82,6688.37
2022-07-24 22:15:52,9321.53,6687.66
2022-07-24 22:15:51,9331.29,6677.9
2022-07-24 22:15:50,9333.81,6675.38
2022-07-24 22:15:49,9335.13,6674.06
2022-07-24 22:15:48,9341,6668.19
2022-07-24 22:15:47,9344.33,6664.86
2022-07-24 22:15:46,9343.15,6666.04
2022-07-24 22:15:45,9355.11,6654.08
2022-07-24 22:15:44,9354.58,6654.61
2022-07-24 22:15:43,9356.23,6652.95
2022-07-24 22:15:42,9368.34,6640.85
2022-07-24 22:15:41,9369.26,6639.93
2022-07-24 22:15:40,9375.94,6633.25
2022-07-24 22:15:39,9412.14,6597.05
2022-07-24 22:15:38,9413.88,6595.31
2022-07-24 22:15:37,9430.8,6578.39
2022-07-24 22:15:36,9556.48,6452.71
2022-07-24 22:15:35,9573.9,6435.29
2022-07-24 22:15:34,9630.44,6378.75
2022-07-24 22:15:33,9959.51,6049.68
2022-07-24 22:15:32,10103,5906.14
2022-07-24 22:15:31,10347.4,5661.8
2022-07-24 22:15:30,10514.8,5494.37
2022-07-24 22:15:29,10907,5102.15
2022-07-24 22:15:28,11032.5,4976.73
2022-07-24 22:15:27,11202,4807.17
2022-07-24 22:15:26,11329.6,4679.54
2022-07-24 22:15:25,10937.9,5071.27
2022-07-24 22:15:24,11164.3,4844.89
2022-07-24 22:15:23,10808,5201.21
2022-07-24 22:15:22,10889,5120.15
2022-07-24 22:15:21,9821.98,6187.21
2022-07-24 22:15:20,9872.16,6137.03
2022-07-24 22:15:19,9922.82,6086.37
2022-07-24 22:15:18,9435.29,6573.89
2022-07-24 22:15:17,9437.59,6571.6
2022-07-24 22:15:16,9440.03,6569.16
2022-07-24 22:15:15,9444.16,6565.03
2022-07-24 22:15:14,9444.82,6564.36
2022-07-24 22:15:13,9448.1,6561.09
2022-07-24 22:15:12,9448.04,6561.14
2022-07-24 22:15:11,9453.86,6555.32
2022-07-24 22:15:10,9465.93,6543.26
2022-07-24 22:15:09,9467.09,6542.1
2022-07-24 22:15:08,9478.74,6530.45
2022-07-24 22:15:07,9479.3,6529.89
2022-07-24 22:15:06,9521.29,6487.9
2022-07-24 22:15:05,9526.79,6482.4
2022-07-24 22:15:04,9540.04,6469.14
2022-07-24 22:15:03,9565.91,6443.28
2022-07-24 22:15:02,9622.12,6387.07
2022-07-24 22:15:01,9638.87,6370.32
2022-07-24 22:15:00,9661.13,6348.05
2022-07-24 22:14:59,9737.93,6271.25
2022-07-24 22:14:58,9760.36,6248.83
2022-07-24 22:14:57,9802.79,6206.39
2022-07-24 22:14:56,9960.73,6048.46
2022-07-24 22:14:55,10122.1,5887.06
2022-07-24 22:14:54,10349.2,5659.97
2022-07-24 22:14:53,10609.2,5400.02
2022-07-24 22:14:52,10944.2,5064.97
2022-07-24 22:14:51,11046.5,4962.64
2022-07-24 22:14:50,11201.5,4807.69
2022-07-24 22:14:49,11302.1,4707.12
2022-07-24 22:14:48,11447,4562.14
2022-07-24 22:14:47,11710,4299.15
2022-07-24 22:14:46,10743.4,5265.81
2022-07-24 22:14:45,9868.09,6141.1
2022-07-24 22:14:44,9830.58,6178.61
2022-07-24 22:14:43,9882.29,6126.9
2022-07-24 22:14:42,9917.68,6091.51
2022-07-24 22:14:41,9395.29,6613.9
2022-07-24 22:14:40,9394.64,6614.55
2022-07-24 22:14:39,9403.31,6605.88
2022-07-24 22:14:38,9405.12,6604.07
2022-07-24 22:14:37,9406.94,6602.25
2022-07-24 22:14:36,9408.68,6600.5
2022-07-24 22:14:35,9419.84,6589.35
2022-07-24 22:14:34,9420.77,6588.41
2022-07-24 22:14:33,9422.81,6586.38
2022-07-24 22:14:32,9445.98,6563.21
2022-07-24 22:14:31,9459.96,6549.23
2022-07-24 22:14:30,9464.03,6545.16
2022-07-24 22:14:29,9467.75,6541.44
2022-07-24 22:14:28,9527.49,6481.7
2022-07-24 22:14:27,9528.43,6480.76
2022-07-24 22:14:26,9530.4,6478.79
2022-07-24 22:14:25,9605.21,6403.97
2022-07-24 22:14:24,9606.42,6402.77
2022-07-24 22:14:23,9626.15,6383.04
2022-07-24 22:14:22,9703.95,6305.24
2022-07-24 22:14:21,9747.19,6262
2022-07-24 22:14:20,9771.94,6237.25
2022-07-24 22:14:19,10024.8,5984.35
2022-07-24 22:14:18,10229.8,5779.39
2022-07-24 22:14:17,10444.7,5564.44
2022-07-24 22:14:16,10716.2,5293
2022-07-24 22:14:15,10926.6,5082.57
2022-07-24 22:14:14,11072.3,4936.9
2022-07-24 22:14:13,11164.4,4844.75
2022-07-24 22:14:12,11284.7,4724.45
2022-07-24 22:14:11,11531.1,4478.13
2022-07-24 22:14:10,11712.1,4297.11
2022-07-24 22:14:09,11363.8,4645.43
2022-07-24 22:14:08,10415.1,5594.09
2022-07-24 22:14:07,10469.1,5540.1
2022-07-24 22:14:06,9921.45,6087.74
2022-07-24 22:14:05,9470.67,6538.52
2022-07-24 22:14:04,9477.46,6531.73
2022-07-24 22:14:03,9481.04,6528.15
2022-07-24 22:14:02,9481.07,6528.12
2022-07-24 22:14:01,9484.06,6525.13
2022-07-24 22:14:00,9492.97,6516.22
2022-07-24 22:13:59,9493.95,6515.24
2022-07-24 22:13:58,9510.66,6498.53
2022-07-24 22:13:57,9524.34,6484.84
2022-07-24 22:13:56,9527.11,6482.07
2022-07-24 22:13:55,9526.77,6482.42
2022-07-24 22:13:54,9548.32,6460.86
2022-07-24 22:13:53,9562.2,6446.99
2022-07-24 22:13:52,9555.87,6453.32
2022-07-24 22:13:51,9575.84,6433.35
2022-07-24 22:13:50,9620.31,6388.88
2022-07-24 22:13:49,9620.34,6388.85
2022-07-24 22:13:48,9623.43,6385.76
2022-07-24 22:13:47,9671.29,6337.89
2022-07-24 22:13:46,9706.61,6302.58
2022-07-24 22:13:45,9764.3,6244.89
2022-07-24 22:13:44,9788.19,6221
2022-07-24 22:13:43,9834.47,6174.71
2022-07-24 22:13:42,9960.81,6048.37
2022-07-24 22:13:41,10168.3,5840.86
2022-07-24 22:13:40,10446.1,5563.11
2022-07-24 22:13:39,10635.8,5373.37
2022-07-24 22:13:38,10790.5,5218.68
2022-07-24 22:13:37,11070.9,4938.29
2022-07-24 22:13:36,11226.5,4782.65
2022-07-24 22:13:35,11450.4,4558.79
2022-07-24 22:13:34,11631.7,4377.5
2022-07-24 22:13:33,11267.4,4741.83
2022-07-24 22:13:32,11055.2,4953.97
2022-07-24 22:13:31,10374.6,5634.58
2022-07-24 22:13:30,9803.77,6205.42
2022-07-24 22:13:29,9823.8,6185.39
2022-07-24 22:13:28,9295.55,6713.64
2022-07-24 22:13:27,9294.92,6714.27
2022-07-24 22:13:26,9296.8,6712.38
2022-07-24 22:13:25,9302.37,6706.82
2022-07-24 22:13:24,9305.61,6703.58
2022-07-24 22:13:23,9305.9,6703.29
2022-07-24 22:13:22,9306.93,6702.26
2022-07-24 22:13:21,9323.57,6685.62
2022-07-24 22:13:20,9323.68,6685.5
2022-07-24 22:13:19,9331.55,6677.64
2022-07-24 22:13:18,9331.44,6677.75
2022-07-24 22:13:17,9351.12,6658.07
2022-07-24 22:13:16,9351.36,6657.82
2022-07-24 22:13:15,9354.63,6654.56
2022-07-24 22:13:14,9389.92,6619.27
2022-07-24 22:13:13,9389.42,6619.77
2022-07-24 22:13:12,9409.36,6599.83
2022-07-24 22:13:11,9407.33,6601.86
2022-07-24 22:13:10,9411.27,6597.91
2022-07-24 22:13:09,9418.94,6590.25
2022-07-24 22:13:08,9452.22,6556.97
2022-07-24 22:13:07,9460,6549.18
2022-07-24 22:13:06,9610.52,6398.67
2022-07-24 22:13:05,9703.79,6305.39
2022-07-24 22:13:04,9877.7,6131.48
2022-07-24 22:13:03,10292.1,5717.11
2022-07-24 22:13:02,10642.1,5367.06
2022-07-24 22:13:01,10903.5,5105.7
2022-07-24 22:13:00,11067.4,4941.77
2022-07-24 22:12:59,11268.2,4740.95
2022-07-24 22:12:58,11410.7,4598.53
2022-07-24 22:12:57,11550.3,4458.85
2022-07-24 22:12:56,11734.2,4274.97
2022-07-24 22:12:55,11902.5,4106.64
2022-07-24 22:12:54,10535,5474.21
2022-07-24 22:12:53,9441.3,6567.89
2022-07-24 22:12:52,9447.96,6561.23
2022-07-24 22:12:51,9450.1,6559.09
2022-07-24 22:12:50,9451.8,6557.38
2022-07-24 22:12:49,9454.91,6554.28
2022-07-24 22:12:48,9464.23,6544.96
2022-07-24 22:12:47,9471.51,6537.68
2022-07-24 22:12:46,9472.65,6536.54
2022-07-24 22:12:45,9488.16,6521.03
2022-07-24 22:12:44,9489.21,6519.98
2022-07-24 22:12:43,9496.91,6512.27
2022-07-24 22:12:42,9498.26,6510.93
2022-07-24 22:12:41,9516.97,6492.22
2022-07-24 22:12:40,9539.21,6469.98
2022-07-24 22:12:39,9542.46,6466.73
2022-07-24 22:12:38,9570.24,6438.95
2022-07-24 22:12:37,9574.56,6434.63
2022-07-24 22:12:36,9596.94,6412.25
2022-07-24 22:12:35,9646.1,6363.09
2022-07-24 22:12:34,9654.73,6354.46
2022-07-24 22:12:33,9674.48,6334.71
2022-07-24 22:12:32,9721.11,6288.07
2022-07-24 22:12:31,9767.44,6241.74
2022-07-24 22:12:30,9775.45,6233.74
2022-07-24 22:12:29,9836.93,6172.26
2022-07-24 22:12:28,9940.93,6068.26
2022-07-24 22:12:27,10013.5,5995.7
2022-07-24 22:12:26,10204.9,5804.3
2022-07-24 22:12:25,10438.1,5571.05
2022-07-24 22:12:24,10735.4,5273.8
2022-07-24 22:12:23,11150.3,4858.91
2022-07-24 22:12:22,11305.1,4704.11
2022-07-24 22:12:21,11393.7,4615.52
2022-07-24 22:12:20,11552.3,4456.92
2022-07-24 22:12:19,11658.3,4350.92
2022-07-24 22:12:18,11857,4152.22
2022-07-24 22:12:17,11547.8,4461.34
2022-07-24 22:12:16,9814.98,6194.21
2022-07-24 22:12:15,9196.86,6812.33
2022-07-24 22:12:14,9198.23,6810.96
2022-07-24 22:12:13,9198.19,6811
2022-07-24 22:12:12,9199.73,6809.46
2022-07-24 22:12:11,9201.17,6808.02
2022-07-24 22:12:10,9201.43,6807.75
2022-07-24 22:12:09,9202.52,6806.66
2022-07-24 22:12:08,9203.98,6805.21
2022-07-24 22:12:07,9203.91,6805.27
2022-07-24 22:12:06,9204.35,6804.84
2022-07-24 22:12:05,9203.66,6805.53
2022-07-24 22:12:04,9195.3,6813.89
2022-07-24 22:12:03,9193.91,6815.28
2022-07-24 22:12:02,9196.59,6812.59
2022-07-24 22:12:01,9193.56,6815.63
2022-07-24 22:12:00,9196.13,6813.06
2022-07-24 22:11:59,9183.67,6825.52
2022-07-24 22:11:58,9206.42,6802.77
2022-07-24 22:11:57,9217.22,6791.96
2022-07-24 22:11:56,9221.06,6788.13
2022-07-24 22:11:55,9270.81,6738.38
2022-07-24 22:11:54,9315.84,6693.35
2022-07-24 22:11:53,9319.96,6689.23
2022-07-24 22:11:52,9372.64,6636.55
2022-07-24 22:11:51,9428.75,6580.44
2022-07-24 22:11:50,9619.75,6389.44
2022-07-24 22:11:49,9781.48,6227.71
2022-07-24 22:11:48,10000.3,6008.89
2022-07-24 22:11:47,10322.4,5686.82
2022-07-24 22:11:46,10960.8,5048.42
2022-07-24 22:11:45,11154.3,4854.88
2022-07-24 22:11:44,11348.7,4660.45
2022-07-24 22:11:43,11474.3,4534.9
2022-07-24 22:11:42,11592.1,4417.05
2022-07-24 22:11:41,11755.5,4253.73
2022-07-24 22:11:40,11933.7,4075.48
2022-07-24 22:11:39,10439,5570.22
2022-07-24 22:11:38,9404.98,6604.2
2022-07-24 22:11:37,9408.13,6601.05
2022-07-24 22:11:36,9410.08,6599.11
2022-07-24 22:11:35,9412.1,6597.09
2022-07-24 22:11:34,9412.94,6596.25
2022-07-24 22:11:33,9416.09,6593.09
2022-07-24 22:11:32,9417.57,6591.62
2022-07-24 22:11:31,9427.15,6582.04
2022-07-24 22:11:30,9430.17,6579.02
2022-07-24 22:11:29,9433.18,6576
2022-07-24 22:11:28,9447.02,6562.17
2022-07-24 22:11:27,9448.46,6560.73
2022-07-24 22:11:26,9449.45,6559.74
2022-07-24 22:11:25,9449.52,6559.67
2022-07-24 22:11:24,9465.48,6543.7
2022-07-24 22:11:23,9479.87,6529.32
2022-07-24 22:11:22,9479.36,6529.82
2022-07-24 22:11:21,9522.96,6486.23
2022-07-24 22:11:20,9538.9,6470.29
2022-07-24 22:11:19,9558.39,6450.8
2022-07-24 22:11:18,9604.64,6404.54
2022-07-24 22:11:17,9620.3,6388.88
2022-07-24 22:11:16,9663.84,6345.35
2022-07-24 22:11:15,9741.27,6267.92
2022-07-24 22:11:14,9824,6185.18
2022-07-24 22:11:13,9987.72,6021.47
2022-07-24 22:11:12,10149.2,5859.94
2022-07-24 22:11:11,10437.8,5571.39
2022-07-24 22:11:10,10654.7,5354.49
2022-07-24 22:11:09,10979.4,5029.83
2022-07-24 22:11:08,11092.2,4916.97
2022-07-24 22:11:07,11345.4,4663.82
2022-07-24 22:11:06,11491,4518.19
2022-07-24 22:11:05,11648.9,4360.27
2022-07-24 22:11:04,11812.6,4196.57
2022-07-24 22:11:03,11316.8,4692.37
2022-07-24 22:11:02,10267.4,5741.75
2022-07-24 22:11:01,9062.68,6946.5
2022-07-24 22:11:00,9064.69,6944.5
2022-07-24 22:10:59,9063.2,6945.99
2022-07-24 22:10:58,9064.52,6944.67
2022-07-24 22:10:57,9063.78,6945.41
2022-07-24 22:10:56,9062.75,6946.44
2022-07-24 22:10:55,9062.76,6946.43
2022-07-24 22:10:54,9063.49,6945.7
2022-07-24 22:10:53,9064.01,6945.18
2022-07-24 22:10:52,9072.23,6936.96
2022-07-24 22:10:51,9073.27,6935.92
2022-07-24 22:10:50,9072.62,6936.56
2022-07-24 22:10:49,9075.52,6933.66
2022-07-24 22:10:48,9086.56,6922.63
2022-07-24 22:10:47,9080.31,6928.87
2022-07-24 22:10:46,9080.8,6928.38
2022-07-24 22:10:45,9097.72,6911.47
2022-07-24 22:10:44,9097.29,6911.89
2022-07-24 22:10:43,9097.58,6911.61
2022-07-24 22:10:42,9099.85,6909.34
2022-07-24 22:10:41,9117.64,6891.55
2022-07-24 22:10:40,9123.36,6885.83
2022-07-24 22:10:39,9125.82,6883.36
2022-07-24 22:10:38,9256.15,6753.03
2022-07-24 22:10:37,9283.38,6725.8
2022-07-24 22:10:36,9533.83,6475.36
2022-07-24 22:10:35,9972.24,6036.94
2022-07-24 22:10:34,10099.7,5909.46
2022-07-24 22:10:33,10500,5509.23
2022-07-24 22:10:32,11026.1,4983.05
2022-07-24 22:10:31,11195.7,4813.48
2022-07-24 22:10:30,11374.7,4634.47
2022-07-24 22:10:29,11503.3,4505.84
2022-07-24 22:10:28,11636.1,4373.07
2022-07-24 22:10:27,11805.8,4203.36
2022-07-24 22:10:26,11336.9,4672.32
2022-07-24 22:10:25,10802.7,5206.46
2022-07-24 22:10:24,9070.47,6938.71
2022-07-24 22:10:23,9070.9,6938.29
2022-07-24 22:10:22,9070.46,6938.72
2022-07-24 22:10:21,9069.24,6939.95
2022-07-24 22:10:20,9068.52,6940.66
2022-07-24 22:10:19,9069.04,6940.15
2022-07-24 22:10:18,9070.95,6938.23
2022-07-24 22:10:17,9069.6,6939.59
2022-07-24 22:10:16,9070.1,6939.09
2022-07-24 22:10:15,9071.36,6937.82
2022-07-24 22:10:14,9069.01,6940.18
2022-07-24 22:10:13,9068.35,6940.84
2022-07-24 22:10:12,9068.57,6940.61
2022-07-24 22:10:11,9068.75,6940.44
2022-07-24 22:10:10,9067.51,6941.68
2022-07-24 22:10:09,9068.06,6941.13
2022-07-24 22:10:08,9068.89,6940.3
2022-07-24 22:10:07,9069.41,6939.77
2022-07-24 22:10:06,9065.59,6943.6
2022-07-24 22:10:05,9069.77,6939.42
2022-07-24 22:10:04,9058.05,6951.13
2022-07-24 22:10:03,9047.72,6961.46
2022-07-24 22:10:02,9050.08,6959.11
2022-07-24 22:10:01,9170.63,6838.56
2022-07-24 22:10:00,9257.52,6751.67
2022-07-24 22:09:59,9436.42,6572.77
2022-07-24 22:09:58,9947.64,6061.55
2022-07-24 22:09:57,10152.4,5856.79
2022-07-24 22:09:56,10390.2,5619
2022-07-24 22:09:55,10511.2,5498.02
2022-07-24 22:09:54,11145.7,4863.45
2022-07-24 22:09:53,11282.7,4726.51
2022-07-24 22:09:52,11514.6,4494.54
2022-07-24 22:09:51,11653.5,4355.73
2022-07-24 22:09:50,11195.8,4813.39
2022-07-24 22:09:49,10823.6,5185.61
2022-07-24 22:09:48,10423.3,5585.9
2022-07-24 22:09:47,9309.08,6700.11
2022-07-24 22:09:46,9309.2,6699.99
2022-07-24 22:09:45,9311.55,6697.64
2022-07-24 22:09:44,9322.54,6686.64
2022-07-24 22:09:43,9323.59,6685.6
2022-07-24 22:09:42,9325.33,6683.86
2022-07-24 22:09:41,9338.49,6670.7
2022-07-24 22:09:40,9339.59,6669.59
2022-07-24 22:09:39,9341.93,6667.26
2022-07-24 22:09:38,9362.11,6647.08
2022-07-24 22:09:37,9371.42,6637.77
2022-07-24 22:09:36,9371.78,6637.41
2022-07-24 22:09:35,9402.82,6606.36
2022-07-24 22:09:34,9404.47,6604.72
2022-07-24 22:09:33,9421.84,6587.34
2022-07-24 22:09:32,9444.06,6565.12
2022-07-24 22:09:31,9455.16,6554.02
2022-07-24 22:09:30,9476.67,6532.52
2022-07-24 22:09:29,9512.17,6497.02
2022-07-24 22:09:28,9514.96,6494.23
2022-07-24 22:09:27,9538.1,6471.08
2022-07-24 22:09:26,9567.23,6441.96
2022-07-24 22:09:25,9597.56,6411.62
2022-07-24 22:09:24,9684.9,6324.29
2022-07-24 22:09:23,9725.33,6283.86
2022-07-24 22:09:22,9925.06,6084.13
2022-07-24 22:09:21,10326.1,5683.06
2022-07-24 22:09:20,10423.6,5585.63
2022-07-24 22:09:19,10768.5,5240.66
2022-07-24 22:09:18,11077.5,4931.69
2022-07-24 22:09:17,11277.1,4732.04
2022-07-24 22:09:16,11422.5,4586.7
2022-07-24 22:09:15,11589.8,4419.35
2022-07-24 22:09:14,11234.6,4774.58
2022-07-24 22:09:13,11365.9,4643.25
2022-07-24 22:09:12,10995.6,5013.58
2022-07-24 22:09:11,9939.57,6069.62
2022-07-24 22:09:10,9320.93,6688.26
2022-07-24 22:09:09,9320.53,6688.66
2022-07-24 22:09:08,9321.44,6687.75
2022-07-24 22:09:07,9322.32,6686.86
2022-07-24 22:09:06,9326.3,6682.89
2022-07-24 22:09:05,9326.65,6682.54
2022-07-24 22:09:04,9327.65,6681.54
2022-07-24 22:09:03,9333.68,6675.5
2022-07-24 22:09:02,9335.56,6673.63
2022-07-24 22:09:01,9337.04,6672.14
2022-07-24 22:09:00,9347.72,6661.47
2022-07-24 22:08:59,9360.23,6648.95
2022-07-24 22:08:58,9373.11,6636.08
2022-07-24 22:08:57,9374.17,6635.02
2022-07-24 22:08:56,9393.11,6616.08
2022-07-24 22:08:55,9399.24,6609.95
2022-07-24 22:08:54,9403.55,6605.64
2022-07-24 22:08:53,9438.8,6570.39
2022-07-24 22:08:52,9455.96,6553.23
2022-07-24 22:08:51,9487.66,6521.52
2022-07-24 22:08:50,9506.29,6502.89
2022-07-24 22:08:49,9551.54,6457.65
2022-07-24 22:08:48,9619.94,6389.25
2022-07-24 22:08:47,9661.81,6347.38
2022-07-24 22:08:46,9842.48,6166.71
2022-07-24 22:08:45,9986.8,6022.38
2022-07-24 22:08:44,10050.4,5958.77
2022-07-24 22:08:43,10341.8,5667.41
2022-07-24 22:08:42,10496.1,5513.1
2022-07-24 22:08:41,11084.2,4924.96
2022-07-24 22:08:40,11271.4,4737.78
2022-07-24 22:08:39,11484.3,4524.84
2022-07-24 22:08:38,11614.1,4395.11
2022-07-24 22:08:37,11224.1,4785.14
2022-07-24 22:08:36,11378.5,4630.67
2022-07-24 22:08:35,10882.5,5126.73
2022-07-24 22:08:34,9943.8,6065.39
2022-07-24 22:08:33,9336.46,6672.73
2022-07-24 22:08:32,9350.85,6658.33
2022-07-24 22:08:31,9350.29,6658.9
2022-07-24 22:08:30,9351.34,6657.85
2022-07-24 22:08:29,9353.6,6655.59
2022-07-24 22:08:28,9371.65,6637.54
2022-07-24 22:08:27,9373.53,6635.66
2022-07-24 22:08:26,9378.11,6631.08
2022-07-24 22:08:25,9393,6616.19
2022-07-24 22:08:24,9401.33,6607.86
2022-07-24 22:08:23,9402.02,6607.17
2022-07-24 22:08:22,9417.77,6591.41
2022-07-24 22:08:21,9431.72,6577.47
2022-07-24 22:08:20,9434.41,6574.78
2022-07-24 22:08:19,9450.38,6558.81
2022-07-24 22:08:18,9467.32,6541.86
2022-07-24 22:08:17,9483,6526.18
2022-07-24 22:08:16,9484.24,6524.95
2022-07-24 22:08:15,9513.14,6496.05
2022-07-24 22:08:14,9506.92,6502.27
2022-07-24 22:08:13,9565.34,6443.85
2022-07-24 22:08:12,9582.3,6426.88
2022-07-24 22:08:11,9757.85,6251.34
2022-07-24 22:08:10,9892.3,6116.89
2022-07-24 22:08:09,9893.3,6115.88
2022-07-24 22:08:08,10220.7,5788.47
2022-07-24 22:08:07,10373.9,5635.3
2022-07-24 22:08:06,10576.6,5432.58
2022-07-24 22:08:05,10781.4,5227.78
2022-07-24 22:08:04,11052.5,4956.73
2022-07-24 22:08:03,11320.5,4688.72
2022-07-24 22:08:02,11042,4967.21
2022-07-24 22:08:01,11149.7,4859.49
2022-07-24 22:08:00,11265.8,4743.37
2022-07-24 22:07:59,10758.8,5250.39
2022-07-24 22:07:58,10359.7,5649.48
2022-07-24 22:07:57,9779.75,6229.44
2022-07-24 22:07:56,9262.74,6746.45
2022-07-24 22:07:55,9265.22,6743.97
2022-07-24 22:07:54,9264.8,6744.39
2022-07-24 22:07:53,9265.64,6743.55
2022-07-24 22:07:52,9268.53,6740.66
2022-07-24 22:07:51,9270.32,6738.87
2022-07-24 22:07:50,9271.65,6737.54
2022-07-24 22:07:49,9271.81,6737.38
2022-07-24 22:07:48,9275.13,6734.06
2022-07-24 22:07:47,9275.18,6734.01
2022-07-24 22:07:46,9275.29,6733.9
2022-07-24 22:07:45,9276.84,6732.34
2022-07-24 22:07:44,9293.15,6716.04
2022-07-24 22:07:43,9291.64,6717.54
2022-07-24 22:07:42,9295.22,6713.97
2022-07-24 22:07:41,9343.94,6665.25
2022-07-24 22:07:40,9351.43,6657.76
2022-07-24 22:07:39,9354.02,6655.17
2022-07-24 22:07:38,9413.41,6595.77
2022-07-24 22:07:37,9418.79,6590.39
2022-07-24 22:07:36,9435.01,6574.18
2022-07-24 22:07:35,9518.54,6490.65
2022-07-24 22:07:34,9570.96,6438.23
2022-07-24 22:07:33,9770.89,6238.3
2022-07-24 22:07:32,9953.93,6055.25
2022-07-24 22:07:31,10232,5777.18
2022-07-24 22:07:30,10373.6,5635.57
2022-07-24 22:07:29,10652.1,5357.11
2022-07-24 22:07:28,10763.8,5245.37
2022-07-24 22:07:27,10951.2,5057.95
2022-07-24 22:07:26,11392.3,4616.87
2022-07-24 22:07:25,11556.3,4452.85
2022-07-24 22:07:24,11191.4,4817.81
2022-07-24 22:07:23,11297.7,4711.47
2022-07-24 22:07:22,10286.1,5723.13
2022-07-24 22:07:21,10377.7,5631.44
2022-07-24 22:07:20,9914.17,6095.02
2022-07-24 22:07:19,9404.34,6604.85
2022-07-24 22:07:18,9405.96,6603.23
2022-07-24 22:07:17,9407.89,6601.3
2022-07-24 22:07:16,9423.99,6585.2
2022-07-24 22:07:15,9426.16,6583.03
2022-07-24 22:07:14,9427.03,6582.16
2022-07-24 22:07:13,9429.16,6580.03
2022-07-24 22:07:12,9443.73,6565.46
2022-07-24 22:07:11,9451.84,6557.35
2022-07-24 22:07:10,9456.81,6552.37
2022-07-24 22:07:09,9486.11,6523.07
2022-07-24 22:07:08,9496.14,6513.05
2022-07-24 22:07:07,9514.23,6494.95
2022-07-24 22:07:06,9525.26,6483.93
2022-07-24 22:07:05,9564.04,6445.15
2022-07-24 22:07:04,9579,6430.19
2022-07-24 22:07:03,9596.01,6413.18
2022-07-24 22:07:02,9642.05,6367.14
2022-07-24 22:07:01,9664.84,6344.35
2022-07-24 22:07:00,9672.93,6336.26
2022-07-24 22:06:59,9708.39,6300.79
2022-07-24 22:06:58,9776.54,6232.65
2022-07-24 22:06:57,9871.52,6137.67
2022-07-24 22:06:56,10057.7,5951.53
2022-07-24 22:06:55,10114.3,5894.93
2022-07-24 22:06:54,10445.4,5563.76
2022-07-24 22:06:53,10691.8,5317.41
2022-07-24 22:06:52,10842.4,5166.79
2022-07-24 22:06:51,11093,4916.21
2022-07-24 22:06:50,11227.4,4781.83
2022-07-24 22:06:49,11334.1,4675.12
2022-07-24 22:06:48,11577.4,4431.83
2022-07-24 22:06:47,11179.2,4830.01
2022-07-24 22:06:46,11325.5,4683.66
2022-07-24 22:06:45,10289,5720.14
2022-07-24 22:06:44,9734.64,6274.55
2022-07-24 22:06:43,9778.99,6230.19
2022-07-24 22:06:42,9292.85,6716.34
2022-07-24 22:06:41,9293.67,6715.52
2022-07-24 22:06:40,9293.48,6715.71
2022-07-24 22:06:39,9303.71,6705.47
2022-07-24 22:06:38,9304.38,6704.81
2022-07-24 22:06:37,9306.36,6702.82
2022-07-24 22:06:36,9318.62,6690.57
2022-07-24 22:06:35,9320.89,6688.29
2022-07-24 22:06:34,9331.96,6677.23
2022-07-24 22:06:33,9331.69,6677.5
2022-07-24 22:06:32,9346.73,6662.46
2022-07-24 22:06:31,9360.07,6649.12
2022-07-24 22:06:30,9361.49,6647.7
2022-07-24 22:06:29,9368.27,6640.91
2022-07-24 22:06:28,9403.89,6605.3
2022-07-24 22:06:27,9404.97,6604.21
2022-07-24 22:06:26,9418.83,6590.36
2022-07-24 22:06:25,9467.19,6542
2022-07-24 22:06:24,9470.04,6539.15
2022-07-24 22:06:23,9491.02,6518.17
2022-07-24 22:06:22,9526.78,6482.41
2022-07-24 22:06:21,9529.4,6479.79
2022-07-24 22:06:20,9638.25,6370.94
2022-07-24 22:06:19,9713.45,6295.74
2022-07-24 22:06:18,9867.37,6141.82
2022-07-24 22:06:17,10376.5,5632.66
2022-07-24 22:06:16,10507.4,5501.75
2022-07-24 22:06:15,10668,5341.14
2022-07-24 22:06:14,10999.9,5009.26
2022-07-24 22:06:13,11132,4877.16
2022-07-24 22:06:12,11392.1,4617.05
2022-07-24 22:06:11,11581.1,4428.14
2022-07-24 22:06:10,11732.7,4276.46
2022-07-24 22:06:09,11880.7,4128.52
2022-07-24 22:06:08,10256.9,5752.31
2022-07-24 22:06:07,9780.35,6228.84
2022-07-24 22:06:06,9263.2,6745.99
2022-07-24 22:06:05,9268.23,6740.96
2022-07-24 22:06:04,9269.62,6739.57
2022-07-24 22:06:03,9271.29,6737.9
2022-07-24 22:06:02,9272.11,6737.08
2022-07-24 22:06:01,9273.31,6735.88
2022-07-24 22:06:00,9274.68,6734.51
2022-07-24 22:05:59,9274.74,6734.45
2022-07-24 22:05:58,9289.2,6719.98
2022-07-24 22:05:57,9288.82,6720.37
2022-07-24 22:05:56,9289.79,6719.4
2022-07-24 22:05:55,9290.49,6718.7
2022-07-24 22:05:54,9309.44,6699.75
2022-07-24 22:05:53,9299.07,6710.12
2022-07-24 22:05:52,9300.55,6708.64
2022-07-24 22:05:51,9340.45,6668.73
2022-07-24 22:05:50,9341.01,6668.18
2022-07-24 22:05:49,9342.06,6667.12
2022-07-24 22:05:48,9386.01,6623.18
2022-07-24 22:05:47,9377.19,6632
2022-07-24 22:05:46,9392.61,6616.57
2022-07-24 22:05:45,9449.3,6559.88
2022-07-24 22:05:44,9504.63,6504.55
2022-07-24 22:05:43,9560.4,6448.79
2022-07-24 22:05:42,9700.62,6308.56
2022-07-24 22:05:41,10021.4,5987.82
2022-07-24 22:05:40,10228.9,5780.24
2022-07-24 22:05:39,10599.1,5410.08
2022-07-24 22:05:38,10926.6,5082.55
2022-07-24 22:05:37,11066.2,4943.01
2022-07-24 22:05:36,11166.5,4842.66
2022-07-24 22:05:35,11347.5,4661.68
2022-07-24 22:05:34,11584.6,4424.62
2022-07-24 22:05:33,11774.5,4234.64
2022-07-24 22:05:32,10918.5,5090.7
2022-07-24 22:05:31,9988.29,6020.9
2022-07-24 22:05:30,10036.2,5972.98
2022-07-24 22:05:29,10053,5956.17
2022-07-24 22:05:28,9534.18,6475.01
2022-07-24 22:05:27,9536.97,6472.21
2022-07-24 22:05:26,9557.46,6451.73
2022-07-24 22:05:25,9564,6445.19
2022-07-24 22:05:24,9567.45,6441.74
2022-07-24 22:05:23,9577.23,6431.96
2022-07-24 22:05:22,9588.74,6420.45
2022-07-24 22:05:21,9591.1,6418.09
2022-07-24 22:05:20,9606.44,6402.75
2022-07-24 22:05:19,9635.64,6373.55
2022-07-24 22:05:18,9638.32,6370.86
2022-07-24 22:05:17,9654.39,6354.79
2022-07-24 22:05:16,9708.25,6300.93
2022-07-24 22:05:15,9710.39,6298.8
2022-07-24 22:05:14,9727.47,6281.71
2022-07-24 22:05:13,9769.56,6239.62
2022-07-24 22:05:12,9818.3,6190.89
2022-07-24 22:05:11,9834.55,6174.64
2022-07-24 22:05:10,9865.83,6143.36
2022-07-24 22:05:09,9914,6095.19
2022-07-24 22:05:08,9959.91,6049.28
2022-07-24 22:05:07,10040.4,5968.77
2022-07-24 22:05:06,10055.3,5953.92
2022-07-24 22:05:05,10252.9,5756.31
2022-07-24 22:05:04,10387.5,5621.64
2022-07-24 22:05:03,10570,5439.2
2022-07-24 22:05:02,10867.4,5141.75
2022-07-24 22:05:01,11048.4,4960.75
2022-07-24 22:05:00,11133.2,4875.94
2022-07-24 22:04:59,11240.5,4768.7
2022-07-24 22:04:58,11382.9,4626.27
2022-07-24 22:04:57,11637.9,4371.32
2022-07-24 22:04:56,11181,4828.18
2022-07-24 22:04:55,10786,5223.19
2022-07-24 22:04:54,9582.25,6426.94
2022-07-24 22:04:53,9632.69,6376.5
2022-07-24 22:04:52,9673.22,6335.97
2022-07-24 22:04:51,9178.07,6831.12
2022-07-24 22:04:50,9181.33,6827.86
2022-07-24 22:04:49,9182.15,6827.04
2022-07-24 22:04:48,9182.79,6826.4
2022-07-24 22:04:47,9182.75,6826.43
2022-07-24 22:04:46,9182.98,6826.21
2022-07-24 22:04:45,9185.66,6823.53
2022-07-24 22:04:44,9186.74,6822.45
2022-07-24 22:04:43,9189.58,6819.61
2022-07-24 22:04:42,9189.22,6819.97
2022-07-24 22:04:41,9202.99,6806.2
2022-07-24 22:04:40,9202.33,6806.86
2022-07-24 22:04:39,9203.86,6805.33
2022-07-24 22:04:38,9222.48,6786.71
2022-07-24 22:04:37,9223.09,6786.1
2022-07-24 22:04:36,9222.94,6786.25
2022-07-24 22:04:35,9245.9,6763.29
2022-07-24 22:04:34,9245.95,6763.24
2022-07-24 22:04:33,9248.4,6760.79
2022-07-24 22:04:32,9293.98,6715.21
2022-07-24 22:04:31,9320.83,6688.36
2022-07-24 22:04:30,9385.4,6623.79
2022-07-24 22:04:29,9437.48,6571.7
2022-07-24 22:04:28,9768.86,6240.32
2022-07-24 22:04:27,10066.7,5942.52
2022-07-24 22:04:26,10451.8,5557.34
2022-07-24 22:04:25,10584.6,5424.62
2022-07-24 22:04:24,10944.7,5064.45
2022-07-24 22:04:23,11069.3,4939.87
2022-07-24 22:04:22,11238.2,4770.97
2022-07-24 22:04:21,11389.6,4619.58
2022-07-24 22:04:20,11592.4,4416.8
2022-07-24 22:04:19,11314.5,4694.64
2022-07-24 22:04:18,10627.5,5381.72
2022-07-24 22:04:17,9815.71,6193.48
2022-07-24 22:04:16,9871.89,6137.3
2022-07-24 22:04:15,9909.74,6099.45
2022-07-24 22:04:14,9286.23,6722.95
2022-07-24 22:04:13,9289.73,6719.45
2022-07-24 22:04:12,9289.48,6719.7
2022-07-24 22:04:11,9290.84,6718.34
2022-07-24 22:04:10,9293.75,6715.43
2022-07-24 22:04:09,9297.2,6711.99
2022-07-24 22:04:08,9299.69,6709.49
2022-07-24 22:04:07,9300.5,6708.69
2022-07-24 22:04:06,9319.41,6689.78
2022-07-24 22:04:05,9323.99,6685.2
2022-07-24 22:04:04,9340.98,6668.21
2022-07-24 22:04:03,9340.96,6668.23
2022-07-24 22:04:02,9358.13,6651.05
2022-07-24 22:04:01,9364.9,6644.29
2022-07-24 22:04:00,9393.91,6615.28
2022-07-24 22:03:59,9425.66,6583.53
2022-07-24 22:03:58,9447.91,6561.28
2022-07-24 22:03:57,9464.61,6544.57
2022-07-24 22:03:56,9499.67,6509.52
2022-07-24 22:03:55,9529.19,6480
2022-07-24 22:03:54,9576.24,6432.95
2022-07-24 22:03:53,9580,6429.19
2022-07-24 22:03:52,9836.23,6172.95
2022-07-24 22:03:51,9920.99,6088.2
2022-07-24 22:03:50,10070.1,5939.07
2022-07-24 22:03:49,10456.7,5552.52
2022-07-24 22:03:48,10624.5,5384.66
2022-07-24 22:03:47,10756.2,5252.99
2022-07-24 22:03:46,10938.1,5071.12
2022-07-24 22:03:45,11151.6,4857.54
2022-07-24 22:03:44,11002.7,5006.45
2022-07-24 22:03:43,11152.1,4857.08
2022-07-24 22:03:42,10797.1,5212.13
2022-07-24 22:03:41,10861.6,5147.61
2022-07-24 22:03:40,10438.5,5570.71
2022-07-24 22:03:39,10504.3,5504.85
2022-07-24 22:03:38,9899.45,6109.74
2022-07-24 22:03:37,9274.53,6734.66
2022-07-24 22:03:36,9286.55,6722.64
2022-07-24 22:03:35,9286.28,6722.91
2022-07-24 22:03:34,9297.76,6711.43
2022-07-24 22:03:33,9304.13,6705.06
2022-07-24 22:03:32,9313.87,6695.32
2022-07-24 22:03:31,9315.16,6694.02
2022-07-24 22:03:30,9331.45,6677.74
2022-07-24 22:03:29,9353.02,6656.17
2022-07-24 22:03:28,9354.93,6654.25
2022-07-24 22:03:27,9371.01,6638.18
2022-07-24 22:03:26,9373.06,6636.13
2022-07-24 22:03:25,9410.64,6598.55
2022-07-24 22:03:24,9431.82,6577.37
2022-07-24 22:03:23,9441.77,6567.41
2022-07-24 22:03:22,9470.92,6538.27
2022-07-24 22:03:21,9517.09,6492.1
2022-07-24 22:03:20,9521.7,6487.49
2022-07-24 22:03:19,9525.98,6483.21
2022-07-24 22:03:18,9599.39,6409.79
2022-07-24 22:03:17,9613.52,6395.66
2022-07-24 22:03:16,9745.41,6263.78
2022-07-24 22:03:15,9850.6,6158.59
2022-07-24 22:03:14,9915.81,6093.38
2022-07-24 22:03:13,10143.4,5865.77
2022-07-24 22:03:12,10404.2,5605
2022-07-24 22:03:11,10529,5480.22
2022-07-24 22:03:10,10616.3,5392.85
2022-07-24 22:03:09,11134.8,4874.44
2022-07-24 22:03:08,11321.3,4687.86
2022-07-24 22:03:07,11093.5,4915.7
2022-07-24 22:03:06,11230.3,4778.84
2022-07-24 22:03:05,11336.2,4672.96
2022-07-24 22:03:04,10203.7,5805.47
2022-07-24 22:03:03,10305.5,5703.67
2022-07-24 22:03:02,9713.88,6295.31
2022-07-24 22:03:01,9086.2,6922.99
2022-07-24 22:03:00,9085.68,6923.5
2022-07-24 22:02:59,9086.25,6922.94
2022-07-24 22:02:58,9086.61,6922.58
2022-07-24 22:02:57,9086.96,6922.23
2022-07-24 22:02:56,9087.08,6922.11
2022-07-24 22:02:55,9085.9,6923.29
2022-07-24 22:02:54,9086.8,6922.39
2022-07-24 22:02:53,9085.96,6923.23
2022-07-24 22:02:52,9093.06,6916.13
2022-07-24 22:02:51,9095.63,6913.56
2022-07-24 22:02:50,9096.32,6912.87
2022-07-24 22:02:49,9118.02,6891.17
2022-07-24 22:02:48,9101.05,6908.14
2022-07-24 22:02:47,9100.46,6908.72
2022-07-24 22:02:46,9099.7,6909.48
2022-07-24 22:02:45,9135.72,6873.47
2022-07-24 22:02:44,9137.19,6872
2022-07-24 22:02:43,9114.73,6894.45
2022-07-24 22:02:42,9163.68,6845.51
2022-07-24 22:02:41,9188.15,6821.04
2022-07-24 22:02:40,9357.21,6651.97
2022-07-24 22:02:39,9426.76,6582.43
2022-07-24 22:02:38,9505.29,6503.89
2022-07-24 22:02:37,9771.21,6237.97
2022-07-24 22:02:36,9946.75,6062.44
2022-07-24 22:02:35,10373.1,5636.08
2022-07-24 22:02:34,10508.7,5500.46
2022-07-24 22:02:33,10671.4,5337.84
2022-07-24 22:02:32,10761.5,5247.65
2022-07-24 22:02:31,10903.6,5105.64
2022-07-24 22:02:30,11065.6,4943.59
2022-07-24 22:02:29,11207.4,4801.83
2022-07-24 22:02:28,11308.2,4701.02
2022-07-24 22:02:27,10841.1,5168.1
2022-07-24 22:02:26,10449.7,5559.5
2022-07-24 22:02:25,9343.83,6665.36
2022-07-24 22:02:24,9345.84,6663.35
2022-07-24 22:02:23,9344.6,6664.59
2022-07-24 22:02:22,9348.73,6660.45
2022-07-24 22:02:21,9350.11,6659.07
2022-07-24 22:02:20,9352.23,6656.95
2022-07-24 22:02:19,9353.98,6655.21
2022-07-24 22:02:18,9350.89,6658.3
2022-07-24 22:02:17,9354.33,6654.86
2022-07-24 22:02:16,9359.86,6649.32
2022-07-24 22:02:15,9360.23,6648.96
2022-07-24 22:02:14,9372.22,6636.97
2022-07-24 22:02:13,9374.33,6634.86
2022-07-24 22:02:12,9396.11,6613.07
2022-07-24 22:02:11,9404.09,6605.1
2022-07-24 22:02:10,9441.42,6567.77
2022-07-24 22:02:09,9477.74,6531.45
2022-07-24 22:02:08,9476.27,6532.92
2022-07-24 22:02:07,9494.2,6514.98
2022-07-24 22:02:06,9542.97,6466.21
2022-07-24 22:02:05,9547,6462.19
2022-07-24 22:02:04,9637.54,6371.65
2022-07-24 22:02:03,9830.06,6179.13
2022-07-24 22:02:02,9862.18,6147.01
2022-07-24 22:02:01,9990.31,6018.87
2022-07-24 22:02:00,9999.04,6010.15
2022-07-24 22:01:59,10143,5866.18
2022-07-24 22:01:58,10635.1,5374.11
2022-07-24 22:01:57,10743.8,5265.38
2022-07-24 22:01:56,11058.6,4950.57
2022-07-24 22:01:55,10816.3,5192.87
2022-07-24 22:01:54,10963.8,5045.43
2022-07-24 22:01:53,11049.5,4959.7
2022-07-24 22:01:52,11183.9,4825.33
2022-07-24 22:01:51,11317.9,4691.32
2022-07-24 22:01:50,11455.3,4553.86
2022-07-24 22:01:49,10508.6,5500.54
2022-07-24 22:01:48,9292.72,6716.47
2022-07-24 22:01:47,9293.12,6716.07
2022-07-24 22:01:46,9296.8,6712.39
2022-07-24 22:01:45,9287.85,6721.34
2022-07-24 22:01:44,9288.73,6720.45
2022-07-24 22:01:43,9288.57,6720.62
2022-07-24 22:01:42,9290.94,6718.25
2022-07-24 22:01:41,9292.36,6716.82
2022-07-24 22:01:40,9271.66,6737.53
2022-07-24 22:01:39,9294.53,6714.66
2022-07-24 22:01:38,9333.75,6675.44
2022-07-24 22:01:37,9333.76,6675.43
2022-07-24 22:01:36,9335.56,6673.63
2022-07-24 22:01:35,9337.36,6671.82
2022-07-24 22:01:34,9384.51,6624.68
2022-07-24 22:01:33,9385.77,6623.42
2022-07-24 22:01:32,9386.27,6622.91
2022-07-24 22:01:31,9449.14,6560.05
2022-07-24 22:01:30,9471.36,6537.82
2022-07-24 22:01:29,9490.84,6518.34
2022-07-24 22:01:28,9500.53,6508.66
2022-07-24 22:01:27,9549.75,6459.44
2022-07-24 22:01:26,9597.69,6411.5
2022-07-24 22:01:25,9757.04,6252.14
2022-07-24 22:01:24,9829.28,6179.91
2022-07-24 22:01:23,9923.47,6085.72
2022-07-24 22:01:22,10086.4,5922.84
2022-07-24 22:01:21,10174.6,5834.63
2022-07-24 22:01:20,10418,5591.23
2022-07-24 22:01:19,10577,5432.17
2022-07-24 22:01:18,11157.4,4851.79
2022-07-24 22:01:17,11332.5,4676.7
2022-07-24 22:01:16,10976.8,5032.35
2022-07-24 22:01:15,11095.1,4914.05
2022-07-24 22:01:14,11209.1,4800.14
2022-07-24 22:01:13,11357.3,4651.84
2022-07-24 22:01:12,10981.7,5027.54
2022-07-24 22:01:11,9263.57,6745.61
2022-07-24 22:01:10,9264.91,6744.28
2022-07-24 22:01:09,9264.16,6745.03
2022-07-24 22:01:08,9266.01,6743.18
2022-07-24 22:01:07,9266.49,6742.7
2022-07-24 22:01:06,9267.75,6741.44
2022-07-24 22:01:05,9268.58,6740.61
2022-07-24 22:01:04,9270.25,6738.93
2022-07-24 22:01:03,9271.87,6737.32
2022-07-24 22:01:02,9271.85,6737.34
2022-07-24 22:01:01,9272.62,6736.56
2022-07-24 22:01:00,9288.47,6720.72
2022-07-24 22:00:59,9287.79,6721.4
2022-07-24 22:00:58,9288.92,6720.27
2022-07-24 22:00:57,9308.09,6701.09
2022-07-24 22:00:56,9298.55,6710.64
2022-07-24 22:00:55,9299.35,6709.84
2022-07-24 22:00:54,9302.63,6706.56
2022-07-24 22:00:53,9331.33,6677.86
2022-07-24 22:00:52,9333.91,6675.27
2022-07-24 22:00:51,9354.89,6654.3
2022-07-24 22:00:50,9434.79,6574.4
2022-07-24 22:00:49,9461.33,6547.86
2022-07-24 22:00:48,9649.76,6359.43
2022-07-24 22:00:47,9691.35,6317.84
2022-07-24 22:00:46,9793.94,6215.25
2022-07-24 22:00:45,9976.73,6032.46
2022-07-24 22:00:44,10145.2,5864
2022-07-24 22:00:43,10256.5,5752.71
2022-07-24 22:00:42,10665.9,5343.34
2022-07-24 22:00:41,11122.3,4886.89
2022-07-24 22:00:40,11326.5,4682.66
2022-07-24 22:00:39,10947,5062.16
2022-07-24 22:00:38,11085.6,4923.57
2022-07-24 22:00:37,11172.8,4836.41
2022-07-24 22:00:36,11337.6,4671.62
2022-07-24 22:00:35,11384.5,4624.73
2022-07-24 22:00:34,9880.98,6128.21
2022-07-24 22:00:33,9383.6,6625.59
2022-07-24 22:00:32,9383.27,6625.91
2022-07-24 22:00:31,9388.07,6621.12
2022-07-24 22:00:30,9399.52,6609.67
2022-07-24 22:00:29,9402.32,6606.87
2022-07-24 22:00:28,9404.75,6604.43
2022-07-24 22:00:27,9421.89,6587.3
2022-07-24 22:00:26,9423.41,6585.77
2022-07-24 22:00:25,9433.57,6575.61
2022-07-24 22:00:24,9457.99,6551.2
2022-07-24 22:00:23,9457.48,6551.71
2022-07-24 22:00:22,9478.68,6530.5
2022-07-24 22:00:21,9507.34,6501.85
2022-07-24 22:00:20,9525.52,6483.67
2022-07-24 22:00:19,9525.26,6483.93
2022-07-24 22:00:18,9555.25,6453.94
2022-07-24 22:00:17,9600.71,6408.48
2022-07-24 22:00:16,9619.45,6389.74
2022-07-24 22:00:15,9630.25,6378.94
2022-07-24 22:00:14,9680.27,6328.91
2022-07-24 22:00:13,9715.45,6293.73
2022-07-24 22:00:12,9738.35,6270.84
2022-07-24 22:00:11,9801.88,6207.3
2022-07-24 22:00:10,9847.14,6162.05
2022-07-24 22:00:09,10036.1,5973.13
2022-07-24 22:00:08,10134.6,5874.57
2022-07-24 22:00:07,10495.6,5513.59
2022-07-24 22:00:06,10655.6,5353.59
2022-07-24 22:00:05,10696.9,5312.34
2022-07-24 22:00:04,10819.4,5189.82
2022-07-24 22:00:03,11278.3,4730.93
2022-07-24 22:00:02,11422.3,4586.87
2022-07-24 22:00:01,11113.1,4896.07
2022-07-24 22:00:00,11253.7,4755.45
2022-07-24 21:59:59,11349,4660.23
2022-07-24 21:59:58,10456.2,5553.01
2022-07-24 21:59:57,9912.04,6097.14
2022-07-24 21:59:56,9281.76,6727.43
2022-07-24 21:59:55,9286.18,6723.01
2022-07-24 21:59:54,9286.5,6722.69
2022-07-24 21:59:53,9291.26,6717.93
2022-07-24 21:59:52,9290.22,6718.96
2022-07-24 21:59:51,9301.87,6707.32
2022-07-24 21:59:50,9301.89,6707.3
2022-07-24 21:59:49,9304.65,6704.54
2022-07-24 21:59:48,9313.57,6695.61
2022-07-24 21:59:47,9324.36,6684.82
2022-07-24 21:59:46,9325.72,6683.47
2022-07-24 21:59:45,9327.68,6681.5
2022-07-24 21:59:44,9387.14,6622.05
2022-07-24 21:59:43,9387.98,6621.21
2022-07-24 21:59:42,9388.83,6620.36
2022-07-24 21:59:41,9442.9,6566.29
2022-07-24 21:59:40,9441.48,6567.7
2022-07-24 21:59:39,9452.63,6556.56
2022-07-24 21:59:38,9497.74,6511.45
2022-07-24 21:59:37,9506.26,6502.93
2022-07-24 21:59:36,9521.45,6487.74
2022-07-24 21:59:35,9568.22,6440.97
2022-07-24 21:59:34,9585.46,6423.73
2022-07-24 21:59:33,9647.98,6361.2
2022-07-24 21:59:32,9833.87,6175.31
2022-07-24 21:59:31,9958.87,6050.31
2022-07-24 21:59:30,10086.4,5922.8
2022-07-24 21:59:29,10342,5667.17
2022-07-24 21:59:28,10675.5,5333.71
2022-07-24 21:59:27,11084.4,4924.78
2022-07-24 21:59:26,11293.4,4715.84
2022-07-24 21:59:25,11480.2,4528.95
2022-07-24 21:59:24,11282.6,4726.57
2022-07-24 21:59:23,11115.4,4893.81
2022-07-24 21:59:22,11275.5,4733.65
2022-07-24 21:59:21,10882,5127.22
2022-07-24 21:59:20,9089.78,6919.4
2022-07-24 21:59:19,9091.62,6917.57
2022-07-24 21:59:18,9092.39,6916.79
2022-07-24 21:59:17,9088.87,6920.32
2022-07-24 21:59:16,9088.31,6920.88
2022-07-24 21:59:15,9090.2,6918.99
2022-07-24 21:59:14,9092.11,6917.08
2022-07-24 21:59:13,9090.78,6918.41
2022-07-24 21:59:12,9092.08,6917.11
2022-07-24 21:59:11,9102.32,6906.87
2022-07-24 21:59:10,9101.18,6908
2022-07-24 21:59:09,9105.02,6904.16
2022-07-24 21:59:08,9103.84,6905.35
2022-07-24 21:59:07,9123.36,6885.83
2022-07-24 21:59:06,9124.41,6884.78
2022-07-24 21:59:05,9123.01,6886.18
2022-07-24 21:59:04,9123.94,6885.25
2022-07-24 21:59:03,9146.98,6862.21
2022-07-24 21:59:02,9149.16,6860.02
2022-07-24 21:59:01,9149.18,6860
2022-07-24 21:59:00,9155.67,6853.52
2022-07-24 21:58:59,9158.03,6851.16
2022-07-24 21:58:58,9160.48,6848.7
2022-07-24 21:58:57,9241.75,6767.44
2022-07-24 21:58:56,9240.64,6768.55
2022-07-24 21:58:55,9574.47,6434.72
2022-07-24 21:58:54,9697.87,6311.32
2022-07-24 21:58:53,9913.27,6095.92
2022-07-24 21:58:52,10306.3,5702.85
2022-07-24 21:58:51,10462.4,5546.75
2022-07-24 21:58:50,10971.3,5037.93
2022-07-24 21:58:49,11207.5,4801.69
2022-07-24 21:58:48,11398,4611.17
2022-07-24 21:58:47,11548.7,4460.5
2022-07-24 21:58:46,11177.9,4831.33
2022-07-24 21:58:45,11320.7,4688.5
2022-07-24 21:58:44,11303.7,4705.5
2022-07-24 21:58:43,9363.08,6646.11
2022-07-24 21:58:42,9366.25,6642.93
2022-07-24 21:58:41,9365.35,6643.84
2022-07-24 21:58:40,9368.37,6640.82
2022-07-24 21:58:39,9370.68,6638.5
2022-07-24 21:58:38,9372.66,6636.53
2022-07-24 21:58:37,9375.74,6633.45
2022-07-24 21:58:36,9378.25,6630.94
2022-07-24 21:58:35,9379.3,6629.89
2022-07-24 21:58:34,9380.83,6628.36
2022-07-24 21:58:33,9392.45,6616.74
2022-07-24 21:58:32,9400.5,6608.69
2022-07-24 21:58:31,9425.39,6583.8
2022-07-24 21:58:30,9423.78,6585.41
2022-07-24 21:58:29,9480.19,6529
2022-07-24 21:58:28,9490.55,6518.64
2022-07-24 21:58:27,9506.16,6503.03
2022-07-24 21:58:26,9541.27,6467.92
2022-07-24 21:58:25,9600.35,6408.84
2022-07-24 21:58:24,9602.86,6406.33
2022-07-24 21:58:23,9649.3,6359.89
2022-07-24 21:58:22,9695.6,6313.59
2022-07-24 21:58:21,9700.8,6308.39
2022-07-24 21:58:20,9756.15,6253.04
2022-07-24 21:58:19,9797.99,6211.2
2022-07-24 21:58:18,9999.68,6009.5
2022-07-24 21:58:17,10122.6,5886.61
2022-07-24 21:58:16,10180,5829.15
2022-07-24 21:58:15,10548.2,5460.95
2022-07-24 21:58:14,10816.6,5192.59
2022-07-24 21:58:13,11059.6,4949.57
2022-07-24 21:58:12,11175.6,4833.62
2022-07-24 21:58:11,11424.3,4584.85
2022-07-24 21:58:10,11549.1,4460.13
2022-07-24 21:58:09,11208.6,4800.55
2022-07-24 21:58:08,11343.9,4665.32
2022-07-24 21:58:07,10979,5030.17
2022-07-24 21:58:06,10044.8,5964.41
2022-07-24 21:58:05,9564.71,6444.48
2022-07-24 21:58:04,9575.76,6433.43
2022-07-24 21:58:03,9578.62,6430.57
2022-07-24 21:58:02,9577.22,6431.96
2022-07-24 21:58:01,9593.2,6415.98
2022-07-24 21:58:00,9594.02,6415.16
2022-07-24 21:57:59,9598.53,6410.66
2022-07-24 21:57:58,9613.02,6396.17
2022-07-24 21:57:57,9615.72,6393.47
2022-07-24 21:57:56,9617.97,6391.22
2022-07-24 21:57:55,9635.47,6373.72
2022-07-24 21:57:54,9636.23,6372.96
2022-07-24 21:57:53,9649.88,6359.31
2022-07-24 21:57:52,9689.22,6319.97
2022-07-24 21:57:51,9690.97,6318.22
2022-07-24 21:57:50,9709.98,6299.2
2022-07-24 21:57:49,9762.43,6246.76
2022-07-24 21:57:48,9764.97,6244.22
2022-07-24 21:57:47,9799.03,6210.16
2022-07-24 21:57:46,9835.99,6173.2
2022-07-24 21:57:45,9838.45,6170.73
2022-07-24 21:57:44,9899.8,6109.39
2022-07-24 21:57:43,9965.93,6043.26
2022-07-24 21:57:42,10004.6,6004.54
2022-07-24 21:57:41,10099.9,5909.28
2022-07-24 21:57:40,10282.8,5726.39
2022-07-24 21:57:39,10484.9,5524.29
2022-07-24 21:57:38,10638.7,5370.48
2022-07-24 21:57:37,10944.8,5064.4
2022-07-24 21:57:36,11220.2,4788.99
2022-07-24 21:57:35,11329.9,4679.28
2022-07-24 21:57:34,11434.7,4574.51
2022-07-24 21:57:33,11556.7,4452.48
2022-07-24 21:57:32,11721.2,4287.94
2022-07-24 21:57:31,11250.6,4758.57
2022-07-24 21:57:30,9541.55,6467.64
2022-07-24 21:57:29,9563.7,6445.48
2022-07-24 21:57:28,9069.56,6939.62
2022-07-24 21:57:27,9068.94,6940.25
2022-07-24 21:57:26,9069.25,6939.94
2022-07-24 21:57:25,9068.25,6940.93
2022-07-24 21:57:24,9071.29,6937.9
2022-07-24 21:57:23,9071.1,6938.09
2022-07-24 21:57:22,9072.9,6936.29
2022-07-24 21:57:21,9073.18,6936.01
2022-07-24 21:57:20,9073.76,6935.43
2022-07-24 21:57:19,9078.46,6930.72
2022-07-24 21:57:18,9079.47,6929.72
2022-07-24 21:57:17,9077.98,6931.21
2022-07-24 21:57:16,9082.05,6927.14
2022-07-24 21:57:15,9092.52,6916.66
2022-07-24 21:57:14,9093.01,6916.18
2022-07-24 21:57:13,9094.09,6915.1
2022-07-24 21:57:12,9108.72,6900.47
2022-07-24 21:57:11,9110.18,6899.01
2022-07-24 21:57:10,9115.77,6893.41
2022-07-24 21:57:09,9129.55,6879.63
2022-07-24 21:57:08,9132.03,6877.16
2022-07-24 21:57:07,9154.54,6854.64
2022-07-24 21:57:06,9191.1,6818.09
2022-07-24 21:57:05,9244.21,6764.98
2022-07-24 21:57:04,9337.15,6672.03
2022-07-24 21:57:03,9897.47,6111.72
2022-07-24 21:57:02,10061.3,5947.89
2022-07-24 21:57:01,10217,5792.15
2022-07-24 21:57:00,10668.7,5340.44
2022-07-24 21:56:59,11113.3,4895.88
2022-07-24 21:56:58,11251.2,4757.96
2022-07-24 21:56:57,11435.2,4574.03
2022-07-24 21:56:56,11583,4426.16
2022-07-24 21:56:55,11717.6,4291.54
2022-07-24 21:56:54,10753.4,5255.75
2022-07-24 21:56:53,10259.9,5749.31
2022-07-24 21:56:52,9241.27,6767.91
2022-07-24 21:56:51,9241.29,6767.89
2022-07-24 21:56:50,9246.55,6762.64
2022-07-24 21:56:49,9248.17,6761.02
2022-07-24 21:56:48,9248.46,6760.73
2022-07-24 21:56:47,9257.7,6751.49
2022-07-24 21:56:46,9259.28,6749.91
2022-07-24 21:56:45,9261.41,6747.78
2022-07-24 21:56:44,9272.41,6736.78
2022-07-24 21:56:43,9271.74,6737.45
2022-07-24 21:56:42,9273.32,6735.87
2022-07-24 21:56:41,9273.66,6735.52
2022-07-24 21:56:40,9287.71,6721.48
2022-07-24 21:56:39,9287.72,6721.47
2022-07-24 21:56:38,9290.33,6718.86
2022-07-24 21:56:37,9318.05,6691.14
2022-07-24 21:56:36,9318.6,6690.59
2022-07-24 21:56:35,9346.21,6662.98
2022-07-24 21:56:34,9358.66,6650.53
2022-07-24 21:56:33,9389.01,6620.18
2022-07-24 21:56:32,9391.94,6617.25
2022-07-24 21:56:31,9438.79,6570.39
2022-07-24 21:56:30,9495.93,6513.25
2022-07-24 21:56:29,9524.06,6485.12
2022-07-24 21:56:28,9656.24,6352.95
2022-07-24 21:56:27,9998.59,6010.6
2022-07-24 21:56:26,10042.5,5966.68
2022-07-24 21:56:25,10397.5,5611.65
2022-07-24 21:56:24,10693.6,5315.57
2022-07-24 21:56:23,10847.7,5161.47
2022-07-24 21:56:22,11050.6,4958.55
2022-07-24 21:56:21,11326.2,4683
2022-07-24 21:56:20,11437.2,4572.02
2022-07-24 21:56:19,11589.6,4419.59
2022-07-24 21:56:18,11722.5,4286.68
2022-07-24 21:56:17,11257.9,4751.33
2022-07-24 21:56:16,9752.3,6256.88
2022-07-24 21:56:15,9776.49,6232.69
2022-07-24 21:56:14,9157.08,6852.11
2022-07-24 21:56:13,9157.66,6851.53
2022-07-24 21:56:12,9161.49,6847.7
2022-07-24 21:56:11,9162.23,6846.96
2022-07-24 21:56:10,9161.2,6847.99
2022-07-24 21:56:09,9162.59,6846.6
2022-07-24 21:56:08,9166.95,6842.23
2022-07-24 21:56:07,9168.57,6840.62
2022-07-24 21:56:06,9169.52,6839.67
2022-07-24 21:56:05,9184.4,6824.79
2022-07-24 21:56:04,9185.42,6823.77
2022-07-24 21:56:03,9197.86,6811.33
2022-07-24 21:56:02,9213.32,6795.87
2022-07-24 21:56:01,9212.68,6796.5
2022-07-24 21:56:00,9235.32,6773.86
2022-07-24 21:55:59,9231.57,6777.61
2022-07-24 21:55:58,9238.45,6770.74
2022-07-24 21:55:57,9259.87,6749.31
2022-07-24 21:55:56,9263.3,6745.88
2022-07-24 21:55:55,9271.39,6737.79
2022-07-24 21:55:54,9288.32,6720.87
2022-07-24 21:55:53,9318.19,6691
2022-07-24 21:55:52,9319.98,6689.2
2022-07-24 21:55:51,9409.71,6599.48
2022-07-24 21:55:50,9561.62,6447.56
2022-07-24 21:55:49,9692,6317.19
2022-07-24 21:55:48,9841.85,6167.34
2022-07-24 21:55:47,10468.4,5540.76
2022-07-24 21:55:46,10691.8,5317.41
2022-07-24 21:55:45,10866.7,5142.47
2022-07-24 21:55:44,11213.7,4795.47
2022-07-24 21:55:43,11382.9,4626.31
2022-07-24 21:55:42,11525.4,4483.8
2022-07-24 21:55:41,11696.2,4313.01
2022-07-24 21:55:40,11383.6,4625.55
2022-07-24 21:55:39,10899.3,5109.87
2022-07-24 21:55:38,9312.84,6696.35
2022-07-24 21:55:37,9317.59,6691.6
2022-07-24 21:55:36,9323.47,6685.72
2022-07-24 21:55:35,9326.53,6682.66
2022-07-24 21:55:34,9330.19,6679
2022-07-24 21:55:33,9338.94,6670.25
2022-07-24 21:55:32,9340.64,6668.55
2022-07-24 21:55:31,9339.94,6669.25
2022-07-24 21:55:30,9352.29,6656.89
2022-07-24 21:55:29,9362.23,6646.96
2022-07-24 21:55:28,9361.99,6647.2
2022-07-24 21:55:27,9375.55,6633.64
2022-07-24 21:55:26,9387.92,6621.27
2022-07-24 21:55:25,9402.64,6606.55
2022-07-24 21:55:24,9403.28,6605.91
2022-07-24 21:55:23,9415.1,6594.09
2022-07-24 21:55:22,9432.06,6577.13
2022-07-24 21:55:21,9425.46,6583.73
2022-07-24 21:55:20,9443.86,6565.32
2022-07-24 21:55:19,9484.22,6524.97
2022-07-24 21:55:18,9492.82,6516.37
2022-07-24 21:55:17,9517.32,6491.87
2022-07-24 21:55:16,9561.21,6447.98
2022-07-24 21:55:15,9586.75,6422.44
2022-07-24 21:55:14,9708.16,6301.02
2022-07-24 21:55:13,9862.89,6146.3
2022-07-24 21:55:12,10049,5960.15
2022-07-24 21:55:11,10282.7,5726.44
2022-07-24 21:55:10,10435.1,5574.08
2022-07-24 21:55:09,10758.5,5250.65
2022-07-24 21:55:08,11145.5,4863.67
2022-07-24 21:55:07,11354.5,4654.71
2022-07-24 21:55:06,11357.1,4652.11
2022-07-24 21:55:05,10958.7,5050.5
2022-07-24 21:55:04,11046.9,4962.33
2022-07-24 21:55:03,11203.5,4805.7
2022-07-24 21:55:02,10761.9,5247.33
2022-07-24 21:55:01,8921.61,7087.58
2022-07-24 21:55:00,8923.18,7086
2022-07-24 21:54:59,8923.42,7085.77
2022-07-24 21:54:58,8921.63,7087.56
2022-07-24 21:54:57,8918.61,7090.57
2022-07-24 21:54:56,8919.49,7089.69
2022-07-24 21:54:55,8919.03,7090.16
2022-07-24 21:54:54,8918.88,7090.31
2022-07-24 21:54:53,8920.71,7088.48
2022-07-24 21:54:52,8919.69,7089.5
2022-07-24 21:54:51,8919.68,7089.5
2022-07-24 21:54:50,8920,7089.18
2022-07-24 21:54:49,8921.29,7087.9
2022-07-24 21:54:48,8920.79,7088.4
2022-07-24 21:54:47,8919.59,7089.6
2022-07-24 21:54:46,8919.85,7089.34
2022-07-24 21:54:45,8911.19,7098
2022-07-24 21:54:44,8909.95,7099.24
2022-07-24 21:54:43,8911.02,7098.16
2022-07-24 21:54:42,8912.3,7096.88
2022-07-24 21:54:41,8912.46,7096.72
2022-07-24 21:54:40,8946.82,7062.37
2022-07-24 21:54:39,8930.41,7078.77
2022-07-24 21:54:38,9025.23,6983.96
2022-07-24 21:54:37,9288.16,6721.03
2022-07-24 21:54:36,9481.02,6528.17
2022-07-24 21:54:35,9509.88,6499.31
2022-07-24 21:54:34,9774.91,6234.28
2022-07-24 21:54:33,10356.9,5652.25
2022-07-24 21:54:32,10665.6,5343.57
2022-07-24 21:54:31,10891.4,5117.84
2022-07-24 21:54:30,11067.9,4941.32
2022-07-24 21:54:29,11411.4,4597.75
2022-07-24 21:54:28,11002.4,5006.76
2022-07-24 21:54:27,11160.8,4848.37
2022-07-24 21:54:26,11288.9,4720.25
2022-07-24 21:54:25,10806.7,5202.53
2022-07-24 21:54:24,9756.66,6252.52
2022-07-24 21:54:23,9243.92,6765.27
2022-07-24 21:54:22,9246.17,6763.02
2022-07-24 21:54:21,9246.21,6762.98
2022-07-24 21:54:20,9249.21,6759.97
2022-07-24 21:54:19,9258,6751.19
2022-07-24 21:54:18,9258.2,6750.98
2022-07-24 21:54:17,9264.04,6745.15
2022-07-24 21:54:16,9269.78,6739.4
2022-07-24 21:54:15,9287.54,6721.65
2022-07-24 21:54:14,9290.19,6718.99
2022-07-24 21:54:13,9306.11,6703.07
2022-07-24 21:54:12,9316.07,6693.12
2022-07-24 21:54:11,9341.92,6667.27
2022-07-24 21:54:10,9345.57,6663.62
2022-07-24 21:54:09,9372.92,6636.27
2022-07-24 21:54:08,9394.25,6614.94
2022-07-24 21:54:07,9397.03,6612.15
2022-07-24 21:54:06,9443.78,6565.41
2022-07-24 21:54:05,9450.47,6558.72
2022-07-24 21:54:04,9445.8,6563.38
2022-07-24 21:54:03,9518.78,6490.41
2022-07-24 21:54:02,9528.6,6480.59
2022-07-24 21:54:01,9682.57,6326.61
2022-07-24 21:54:00,9767.27,6241.92
2022-07-24 21:53:59,9853.44,6155.75
2022-07-24 21:53:58,9966.28,6042.91
2022-07-24 21:53:57,9977,6032.18
2022-07-24 21:53:56,10311.1,5698.1
2022-07-24 21:53:55,10803.9,5205.3
2022-07-24 21:53:54,11024.9,4984.32
2022-07-24 21:53:53,11314.8,4694.44
2022-07-24 21:53:52,10938.6,5070.59
2022-07-24 21:53:51,11032.9,4976.3
2022-07-24 21:53:50,11111.6,4897.57
2022-07-24 21:53:49,11261.5,4747.68
2022-07-24 21:53:48,11449.6,4559.61
2022-07-24 21:53:47,9750.54,6258.65
2022-07-24 21:53:46,9126.54,6882.65
2022-07-24 21:53:45,9128.47,6880.72
2022-07-24 21:53:44,9129.81,6879.37
2022-07-24 21:53:43,9128.28,6880.91
2022-07-24 21:53:42,9129.55,6879.64
2022-07-24 21:53:41,9132.02,6877.17
2022-07-24 21:53:40,9132.44,6876.75
2022-07-24 21:53:39,9131.27,6877.92
2022-07-24 21:53:38,9133.3,6875.88
2022-07-24 21:53:37,9136.58,6872.61
2022-07-24 21:53:36,9137.45,6871.73
2022-07-24 21:53:35,9135.29,6873.9
2022-07-24 21:53:34,9152.43,6856.75
2022-07-24 21:53:33,9154.98,6854.21
2022-07-24 21:53:32,9157.12,6852.07
2022-07-24 21:53:31,9161.7,6847.49
2022-07-24 21:53:30,9177.32,6831.86
2022-07-24 21:53:29,9224.86,6784.33
2022-07-24 21:53:28,9242.5,6766.68
2022-07-24 21:53:27,9248.8,6760.38
2022-07-24 21:53:26,9305.24,6703.95
2022-07-24 21:53:25,9330.35,6678.84
2022-07-24 21:53:24,9483.07,6526.12
2022-07-24 21:53:23,9573.8,6435.39
2022-07-24 21:53:22,9605.7,6403.49
2022-07-24 21:53:21,9814.5,6194.68
2022-07-24 21:53:20,9841.81,6167.38
2022-07-24 21:53:19,10047.2,5961.96
2022-07-24 21:53:18,10540.3,5468.86
2022-07-24 21:53:17,11076.1,4933.05
2022-07-24 21:53:16,11299.8,4709.36
2022-07-24 21:53:15,10945.6,5063.57
2022-07-24 21:53:14,11062.9,4946.3
2022-07-24 21:53:13,11145.8,4863.39
2022-07-24 21:53:12,11320.1,4689.1
2022-07-24 21:53:11,11472.7,4536.47
2022-07-24 21:53:10,10379.3,5629.88
2022-07-24 21:53:09,9122.19,6887
2022-07-24 21:53:08,9121.96,6887.23
2022-07-24 21:53:07,9123.3,6885.89
2022-07-24 21:53:06,9125.75,6883.43
2022-07-24 21:53:05,9125.27,6883.92
2022-07-24 21:53:04,9125.36,6883.83
2022-07-24 21:53:03,9126.62,6882.57
2022-07-24 21:53:02,9128.62,6880.57
2022-07-24 21:53:01,9126.52,6882.67
2022-07-24 21:53:00,9128.19,6881
2022-07-24 21:52:59,9147.29,6861.9
2022-07-24 21:52:58,9147.57,6861.62
2022-07-24 21:52:57,9147.52,6861.66
2022-07-24 21:52:56,9167.97,6841.22
2022-07-24 21:52:55,9170.15,6839.04
2022-07-24 21:52:54,9171.16,6838.02
2022-07-24 21:52:53,9236.67,6772.52
2022-07-24 21:52:52,9237.56,6771.63
2022-07-24 21:52:51,9228.94,6780.25
2022-07-24 21:52:50,9255.84,6753.35
2022-07-24 21:52:49,9324.83,6684.36
2022-07-24 21:52:48,9360.83,6648.36
2022-07-24 21:52:47,9509.89,6499.29
2022-07-24 21:52:46,9570.01,6439.18
2022-07-24 21:52:45,9626.91,6382.28
2022-07-24 21:52:44,9717.75,6291.44
2022-07-24 21:52:43,9919.44,6089.74
2022-07-24 21:52:42,10063.5,5945.64
2022-07-24 21:52:41,10438.8,5570.41
2022-07-24 21:52:40,10754.8,5254.39
2022-07-24 21:52:39,10467.9,5541.24
2022-07-24 21:52:38,10858.4,5150.81
2022-07-24 21:52:37,10969.6,5039.59
2022-07-24 21:52:36,11153.1,4856.09
2022-07-24 21:52:35,11262.7,4746.51
2022-07-24 21:52:34,10759.7,5249.47
2022-07-24 21:52:33,10266.5,5742.68
2022-07-24 21:52:32,9791.03,6218.15
2022-07-24 21:52:31,9166.03,6843.16
2022-07-24 21:52:30,9172.67,6836.52
2022-07-24 21:52:29,9172.81,6836.37
2022-07-24 21:52:28,9175.23,6833.95
2022-07-24 21:52:27,9175.8,6833.39
2022-07-24 21:52:26,9193.09,6816.09
2022-07-24 21:52:25,9199.06,6810.12
2022-07-24 21:52:24,9200.19,6809
2022-07-24 21:52:23,9201.68,6807.51
2022-07-24 21:52:22,9217.93,6791.26
2022-07-24 21:52:21,9230.26,6778.93
2022-07-24 21:52:20,9232.12,6777.07
2022-07-24 21:52:19,9245.47,6763.72
2022-07-24 21:52:18,9246.67,6762.52
2022-07-24 21:52:17,9264.66,6744.53
2022-07-24 21:52:16,9275.72,6733.47
2022-07-24 21:52:15,9277.6,6731.59
2022-07-24 21:52:14,9286.58,6722.61
2022-07-24 21:52:13,9307.96,6701.23
2022-07-24 21:52:12,9309.75,6699.44
2022-07-24 21:52:11,9311.02,6698.17
2022-07-24 21:52:10,9343.2,6665.99
2022-07-24 21:52:09,9416.26,6592.93
2022-07-24 21:52:08,9597.95,6411.23
2022-07-24 21:52:07,9914.7,6094.49
2022-07-24 21:52:06,10033.5,5975.7
2022-07-24 21:52:05,10197.8,5811.41
2022-07-24 21:52:04,10560.9,5448.27
2022-07-24 21:52:03,10687.1,5322.12
2022-07-24 21:52:02,10803.4,5205.79
2022-07-24 21:52:01,11326.7,4682.46
2022-07-24 21:52:00,11500.2,4508.96
2022-07-24 21:51:59,11149.1,4860.05
2022-07-24 21:51:58,11262,4747.15
2022-07-24 21:51:57,10233.5,5775.73
2022-07-24 21:51:56,10323,5686.16
2022-07-24 21:51:55,10386.9,5622.25
2022-07-24 21:51:54,9361.11,6648.08
2022-07-24 21:51:53,9366.16,6643.03
2022-07-24 21:51:52,9378.27,6630.92
2022-07-24 21:51:51,9386.36,6622.83
2022-07-24 21:51:50,9401.97,6607.22
2022-07-24 21:51:49,9407.39,6601.8
2022-07-24 21:51:48,9420.17,6589.02
2022-07-24 21:51:47,9422.47,6586.72
2022-07-24 21:51:46,9452.08,6557.11
2022-07-24 21:51:45,9448.28,6560.91
2022-07-24 21:51:44,9466.64,6542.55
2022-07-24 21:51:43,9464.73,6544.46
2022-07-24 21:51:42,9504.15,6505.04
2022-07-24 21:51:41,9518,6491.18
2022-07-24 21:51:40,9518.25,6490.94
2022-07-24 21:51:39,9554.46,6454.73
2022-07-24 21:51:38,9589.13,6420.06
2022-07-24 21:51:37,9604.96,6404.23
2022-07-24 21:51:36,9620.92,6388.27
2022-07-24 21:51:35,9662.4,6346.79
2022-07-24 21:51:34,9693.05,6316.14
2022-07-24 21:51:33,9689.44,6319.75
2022-07-24 21:51:32,9734.48,6274.71
2022-07-24 21:51:31,9822.79,6186.39
2022-07-24 21:51:30,10007.4,6001.82
2022-07-24 21:51:29,10131.2,5877.94
2022-07-24 21:51:28,10583.6,5425.63
2022-07-24 21:51:27,10758.8,5250.39
2022-07-24 21:51:26,10864,5145.18
2022-07-24 21:51:25,11076.4,4932.8
2022-07-24 21:51:24,11337.8,4671.4
2022-07-24 21:51:23,11471.1,4538.05
2022-07-24 21:51:22,11615.2,4393.97
2022-07-24 21:51:21,11760.8,4248.38
2022-07-24 21:51:20,10414,5595.14
2022-07-24 21:51:19,10514.8,5494.41
2022-07-24 21:51:18,9934.33,6074.86
2022-07-24 21:51:17,9322.62,6686.57
2022-07-24 21:51:16,9329.08,6680.11
2022-07-24 21:51:15,9338.37,6670.82
2022-07-24 21:51:14,9339.9,6669.29
2022-07-24 21:51:13,9346.53,6662.66
2022-07-24 21:51:12,9358.57,6650.62
2022-07-24 21:51:11,9359.43,6649.76
2022-07-24 21:51:10,9370.41,6638.78
2022-07-24 21:51:09,9372.45,6636.74
2022-07-24 21:51:08,9387.07,6622.12
2022-07-24 21:51:07,9389.24,6619.94
2022-07-24 21:51:06,9420.66,6588.53
2022-07-24 21:51:05,9432.52,6576.66
2022-07-24 21:51:04,9435.56,6573.62
2022-07-24 21:51:03,9468.75,6540.44
2022-07-24 21:51:02,9474.67,6534.52
2022-07-24 21:51:01,9484.3,6524.89
2022-07-24 21:51:00,9523.28,6485.91
2022-07-24 21:50:59,9542.54,6466.64
2022-07-24 21:50:58,9547.61,6461.58
2022-07-24 21:50:57,9594.28,6414.91
2022-07-24 21:50:56,9597.94,6411.25
2022-07-24 21:50:55,9615.03,6394.15
2022-07-24 21:50:54,9686.55,6322.63
2022-07-24 21:50:53,9724.12,6285.07
2022-07-24 21:50:52,10077.6,5931.63
2022-07-24 21:50:51,10195.5,5813.66
2022-07-24 21:50:50,10377.1,5632.14
2022-07-24 21:50:49,10898.3,5110.89
2022-07-24 21:50:48,11125.5,4883.7
2022-07-24 21:50:47,11270.2,4738.99
2022-07-24 21:50:46,11451.9,4557.29
2022-07-24 21:50:45,11601.3,4407.91
2022-07-24 21:50:44,11750.5,4258.64
2022-07-24 21:50:43,10795.5,5213.64
2022-07-24 21:50:42,10400.9,5608.26
2022-07-24 21:50:41,9260.18,6749
2022-07-24 21:50:40,9265.38,6743.81
2022-07-24 21:50:39,9269.01,6740.18
2022-07-24 21:50:38,9269.87,6739.32
2022-07-24 21:50:37,9272.9,6736.29
2022-07-24 21:50:36,9280.17,6729.02
2022-07-24 21:50:35,9291.39,6717.8
2022-07-24 21:50:34,9292.27,6716.92
2022-07-24 21:50:33,9295.01,6714.18
2022-07-24 21:50:32,9308.37,6700.82
2022-07-24 21:50:31,9335.86,6673.32
2022-07-24 21:50:30,9341.27,6667.92
2022-07-24 21:50:29,9361.98,6647.21
2022-07-24 21:50:28,9369.89,6639.29
2022-07-24 21:50:27,9387.2,6621.99
2022-07-24 21:50:26,9408.49,6600.7
2022-07-24 21:50:25,9411.6,6597.59
2022-07-24 21:50:24,9431.14,6578.04
2022-07-24 21:50:23,9464.41,6544.78
2022-07-24 21:50:22,9465.49,6543.7
2022-07-24 21:50:21,9482.71,6526.48
2022-07-24 21:50:20,9504.32,6504.87
2022-07-24 21:50:19,9521.24,6487.95
2022-07-24 21:50:18,9548.68,6460.5
2022-07-24 21:50:17,9583.01,6426.18
2022-07-24 21:50:16,9635.34,6373.85
2022-07-24 21:50:15,9746.15,6263.04
2022-07-24 21:50:14,10075.1,5934.05
2022-07-24 21:50:13,10422.6,5586.58
2022-07-24 21:50:12,10604.3,5404.93
2022-07-24 21:50:11,10969.5,5039.64
2022-07-24 21:50:10,11197.1,4812.05
2022-07-24 21:50:09,11366.8,4642.38
2022-07-24 21:50:08,11462.9,4546.31
2022-07-24 21:50:07,11604.5,4404.65
2022-07-24 21:50:06,11740.8,4268.41
2022-07-24 21:50:05,11943,4066.15
2022-07-24 21:50:04,9777.87,6231.32
2022-07-24 21:50:03,9178.48,6830.7
2022-07-24 21:50:02,9180.42,6828.77
2022-07-24 21:50:01,9180.38,6828.8
2022-07-24 21:50:00,9179.18,6830.01
2022-07-24 21:49:59,9181.89,6827.3
2022-07-24 21:49:58,9181.64,6827.55
2022-07-24 21:49:57,9183.94,6825.25
2022-07-24 21:49:56,9184.31,6824.88
2022-07-24 21:49:55,9185.92,6823.27
2022-07-24 21:49:54,9191.77,6817.42
2022-07-24 21:49:53,9192.44,6816.75
2022-07-24 21:49:52,9199.47,6809.72
2022-07-24 21:49:51,9214.09,6795.1
2022-07-24 21:49:50,9218.39,6790.79
2022-07-24 21:49:49,9219.37,6789.82
2022-07-24 21:49:48,9239.45,6769.73
2022-07-24 21:49:47,9259.64,6749.55
2022-07-24 21:49:46,9259.9,6749.28
2022-07-24 21:49:45,9285.76,6723.43
2022-07-24 21:49:44,9306.73,6702.46
2022-07-24 21:49:43,9306.34,6702.84
2022-07-24 21:49:42,9343.09,6666.1
2022-07-24 21:49:41,9368.27,6640.91
2022-07-24 21:49:40,9423.44,6585.75
2022-07-24 21:49:39,9516.89,6492.3
2022-07-24 21:49:38,9544.08,6465.11
2022-07-24 21:49:37,9827.36,6181.83
2022-07-24 21:49:36,10300.4,5708.82
2022-07-24 21:49:35,10392.3,5616.91
2022-07-24 21:49:34,10948.4,5060.78
2022-07-24 21:49:33,11158.6,4850.62
2022-07-24 21:49:32,11328.8,4680.36
2022-07-24 21:49:31,11481.3,4527.92
2022-07-24 21:49:30,11630.8,4378.34
2022-07-24 21:49:29,11773,4236.23
2022-07-24 21:49:28,11456.7,4552.5
2022-07-24 21:49:27,9894.59,6114.6
2022-07-24 21:49:26,9272.73,6736.45
2022-07-24 21:49:25,9282.76,6726.43
2022-07-24 21:49:24,9280.09,6729.1
2022-07-24 21:49:23,9282.41,6726.77
2022-07-24 21:49:22,9287.55,6721.64
2022-07-24 21:49:21,9289.67,6719.52
2022-07-24 21:49:20,9291.49,6717.7
2022-07-24 21:49:19,9293.17,6716.02
2022-07-24 21:49:18,9300.05,6709.14
2022-07-24 21:49:17,9301.29,6707.9
2022-07-24 21:49:16,9302.89,6706.3
2022-07-24 21:49:15,9314.91,6694.27
2022-07-24 21:49:14,9315.39,6693.8
2022-07-24 21:49:13,9316.19,6693
2022-07-24 21:49:12,9336.29,6672.89
2022-07-24 21:49:11,9346.75,6662.43
2022-07-24 21:49:10,9346.36,6662.82
2022-07-24 21:49:09,9365.21,6643.98
2022-07-24 21:49:08,9386.13,6623.05
2022-07-24 21:49:07,9387.51,6621.68
2022-07-24 21:49:06,9459.52,6549.66
2022-07-24 21:49:05,9493.79,6515.4
2022-07-24 21:49:04,9516.78,6492.41
2022-07-24 21:49:03,9575.64,6433.55
2022-07-24 21:49:02,9641.5,6367.68
2022-07-24 21:49:01,9895.34,6113.85
2022-07-24 21:49:00,10117.4,5891.76
2022-07-24 21:48:59,10258.8,5750.35
2022-07-24 21:48:58,10536.6,5472.56
2022-07-24 21:48:57,10806.2,5202.95
2022-07-24 21:48:56,11165.5,4843.64
2022-07-24 21:48:55,11368,4641.19
2022-07-24 21:48:54,11549.2,4459.96
2022-07-24 21:48:53,11030.4,4978.75
2022-07-24 21:48:52,10654.4,5354.82
2022-07-24 21:48:51,10776.8,5232.41
2022-07-24 21:48:50,10242.6,5766.55
2022-07-24 21:48:49,9241.09,6768.1
2022-07-24 21:48:48,9243.39,6765.79
2022-07-24 21:48:47,9244.5,6764.69
2022-07-24 21:48:46,9245.83,6763.36
2022-07-24 21:48:45,9251.35,6757.84
2022-07-24 21:48:44,9263.94,6745.25
2022-07-24 21:48:43,9265.04,6744.14
2022-07-24 21:48:42,9267.6,6741.59
2022-07-24 21:48:41,9273.41,6735.78
2022-07-24 21:48:40,9292.73,6716.46
2022-07-24 21:48:39,9291.53,6717.66
2022-07-24 21:48:38,9305.16,6704.02
2022-07-24 21:48:37,9313.82,6695.37
2022-07-24 21:48:36,9323.28,6685.91
2022-07-24 21:48:35,9337.4,6671.79
2022-07-24 21:48:34,9338.9,6670.29
2022-07-24 21:48:33,9358.56,6650.62
2022-07-24 21:48:32,9362.93,6646.25
2022-07-24 21:48:31,9404.81,6604.38
2022-07-24 21:48:30,9408.4,6600.79
2022-07-24 21:48:29,9433.27,6575.92
2022-07-24 21:48:28,9443.55,6565.64
2022-07-24 21:48:27,9538.1,6471.09
2022-07-24 21:48:26,9600.54,6408.65
2022-07-24 21:48:25,9651.88,6357.31
2022-07-24 21:48:24,10149.7,5859.45
2022-07-24 21:48:23,10273.4,5735.76
2022-07-24 21:48:22,10417.5,5591.66
2022-07-24 21:48:21,10767.1,5242.05
2022-07-24 21:48:20,10887,5122.19
2022-07-24 21:48:19,11224.8,4784.35
2022-07-24 21:48:18,11432.2,4576.99
2022-07-24 21:48:17,11562.8,4446.41
2022-07-24 21:48:16,11696.6,4312.55
2022-07-24 21:48:15,10797.5,5211.71
2022-07-24 21:48:14,10916.2,5093
2022-07-24 21:48:13,10403.5,5605.66
2022-07-24 21:48:12,9261.21,6747.97
2022-07-24 21:48:11,9264.28,6744.91
2022-07-24 21:48:10,9265.8,6743.38
2022-07-24 21:48:09,9265.87,6743.32
2022-07-24 21:48:08,9267.13,6742.05
2022-07-24 21:48:07,9268.58,6740.61
2022-07-24 21:48:06,9271.24,6737.95
2022-07-24 21:48:05,9272.16,6737.02
2022-07-24 21:48:04,9273.93,6735.26
2022-07-24 21:48:03,9272.08,6737.11
2022-07-24 21:48:02,9275.68,6733.51
2022-07-24 21:48:01,9276.07,6733.12
2022-07-24 21:48:00,9306.34,6702.85
2022-07-24 21:47:59,9315.78,6693.41
2022-07-24 21:47:58,9308.56,6700.63
2022-07-24 21:47:57,9333.68,6675.5
2022-07-24 21:47:56,9333.41,6675.78
2022-07-24 21:47:55,9359.81,6649.37
2022-07-24 21:47:54,9382.68,6626.51
2022-07-24 21:47:53,9391.41,6617.78
2022-07-24 21:47:52,9438.13,6571.06
2022-07-24 21:47:51,9462.78,6546.41
2022-07-24 21:47:50,9463.23,6545.96
2022-07-24 21:47:49,9601.93,6407.25
2022-07-24 21:47:48,9606.85,6402.34
2022-07-24 21:47:47,9926.81,6082.37
2022-07-24 21:47:46,10088.5,5920.65
2022-07-24 21:47:45,10164,5845.16
2022-07-24 21:47:44,10450.8,5558.41
2022-07-24 21:47:43,10587.1,5422.08
2022-07-24 21:47:42,10943.6,5065.6
2022-07-24 21:47:41,11270.9,4738.27
2022-07-24 21:47:40,11452.7,4556.5
2022-07-24 21:47:39,11596.6,4412.57
2022-07-24 21:47:38,11223.6,4785.57
2022-07-24 21:47:37,10810.2,5198.95
2022-07-24 21:47:36,10923.1,5086.06
2022-07-24 21:47:35,10496.6,5512.62
2022-07-24 21:47:34,9979.75,6029.43
2022-07-24 21:47:33,9475.23,6533.96
2022-07-24 21:47:32,9481.32,6527.87
2022-07-24 21:47:31,9481.97,6527.22
2022-07-24 21:47:30,9483.59,6525.59
2022-07-24 21:47:29,9494.32,6514.87
2022-07-24 21:47:28,9504.24,6504.94
2022-07-24 21:47:27,9505.13,6504.06
2022-07-24 21:47:26,9521.82,6487.36
2022-07-24 21:47:25,9537.2,6471.98
2022-07-24 21:47:24,9546.3,6462.89
2022-07-24 21:47:23,9547.15,6462.04
2022-07-24 21:47:22,9564.14,6445.05
2022-07-24 21:47:21,9600.98,6408.21
2022-07-24 21:47:20,9624.34,6384.84
2022-07-24 21:47:19,9640.48,6368.71
2022-07-24 21:47:18,9657.62,6351.57
2022-07-24 21:47:17,9725.08,6284.11
2022-07-24 21:47:16,9760.27,6248.91
2022-07-24 21:47:15,9769.65,6239.53
2022-07-24 21:47:14,9861.78,6147.41
2022-07-24 21:47:13,9889.69,6119.5
2022-07-24 21:47:12,9934.52,6074.67
2022-07-24 21:47:11,10055.3,5953.91
2022-07-24 21:47:10,10247.3,5761.87
2022-07-24 21:47:09,10332.1,5677.07
2022-07-24 21:47:08,10611.6,5397.55
2022-07-24 21:47:07,10812.4,5196.79
2022-07-24 21:47:06,10874.2,5135.02
2022-07-24 21:47:05,11064.9,4944.29
2022-07-24 21:47:04,11314,4695.23
2022-07-24 21:47:03,11473.2,4536
2022-07-24 21:47:02,11610.5,4398.72
2022-07-24 21:47:01,11234.9,4774.27
2022-07-24 21:47:00,10936.8,5072.39
2022-07-24 21:46:59,10326.8,5682.38
2022-07-24 21:46:58,10379.6,5629.61
2022-07-24 21:46:57,9248.1,6761.09
2022-07-24 21:46:56,9250.07,6759.11
2022-07-24 21:46:55,9250.54,6758.65
2022-07-24 21:46:54,9257.93,6751.26
2022-07-24 21:46:53,9260.14,6749.05
2022-07-24 21:46:52,9261.12,6748.07
2022-07-24 21:46:51,9260.99,6748.2
2022-07-24 21:46:50,9273.99,6735.2
2022-07-24 21:46:49,9275.51,6733.68
2022-07-24 21:46:48,9276.07,6733.12
2022-07-24 21:46:47,9285.47,6723.72
2022-07-24 21:46:46,9311.58,6697.61
2022-07-24 21:46:45,9311.96,6697.23
2022-07-24 21:46:44,9326.3,6682.89
2022-07-24 21:46:43,9348.28,6660.91
2022-07-24 21:46:42,9348.88,6660.31
2022-07-24 21:46:41,9374.98,6634.21
2022-07-24 21:46:40,9398.33,6610.86
2022-07-24 21:46:39,9398.86,6610.33
2022-07-24 21:46:38,9463.75,6545.44
2022-07-24 21:46:37,9484.96,6524.23
2022-07-24 21:46:36,9505.23,6503.96
2022-07-24 21:46:35,9583.13,6426.06
2022-07-24 21:46:34,9613.59,6395.6
2022-07-24 21:46:33,9773.81,6235.37
2022-07-24 21:46:32,10007.2,6001.97
2022-07-24 21:46:31,10176.1,5833.13
2022-07-24 21:46:30,10223.9,5785.33
2022-07-24 21:46:29,10421.9,5587.33
2022-07-24 21:46:28,10769.1,5240.13
2022-07-24 21:46:27,11214.2,4795.03
2022-07-24 21:46:26,11385.7,4623.52
2022-07-24 21:46:25,11587.3,4421.89
2022-07-24 21:46:24,11057.1,4952.13
2022-07-24 21:46:23,10516.9,5492.28
2022-07-24 21:46:22,10646,5363.23
2022-07-24 21:46:21,10243.1,5766.13
2022-07-24 21:46:20,9648.66,6360.53
2022-07-24 21:46:19,9162.32,6846.87
2022-07-24 21:46:18,9165.52,6843.67
2022-07-24 21:46:17,9166.3,6842.89
2022-07-24 21:46:16,9167.04,6842.14
2022-07-24 21:46:15,9173.77,6835.42
2022-07-24 21:46:14,9174.95,6834.23
2022-07-24 21:46:13,9175.54,6833.65
2022-07-24 21:46:12,9183.54,6825.65
2022-07-24 21:46:11,9183.2,6825.99
2022-07-24 21:46:10,9197.15,6812.04
2022-07-24 21:46:09,9204.84,6804.34
2022-07-24 21:46:08,9206.57,6802.61
2022-07-24 21:46:07,9217.92,6791.27
2022-07-24 21:46:06,9235.37,6773.81
2022-07-24 21:46:05,9236.18,6773.01
2022-07-24 21:46:04,9248.43,6760.75
2022-07-24 21:46:03,9270.18,6739.01
2022-07-24 21:46:02,9273.48,6735.7
2022-07-24 21:46:01,9287.33,6721.86
2022-07-24 21:46:00,9309.02,6700.16
2022-07-24 21:45:59,9323.97,6685.21
2022-07-24 21:45:58,9461.51,6547.68
2022-07-24 21:45:57,9472.93,6536.26
2022-07-24 21:45:56,9503.58,6505.61
2022-07-24 21:45:55,10085.9,5923.29
2022-07-24 21:45:54,10264,5745.18
2022-07-24 21:45:53,10419.3,5589.89
2022-07-24 21:45:52,10621.7,5387.52
2022-07-24 21:45:51,10854.6,5154.57
2022-07-24 21:45:50,11166.4,4842.81
2022-07-24 21:45:49,11373.7,4635.49
2022-07-24 21:45:48,11560.2,4449
2022-07-24 21:45:47,11694.2,4314.96
2022-07-24 21:45:46,11312.9,4696.3
2022-07-24 21:45:45,10942.9,5066.24
2022-07-24 21:45:44,9881.5,6127.69
2022-07-24 21:45:43,9364.79,6644.4
2022-07-24 21:45:42,9365.76,6643.43
2022-07-24 21:45:41,9368.03,6641.16
2022-07-24 21:45:40,9372.88,6636.31
2022-07-24 21:45:39,9373.86,6635.33
2022-07-24 21:45:38,9373.67,6635.52
2022-07-24 21:45:37,9377.53,6631.66
2022-07-24 21:45:36,9387.98,6621.21
2022-07-24 21:45:35,9391.5,6617.68
2022-07-24 21:45:34,9390.5,6618.69
2022-07-24 21:45:33,9418.15,6591.04
2022-07-24 21:45:32,9432.32,6576.87
2022-07-24 21:45:31,9432.97,6576.22
2022-07-24 21:45:30,9475.32,6533.86
2022-07-24 21:45:29,9476.2,6532.99
2022-07-24 21:45:28,9503.87,6505.32
2022-07-24 21:45:27,9526,6483.19
2022-07-24 21:45:26,9544.66,6464.52
2022-07-24 21:45:25,9593.05,6416.14
2022-07-24 21:45:24,9609.21,6399.98
2022-07-24 21:45:23,9639.73,6369.45
2022-07-24 21:45:22,9688.41,6320.77
2022-07-24 21:45:21,9734.72,6274.47
2022-07-24 21:45:20,9761.66,6247.52
2022-07-24 21:45:19,9964.45,6044.73
2022-07-24 21:45:18,10114.7,5894.47
2022-07-24 21:45:17,10278.7,5730.52
2022-07-24 21:45:16,10508.9,5500.32
2022-07-24 21:45:15,10903.1,5106.13
2022-07-24 21:45:14,11052.7,4956.53
2022-07-24 21:45:13,11184,4825.14
2022-07-24 21:45:12,11389.5,4619.7
2022-07-24 21:45:11,11560.6,4448.62
2022-07-24 21:45:10,11691.3,4317.88
2022-07-24 21:45:09,11209.1,4800.13
2022-07-24 21:45:08,10849.6,5159.57
2022-07-24 21:45:07,9289.13,6720.05
2022-07-24 21:45:06,9290.19,6719
2022-07-24 21:45:05,9299.69,6709.5
2022-07-24 21:45:04,9299.73,6709.46
2022-07-24 21:45:03,9305.96,6703.23
2022-07-24 21:45:02,9318.18,6691
2022-07-24 21:45:01,9326.76,6682.43
2022-07-24 21:45:00,9335.65,6673.54
2022-07-24 21:44:59,9345.43,6663.76
2022-07-24 21:44:58,9356.59,6652.6
2022-07-24 21:44:57,9364.83,6644.36
2022-07-24 21:44:56,9369.11,6640.08
2022-07-24 21:44:55,9388.93,6620.25
2022-07-24 21:44:54,9402,6607.19
2022-07-24 21:44:53,9420.89,6588.3
2022-07-24 21:44:52,9438.96,6570.23
2022-07-24 21:44:51,9454.05,6555.14
2022-07-24 21:44:50,9470.59,6538.6
2022-07-24 21:44:49,9509.36,6499.83
2022-07-24 21:44:48,9512.27,6496.92
2022-07-24 21:44:47,9545.43,6463.76
2022-07-24 21:44:46,9559.42,6449.77
2022-07-24 21:44:45,9574.85,6434.34
2022-07-24 21:44:44,9642.43,6366.76
2022-07-24 21:44:43,9649.15,6360.03
2022-07-24 21:44:42,10028.7,5980.49
2022-07-24 21:44:41,10133,5876.22
2022-07-24 21:44:40,10233.3,5775.9
2022-07-24 21:44:39,10592.9,5416.31
2022-07-24 21:44:38,10943.6,5065.61
2022-07-24 21:44:37,11069.2,4939.98
2022-07-24 21:44:36,11188,4821.23
2022-07-24 21:44:35,11331.2,4677.98
2022-07-24 21:44:34,11538.5,4470.71
2022-07-24 21:44:33,11693.4,4315.81
2022-07-24 21:44:32,11241.9,4767.26
2022-07-24 21:44:31,10829.7,5179.53
2022-07-24 21:44:30,9761.3,6247.89
2022-07-24 21:44:29,9264.4,6744.79
2022-07-24 21:44:28,9265.49,6743.7
2022-07-24 21:44:27,9267.04,6742.14
2022-07-24 21:44:26,9272.83,6736.36
2022-07-24 21:44:25,9274.17,6735.02
2022-07-24 21:44:24,9277.67,6731.52
2022-07-24 21:44:23,9285.15,6724.04
2022-07-24 21:44:22,9285.67,6723.52
2022-07-24 21:44:21,9295.48,6713.7
2022-07-24 21:44:20,9302.72,6706.47
2022-07-24 21:44:19,9303.74,6705.45
2022-07-24 21:44:18,9304.93,6704.26
2022-07-24 21:44:17,9323.02,6686.17
2022-07-24 21:44:16,9337.23,6671.95
2022-07-24 21:44:15,9336.34,6672.84
2022-07-24 21:44:14,9357.37,6651.82
2022-07-24 21:44:13,9369.85,6639.34
2022-07-24 21:44:12,9372.69,6636.5
2022-07-24 21:44:11,9433.8,6575.39
2022-07-24 21:44:10,9434.45,6574.73
2022-07-24 21:44:09,9439.5,6569.69
2022-07-24 21:44:08,9524.7,6484.49
2022-07-24 21:44:07,9549.73,6459.46
2022-07-24 21:44:06,9592.41,6416.78
2022-07-24 21:44:05,9691.61,6317.57
2022-07-24 21:44:04,9897.95,6111.24
2022-07-24 21:44:03,9959.41,6049.78
2022-07-24 21:44:02,10304.4,5704.8
2022-07-24 21:44:01,10659.8,5349.38
2022-07-24 21:44:00,11056.4,4952.81
2022-07-24 21:43:59,11241.2,4768
2022-07-24 21:43:58,11386,4623.22
2022-07-24 21:43:57,11500.3,4508.84
2022-07-24 21:43:56,11622.6,4386.56
2022-07-24 21:43:55,11382.1,4627.12
2022-07-24 21:43:54,10935.3,5073.84
2022-07-24 21:43:53,9269.92,6739.27
2022-07-24 21:43:52,9271.52,6737.67
2022-07-24 21:43:51,9271.44,6737.75
2022-07-24 21:43:50,9275.6,6733.59
2022-07-24 21:43:49,9276.51,6732.68
2022-07-24 21:43:48,9283.73,6725.45
2022-07-24 21:43:47,9297.07,6712.12
2022-07-24 21:43:46,9300.09,6709.1
2022-07-24 21:43:45,9300.04,6709.14
2022-07-24 21:43:44,9317.46,6691.73
2022-07-24 21:43:43,9326.45,6682.74
2022-07-24 21:43:42,9334.39,6674.8
2022-07-24 21:43:41,9345.38,6663.81
2022-07-24 21:43:40,9380.77,6628.42
2022-07-24 21:43:39,9382.91,6626.28
2022-07-24 21:43:38,9408.5,6600.68
2022-07-24 21:43:37,9441.06,6568.13
2022-07-24 21:43:36,9444.43,6564.76
2022-07-24 21:43:35,9487.72,6521.47
2022-07-24 21:43:34,9503.26,6505.93
2022-07-24 21:43:33,9508.29,6500.9
2022-07-24 21:43:32,9549.61,6459.58
2022-07-24 21:43:31,9572.72,6436.47
2022-07-24 21:43:30,9586.35,6422.84
2022-07-24 21:43:29,9636.42,6372.77
2022-07-24 21:43:28,9682.17,6327.02
2022-07-24 21:43:27,9906.99,6102.2
2022-07-24 21:43:26,10153.5,5855.67
2022-07-24 21:43:25,10221.2,5788
2022-07-24 21:43:24,10518.6,5490.57
2022-07-24 21:43:23,10784.6,5224.58
2022-07-24 21:43:22,11182.9,4826.26
2022-07-24 21:43:21,11325,4684.16
2022-07-24 21:43:20,11504.2,4505
2022-07-24 21:43:19,11621.9,4387.32
2022-07-24 21:43:18,11285.8,4723.38
2022-07-24 21:43:17,11434.2,4575.03
2022-07-24 21:43:16,9876.91,6132.28
2022-07-24 21:43:15,9881.58,6127.61
2022-07-24 21:43:14,9386.25,6622.93
2022-07-24 21:43:13,9388.5,6620.69
2022-07-24 21:43:12,9391.57,6617.62
2022-07-24 21:43:11,9397.81,6611.38
2022-07-24 21:43:10,9400,6609.19
2022-07-24 21:43:09,9401.79,6607.4
2022-07-24 21:43:08,9417.33,6591.86
2022-07-24 21:43:07,9422.13,6587.06
2022-07-24 21:43:06,9425.64,6583.55
2022-07-24 21:43:05,9431.2,6577.98
2022-07-24 21:43:04,9443.86,6565.32
2022-07-24 21:43:03,9454.24,6554.95
2022-07-24 21:43:02,9469.06,6540.13
2022-07-24 21:43:01,9488.54,6520.65
2022-07-24 21:43:00,9522.28,6486.91
2022-07-24 21:42:59,9545.54,6463.64
2022-07-24 21:42:58,9568,6441.19
2022-07-24 21:42:57,9592.25,6416.93
2022-07-24 21:42:56,9595.06,6414.13
2022-07-24 21:42:55,9642.51,6366.68
2022-07-24 21:42:54,9691.75,6317.43
2022-07-24 21:42:53,9736.77,6272.42
2022-07-24 21:42:52,9785.52,6223.67
2022-07-24 21:42:51,9956.52,6052.67
2022-07-24 21:42:50,10125.5,5883.71
2022-07-24 21:42:49,10338.9,5670.31
2022-07-24 21:42:48,10526.9,5482.32
2022-07-24 21:42:47,10768.3,5240.85
2022-07-24 21:42:46,11056.4,4952.77
2022-07-24 21:42:45,11192.8,4816.43
2022-07-24 21:42:44,11318.5,4690.68
2022-07-24 21:42:43,11551.6,4457.57
2022-07-24 21:42:42,10985.2,5023.96
2022-07-24 21:42:41,10791,5218.18
2022-07-24 21:42:40,10894.2,5114.96
2022-07-24 21:42:39,9829.82,6179.37
2022-07-24 21:42:38,9873.36,6135.83
2022-07-24 21:42:37,9259.73,6749.46
2022-07-24 21:42:36,9260.11,6749.08
2022-07-24 21:42:35,9261.73,6747.46
2022-07-24 21:42:34,9263.82,6745.37
2022-07-24 21:42:33,9266.09,6743.09
2022-07-24 21:42:32,9268.17,6741.02
2022-07-24 21:42:31,9268.28,6740.91
2022-07-24 21:42:30,9265.53,6743.66
2022-07-24 21:42:29,9268.25,6740.93
2022-07-24 21:42:28,9269.71,6739.48
2022-07-24 21:42:27,9269.6,6739.59
2022-07-24 21:42:26,9279.78,6729.41
2022-07-24 21:42:25,9279.36,6729.82
2022-07-24 21:42:24,9280.2,6728.99
2022-07-24 21:42:23,9314.62,6694.57
2022-07-24 21:42:22,9325.97,6683.21
2022-07-24 21:42:21,9329.02,6680.17
2022-07-24 21:42:20,9327.58,6681.61
2022-07-24 21:42:19,9441.83,6567.36
2022-07-24 21:42:18,9433.61,6575.57
2022-07-24 21:42:17,9456.66,6552.53
2022-07-24 21:42:16,9563.77,6445.42
2022-07-24 21:42:15,9727.86,6281.33
2022-07-24 21:42:14,9949.62,6059.57
2022-07-24 21:42:13,10080.5,5928.65
2022-07-24 21:42:12,10161.4,5847.78
2022-07-24 21:42:11,10243.3,5765.87
2022-07-24 21:42:10,10570.4,5438.83
2022-07-24 21:42:09,10782.4,5226.78
2022-07-24 21:42:08,11048.7,4960.45
2022-07-24 21:42:07,10903.9,5105.25
2022-07-24 21:42:06,11063,4946.16
2022-07-24 21:42:05,10537.1,5472.07
2022-07-24 21:42:04,10658.1,5351.1
2022-07-24 21:42:03,10753.9,5255.25
2022-07-24 21:42:02,10868.4,5140.79
2022-07-24 21:42:01,9254.24,6754.95
2022-07-24 21:42:00,9254.25,6754.94
2022-07-24 21:41:59,9254.84,6754.35
2022-07-24 21:41:58,9258.14,6751.04
2022-07-24 21:41:57,9259.41,6749.77
2022-07-24 21:41:56,9259.11,6750.08
2022-07-24 21:41:55,9260.78,6748.41
2022-07-24 21:41:54,9262.43,6746.75
2022-07-24 21:41:53,9263.39,6745.79
2022-07-24 21:41:52,9262.94,6746.24
2022-07-24 21:41:51,9273.32,6735.86
2022-07-24 21:41:50,9277.48,6731.71
2022-07-24 21:41:49,9278.25,6730.94
2022-07-24 21:41:48,9293.09,6716.1
2022-07-24 21:41:47,9339.02,6670.16
2022-07-24 21:41:46,9339.37,6669.82
2022-07-24 21:41:45,9341.04,6668.15
2022-07-24 21:41:44,9378.18,6631
2022-07-24 21:41:43,9409.68,6599.51
2022-07-24 21:41:42,9410.98,6598.2
2022-07-24 21:41:41,9447.94,6561.25
2022-07-24 21:41:40,9487.55,6521.63
2022-07-24 21:41:39,9549.08,6460.11
2022-07-24 21:41:38,9750.03,6259.16
2022-07-24 21:41:37,10048.5,5960.7
2022-07-24 21:41:36,10189.3,5819.89
2022-07-24 21:41:35,10377.6,5631.56
2022-07-24 21:41:34,10428.9,5580.27
2022-07-24 21:41:33,10738.7,5270.45
2022-07-24 21:41:32,11157.3,4851.93
2022-07-24 21:41:31,11381.8,4627.34
2022-07-24 21:41:30,11541.7,4467.53
2022-07-24 21:41:29,11147.9,4861.31
2022-07-24 21:41:28,10742.2,5266.96
2022-07-24 21:41:27,10858.4,5150.75
2022-07-24 21:41:26,10995.6,5013.59
2022-07-24 21:41:25,9919.33,6089.86
2022-07-24 21:41:24,9299.93,6709.26
2022-07-24 21:41:23,9304.3,6704.89
2022-07-24 21:41:22,9304.97,6704.22
2022-07-24 21:41:21,9307.91,6701.28
2022-07-24 21:41:20,9308.95,6700.23
2022-07-24 21:41:19,9311.13,6698.06
2022-07-24 21:41:18,9317.72,6691.47
2022-07-24 21:41:17,9326.04,6683.14
2022-07-24 21:41:16,9328.27,6680.92
2022-07-24 21:41:15,9331.3,6677.89
2022-07-24 21:41:14,9362.02,6647.17
2022-07-24 21:41:13,9364.32,6644.87
2022-07-24 21:41:12,9365.63,6643.55
2022-07-24 21:41:11,9389.72,6619.47
2022-07-24 21:41:10,9404.25,6604.94
2022-07-24 21:41:09,9408.11,6601.08
2022-07-24 21:41:08,9440.16,6569.03
2022-07-24 21:41:07,9479.91,6529.28
2022-07-24 21:41:06,9483.45,6525.74
2022-07-24 21:41:05,9509.4,6499.79
2022-07-24 21:41:04,9568.94,6440.24
2022-07-24 21:41:03,9549.96,6459.23
2022-07-24 21:41:02,9614.94,6394.25
2022-07-24 21:41:01,9684.79,6324.39
2022-07-24 21:41:00,9875.62,6133.57
2022-07-24 21:40:59,10077.4,5931.74
2022-07-24 21:40:58,10199.8,5809.41
2022-07-24 21:40:57,10309.6,5699.59
2022-07-24 21:40:56,10701,5308.15
2022-07-24 21:40:55,10875.6,5133.57
2022-07-24 21:40:54,11228.7,4780.51
2022-07-24 21:40:53,11455,4554.22
2022-07-24 21:40:52,11121.4,4887.83
2022-07-24 21:40:51,11240.1,4769.09
2022-07-24 21:40:50,10734.8,5274.39
2022-07-24 21:40:49,10849,5160.15
2022-07-24 21:40:48,9651.78,6357.41
2022-07-24 21:40:47,9041.46,6967.73
2022-07-24 21:40:46,9041.65,6967.54
2022-07-24 21:40:45,9039.98,6969.21
2022-07-24 21:40:44,9040.41,6968.77
2022-07-24 21:40:43,9040.05,6969.13
2022-07-24 21:40:42,9040.89,6968.3
2022-07-24 21:40:41,9040.04,6969.14
2022-07-24 21:40:40,9039.71,6969.48
2022-07-24 21:40:39,9042.17,6967.02
2022-07-24 21:40:38,9041.83,6967.36
2022-07-24 21:40:37,9043.52,6965.67
2022-07-24 21:40:36,9042.39,6966.8
2022-07-24 21:40:35,9043.86,6965.33
2022-07-24 21:40:34,9042.44,6966.75
2022-07-24 21:40:33,9058.98,6950.2
2022-07-24 21:40:32,9061.08,6948.11
2022-07-24 21:40:31,9060.86,6948.33
2022-07-24 21:40:30,9067.23,6941.96
2022-07-24 21:40:29,9100.8,6908.39
2022-07-24 21:40:28,9101.36,6907.83
2022-07-24 21:40:27,9081.14,6928.04
2022-07-24 21:40:26,9148.98,6860.2
2022-07-24 21:40:25,9178.82,6830.36
2022-07-24 21:40:24,9377.98,6631.21
2022-07-24 21:40:23,9526.5,6482.68
2022-07-24 21:40:22,9577.2,6431.98
2022-07-24 21:40:21,9945.5,6063.68
2022-07-24 21:40:20,10336.8,5672.36
2022-07-24 21:40:19,10717.1,5292.04
2022-07-24 21:40:18,10904.2,5104.98
2022-07-24 21:40:17,11325,4684.15
2022-07-24 21:40:16,11474.2,4534.98
2022-07-24 21:40:15,11082.9,4926.25
2022-07-24 21:40:14,11238,4771.22
2022-07-24 21:40:13,10853.8,5155.35
2022-07-24 21:40:12,9850.41,6158.77
2022-07-24 21:40:11,9891.5,6117.68
2022-07-24 21:40:10,9270.78,6738.4
2022-07-24 21:40:09,9268.73,6740.46
2022-07-24 21:40:08,9272.61,6736.57
2022-07-24 21:40:07,9273.14,6736.04
2022-07-24 21:40:06,9272.78,6736.41
2022-07-24 21:40:05,9274.48,6734.71
2022-07-24 21:40:04,9276.22,6732.96
2022-07-24 21:40:03,9277.04,6732.14
2022-07-24 21:40:02,9279.3,6729.89
2022-07-24 21:40:01,9280.14,6729.05
2022-07-24 21:40:00,9297.5,6711.68
2022-07-24 21:39:59,9295.39,6713.79
2022-07-24 21:39:58,9295.93,6713.26
2022-07-24 21:39:57,9297.55,6711.64
2022-07-24 21:39:56,9319.02,6690.17
2022-07-24 21:39:55,9348.67,6660.52
2022-07-24 21:39:54,9359.74,6649.45
2022-07-24 21:39:53,9375.46,6633.73
2022-07-24 21:39:52,9417.88,6591.31
2022-07-24 21:39:51,9476.95,6532.23
2022-07-24 21:39:50,9479.69,6529.5
2022-07-24 21:39:49,9521.16,6488.02
2022-07-24 21:39:48,9608.24,6400.94
2022-07-24 21:39:47,9710.71,6298.48
2022-07-24 21:39:46,9990.55,6018.64
2022-07-24 21:39:45,10159.6,5849.55
2022-07-24 21:39:44,10480.9,5528.27
2022-07-24 21:39:43,10585.8,5423.35
2022-07-24 21:39:42,10813.4,5195.8
2022-07-24 21:39:41,10989.9,5019.32
2022-07-24 21:39:40,11083.3,4925.87
2022-07-24 21:39:39,11234.4,4774.77
2022-07-24 21:39:38,11619.5,4389.72
2022-07-24 21:39:37,10694.7,5314.54
2022-07-24 21:39:36,10261.9,5747.31
2022-07-24 21:39:35,9681,6328.19
2022-07-24 21:39:34,9731.05,6278.14
2022-07-24 21:39:33,9762.98,6246.21
2022-07-24 21:39:32,9140.22,6868.97
2022-07-24 21:39:31,9141.09,6868.1
2022-07-24 21:39:30,9142.48,6866.71
2022-07-24 21:39:29,9152.28,6856.91
2022-07-24 21:39:28,9151.92,6857.27
2022-07-24 21:39:27,9154.02,6855.17
2022-07-24 21:39:26,9153.73,6855.45
2022-07-24 21:39:25,9164.88,6844.31
2022-07-24 21:39:24,9166.14,6843.05
2022-07-24 21:39:23,9165.91,6843.27
2022-07-24 21:39:22,9187.46,6821.73
2022-07-24 21:39:21,9187.81,6821.38
2022-07-24 21:39:20,9189.29,6819.9
2022-07-24 21:39:19,9209.74,6799.45
2022-07-24 21:39:18,9211.38,6797.8
2022-07-24 21:39:17,9235.29,6773.9
2022-07-24 21:39:16,9248.3,6760.89
2022-07-24 21:39:15,9249.45,6759.74
2022-07-24 21:39:14,9288.74,6720.45
2022-07-24 21:39:13,9288.62,6720.56
2022-07-24 21:39:12,9342.41,6666.78
2022-07-24 21:39:11,9372.23,6636.96
2022-07-24 21:39:10,9727.09,6282.1
2022-07-24 21:39:09,9800.46,6208.73
2022-07-24 21:39:08,10093.5,5915.65
2022-07-24 21:39:07,10351.7,5657.45
2022-07-24 21:39:06,10401.3,5607.88
2022-07-24 21:39:05,10733.4,5275.78
2022-07-24 21:39:04,10909.5,5099.67
2022-07-24 21:39:03,11076.3,4932.93
2022-07-24 21:39:02,11418.4,4590.75
2022-07-24 21:39:01,10996.2,5013.02
2022-07-24 21:39:00,10856.8,5152.37
2022-07-24 21:38:59,10230.1,5779.11
2022-07-24 21:38:58,10292.1,5717.13
2022-07-24 21:38:57,9722.89,6286.29
2022-07-24 21:38:56,9638.24,6370.95
2022-07-24 21:38:55,9263.45,6745.74
2022-07-24 21:38:54,9266.16,6743.03
2022-07-24 21:38:53,9268.12,6741.07
2022-07-24 21:38:52,9272.39,6736.8
2022-07-24 21:38:51,9278.7,6730.49
2022-07-24 21:38:50,9281.22,6727.96
2022-07-24 21:38:49,9296.17,6713.02
2022-07-24 21:38:48,9313.05,6696.13
2022-07-24 21:38:47,9315.79,6693.39
2022-07-24 21:38:46,9323.02,6686.17
2022-07-24 21:38:45,9342.29,6666.9
2022-07-24 21:38:44,9362.75,6646.44
2022-07-24 21:38:43,9372.54,6636.64
2022-07-24 21:38:42,9363.48,6645.7
2022-07-24 21:38:41,9395.37,6613.82
2022-07-24 21:38:40,9408.89,6600.3
2022-07-24 21:38:39,9410.18,6599.01
2022-07-24 21:38:38,9448.8,6560.39
2022-07-24 21:38:37,9454.93,6554.26
2022-07-24 21:38:36,9540.63,6468.56
2022-07-24 21:38:35,9557.92,6451.27
2022-07-24 21:38:34,9794.24,6214.95
2022-07-24 21:38:33,9960.63,6048.56
2022-07-24 21:38:32,10087.1,5922.06
2022-07-24 21:38:31,10234.4,5774.75
2022-07-24 21:38:30,10434.6,5574.61
2022-07-24 21:38:29,10770.1,5239.12
2022-07-24 21:38:28,11025.9,4983.29
2022-07-24 21:38:27,11164.5,4844.69
2022-07-24 21:38:26,11429.6,4579.62
2022-07-24 21:38:25,11041.8,4967.42
2022-07-24 21:38:24,11167.7,4841.45
2022-07-24 21:38:23,11316.1,4693.05
2022-07-24 21:38:22,10418.9,5590.25
2022-07-24 21:38:21,10178,5831.17
2022-07-24 21:38:20,10014.8,5994.39
2022-07-24 21:38:19,9385.9,6623.29
2022-07-24 21:38:18,9387.72,6621.46
2022-07-24 21:38:17,9390.54,6618.65
2022-07-24 21:38:16,9394.48,6614.71
2022-07-24 21:38:15,9396.03,6613.16
2022-07-24 21:38:14,9398.36,6610.83
2022-07-24 21:38:13,9400.93,6608.26
2022-07-24 21:38:12,9410.07,6599.12
2022-07-24 21:38:11,9413.02,6596.16
2022-07-24 21:38:10,9427.91,6581.28
2022-07-24 21:38:09,9455.25,6553.94
2022-07-24 21:38:08,9457.92,6551.27
2022-07-24 21:38:07,9458.91,6550.28
2022-07-24 21:38:06,9490.55,6518.64
2022-07-24 21:38:05,9525.84,6483.34
2022-07-24 21:38:04,9549.7,6459.48
2022-07-24 21:38:03,9557.43,6451.76
2022-07-24 21:38:02,9619.02,6390.16
2022-07-24 21:38:01,9649.08,6360.11
2022-07-24 21:38:00,9669.16,6340.02
2022-07-24 21:37:59,9741.84,6267.35
2022-07-24 21:37:58,9775.4,6233.79
2022-07-24 21:37:57,9828.3,6180.89
2022-07-24 21:37:56,10018.6,5990.61
2022-07-24 21:37:55,10119.2,5890
2022-07-24 21:37:54,10342.7,5666.53
2022-07-24 21:37:53,10552.5,5456.69
2022-07-24 21:37:52,10698.2,5310.99
2022-07-24 21:37:51,10893.8,5115.41
2022-07-24 21:37:50,11010.6,4998.6
2022-07-24 21:37:49,11342.9,4666.32
2022-07-24 21:37:48,10948.3,5060.93
2022-07-24 21:37:47,11098.4,4910.8
2022-07-24 21:37:46,10724.1,5285.09
2022-07-24 21:37:45,10264.5,5744.66
2022-07-24 21:37:44,9690.36,6318.82
2022-07-24 21:37:43,9737.18,6272.01
2022-07-24 21:37:42,9228.58,6780.61
2022-07-24 21:37:41,9228.64,6780.54
2022-07-24 21:37:40,9240.73,6768.45
2022-07-24 21:37:39,9251.06,6758.13
2022-07-24 21:37:38,9249.8,6759.38
2022-07-24 21:37:37,9251.94,6757.25
2022-07-24 21:37:36,9263.21,6745.98
2022-07-24 21:37:35,9277.06,6732.12
2022-07-24 21:37:34,9278.44,6730.75
2022-07-24 21:37:33,9298.15,6711.04
2022-07-24 21:37:32,9299.65,6709.54
2022-07-24 21:37:31,9314.17,6695.02
2022-07-24 21:37:30,9333.6,6675.59
2022-07-24 21:37:29,9332.75,6676.44
2022-07-24 21:37:28,9351.06,6658.12
2022-07-24 21:37:27,9367.32,6641.87
2022-07-24 21:37:26,9385.67,6623.52
2022-07-24 21:37:25,9400.09,6609.09
2022-07-24 21:37:24,9417.48,6591.71
2022-07-24 21:37:23,9442.53,6566.66
2022-07-24 21:37:22,9516.37,6492.82
2022-07-24 21:37:21,9507.34,6501.85
2022-07-24 21:37:20,9784.7,6224.49
2022-07-24 21:37:19,9983.05,6026.13
2022-07-24 21:37:18,10111.7,5897.46
2022-07-24 21:37:17,10430.2,5578.96
2022-07-24 21:37:16,10546.4,5462.77
2022-07-24 21:37:15,10881.2,5128.01
2022-07-24 21:37:14,11052.3,4956.93
2022-07-24 21:37:13,11189.5,4819.69
2022-07-24 21:37:12,11438.8,4570.41
2022-07-24 21:37:11,11644.8,4364.39
2022-07-24 21:37:10,11274.6,4734.57
2022-07-24 21:37:09,10210.6,5798.57
2022-07-24 21:37:08,10274.8,5734.43
2022-07-24 21:37:07,9820.69,6188.5
2022-07-24 21:37:06,9864.91,6144.28
2022-07-24 21:37:05,9256.1,6753.09
2022-07-24 21:37:04,9257.36,6751.83
2022-07-24 21:37:03,9258.29,6750.9
2022-07-24 21:37:02,9260.82,6748.36
2022-07-24 21:37:01,9261.64,6747.54
2022-07-24 21:37:00,9256.5,6752.69
2022-07-24 21:36:59,9265.2,6743.99
2022-07-24 21:36:58,9264.62,6744.57
2022-07-24 21:36:57,9269.93,6739.26
2022-07-24 21:36:56,9271.87,6737.32
2022-07-24 21:36:55,9291.23,6717.95
2022-07-24 21:36:54,9289.73,6719.46
2022-07-24 21:36:53,9313.14,6696.05
2022-07-24 21:36:52,9313.55,6695.64
2022-07-24 21:36:51,9334.41,6674.77
2022-07-24 21:36:50,9392.31,6616.88
2022-07-24 21:36:49,9392.61,6616.57
2022-07-24 21:36:48,9411.64,6597.55
2022-07-24 21:36:47,9441.55,6567.63
2022-07-24 21:36:46,9495.53,6513.65
2022-07-24 21:36:45,9497.52,6511.67
2022-07-24 21:36:44,9599.07,6410.11
2022-07-24 21:36:43,9673.07,6336.11
2022-07-24 21:36:42,9853.82,6155.37
2022-07-24 21:36:41,10295.3,5713.84
2022-07-24 21:36:40,10454,5555.21
2022-07-24 21:36:39,10600.8,5408.37
2022-07-24 21:36:38,10739.6,5269.6
2022-07-24 21:36:37,10938.8,5070.38
2022-07-24 21:36:36,11061.8,4947.41
2022-07-24 21:36:35,11349.4,4659.8
2022-07-24 21:36:34,11621,4388.18
2022-07-24 21:36:33,10628.5,5380.65
2022-07-24 21:36:32,10194.3,5814.88
2022-07-24 21:36:31,10274,5735.22
2022-07-24 21:36:30,10338.7,5670.52
2022-07-24 21:36:29,9234.36,6774.82
2022-07-24 21:36:28,9245.25,6763.94
2022-07-24 21:36:27,9243.98,6765.2
2022-07-24 21:36:26,9246.08,6763.11
2022-07-24 21:36:25,9246.1,6763.09
2022-07-24 21:36:24,9254.59,6754.59
2022-07-24 21:36:23,9255.19,6753.99
2022-07-24 21:36:22,9257.43,6751.76
2022-07-24 21:36:21,9270.09,6739.1
2022-07-24 21:36:20,9270.52,6738.66
2022-07-24 21:36:19,9272.1,6737.09
2022-07-24 21:36:18,9279.71,6729.47
2022-07-24 21:36:17,9299.36,6709.83
2022-07-24 21:36:16,9299.71,6709.48
2022-07-24 21:36:15,9300.26,6708.93
2022-07-24 21:36:14,9342.47,6666.72
2022-07-24 21:36:13,9336.68,6672.5
2022-07-24 21:36:12,9354.42,6654.77
2022-07-24 21:36:11,9369.78,6639.41
2022-07-24 21:36:10,9409,6600.19
2022-07-24 21:36:09,9430.33,6578.86
2022-07-24 21:36:08,9464.04,6545.14
2022-07-24 21:36:07,9565.2,6443.99
2022-07-24 21:36:06,9639.9,6369.29
2022-07-24 21:36:05,9991.32,6017.86
2022-07-24 21:36:04,10325.2,5683.98
2022-07-24 21:36:03,10465.2,5544
2022-07-24 21:36:02,10611.5,5397.73
2022-07-24 21:36:01,10724,5285.2
2022-07-24 21:36:00,10801.4,5207.82
2022-07-24 21:35:59,11278.1,4731.04
2022-07-24 21:35:58,11510.4,4498.82
2022-07-24 21:35:57,11199.5,4809.73
2022-07-24 21:35:56,10761.4,5247.78
2022-07-24 21:35:55,10190.6,5818.56
2022-07-24 21:35:54,10284.4,5724.77
2022-07-24 21:35:53,10379.2,5629.99
2022-07-24 21:35:52,9882.63,6126.55
2022-07-24 21:35:51,9394.26,6614.93
2022-07-24 21:35:50,9398.57,6610.62
2022-07-24 21:35:49,9404.7,6604.49
2022-07-24 21:35:48,9412.99,6596.19
2022-07-24 21:35:47,9414.52,6594.67
2022-07-24 21:35:46,9422.57,6586.62
2022-07-24 21:35:45,9441.16,6568.02
2022-07-24 21:35:44,9440.45,6568.73
2022-07-24 21:35:43,9442.04,6567.15
2022-07-24 21:35:42,9451.04,6558.15
2022-07-24 21:35:41,9491.29,6517.89
2022-07-24 21:35:40,9495.17,6514.02
2022-07-24 21:35:39,9505.36,6503.83
2022-07-24 21:35:38,9521.67,6487.52
2022-07-24 21:35:37,9546.74,6462.44
2022-07-24 21:35:36,9579.38,6429.81
2022-07-24 21:35:35,9596.62,6412.57
2022-07-24 21:35:34,9638.21,6370.97
2022-07-24 21:35:33,9660.5,6348.68
2022-07-24 21:35:32,9683.95,6325.24
2022-07-24 21:35:31,9737.41,6271.78
2022-07-24 21:35:30,9830.81,6178.37
2022-07-24 21:35:29,10030.6,5978.62
2022-07-24 21:35:28,10231.1,5778.08
2022-07-24 21:35:27,10467.4,5541.82
2022-07-24 21:35:26,10678.2,5330.96
2022-07-24 21:35:25,10817.2,5191.99
2022-07-24 21:35:24,10950.1,5059.11
2022-07-24 21:35:23,11159.3,4849.87
2022-07-24 21:35:22,11334.7,4674.52
2022-07-24 21:35:21,11603.1,4406.13
2022-07-24 21:35:20,11112.3,4896.93
2022-07-24 21:35:19,10690.1,5319.13
2022-07-24 21:35:18,10274.4,5734.82
2022-07-24 21:35:17,9820.96,6188.23
2022-07-24 21:35:16,9335.54,6673.65
2022-07-24 21:35:15,9260.01,6749.18
2022-07-24 21:35:14,9277.56,6731.62
2022-07-24 21:35:13,9279.9,6729.29
2022-07-24 21:35:12,9280.3,6728.89
2022-07-24 21:35:11,9281.76,6727.43
2022-07-24 21:35:10,9299.03,6710.16
2022-07-24 21:35:09,9301.68,6707.51
2022-07-24 21:35:08,9303.79,6705.4
2022-07-24 21:35:07,9327.73,6681.45
2022-07-24 21:35:06,9328.72,6680.47
2022-07-24 21:35:05,9340.39,6668.8
2022-07-24 21:35:04,9354.38,6654.81
2022-07-24 21:35:03,9369.08,6640.11
2022-07-24 21:35:02,9370.49,6638.7
2022-07-24 21:35:01,9399.02,6610.17
2022-07-24 21:35:00,9414.75,6594.43
2022-07-24 21:34:59,9414.65,6594.54
2022-07-24 21:34:58,9464.47,6544.71
2022-07-24 21:34:57,9463.68,6545.51
2022-07-24 21:34:56,9465.52,6543.66
2022-07-24 21:34:55,9514.29,6494.89
2022-07-24 21:34:54,9552.72,6456.46
2022-07-24 21:34:53,9590.56,6418.63
2022-07-24 21:34:52,9863.96,6145.23
2022-07-24 21:34:51,10088.3,5920.86
2022-07-24 21:34:50,10435.9,5573.29
2022-07-24 21:34:49,10544.4,5464.77
2022-07-24 21:34:48,10851.5,5157.66
2022-07-24 21:34:47,11018.1,4991.12
2022-07-24 21:34:46,11162.7,4846.52
2022-07-24 21:34:45,11302.7,4706.5
2022-07-24 21:34:44,11548.3,4460.88
2022-07-24 21:34:43,11753.4,4255.79
2022-07-24 21:34:42,11076.8,4932.35
2022-07-24 21:34:41,9788.65,6220.54
2022-07-24 21:34:40,9841.1,6168.09
2022-07-24 21:34:39,9883.2,6125.99
2022-07-24 21:34:38,9394.61,6614.58
2022-07-24 21:34:37,9397.88,6611.3
2022-07-24 21:34:36,9398.56,6610.62
2022-07-24 21:34:35,9411.86,6597.33
2022-07-24 21:34:34,9421.49,6587.69
2022-07-24 21:34:33,9428.31,6580.88
2022-07-24 21:34:32,9440.55,6568.64
2022-07-24 21:34:31,9444.1,6565.09
2022-07-24 21:34:30,9453.82,6555.37
2022-07-24 21:34:29,9455.8,6553.39
2022-07-24 21:34:28,9471.91,6537.28
2022-07-24 21:34:27,9490.27,6518.91
2022-07-24 21:34:26,9503.95,6505.24
2022-07-24 21:34:25,9501.93,6507.25
2022-07-24 21:34:24,9542.45,6466.73
2022-07-24 21:34:23,9571.77,6437.42
2022-07-24 21:34:22,9573.95,6435.24
2022-07-24 21:34:21,9635.22,6373.96
2022-07-24 21:34:20,9644.05,6365.14
2022-07-24 21:34:19,9652.04,6357.15
2022-07-24 21:34:18,9699.49,6309.7
2022-07-24 21:34:17,9712.4,6296.79
2022-07-24 21:34:16,9859.18,6150
2022-07-24 21:34:15,9892.75,6116.44
2022-07-24 21:34:14,9982.95,6026.24
2022-07-24 21:34:13,10554.2,5454.97
2022-07-24 21:34:12,10810.8,5198.42
2022-07-24 21:34:11,10953.5,5055.71
2022-07-24 21:34:10,11060.5,4948.65
2022-07-24 21:34:09,11167.8,4841.39
2022-07-24 21:34:08,11350.6,4658.55
2022-07-24 21:34:07,11554.8,4454.4
2022-07-24 21:34:06,11705.3,4303.85
2022-07-24 21:34:05,11887.2,4122.03
2022-07-24 21:34:04,9981.34,6027.85
2022-07-24 21:34:03,9752.86,6256.33
2022-07-24 21:34:02,9144.45,6864.74
2022-07-24 21:34:01,9145.49,6863.7
2022-07-24 21:34:00,9149.46,6859.73
2022-07-24 21:33:59,9153.5,6855.69
2022-07-24 21:33:58,9154.31,6854.88
2022-07-24 21:33:57,9156.26,6852.93
2022-07-24 21:33:56,9171.43,6837.76
2022-07-24 21:33:55,9175.03,6834.16
2022-07-24 21:33:54,9175.14,6834.04
2022-07-24 21:33:53,9193.71,6815.48
2022-07-24 21:33:52,9210.37,6798.82
2022-07-24 21:33:51,9210.37,6798.82
2022-07-24 21:33:50,9226.29,6782.9
2022-07-24 21:33:49,9241.44,6767.75
2022-07-24 21:33:48,9243.01,6766.18
2022-07-24 21:33:47,9258.86,6750.33
2022-07-24 21:33:46,9277.64,6731.55
2022-07-24 21:33:45,9278.57,6730.62
2022-07-24 21:33:44,9298.82,6710.37
2022-07-24 21:33:43,9316.43,6692.76
2022-07-24 21:33:42,9333.58,6675.61
2022-07-24 21:33:41,9354.89,6654.3
2022-07-24 21:33:40,9356.55,6652.64
2022-07-24 21:33:39,9454.75,6554.44
2022-07-24 21:33:38,9528.73,6480.46
2022-07-24 21:33:37,9661.84,6347.35
2022-07-24 21:33:36,9973.11,6036.08
2022-07-24 21:33:35,10395.3,5613.86
2022-07-24 21:33:34,10699.6,5309.55
2022-07-24 21:33:33,11013.5,4995.73
2022-07-24 21:33:32,11227.9,4781.31
2022-07-24 21:33:31,11383.8,4625.36
2022-07-24 21:33:30,11518.2,4490.94
2022-07-24 21:33:29,11688.5,4320.66
2022-07-24 21:33:28,11855.7,4153.49
2022-07-24 21:33:27,10113,5896.19
2022-07-24 21:33:26,9841.34,6167.84
2022-07-24 21:33:25,9360.56,6648.62
2022-07-24 21:33:24,9362.65,6646.54
2022-07-24 21:33:23,9363.35,6645.84
2022-07-24 21:33:22,9376.22,6632.97
2022-07-24 21:33:21,9377.04,6632.14
2022-07-24 21:33:20,9379.11,6630.08
2022-07-24 21:33:19,9383.36,6625.83
2022-07-24 21:33:18,9405.51,6603.68
2022-07-24 21:33:17,9406.63,6602.56
2022-07-24 21:33:16,9408.38,6600.81
2022-07-24 21:33:15,9453.45,6555.74
2022-07-24 21:33:14,9454.74,6554.45
2022-07-24 21:33:13,9456.86,6552.33
2022-07-24 21:33:12,9497.68,6511.51
2022-07-24 21:33:11,9523.05,6486.13
2022-07-24 21:33:10,9524.86,6484.33
2022-07-24 21:33:09,9568.42,6440.77
2022-07-24 21:33:08,9619.12,6390.07
2022-07-24 21:33:07,9612.01,6397.18
2022-07-24 21:33:06,9635.91,6373.28
2022-07-24 21:33:05,9697.59,6311.59
2022-07-24 21:33:04,9724.65,6284.54
2022-07-24 21:33:03,9749.71,6259.48
2022-07-24 21:33:02,9810.76,6198.43
2022-07-24 21:33:01,9871.56,6137.63
2022-07-24 21:33:00,10073.7,5935.53
2022-07-24 21:32:59,10311.6,5697.56
2022-07-24 21:32:58,10418.7,5590.44
2022-07-24 21:32:57,10709.9,5299.28
2022-07-24 21:32:56,10839.7,5169.45
2022-07-24 21:32:55,11155.3,4853.88
2022-07-24 21:32:54,11345.3,4663.88
2022-07-24 21:32:53,11519,4490.16
2022-07-24 21:32:52,11675.7,4333.52
2022-07-24 21:32:51,10795.6,5213.56
2022-07-24 21:32:50,10917.8,5091.36
2022-07-24 21:32:49,9748.39,6260.8
2022-07-24 21:32:48,9121.02,6888.17
2022-07-24 21:32:47,9122.54,6886.65
2022-07-24 21:32:46,9123.03,6886.16
2022-07-24 21:32:45,9122.9,6886.29
2022-07-24 21:32:44,9122.54,6886.65
2022-07-24 21:32:43,9123.85,6885.34
2022-07-24 21:32:42,9124.22,6884.97
2022-07-24 21:32:41,9124.21,6884.98
2022-07-24 21:32:40,9126,6883.19
2022-07-24 21:32:39,9125.85,6883.34
2022-07-24 21:32:38,9135.42,6873.77
2022-07-24 21:32:37,9135.75,6873.44
2022-07-24 21:32:36,9136.07,6873.12
2022-07-24 21:32:35,9135.54,6873.65
2022-07-24 21:32:34,9162.66,6846.53
2022-07-24 21:32:33,9159.45,6849.74
2022-07-24 21:32:32,9179.36,6829.83
2022-07-24 21:32:31,9206.19,6803
2022-07-24 21:32:30,9204.47,6804.71
2022-07-24 21:32:29,9207.55,6801.64
2022-07-24 21:32:28,9280.44,6728.75
2022-07-24 21:32:27,9284.13,6725.06
2022-07-24 21:32:26,9286.67,6722.52
2022-07-24 21:32:25,9403.9,6605.29
2022-07-24 21:32:24,9498.79,6510.4
2022-07-24 21:32:23,9591.94,6417.25
2022-07-24 21:32:22,9861.28,6147.9
2022-07-24 21:32:21,10297.1,5712.04
2022-07-24 21:32:20,10640.2,5369.03
2022-07-24 21:32:19,10793.5,5215.68
2022-07-24 21:32:18,11094.8,4914.35
2022-07-24 21:32:17,11317.7,4691.47
2022-07-24 21:32:16,11453.1,4556.11
2022-07-24 21:32:15,11657.7,4351.47
2022-07-24 21:32:14,11325.5,4683.71
2022-07-24 21:32:13,10187.2,5821.97
2022-07-24 21:32:12,9732.02,6277.17
2022-07-24 21:32:11,9743.72,6265.47
2022-07-24 21:32:10,9132.12,6877.07
2022-07-24 21:32:09,9133.06,6876.13
2022-07-24 21:32:08,9132.96,6876.23
2022-07-24 21:32:07,9142.28,6866.91
2022-07-24 21:32:06,9143.13,6866.06
2022-07-24 21:32:05,9144.05,6865.14
2022-07-24 21:32:04,9148.99,6860.2
2022-07-24 21:32:03,9149.98,6859.21
2022-07-24 21:32:02,9153.51,6855.68
2022-07-24 21:32:01,9166.66,6842.52
2022-07-24 21:32:00,9169.52,6839.66
2022-07-24 21:31:59,9171.32,6837.86
2022-07-24 21:31:58,9184.72,6824.46
2022-07-24 21:31:57,9179.28,6829.91
2022-07-24 21:31:56,9186.48,6822.71
2022-07-24 21:31:55,9203.73,6805.46
2022-07-24 21:31:54,9203.29,6805.89
2022-07-24 21:31:53,9227.61,6781.58
2022-07-24 21:31:52,9234.34,6774.85
2022-07-24 21:31:51,9245.7,6763.48
2022-07-24 21:31:50,9281.66,6727.52
2022-07-24 21:31:49,9265.45,6743.74
2022-07-24 21:31:48,9381.16,6628.02
2022-07-24 21:31:47,9434.37,6574.82
2022-07-24 21:31:46,9825.45,6183.74
2022-07-24 21:31:45,10225,5784.16
2022-07-24 21:31:44,10496.4,5512.82
2022-07-24 21:31:43,10700.7,5308.46
2022-07-24 21:31:42,10848.1,5161.08
2022-07-24 21:31:41,10950.8,5058.42
2022-07-24 21:31:40,11024.5,4984.66
2022-07-24 21:31:39,11452.2,4557.01
2022-07-24 21:31:38,11616,4393.2
2022-07-24 21:31:37,11324.9,4684.31
2022-07-24 21:31:36,10154.7,5854.52
2022-07-24 21:31:35,9608.72,6400.47
2022-07-24 21:31:34,9653.68,6355.51
2022-07-24 21:31:33,9652.71,6356.48
2022-07-24 21:31:32,9151.85,6857.34
2022-07-24 21:31:31,9156.92,6852.27
2022-07-24 21:31:30,9159.47,6849.72
2022-07-24 21:31:29,9169.57,6839.62
2022-07-24 21:31:28,9176.56,6832.62
2022-07-24 21:31:27,9175.85,6833.34
2022-07-24 21:31:26,9180.4,6828.78
2022-07-24 21:31:25,9200.76,6808.43
2022-07-24 21:31:24,9200.63,6808.56
2022-07-24 21:31:23,9202.48,6806.7
2022-07-24 21:31:22,9232.6,6776.59
2022-07-24 21:31:21,9233.56,6775.63
2022-07-24 21:31:20,9236.54,6772.64
2022-07-24 21:31:19,9250.36,6758.82
2022-07-24 21:31:18,9264.8,6744.39
2022-07-24 21:31:17,9263.85,6745.34
2022-07-24 21:31:16,9272.44,6736.75
2022-07-24 21:31:15,9286.04,6723.14
2022-07-24 21:31:14,9306.21,6702.98
2022-07-24 21:31:13,9308.67,6700.52
2022-07-24 21:31:12,9379.69,6629.5
2022-07-24 21:31:11,9414.95,6594.23
2022-07-24 21:31:10,9620.55,6388.64
2022-07-24 21:31:09,9996.18,6013.01
2022-07-24 21:31:08,10102.5,5906.67
2022-07-24 21:31:07,10323,5686.23
2022-07-24 21:31:06,10829.9,5179.26
2022-07-24 21:31:05,11018.3,4990.92
2022-07-24 21:31:04,11132.6,4876.63
2022-07-24 21:31:03,11377.3,4631.89
2022-07-24 21:31:02,11528,4481.15
2022-07-24 21:31:01,11520,4489.19
2022-07-24 21:31:00,11302.8,4706.38
2022-07-24 21:30:59,9667.79,6341.39
2022-07-24 21:30:58,9712.05,6297.13
2022-07-24 21:30:57,9742.27,6266.92
2022-07-24 21:30:56,9134.1,6875.09
2022-07-24 21:30:55,9134.93,6874.25
2022-07-24 21:30:54,9136.34,6872.85
2022-07-24 21:30:53,9135.87,6873.32
2022-07-24 21:30:52,9144.72,6864.46
2022-07-24 21:30:51,9145.84,6863.35
2022-07-24 21:30:50,9145.17,6864.02
2022-07-24 21:30:49,9153.57,6855.62
2022-07-24 21:30:48,9152.55,6856.64
2022-07-24 21:30:47,9155.68,6853.51
2022-07-24 21:30:46,9156.94,6852.25
2022-07-24 21:30:45,9170.53,6838.66
2022-07-24 21:30:44,9164.6,6844.59
2022-07-24 21:30:43,9183.43,6825.76
2022-07-24 21:30:42,9201.13,6808.06
2022-07-24 21:30:41,9202.3,6806.89
2022-07-24 21:30:40,9212.43,6796.76
2022-07-24 21:30:39,9249.21,6759.98
2022-07-24 21:30:38,9248.19,6761
2022-07-24 21:30:37,9282.12,6727.06
2022-07-24 21:30:36,9284.36,6724.82
2022-07-24 21:30:35,9309.6,6699.59
2022-07-24 21:30:34,9362.81,6646.37
2022-07-24 21:30:33,9634.57,6374.62
2022-07-24 21:30:32,9702.7,6306.48
2022-07-24 21:30:31,9909.77,6099.41
2022-07-24 21:30:30,10430.9,5578.26
2022-07-24 21:30:29,10659.7,5349.53
2022-07-24 21:30:28,10795.7,5213.48
2022-07-24 21:30:27,11190.2,4818.98
2022-07-24 21:30:26,11352.8,4656.42
2022-07-24 21:30:25,11514.3,4494.9
2022-07-24 21:30:24,11695.1,4314.06
2022-07-24 21:30:23,11319.9,4689.29
2022-07-24 21:30:22,9697.71,6311.48
2022-07-24 21:30:21,9725.45,6283.73
2022-07-24 21:30:20,9226.4,6782.79
2022-07-24 21:30:19,9228.41,6780.78
2022-07-24 21:30:18,9230.34,6778.85
2022-07-24 21:30:17,9237.61,6771.57
2022-07-24 21:30:16,9237.36,6771.82
2022-07-24 21:30:15,9240.7,6768.49
2022-07-24 21:30:14,9241.96,6767.23
2022-07-24 21:30:13,9248.19,6761
2022-07-24 21:30:12,9248.29,6760.9
2022-07-24 21:30:11,9250.19,6759
2022-07-24 21:30:10,9277.61,6731.58
2022-07-24 21:30:09,9287.67,6721.52
2022-07-24 21:30:08,9290.42,6718.77
2022-07-24 21:30:07,9291.35,6717.83
2022-07-24 21:30:06,9345.12,6664.07
2022-07-24 21:30:05,9345.82,6663.37
2022-07-24 21:30:04,9347.55,6661.64
2022-07-24 21:30:03,9410.65,6598.54
2022-07-24 21:30:02,9399.85,6609.34
2022-07-24 21:30:01,9401.42,6607.77
2022-07-24 21:30:00,9456.39,6552.8
2022-07-24 21:29:59,9476.96,6532.23
2022-07-24 21:29:58,9552.9,6456.29
2022-07-24 21:29:57,9683.11,6326.07
2022-07-24 21:29:56,9835.61,6173.58
2022-07-24 21:29:55,10144.9,5864.34
2022-07-24 21:29:54,10492.3,5516.87
2022-07-24 21:29:53,10667.1,5342.07
2022-07-24 21:29:52,10943.2,5065.94
2022-07-24 21:29:51,11074.5,4934.73
2022-07-24 21:29:50,11169.7,4839.46
2022-07-24 21:29:49,11407.7,4601.46
2022-07-24 21:29:48,11569.2,4440
2022-07-24 21:29:47,11195.2,4814.04
2022-07-24 21:29:46,10810.6,5198.55
2022-07-24 21:29:45,10795.1,5214.07
2022-07-24 21:29:44,9836.59,6172.6
2022-07-24 21:29:43,9343.23,6665.96
2022-07-24 21:29:42,9347.18,6662.01
2022-07-24 21:29:41,9348.58,6660.6
2022-07-24 21:29:40,9349.15,6660.03
2022-07-24 21:29:39,9352.93,6656.26
2022-07-24 21:29:38,9356.19,6653
2022-07-24 21:29:37,9357.04,6652.14
2022-07-24 21:29:36,9365.71,6643.48
2022-07-24 21:29:35,9380.28,6628.91
2022-07-24 21:29:34,9380.36,6628.83
2022-07-24 21:29:33,9384.28,6624.91
2022-07-24 21:29:32,9399.72,6609.47
2022-07-24 21:29:31,9415.92,6593.27
2022-07-24 21:29:30,9417.57,6591.62
2022-07-24 21:29:29,9434.03,6575.15
2022-07-24 21:29:28,9465.2,6543.98
2022-07-24 21:29:27,9478.18,6531.01
2022-07-24 21:29:26,9491.15,6518.04
2022-07-24 21:29:25,9503.09,6506.1
2022-07-24 21:29:24,9559.64,6449.54
2022-07-24 21:29:23,9582.05,6427.13
2022-07-24 21:29:22,9608.2,6400.98
2022-07-24 21:29:21,9724.76,6284.43
2022-07-24 21:29:20,9795.3,6213.89
2022-07-24 21:29:19,9993.78,6015.41
2022-07-24 21:29:18,10281.1,5728.06
2022-07-24 21:29:17,10555.7,5453.5
2022-07-24 21:29:16,10737,5272.22
2022-07-24 21:29:15,10843.4,5165.8
2022-07-24 21:29:14,11062.7,4946.5
2022-07-24 21:29:13,11189.5,4819.7
2022-07-24 21:29:12,11430,4579.19
2022-07-24 21:29:11,11620.4,4388.82
2022-07-24 21:29:10,11233.8,4775.39
2022-07-24 21:29:09,10321.5,5687.7
2022-07-24 21:29:08,10425.2,5584.02
2022-07-24 21:29:07,9963.45,6045.74
2022-07-24 21:29:06,9458.25,6550.93
2022-07-24 21:29:05,9468.31,6540.88
2022-07-24 21:29:04,9470.24,6538.95
2022-07-24 21:29:03,9472.07,6537.12
2022-07-24 21:29:02,9490,6519.19
2022-07-24 21:29:01,9490.87,6518.32
2022-07-24 21:29:00,9493.99,6515.2
2022-07-24 21:28:59,9496.03,6513.16
2022-07-24 21:28:58,9524.92,6484.27
2022-07-24 21:28:57,9527.2,6481.99
2022-07-24 21:28:56,9529.95,6479.24
2022-07-24 21:28:55,9552.59,6456.6
2022-07-24 21:28:54,9559,6450.18
2022-07-24 21:28:53,9568.03,6441.16
2022-07-24 21:28:52,9599.11,6410.08
2022-07-24 21:28:51,9624.94,6384.25
2022-07-24 21:28:50,9646.43,6362.76
2022-07-24 21:28:49,9693.48,6315.7
2022-07-24 21:28:48,9705.94,6303.25
2022-07-24 21:28:47,9721.71,6287.47
2022-07-24 21:28:46,9805.41,6203.78
2022-07-24 21:28:45,9846.26,6162.93
2022-07-24 21:28:44,9903.51,6105.68
2022-07-24 21:28:43,10014.9,5994.29
2022-07-24 21:28:42,10083.6,5925.62
2022-07-24 21:28:41,10379.2,5629.97
2022-07-24 21:28:40,10675,5334.15
2022-07-24 21:28:39,10784.1,5225.05
2022-07-24 21:28:38,10989.5,5019.72
2022-07-24 21:28:37,11109.8,4899.35
2022-07-24 21:28:36,11297.4,4711.8
2022-07-24 21:28:35,11489.6,4519.62
2022-07-24 21:28:34,11627.9,4381.29
2022-07-24 21:28:33,11809.7,4199.53
2022-07-24 21:28:32,10275.7,5733.53
2022-07-24 21:28:31,9728.32,6280.87
2022-07-24 21:28:30,9218.62,6790.57
2022-07-24 21:28:29,9220.75,6788.44
2022-07-24 21:28:28,9228.21,6780.98
2022-07-24 21:28:27,9225.63,6783.56
2022-07-24 21:28:26,9228.75,6780.44
2022-07-24 21:28:25,9228,6781.19
2022-07-24 21:28:24,9239.65,6769.54
2022-07-24 21:28:23,9240.61,6768.58
2022-07-24 21:28:22,9241.79,6767.39
2022-07-24 21:28:21,9251.68,6757.51
2022-07-24 21:28:20,9251.75,6757.43
2022-07-24 21:28:19,9264.96,6744.23
2022-07-24 21:28:18,9279.37,6729.82
2022-07-24 21:28:17,9280.42,6728.77
2022-07-24 21:28:16,9280.49,6728.7
2022-07-24 21:28:15,9309.13,6700.06
2022-07-24 21:28:14,9321.01,6688.18
2022-07-24 21:28:13,9338.21,6670.98
2022-07-24 21:28:12,9363.8,6645.39
2022-07-24 21:28:11,9346.99,6662.19
2022-07-24 21:28:10,9398.34,6610.85
2022-07-24 21:28:09,9442.09,6567.1
2022-07-24 21:28:08,9445.53,6563.66
2022-07-24 21:28:07,9575.25,6433.94
2022-07-24 21:28:06,9688.57,6320.61
2022-07-24 21:28:05,9853.6,6155.59
2022-07-24 21:28:04,10173.4,5835.8
2022-07-24 21:28:03,10682.7,5326.48
2022-07-24 21:28:02,10903.6,5105.55
2022-07-24 21:28:01,11029.6,4979.59
2022-07-24 21:28:00,11132.3,4876.9
2022-07-24 21:27:59,11367.9,4641.24
2022-07-24 21:27:58,11501.5,4507.72
2022-07-24 21:27:57,11673.7,4335.51
2022-07-24 21:27:56,11249.6,4759.6
2022-07-24 21:27:55,9565.88,6443.31
2022-07-24 21:27:54,9608.42,6400.77
2022-07-24 21:27:53,8988.79,7020.4
2022-07-24 21:27:52,8991.35,7017.84
2022-07-24 21:27:51,8988.35,7020.84
2022-07-24 21:27:50,8990.33,7018.86
2022-07-24 21:27:49,8991.51,7017.68
2022-07-24 21:27:48,8991.09,7018.1
2022-07-24 21:27:47,8989.62,7019.57
2022-07-24 21:27:46,8991.28,7017.91
2022-07-24 21:27:45,8992.17,7017.02
2022-07-24 21:27:44,9000.62,7008.57
2022-07-24 21:27:43,9002.11,7007.07
2022-07-24 21:27:42,9003.38,7005.81
2022-07-24 21:27:41,9021.09,6988.1
2022-07-24 21:27:40,9020.94,6988.25
2022-07-24 21:27:39,9021.08,6988.11
2022-07-24 21:27:38,9039.51,6969.68
2022-07-24 21:27:37,9039.87,6969.32
2022-07-24 21:27:36,9041.52,6967.66
2022-07-24 21:27:35,9055.05,6954.14
2022-07-24 21:27:34,9056.82,6952.37
2022-07-24 21:27:33,9057.99,6951.2
2022-07-24 21:27:32,9085.05,6924.13
2022-07-24 21:27:31,9187.02,6822.17
2022-07-24 21:27:30,9200.47,6808.72
2022-07-24 21:27:29,9533.51,6475.68
2022-07-24 21:27:28,9873.44,6135.75
2022-07-24 21:27:27,10003.8,6005.42
2022-07-24 21:27:26,10581.6,5427.62
2022-07-24 21:27:25,10718.2,5290.94
2022-07-24 21:27:24,10866.1,5143.14
2022-07-24 21:27:23,11090.8,4918.4
2022-07-24 21:27:22,11368.8,4640.41
2022-07-24 21:27:21,11525.6,4483.61
2022-07-24 21:27:20,11712.8,4296.37
2022-07-24 21:27:19,11362.4,4646.79
2022-07-24 21:27:18,10240.6,5768.55
2022-07-24 21:27:17,9534.94,6474.25
2022-07-24 21:27:16,9005.24,7003.95
2022-07-24 21:27:15,9008.51,7000.68
2022-07-24 21:27:14,9009.57,6999.62
2022-07-24 21:27:13,9008.6,7000.59
2022-07-24 21:27:12,9012.19,6997
2022-07-24 21:27:11,9015.17,6994.02
2022-07-24 21:27:10,9015.54,6993.64
2022-07-24 21:27:09,9021.2,6987.99
2022-07-24 21:27:08,9021.77,6987.41
2022-07-24 21:27:07,9022.11,6987.07
2022-07-24 21:27:06,9022.97,6986.22
2022-07-24 21:27:05,9035.03,6974.16
2022-07-24 21:27:04,9035.33,6973.86
2022-07-24 21:27:03,9042.4,6966.79
2022-07-24 21:27:02,9047.18,6962.01
2022-07-24 21:27:01,9050.38,6958.81
2022-07-24 21:27:00,9064.2,6944.99
2022-07-24 21:26:59,9066.54,6942.64
2022-07-24 21:26:58,9065.67,6943.52
2022-07-24 21:26:57,9082.78,6926.4
2022-07-24 21:26:56,9083.68,6925.51
2022-07-24 21:26:55,9105.26,6903.93
2022-07-24 21:26:54,9117.95,6891.23
2022-07-24 21:26:53,9246.09,6763.1
2022-07-24 21:26:52,9279.36,6729.83
2022-07-24 21:26:51,9598.84,6410.35
2022-07-24 21:26:50,10116.2,5893.04
2022-07-24 21:26:49,10266.7,5742.48
2022-07-24 21:26:48,10787.2,5222
2022-07-24 21:26:47,11059.5,4949.66
2022-07-24 21:26:46,11221.3,4787.86
2022-07-24 21:26:45,11383.3,4625.93
2022-07-24 21:26:44,11541.2,4467.98
2022-07-24 21:26:43,11675,4334.14
2022-07-24 21:26:42,11861.4,4147.82
2022-07-24 21:26:41,10366.1,5643.07
2022-07-24 21:26:40,9222.27,6786.91
2022-07-24 21:26:39,9220.99,6788.2
2022-07-24 21:26:38,9223.69,6785.5
2022-07-24 21:26:37,9235.77,6773.42
2022-07-24 21:26:36,9235.37,6773.81
2022-07-24 21:26:35,9238.23,6770.95
2022-07-24 21:26:34,9246.59,6762.6
2022-07-24 21:26:33,9258.72,6750.47
2022-07-24 21:26:32,9258.72,6750.47
2022-07-24 21:26:31,9260.07,6749.11
2022-07-24 21:26:30,9292.22,6716.97
2022-07-24 21:26:29,9292.83,6716.36
2022-07-24 21:26:28,9294.01,6715.18
2022-07-24 21:26:27,9320.56,6688.63
2022-07-24 21:26:26,9321.62,6687.57
2022-07-24 21:26:25,9323.79,6685.4
2022-07-24 21:26:24,9339,6670.19
2022-07-24 21:26:23,9355.73,6653.46
2022-07-24 21:26:22,9357.5,6651.68
2022-07-24 21:26:21,9375.81,6633.38
2022-07-24 21:26:20,9392.4,6616.78
2022-07-24 21:26:19,9406.92,6602.27
2022-07-24 21:26:18,9426.14,6583.05
2022-07-24 21:26:17,9463.52,6545.67
2022-07-24 21:26:16,9553.35,6455.84
2022-07-24 21:26:15,9583.15,6426.04
2022-07-24 21:26:14,10006.1,6003.1
2022-07-24 21:26:13,10245.4,5763.82
2022-07-24 21:26:12,10497.4,5511.75
2022-07-24 21:26:11,10793,5216.19
2022-07-24 21:26:10,10949.9,5059.26
2022-07-24 21:26:09,11174.8,4834.36
2022-07-24 21:26:08,11332.6,4676.63
2022-07-24 21:26:07,11498.9,4510.24
2022-07-24 21:26:06,11661.5,4347.67
2022-07-24 21:26:05,11731.9,4277.32
2022-07-24 21:26:04,10228.5,5780.7
2022-07-24 21:26:03,9653.31,6355.88
2022-07-24 21:26:02,9138.01,6871.18
2022-07-24 21:26:01,9138.61,6870.58
2022-07-24 21:26:00,9154.41,6854.78
2022-07-24 21:25:59,9155.72,6853.46
2022-07-24 21:25:58,9157.79,6851.39
2022-07-24 21:25:57,9155.82,6853.37
2022-07-24 21:25:56,9166.59,6842.6
2022-07-24 21:25:55,9167.35,6841.84
2022-07-24 21:25:54,9170.25,6838.94
2022-07-24 21:25:53,9177.44,6831.75
2022-07-24 21:25:52,9188.86,6820.33
2022-07-24 21:25:51,9190.49,6818.7
2022-07-24 21:25:50,9192.05,6817.14
2022-07-24 21:25:49,9215.97,6793.22
2022-07-24 21:25:48,9216.48,6792.71
2022-07-24 21:25:47,9219.86,6789.32
2022-07-24 21:25:46,9244.77,6764.42
2022-07-24 21:25:45,9246.91,6762.28
2022-07-24 21:25:44,9257.62,6751.57
2022-07-24 21:25:43,9258.25,6750.93
2022-07-24 21:25:42,9256.84,6752.34
2022-07-24 21:25:41,9276.9,6732.29
2022-07-24 21:25:40,9298.87,6710.32
2022-07-24 21:25:39,9399.37,6609.82
2022-07-24 21:25:38,9510.45,6498.73
2022-07-24 21:25:37,9535.74,6473.45
2022-07-24 21:25:36,9952.34,6056.85
2022-07-24 21:25:35,10588.3,5420.89
2022-07-24 21:25:34,10837.2,5172.02
2022-07-24 21:25:33,10994.2,5014.96
2022-07-24 21:25:32,11195.7,4813.5
2022-07-24 21:25:31,11352.8,4656.4
2022-07-24 21:25:30,11466.5,4542.65
2022-07-24 21:25:29,11624.4,4384.76
2022-07-24 21:25:28,11815.8,4193.34
2022-07-24 21:25:27,11040.5,4968.64
2022-07-24 21:25:26,9689.29,6319.9
2022-07-24 21:25:25,9077.96,6931.23
2022-07-24 21:25:24,9078.64,6930.54
2022-07-24 21:25:23,9078,6931.18
2022-07-24 21:25:22,9077.48,6931.71
2022-07-24 21:25:21,9082.2,6926.99
2022-07-24 21:25:20,9082.89,6926.29
2022-07-24 21:25:19,9084.03,6925.16
2022-07-24 21:25:18,9085.58,6923.61
2022-07-24 21:25:17,9085.9,6923.29
2022-07-24 21:25:16,9085.29,6923.89
2022-07-24 21:25:15,9085.86,6923.32
2022-07-24 21:25:14,9085.94,6923.25
2022-07-24 21:25:13,9087.1,6922.09
2022-07-24 21:25:12,9090.66,6918.53
2022-07-24 21:25:11,9088.13,6921.06
2022-07-24 21:25:10,9114.93,6894.25
2022-07-24 21:25:09,9115.89,6893.3
2022-07-24 21:25:08,9116.61,6892.58
2022-07-24 21:25:07,9147.84,6861.35
2022-07-24 21:25:06,9177.05,6832.14
2022-07-24 21:25:05,9177.75,6831.44
2022-07-24 21:25:04,9215.42,6793.77
2022-07-24 21:25:03,9303.97,6705.22
2022-07-24 21:25:02,9316.48,6692.7
2022-07-24 21:25:01,9491.5,6517.69
2022-07-24 21:25:00,9742.62,6266.57
2022-07-24 21:24:59,9922.93,6086.25
2022-07-24 21:24:58,10374.4,5634.77
2022-07-24 21:24:57,10516,5493.17
2022-07-24 21:24:56,10767.2,5241.97
2022-07-24 21:24:55,11049.3,4959.84
2022-07-24 21:24:54,11291.6,4717.59
2022-07-24 21:24:53,11460.4,4548.84
2022-07-24 21:24:52,11623.6,4385.54
2022-07-24 21:24:51,11249.8,4759.4
2022-07-24 21:24:50,10768,5241.15
2022-07-24 21:24:49,9718.5,6290.68
2022-07-24 21:24:48,9126.19,6883
2022-07-24 21:24:47,9127.92,6881.27
2022-07-24 21:24:46,9132.16,6877.03
2022-07-24 21:24:45,9133.62,6875.57
2022-07-24 21:24:44,9135.54,6873.64
2022-07-24 21:24:43,9142.63,6866.56
2022-07-24 21:24:42,9145.86,6863.33
2022-07-24 21:24:41,9152.14,6857.05
2022-07-24 21:24:40,9172.73,6836.46
2022-07-24 21:24:39,9183.77,6825.41
2022-07-24 21:24:38,9191.3,6817.89
2022-07-24 21:24:37,9196.01,6813.18
2022-07-24 21:24:36,9221.34,6787.85
2022-07-24 21:24:35,9222.26,6786.93
2022-07-24 21:24:34,9223.43,6785.76
2022-07-24 21:24:33,9251.36,6757.83
2022-07-24 21:24:32,9249.96,6759.22
2022-07-24 21:24:31,9251.89,6757.3
2022-07-24 21:24:30,9282.6,6726.59
2022-07-24 21:24:29,9282.45,6726.73
2022-07-24 21:24:28,9284.51,6724.68
2022-07-24 21:24:27,9325.84,6683.34
2022-07-24 21:24:26,9309.61,6699.58
2022-07-24 21:24:25,9348.41,6660.77
2022-07-24 21:24:24,9447.02,6562.17
2022-07-24 21:24:23,9524.01,6485.18
2022-07-24 21:24:22,9674.46,6334.73
2022-07-24 21:24:21,10029.3,5979.87
2022-07-24 21:24:20,10382.6,5626.61
2022-07-24 21:24:19,10720.6,5288.54
2022-07-24 21:24:18,10837.3,5171.87
2022-07-24 21:24:17,11074,4935.16
2022-07-24 21:24:16,11351.4,4657.84
2022-07-24 21:24:15,11515.2,4493.97
2022-07-24 21:24:14,11076.9,4932.31
2022-07-24 21:24:13,11207.6,4801.55
2022-07-24 21:24:12,10820.1,5189.06
2022-07-24 21:24:11,9770.06,6239.12
2022-07-24 21:24:10,9281.92,6727.27
2022-07-24 21:24:09,9294,6715.19
2022-07-24 21:24:08,9296.28,6712.9
2022-07-24 21:24:07,9297.16,6712.03
2022-07-24 21:24:06,9308.47,6700.72
2022-07-24 21:24:05,9307.9,6701.28
2022-07-24 21:24:04,9311.16,6698.02
2022-07-24 21:24:03,9314.22,6694.96
2022-07-24 21:24:02,9320.07,6689.11
2022-07-24 21:24:01,9320.76,6688.43
2022-07-24 21:24:00,9332.06,6677.13
2022-07-24 21:23:59,9332.53,6676.66
2022-07-24 21:23:58,9334.64,6674.54
2022-07-24 21:23:57,9349.27,6659.91
2022-07-24 21:23:56,9350.16,6659.02
2022-07-24 21:23:55,9351.71,6657.48
2022-07-24 21:23:54,9386.77,6622.42
2022-07-24 21:23:53,9385.87,6623.32
2022-07-24 21:23:52,9377.19,6632
2022-07-24 21:23:51,9436.61,6572.58
2022-07-24 21:23:50,9455.16,6554.03
2022-07-24 21:23:49,9486.66,6522.53
2022-07-24 21:23:48,9569.39,6439.8
2022-07-24 21:23:47,9640.34,6368.85
2022-07-24 21:23:46,9923.35,6085.84
2022-07-24 21:23:45,10187,5822.15
2022-07-24 21:23:44,10579.2,5430.02
2022-07-24 21:23:43,10721,5288.16
2022-07-24 21:23:42,10891.5,5117.65
2022-07-24 21:23:41,11090,4919.18
2022-07-24 21:23:40,11206.9,4802.31
2022-07-24 21:23:39,11411,4598.21
2022-07-24 21:23:38,11613.1,4396.07
2022-07-24 21:23:37,11244.6,4764.62
2022-07-24 21:23:36,10847.5,5161.66
2022-07-24 21:23:35,10409.9,5599.32
2022-07-24 21:23:34,9945.27,6063.92
2022-07-24 21:23:33,9968.91,6040.28
2022-07-24 21:23:32,9467.15,6542.04
2022-07-24 21:23:31,9471.09,6538.1
2022-07-24 21:23:30,9476.41,6532.78
2022-07-24 21:23:29,9484.94,6524.25
2022-07-24 21:23:28,9488.08,6521.11
2022-07-24 21:23:27,9497.04,6512.15
2022-07-24 21:23:26,9506.15,6503.03
2022-07-24 21:23:25,9506.91,6502.28
2022-07-24 21:23:24,9508.96,6500.22
2022-07-24 21:23:23,9524.69,6484.5
2022-07-24 21:23:22,9535.76,6473.43
2022-07-24 21:23:21,9537.42,6471.77
2022-07-24 21:23:20,9549.94,6459.25
2022-07-24 21:23:19,9566.27,6442.91
2022-07-24 21:23:18,9574.86,6434.33
2022-07-24 21:23:17,9597.43,6411.76
2022-07-24 21:23:16,9661.93,6347.25
2022-07-24 21:23:15,9653.85,6355.34
2022-07-24 21:23:14,9728.5,6280.69
2022-07-24 21:23:13,9784.17,6225.02
2022-07-24 21:23:12,9803.45,6205.73
2022-07-24 21:23:11,9874.45,6134.74
2022-07-24 21:23:10,9935.96,6073.22
2022-07-24 21:23:09,10181.9,5827.3
2022-07-24 21:23:08,10408.9,5600.32
2022-07-24 21:23:07,10570.2,5439
2022-07-24 21:23:06,10755.6,5253.63
2022-07-24 21:23:05,10979.7,5029.47
2022-07-24 21:23:04,11130.8,4878.44
2022-07-24 21:23:03,11217.9,4791.32
2022-07-24 21:23:02,11460.4,4548.79
2022-07-24 21:23:01,11121.5,4887.73
2022-07-24 21:23:00,11248.4,4760.76
2022-07-24 21:22:59,10754.1,5255.07
2022-07-24 21:22:58,9593.39,6415.8
2022-07-24 21:22:57,9646.7,6362.49
2022-07-24 21:22:56,9663.07,6346.12
2022-07-24 21:22:55,9148.11,6861.07
2022-07-24 21:22:54,9147.5,6861.69
2022-07-24 21:22:53,9148.84,6860.35
2022-07-24 21:22:52,9148.73,6860.45
2022-07-24 21:22:51,9149.56,6859.63
2022-07-24 21:22:50,9159.53,6849.66
2022-07-24 21:22:49,9158.55,6850.63
2022-07-24 21:22:48,9160.71,6848.47
2022-07-24 21:22:47,9162.32,6846.86
2022-07-24 21:22:46,9168.39,6840.8
2022-07-24 21:22:45,9170.41,6838.77
2022-07-24 21:22:44,9198.36,6810.82
2022-07-24 21:22:43,9214.18,6795.01
2022-07-24 21:22:42,9213.67,6795.52
2022-07-24 21:22:41,9239.13,6770.05
2022-07-24 21:22:40,9254.35,6754.84
2022-07-24 21:22:39,9259.19,6750
2022-07-24 21:22:38,9253.32,6755.87
2022-07-24 21:22:37,9286.38,6722.81
2022-07-24 21:22:36,9292.41,6716.78
2022-07-24 21:22:35,9334.53,6674.66
2022-07-24 21:22:34,9418.97,6590.22
2022-07-24 21:22:33,9642.72,6366.46
2022-07-24 21:22:32,9698.71,6310.48
2022-07-24 21:22:31,10010.8,5998.35
2022-07-24 21:22:30,10332.7,5676.48
2022-07-24 21:22:29,10666.8,5342.44
2022-07-24 21:22:28,10966.2,5043
2022-07-24 21:22:27,11174.8,4834.43
2022-07-24 21:22:26,11265.8,4743.44
2022-07-24 21:22:25,10873.6,5135.57
2022-07-24 21:22:24,11094.8,4914.44
2022-07-24 21:22:23,11244.5,4764.72
2022-07-24 21:22:22,10857.9,5151.33
2022-07-24 21:22:21,9857.27,6151.92
2022-07-24 21:22:20,9906.6,6102.59
2022-07-24 21:22:19,9959.32,6049.87
2022-07-24 21:22:18,9463.8,6545.39
2022-07-24 21:22:17,9479.66,6529.53
2022-07-24 21:22:16,9482.41,6526.77
2022-07-24 21:22:15,9485.44,6523.75
2022-07-24 21:22:14,9487.34,6521.84
2022-07-24 21:22:13,9500.69,6508.5
2022-07-24 21:22:12,9504.08,6505.11
2022-07-24 21:22:11,9505.74,6503.45
2022-07-24 21:22:10,9518.04,6491.15
2022-07-24 21:22:09,9527.75,6481.44
2022-07-24 21:22:08,9540.96,6468.23
2022-07-24 21:22:07,9554.89,6454.3
2022-07-24 21:22:06,9584.02,6425.16
2022-07-24 21:22:05,9606.31,6402.88
2022-07-24 21:22:04,9636.67,6372.52
2022-07-24 21:22:03,9659.41,6349.78
2022-07-24 21:22:02,9705.53,6303.66
2022-07-24 21:22:01,9753.4,6255.79
2022-07-24 21:22:00,9778.06,6231.13
2022-07-24 21:21:59,9816.49,6192.7
2022-07-24 21:21:58,9943.59,6065.6
2022-07-24 21:21:57,9975.77,6033.41
2022-07-24 21:21:56,10179.8,5829.42
2022-07-24 21:21:55,10291.8,5717.34
2022-07-24 21:21:54,10367.4,5641.75
2022-07-24 21:21:53,10560.1,5449.11
2022-07-24 21:21:52,10803.5,5205.66
2022-07-24 21:21:51,11053.4,4955.75
2022-07-24 21:21:50,11204.6,4804.63
2022-07-24 21:21:49,11431.2,4577.96
2022-07-24 21:21:48,11544.8,4464.39
2022-07-24 21:21:47,11697.3,4311.93
2022-07-24 21:21:46,11317.6,4691.58
2022-07-24 21:21:45,10327.8,5681.34
2022-07-24 21:21:44,9764.79,6244.4
2022-07-24 21:21:43,9267.92,6741.27
2022-07-24 21:21:42,9271.8,6737.39
2022-07-24 21:21:41,9272.8,6736.39
2022-07-24 21:21:40,9281.36,6727.82
2022-07-24 21:21:39,9282.76,6726.43
2022-07-24 21:21:38,9284.86,6724.33
2022-07-24 21:21:37,9284.55,6724.64
2022-07-24 21:21:36,9304.13,6705.06
2022-07-24 21:21:35,9305.31,6703.88
2022-07-24 21:21:34,9307.87,6701.32
2022-07-24 21:21:33,9321.58,6687.61
2022-07-24 21:21:32,9333.71,6675.48
2022-07-24 21:21:31,9335.06,6674.13
2022-07-24 21:21:30,9350.05,6659.14
2022-07-24 21:21:29,9367.81,6641.38
2022-07-24 21:21:28,9367.76,6641.43
2022-07-24 21:21:27,9383.89,6625.3
2022-07-24 21:21:26,9372.51,6636.68
2022-07-24 21:21:25,9408.21,6600.98
2022-07-24 21:21:24,9420.14,6589.05
2022-07-24 21:21:23,9431.41,6577.78
2022-07-24 21:21:22,9449.28,6559.91
2022-07-24 21:21:21,9473.96,6535.23
2022-07-24 21:21:20,9572.68,6436.51
2022-07-24 21:21:19,9664.73,6344.45
2022-07-24 21:21:18,10014.4,5994.75
2022-07-24 21:21:17,10114.8,5894.42
2022-07-24 21:21:16,10377.8,5631.41
2022-07-24 21:21:15,10729.9,5279.33
2022-07-24 21:21:14,10959.2,5050
2022-07-24 21:21:13,11240.6,4768.58
2022-07-24 21:21:12,11436,4573.18
2022-07-24 21:21:11,11584.2,4424.95
2022-07-24 21:21:10,11184.9,4824.33
2022-07-24 21:21:09,10790.8,5218.38
2022-07-24 21:21:08,10267.1,5742.07
2022-07-24 21:21:07,9723.41,6285.78
2022-07-24 21:21:06,9748.6,6260.59
2022-07-24 21:21:05,9252.55,6756.64
2022-07-24 21:21:04,9255.57,6753.62
2022-07-24 21:21:03,9257.46,6751.73
2022-07-24 21:21:02,9267.24,6741.94
2022-07-24 21:21:01,9267.92,6741.27
2022-07-24 21:21:00,9271.41,6737.78
2022-07-24 21:20:59,9283.96,6725.23
2022-07-24 21:20:58,9283.15,6726.04
2022-07-24 21:20:57,9285.98,6723.2
2022-07-24 21:20:56,9287.25,6721.94
2022-07-24 21:20:55,9296.66,6712.53
2022-07-24 21:20:54,9302.47,6706.71
2022-07-24 21:20:53,9304,6705.19
2022-07-24 21:20:52,9316.15,6693.03
2022-07-24 21:20:51,9318,6691.19
2022-07-24 21:20:50,9345.43,6663.75
2022-07-24 21:20:49,9364.05,6645.13
2022-07-24 21:20:48,9365.94,6643.25
2022-07-24 21:20:47,9410.05,6599.14
2022-07-24 21:20:46,9428.18,6581.01
2022-07-24 21:20:45,9450.51,6558.68
2022-07-24 21:20:44,9535.3,6473.89
2022-07-24 21:20:43,9627.7,6381.49
2022-07-24 21:20:42,9818.72,6190.47
2022-07-24 21:20:41,10072.8,5936.39
2022-07-24 21:20:40,10425.2,5583.94
2022-07-24 21:20:39,10558.4,5450.78
2022-07-24 21:20:38,10623.3,5385.94
2022-07-24 21:20:37,10898.1,5111.11
2022-07-24 21:20:36,11157.5,4851.66
2022-07-24 21:20:35,11343.3,4665.85
2022-07-24 21:20:34,11669.8,4339.4
2022-07-24 21:20:33,10732,5277.2
2022-07-24 21:20:32,10179.2,5830.04
2022-07-24 21:20:31,10275.4,5733.81
2022-07-24 21:20:30,9826.82,6182.36
2022-07-24 21:20:29,9355.01,6654.18
2022-07-24 21:20:28,9362.15,6647.04
2022-07-24 21:20:27,9364.02,6645.16
2022-07-24 21:20:26,9365.1,6644.09
2022-07-24 21:20:25,9376.45,6632.73
2022-07-24 21:20:24,9378.09,6631.1
2022-07-24 21:20:23,9380.84,6628.35
2022-07-24 21:20:22,9404.45,6604.73
2022-07-24 21:20:21,9405.94,6603.25
2022-07-24 21:20:20,9407.98,6601.21
2022-07-24 21:20:19,9408,6601.18
2022-07-24 21:20:18,9436.73,6572.46
2022-07-24 21:20:17,9431.23,6577.96
2022-07-24 21:20:16,9433.82,6575.37
2022-07-24 21:20:15,9465.75,6543.43
2022-07-24 21:20:14,9466.27,6542.92
2022-07-24 21:20:13,9502.75,6506.44
2022-07-24 21:20:12,9524.79,6484.4
2022-07-24 21:20:11,9526.63,6482.56
2022-07-24 21:20:10,9576.45,6432.73
2022-07-24 21:20:09,9639.46,6369.73
2022-07-24 21:20:08,9631.37,6377.82
2022-07-24 21:20:07,9749.91,6259.27
2022-07-24 21:20:06,9851,6158.19
2022-07-24 21:20:05,10052.6,5956.55
2022-07-24 21:20:04,10522.5,5486.69
2022-07-24 21:20:03,10690.1,5319.09
2022-07-24 21:20:02,10772.1,5237.09
2022-07-24 21:20:01,10919.5,5089.68
2022-07-24 21:20:00,11095.6,4913.6
2022-07-24 21:19:59,11263.2,4745.94
2022-07-24 21:19:58,11512.5,4496.73
2022-07-24 21:19:57,11716.8,4292.39
2022-07-24 21:19:56,11350.3,4658.87
2022-07-24 21:19:55,10290.2,5718.95
2022-07-24 21:19:54,9852.74,6156.45
2022-07-24 21:19:53,9869.14,6140.05
2022-07-24 21:19:52,9256.21,6752.98
2022-07-24 21:19:51,9257.54,6751.65
2022-07-24 21:19:50,9256.91,6752.28
2022-07-24 21:19:49,9258.45,6750.74
2022-07-24 21:19:48,9261.13,6748.06
2022-07-24 21:19:47,9261.19,6747.99
2022-07-24 21:19:46,9263.62,6745.57
2022-07-24 21:19:45,9262.9,6746.29
2022-07-24 21:19:44,9265.16,6744.03
2022-07-24 21:19:43,9265.74,6743.45
2022-07-24 21:19:42,9276.25,6732.94
2022-07-24 21:19:41,9276.04,6733.14
2022-07-24 21:19:40,9276.97,6732.22
2022-07-24 21:19:39,9299.61,6709.57
2022-07-24 21:19:38,9299.26,6709.93
2022-07-24 21:19:37,9308.24,6700.95
2022-07-24 21:19:36,9306.57,6702.62
2022-07-24 21:19:35,9315.48,6693.71
2022-07-24 21:19:34,9369.29,6639.9
2022-07-24 21:19:33,9398.62,6610.56
2022-07-24 21:19:32,9424.39,6584.8
2022-07-24 21:19:31,9492.03,6517.16
2022-07-24 21:19:30,9596.34,6412.85
2022-07-24 21:19:29,9654.89,6354.3
2022-07-24 21:19:28,10002.9,6006.26
2022-07-24 21:19:27,10358.8,5650.43
2022-07-24 21:19:26,10515.5,5493.71
2022-07-24 21:19:25,10632.1,5377.11
2022-07-24 21:19:24,10922.7,5086.46
2022-07-24 21:19:23,11071.2,4937.94
2022-07-24 21:19:22,11367.6,4641.62
2022-07-24 21:19:21,11546.1,4463.1
2022-07-24 21:19:20,11723.9,4285.33
2022-07-24 21:19:19,10305,5704.22
2022-07-24 21:19:18,10381.1,5628.11
2022-07-24 21:19:17,10478.9,5530.32
2022-07-24 21:19:16,9353.06,6656.13
2022-07-24 21:19:15,9353.88,6655.31
2022-07-24 21:19:14,9356.93,6652.25
2022-07-24 21:19:13,9359.65,6649.54
2022-07-24 21:19:12,9360.3,6648.89
2022-07-24 21:19:11,9362.18,6647.01
2022-07-24 21:19:10,9366,6643.19
2022-07-24 21:19:09,9367.53,6641.66
2022-07-24 21:19:08,9370.39,6638.79
2022-07-24 21:19:07,9372.81,6636.37
2022-07-24 21:19:06,9372.73,6636.46
2022-07-24 21:19:05,9387.47,6621.72
2022-07-24 21:19:04,9388.65,6620.53
2022-07-24 21:19:03,9399.04,6610.15
2022-07-24 21:19:02,9415.76,6593.43
2022-07-24 21:19:01,9436.94,6572.25
2022-07-24 21:19:00,9463.76,6545.43
2022-07-24 21:18:59,9466.36,6542.82
2022-07-24 21:18:58,9486.02,6523.17
2022-07-24 21:18:57,9598.97,6410.22
2022-07-24 21:18:56,9601.52,6407.66
2022-07-24 21:18:55,9660.19,6349
2022-07-24 21:18:54,9701.36,6307.83
2022-07-24 21:18:53,9766.06,6243.13
2022-07-24 21:18:52,9972.49,6036.7
2022-07-24 21:18:51,10070.3,5938.91
2022-07-24 21:18:50,10304.1,5705.05
2022-07-24 21:18:49,10543.2,5465.97
2022-07-24 21:18:48,10632.5,5376.72
2022-07-24 21:18:47,10822.3,5186.93
2022-07-24 21:18:46,11023,4986.19
2022-07-24 21:18:45,11331.6,4677.63
2022-07-24 21:18:44,11522.3,4486.85
2022-07-24 21:18:43,11685.2,4324.03
2022-07-24 21:18:42,11307.8,4701.4
2022-07-24 21:18:41,10270.1,5739.09
2022-07-24 21:18:40,9985.58,6023.61
2022-07-24 21:18:39,9723.18,6286.01
2022-07-24 21:18:38,9221.68,6787.51
2022-07-24 21:18:37,9230.17,6779.02
2022-07-24 21:18:36,9240.06,6769.12
2022-07-24 21:18:35,9238.71,6770.48
2022-07-24 21:18:34,9252.7,6756.49
2022-07-24 21:18:33,9251.5,6757.68
2022-07-24 21:18:32,9260.33,6748.86
2022-07-24 21:18:31,9260.89,6748.29
2022-07-24 21:18:30,9282.59,6726.6
2022-07-24 21:18:29,9288.8,6720.39
2022-07-24 21:18:28,9296.44,6712.75
2022-07-24 21:18:27,9314.38,6694.81
2022-07-24 21:18:26,9326.07,6683.12
2022-07-24 21:18:25,9327.1,6682.09
2022-07-24 21:18:24,9364.03,6645.15
2022-07-24 21:18:23,9365.82,6643.37
2022-07-24 21:18:22,9375.86,6633.32
2022-07-24 21:18:21,9414.82,6594.37
2022-07-24 21:18:20,9417.64,6591.55
2022-07-24 21:18:19,9447.15,6562.04
2022-07-24 21:18:18,9483.21,6525.97
2022-07-24 21:18:17,9520.73,6488.46
2022-07-24 21:18:16,9558.49,6450.69
2022-07-24 21:18:15,9654.23,6354.96
2022-07-24 21:18:14,9967.41,6041.77
2022-07-24 21:18:13,10311.6,5697.59
2022-07-24 21:18:12,10492.6,5516.54
2022-07-24 21:18:11,10893.3,5115.9
2022-07-24 21:18:10,11003.6,5005.59
2022-07-24 21:18:09,11151,4858.18
2022-07-24 21:18:08,11292.4,4716.79
2022-07-24 21:18:07,11422.3,4586.85
2022-07-24 21:18:06,11080.6,4928.58
2022-07-24 21:18:05,10590.6,5418.57
2022-07-24 21:18:04,10132.3,5876.9
2022-07-24 21:18:03,9665.71,6343.48
2022-07-24 21:18:02,9714.68,6294.51
2022-07-24 21:18:01,9737.74,6271.45
2022-07-24 21:18:00,9113.69,6895.5
2022-07-24 21:17:59,9113.71,6895.48
2022-07-24 21:17:58,9114.73,6894.46
2022-07-24 21:17:57,9117.07,6892.12
2022-07-24 21:17:56,9117.08,6892.11
2022-07-24 21:17:55,9117.59,6891.59
2022-07-24 21:17:54,9118.32,6890.86
2022-07-24 21:17:53,9120.85,6888.34
2022-07-24 21:17:52,9119.37,6889.82
2022-07-24 21:17:51,9121.73,6887.46
2022-07-24 21:17:50,9122.76,6886.43
2022-07-24 21:17:49,9136.44,6872.75
2022-07-24 21:17:48,9154.18,6855.01
2022-07-24 21:17:47,9156.06,6853.13
2022-07-24 21:17:46,9157.55,6851.64
2022-07-24 21:17:45,9183.09,6826.09
2022-07-24 21:17:44,9213.34,6795.84
2022-07-24 21:17:43,9213.91,6795.27
2022-07-24 21:17:42,9240.71,6768.47
2022-07-24 21:17:41,9283.22,6725.97
2022-07-24 21:17:40,9366.49,6642.7
2022-07-24 21:17:39,9439.61,6569.58
2022-07-24 21:17:38,9721.55,6287.64
2022-07-24 21:17:37,10001.3,6007.92
2022-07-24 21:17:36,10259,5750.16
2022-07-24 21:17:35,10535.8,5473.37
2022-07-24 21:17:34,10642,5367.16
2022-07-24 21:17:33,10833.7,5175.47
2022-07-24 21:17:32,11096.4,4912.77
2022-07-24 21:17:31,11371.5,4637.67
2022-07-24 21:17:30,11537.2,4471.96
2022-07-24 21:17:29,11717.3,4291.88
2022-07-24 21:17:28,10687.5,5321.68
2022-07-24 21:17:27,10155.2,5853.97
2022-07-24 21:17:26,10216.2,5792.99
2022-07-24 21:17:25,9227.91,6781.27
2022-07-24 21:17:24,9230.36,6778.83
2022-07-24 21:17:23,9237.91,6771.28
2022-07-24 21:17:22,9240.25,6768.94
2022-07-24 21:17:21,9243.33,6765.86
2022-07-24 21:17:20,9248.84,6760.35
2022-07-24 21:17:19,9254.1,6755.09
2022-07-24 21:17:18,9253.88,6755.31
2022-07-24 21:17:17,9256.63,6752.56
2022-07-24 21:17:16,9270.43,6738.75
2022-07-24 21:17:15,9275.43,6733.76
2022-07-24 21:17:14,9274.24,6734.95
2022-07-24 21:17:13,9291.48,6717.71
2022-07-24 21:17:12,9300.77,6708.42
2022-07-24 21:17:11,9321.17,6688.02
2022-07-24 21:17:10,9339.66,6669.52
2022-07-24 21:17:09,9340.66,6668.52
2022-07-24 21:17:08,9384.48,6624.7
2022-07-24 21:17:07,9402.77,6606.42
2022-07-24 21:17:06,9405.53,6603.66
2022-07-24 21:17:05,9466.42,6542.77
2022-07-24 21:17:04,9477.16,6532.03
2022-07-24 21:17:03,9496.93,6512.25
2022-07-24 21:17:02,9665.27,6343.92
2022-07-24 21:17:01,9696.91,6312.28
2022-07-24 21:17:00,10091,5918.21
2022-07-24 21:16:59,10507.4,5501.75
2022-07-24 21:16:58,10694,5315.21
2022-07-24 21:16:57,10829.1,5180.08
2022-07-24 21:16:56,11052.9,4956.25
2022-07-24 21:16:55,11278.5,4730.7
2022-07-24 21:16:54,11431.6,4577.6
2022-07-24 21:16:53,11570.1,4439.06
2022-07-24 21:16:52,11712.3,4296.89
2022-07-24 21:16:51,10840.4,5168.77
2022-07-24 21:16:50,10323,5686.17
2022-07-24 21:16:49,9864.6,6144.59
2022-07-24 21:16:48,9350.13,6659.06
2022-07-24 21:16:47,9353.3,6655.89
2022-07-24 21:16:46,9355.39,6653.79
2022-07-24 21:16:45,9358.45,6650.73
2022-07-24 21:16:44,9365.43,6643.76
2022-07-24 21:16:43,9366.6,6642.59
2022-07-24 21:16:42,9366.71,6642.48
2022-07-24 21:16:41,9368.38,6640.81
2022-07-24 21:16:40,9381.61,6627.58
2022-07-24 21:16:39,9381.81,6627.37
2022-07-24 21:16:38,9389,6620.18
2022-07-24 21:16:37,9389.4,6619.79
2022-07-24 21:16:36,9419.38,6589.81
2022-07-24 21:16:35,9430.58,6578.61
2022-07-24 21:16:34,9451.49,6557.7
2022-07-24 21:16:33,9470.43,6538.76
2022-07-24 21:16:32,9493.64,6515.55
2022-07-24 21:16:31,9517.95,6491.24
2022-07-24 21:16:30,9543.45,6465.74
2022-07-24 21:16:29,9566.34,6442.85
2022-07-24 21:16:28,9599.76,6409.43
2022-07-24 21:16:27,9636.93,6372.25
2022-07-24 21:16:26,9690.53,6318.66
2022-07-24 21:16:25,9771.75,6237.43
2022-07-24 21:16:24,10051,5958.16
2022-07-24 21:16:23,10240,5769.16
2022-07-24 21:16:22,10318.6,5690.63
2022-07-24 21:16:21,10544.8,5464.38
2022-07-24 21:16:20,10877.7,5131.48
2022-07-24 21:16:19,11051.9,4957.28
2022-07-24 21:16:18,11334.6,4674.61
2022-07-24 21:16:17,11495.7,4513.54
2022-07-24 21:16:16,11105.5,4903.64
2022-07-24 21:16:15,11234,4775.2
2022-07-24 21:16:14,10740.2,5269.02
2022-07-24 21:16:13,10838.6,5170.64
2022-07-24 21:16:12,9743.22,6265.96
2022-07-24 21:16:11,9148.12,6861.07
2022-07-24 21:16:10,9150.02,6859.17
2022-07-24 21:16:09,9150.42,6858.77
2022-07-24 21:16:08,9149.01,6860.18
2022-07-24 21:16:07,9151.37,6857.82
2022-07-24 21:16:06,9153.87,6855.32
2022-07-24 21:16:05,9153.89,6855.3
2022-07-24 21:16:04,9156.08,6853.11
2022-07-24 21:16:03,9156.4,6852.79
2022-07-24 21:16:02,9156.05,6853.13
2022-07-24 21:16:01,9156.84,6852.35
2022-07-24 21:16:00,9171.52,6837.66
2022-07-24 21:15:59,9169.62,6839.57
2022-07-24 21:15:58,9170.81,6838.37
2022-07-24 21:15:57,9190.39,6818.79
2022-07-24 21:15:56,9214.26,6794.93
2022-07-24 21:15:55,9215.79,6793.39
2022-07-24 21:15:54,9243.28,6765.91
2022-07-24 21:15:53,9281.17,6728.02
2022-07-24 21:15:52,9274.97,6734.21
2022-07-24 21:15:51,9304.47,6704.71
2022-07-24 21:15:50,9334.69,6674.5
2022-07-24 21:15:49,9360.56,6648.63
2022-07-24 21:15:48,9470.13,6539.06
2022-07-24 21:15:47,9661.46,6347.73
2022-07-24 21:15:46,9755.45,6253.74
2022-07-24 21:15:45,9934.97,6074.22
2022-07-24 21:15:44,10268.9,5740.3
2022-07-24 21:15:43,10464.5,5544.71
2022-07-24 21:15:42,10845.6,5163.54
2022-07-24 21:15:41,10972.9,5036.26
2022-07-24 21:15:40,11377.5,4631.71
2022-07-24 21:15:39,11003.6,5005.57
2022-07-24 21:15:38,11153.4,4855.83
2022-07-24 21:15:37,10801.8,5207.39
2022-07-24 21:15:36,10318.9,5690.26
2022-07-24 21:15:35,10370.3,5638.84
2022-07-24 21:15:34,9765.78,6243.41
2022-07-24 21:15:33,9149.81,6859.38
2022-07-24 21:15:32,9157.4,6851.78
2022-07-24 21:15:31,9159.57,6849.62
2022-07-24 21:15:30,9161.72,6847.46
2022-07-24 21:15:29,9167.52,6841.67
2022-07-24 21:15:28,9166.79,6842.39
2022-07-24 21:15:27,9167.87,6841.31
2022-07-24 21:15:26,9179.48,6829.7
2022-07-24 21:15:25,9180.72,6828.47
2022-07-24 21:15:24,9181.26,6827.93
2022-07-24 21:15:23,9181.77,6827.42
2022-07-24 21:15:22,9196.03,6813.16
2022-07-24 21:15:21,9196.82,6812.37
2022-07-24 21:15:20,9197.81,6811.38
2022-07-24 21:15:19,9226.77,6782.42
2022-07-24 21:15:18,9226.65,6782.54
2022-07-24 21:15:17,9233.31,6775.88
2022-07-24 21:15:16,9246.67,6762.52
2022-07-24 21:15:15,9309.2,6699.98
2022-07-24 21:15:14,9329.42,6679.77
2022-07-24 21:15:13,9354.42,6654.77
2022-07-24 21:15:12,9405.47,6603.72
2022-07-24 21:15:11,9509.11,6500.08
2022-07-24 21:15:10,9682.68,6326.5
2022-07-24 21:15:09,9854.69,6154.5
2022-07-24 21:15:08,10206.3,5802.92
2022-07-24 21:15:07,10364,5645.19
2022-07-24 21:15:06,10450.2,5559.02
2022-07-24 21:15:05,10821.8,5187.41
2022-07-24 21:15:04,11209.4,4799.75
2022-07-24 21:15:03,11388.2,4620.95
2022-07-24 21:15:02,11561.6,4447.55
2022-07-24 21:15:01,11222.7,4786.46
2022-07-24 21:15:00,10174.6,5834.54
2022-07-24 21:14:59,10266.9,5742.34
2022-07-24 21:14:58,10349.6,5659.63
2022-07-24 21:14:57,9342.94,6666.25
2022-07-24 21:14:56,9345.51,6663.68
2022-07-24 21:14:55,9348.4,6660.78
2022-07-24 21:14:54,9351.62,6657.56
2022-07-24 21:14:53,9351.85,6657.34
2022-07-24 21:14:52,9356.09,6653.1
2022-07-24 21:14:51,9358.38,6650.81
2022-07-24 21:14:50,9357.74,6651.45
2022-07-24 21:14:49,9359.95,6649.23
2022-07-24 21:14:48,9363.35,6645.84
2022-07-24 21:14:47,9368.3,6640.89
2022-07-24 21:14:46,9369,6640.19
2022-07-24 21:14:45,9369.19,6639.99
2022-07-24 21:14:44,9392.74,6616.45
2022-07-24 21:14:43,9410.37,6598.82
2022-07-24 21:14:42,9433.86,6575.32
2022-07-24 21:14:41,9458.93,6550.26
2022-07-24 21:14:40,9461.52,6547.66
2022-07-24 21:14:39,9492.16,6517.03
2022-07-24 21:14:38,9578.84,6430.35
2022-07-24 21:14:37,9581.25,6427.93
2022-07-24 21:14:36,9612.44,6396.75
2022-07-24 21:14:35,9746.64,6262.55
2022-07-24 21:14:34,9846.28,6162.91
2022-07-24 21:14:33,10128.7,5880.45
2022-07-24 21:14:32,10288.8,5720.41
2022-07-24 21:14:31,10652.3,5356.86
2022-07-24 21:14:30,10740.9,5268.29
2022-07-24 21:14:29,10833.8,5175.42
2022-07-24 21:14:28,11147.9,4861.31
2022-07-24 21:14:27,11261.5,4747.65
2022-07-24 21:14:26,11420.3,4588.93
2022-07-24 21:14:25,11683.9,4325.28
2022-07-24 21:14:24,10662.7,5346.52
2022-07-24 21:14:23,10234.2,5775.01
2022-07-24 21:14:22,10289.4,5719.74
2022-07-24 21:14:21,9829.14,6180.05
2022-07-24 21:14:20,9592.75,6416.43
2022-07-24 21:14:19,9230.5,6778.68
2022-07-24 21:14:18,9233.27,6775.91
2022-07-24 21:14:17,9233.46,6775.72
2022-07-24 21:14:16,9235.49,6773.7
2022-07-24 21:14:15,9236.84,6772.34
2022-07-24 21:14:14,9239.26,6769.93
2022-07-24 21:14:13,9239.94,6769.25
2022-07-24 21:14:12,9243.09,6766.09
2022-07-24 21:14:11,9251.28,6757.91
2022-07-24 21:14:10,9258.89,6750.3
2022-07-24 21:14:09,9258.66,6750.52
2022-07-24 21:14:08,9278.93,6730.26
2022-07-24 21:14:07,9281.33,6727.86
2022-07-24 21:14:06,9298.98,6710.21
2022-07-24 21:14:05,9340.89,6668.3
2022-07-24 21:14:04,9341.52,6667.67
2022-07-24 21:14:03,9388.39,6620.8
2022-07-24 21:14:02,9404.61,6604.58
2022-07-24 21:14:01,9417.64,6591.55
2022-07-24 21:14:00,9447.57,6561.62
2022-07-24 21:13:59,9520.23,6488.96
2022-07-24 21:13:58,9615.8,6393.39
2022-07-24 21:13:57,9756.83,6252.36
2022-07-24 21:13:56,10062.1,5947.08
2022-07-24 21:13:55,10232,5777.2
2022-07-24 21:13:54,10346.5,5662.73
2022-07-24 21:13:53,10579.1,5430.12
2022-07-24 21:13:52,10852.8,5156.37
2022-07-24 21:13:51,10966.7,5042.46
2022-07-24 21:13:50,11201.3,4807.9
2022-07-24 21:13:49,11480.1,4529.04
2022-07-24 21:13:48,11111.9,4897.31
2022-07-24 21:13:47,10750.3,5258.88
2022-07-24 21:13:46,10850.6,5158.54
2022-07-24 21:13:45,9914.17,6095.02
2022-07-24 21:13:44,9968.1,6041.09
2022-07-24 21:13:43,9472.23,6536.96
2022-07-24 21:13:42,9479.32,6529.87
2022-07-24 21:13:41,9483.53,6525.66
2022-07-24 21:13:40,9490.1,6519.09
2022-07-24 21:13:39,9494.43,6514.76
2022-07-24 21:13:38,9506.85,6502.34
2022-07-24 21:13:37,9513.85,6495.34
2022-07-24 21:13:36,9513.22,6495.97
2022-07-24 21:13:35,9526.67,6482.52
2022-07-24 21:13:34,9531.83,6477.36
2022-07-24 21:13:33,9546.07,6463.12
2022-07-24 21:13:32,9573,6436.19
2022-07-24 21:13:31,9579.49,6429.7
2022-07-24 21:13:30,9614.13,6395.06
2022-07-24 21:13:29,9649.83,6359.36
2022-07-24 21:13:28,9654.66,6354.52
2022-07-24 21:13:27,9697.41,6311.77
2022-07-24 21:13:26,9719.02,6290.16
2022-07-24 21:13:25,9758.35,6250.84
2022-07-24 21:13:24,9803.72,6205.47
2022-07-24 21:13:23,9890.58,6118.61
2022-07-24 21:13:22,9928.91,6080.28
2022-07-24 21:13:21,10166.8,5842.43
2022-07-24 21:13:20,10213.4,5795.76
2022-07-24 21:13:19,10428.8,5580.37
2022-07-24 21:13:18,10544.3,5464.87
2022-07-24 21:13:17,10627.8,5381.41
2022-07-24 21:13:16,10841,5168.23
2022-07-24 21:13:15,11066.2,4942.97
2022-07-24 21:13:14,11235.7,4773.51
2022-07-24 21:13:13,10831.8,5177.37
2022-07-24 21:13:12,11046.3,4962.93
2022-07-24 21:13:11,10636.1,5373.06
2022-07-24 21:13:10,10748.8,5260.39
2022-07-24 21:13:09,10853.8,5155.38
2022-07-24 21:13:08,9899.43,6109.76
2022-07-24 21:13:07,9945.9,6063.29
2022-07-24 21:13:06,9461.51,6547.68
2022-07-24 21:13:05,9465.57,6543.62
2022-07-24 21:13:04,9472.16,6537.03
2022-07-24 21:13:03,9472.75,6536.44
2022-07-24 21:13:02,9482.05,6527.14
2022-07-24 21:13:01,9490.45,6518.73
2022-07-24 21:13:00,9494.8,6514.38
2022-07-24 21:12:59,9508.39,6500.8
2022-07-24 21:12:58,9528.08,6481.11
2022-07-24 21:12:57,9537.2,6471.99
2022-07-24 21:12:56,9538.46,6470.73
2022-07-24 21:12:55,9558.94,6450.25
2022-07-24 21:12:54,9606.69,6402.49
2022-07-24 21:12:53,9607.8,6401.39
2022-07-24 21:12:52,9615.1,6394.09
2022-07-24 21:12:51,9681.35,6327.84
2022-07-24 21:12:50,9697.1,6312.09
2022-07-24 21:12:49,9714.76,6294.43
2022-07-24 21:12:48,9792.19,6217
2022-07-24 21:12:47,9811.91,6197.27
2022-07-24 21:12:46,9858.75,6150.43
2022-07-24 21:12:45,9978.82,6030.37
2022-07-24 21:12:44,10114.9,5894.25
2022-07-24 21:12:43,10348.1,5661.11
2022-07-24 21:12:42,10420.6,5588.64
2022-07-24 21:12:41,10560.8,5448.44
2022-07-24 21:12:40,10614.7,5394.47
2022-07-24 21:12:39,10808.2,5200.98
2022-07-24 21:12:38,11068.5,4940.73
2022-07-24 21:12:37,11247.8,4761.42
2022-07-24 21:12:36,11364.9,4644.31
2022-07-24 21:12:35,10437.4,5571.83
2022-07-24 21:12:34,10522.1,5487.07
2022-07-24 21:12:33,10633.4,5375.82
2022-07-24 21:12:32,10741.9,5267.25
2022-07-24 21:12:31,9668,6341.19
2022-07-24 21:12:30,9712.03,6297.16
2022-07-24 21:12:29,9198.67,6810.52
2022-07-24 21:12:28,9199.45,6809.73
2022-07-24 21:12:27,9200.23,6808.96
2022-07-24 21:12:26,9203.74,6805.44
2022-07-24 21:12:25,9203.62,6805.57
2022-07-24 21:12:24,9210.03,6799.16
2022-07-24 21:12:23,9210.73,6798.45
2022-07-24 21:12:22,9213,6796.18
2022-07-24 21:12:21,9215.32,6793.87
2022-07-24 21:12:20,9224.44,6784.75
2022-07-24 21:12:19,9234.6,6774.59
2022-07-24 21:12:18,9238.61,6770.58
2022-07-24 21:12:17,9253.01,6756.18
2022-07-24 21:12:16,9255.38,6753.8
2022-07-24 21:12:15,9288.93,6720.25
2022-07-24 21:12:14,9304.75,6704.44
2022-07-24 21:12:13,9306.16,6703.03
2022-07-24 21:12:12,9358.16,6651.02
2022-07-24 21:12:11,9385.09,6624.1
2022-07-24 21:12:10,9366.93,6642.25
2022-07-24 21:12:09,9423.98,6585.21
2022-07-24 21:12:08,9482.3,6526.89
2022-07-24 21:12:07,9663.89,6345.29
2022-07-24 21:12:06,9804.4,6204.79
2022-07-24 21:12:05,9893.97,6115.22
2022-07-24 21:12:04,10079.6,5929.6
2022-07-24 21:12:03,10521.4,5487.77
2022-07-24 21:12:02,10802.1,5207.04
2022-07-24 21:12:01,11057.5,4951.67
2022-07-24 21:12:00,11174.2,4835
2022-07-24 21:11:59,10846.6,5162.54
2022-07-24 21:11:58,10976.1,5033.14
2022-07-24 21:11:57,11117.1,4892.05
2022-07-24 21:11:56,11263.2,4746
2022-07-24 21:11:55,11262.5,4746.7
2022-07-24 21:11:54,9834.45,6174.74
2022-07-24 21:11:53,9865.53,6143.66
2022-07-24 21:11:52,9365.12,6644.07
2022-07-24 21:11:51,9368.35,6640.84
2022-07-24 21:11:50,9370.46,6638.73
2022-07-24 21:11:49,9374.94,6634.24
2022-07-24 21:11:48,9376.27,6632.91
2022-07-24 21:11:47,9385.29,6623.89
2022-07-24 21:11:46,9386.27,6622.92
2022-07-24 21:11:45,9395.24,6613.95
2022-07-24 21:11:44,9422.54,6586.64
2022-07-24 21:11:43,9423.59,6585.6
2022-07-24 21:11:42,9424.29,6584.9
2022-07-24 21:11:41,9446.28,6562.91
2022-07-24 21:11:40,9475.59,6533.6
2022-07-24 21:11:39,9469.29,6539.89
2022-07-24 21:11:38,9496.7,6512.49
2022-07-24 21:11:37,9530.33,6478.86
2022-07-24 21:11:36,9532.89,6476.3
2022-07-24 21:11:35,9590.29,6418.9
2022-07-24 21:11:34,9616.03,6393.15
2022-07-24 21:11:33,9664.61,6344.58
2022-07-24 21:11:32,9701.55,6307.64
2022-07-24 21:11:31,9893.8,6115.39
2022-07-24 21:11:30,9964.04,6045.15
2022-07-24 21:11:29,9998.08,6011.11
2022-07-24 21:11:28,10117.9,5891.29
2022-07-24 21:11:27,10390.6,5618.56
2022-07-24 21:11:26,10570.5,5438.73
2022-07-24 21:11:25,10898.8,5110.37
2022-07-24 21:11:24,11085.5,4923.7
2022-07-24 21:11:23,10686.7,5322.45
2022-07-24 21:11:22,10774.1,5235.07
2022-07-24 21:11:21,10962.3,5046.87
2022-07-24 21:11:20,11162.4,4846.76
2022-07-24 21:11:19,11286.5,4722.66
2022-07-24 21:11:18,10256.6,5752.58
2022-07-24 21:11:17,9785.84,6223.35
2022-07-24 21:11:16,9834.46,6174.73
2022-07-24 21:11:15,9865.03,6144.15
2022-07-24 21:11:14,9347.92,6661.27
2022-07-24 21:11:13,9352.46,6656.73
2022-07-24 21:11:12,9361.38,6647.81
2022-07-24 21:11:11,9363.72,6645.46
2022-07-24 21:11:10,9366.85,6642.34
2022-07-24 21:11:09,9371.19,6638
2022-07-24 21:11:08,9386.71,6622.48
2022-07-24 21:11:07,9387.41,6621.78
2022-07-24 21:11:06,9390.84,6618.35
2022-07-24 21:11:05,9406.56,6602.63
2022-07-24 21:11:04,9411.9,6597.29
2022-07-24 21:11:03,9437.85,6571.34
2022-07-24 21:11:02,9453.5,6555.69
2022-07-24 21:11:01,9455.71,6553.48
2022-07-24 21:11:00,9492.39,6516.8
2022-07-24 21:10:59,9533.01,6476.18
2022-07-24 21:10:58,9536.32,6472.86
2022-07-24 21:10:57,9556.99,6452.2
2022-07-24 21:10:56,9612,6397.18
2022-07-24 21:10:55,9612.26,6396.93
2022-07-24 21:10:54,9675.38,6333.81
2022-07-24 21:10:53,9745.52,6263.67
2022-07-24 21:10:52,9958.64,6050.55
2022-07-24 21:10:51,10166.4,5842.79
2022-07-24 21:10:50,10312.9,5696.28
2022-07-24 21:10:49,10648.2,5360.95
2022-07-24 21:10:48,10767.1,5242.09
2022-07-24 21:10:47,11010.6,4998.62
2022-07-24 21:10:46,11174.8,4834.35
2022-07-24 21:10:45,11092.1,4917.1
2022-07-24 21:10:44,10952,5057.16
2022-07-24 21:10:43,10678.2,5330.94
2022-07-24 21:10:42,10787.5,5221.64
2022-07-24 21:10:41,10376.5,5632.68
2022-07-24 21:10:40,9910.38,6098.81
2022-07-24 21:10:39,9960.44,6048.75
2022-07-24 21:10:38,10011.7,5997.52
2022-07-24 21:10:37,9494.47,6514.72
2022-07-24 21:10:36,9498.41,6510.78
2022-07-24 21:10:35,9502.05,6507.14
2022-07-24 21:10:34,9513.16,6496.02
2022-07-24 21:10:33,9514.72,6494.47
2022-07-24 21:10:32,9517.7,6491.49
2022-07-24 21:10:31,9516.89,6492.29
2022-07-24 21:10:30,9533.43,6475.75
2022-07-24 21:10:29,9565.76,6443.43
2022-07-24 21:10:28,9571.75,6437.44
2022-07-24 21:10:27,9589.76,6419.43
2022-07-24 21:10:26,9616.27,6392.91
2022-07-24 21:10:25,9632.7,6376.49
2022-07-24 21:10:24,9654.66,6354.53
2022-07-24 21:10:23,9705.53,6303.66
2022-07-24 21:10:22,9725.59,6283.59
2022-07-24 21:10:21,9737.23,6271.95
2022-07-24 21:10:20,9796.53,6212.66
2022-07-24 21:10:19,9834.18,6175
2022-07-24 21:10:18,9850.14,6159.04
2022-07-24 21:10:17,9947.61,6061.58
2022-07-24 21:10:16,9958.59,6050.59
2022-07-24 21:10:15,10088.2,5921.02
2022-07-24 21:10:14,10370.7,5638.51
2022-07-24 21:10:13,10539.7,5469.52
2022-07-24 21:10:12,10706.5,5302.67
2022-07-24 21:10:11,10803.4,5205.75
2022-07-24 21:10:10,11022.4,4986.76
2022-07-24 21:10:09,11175.5,4833.7
2022-07-24 21:10:08,11294.2,4715
2022-07-24 21:10:07,11585,4424.2
2022-07-24 21:10:06,11747.6,4261.57
2022-07-24 21:10:05,10734.6,5274.58
2022-07-24 21:10:04,10210.4,5798.74
2022-07-24 21:10:03,9744.66,6264.53
2022-07-24 21:10:02,9751.29,6257.89
2022-07-24 21:10:01,9149.32,6859.86
2022-07-24 21:10:00,9149.87,6859.32
2022-07-24 21:09:59,9150.18,6859
2022-07-24 21:09:58,9142.26,6866.93
2022-07-24 21:09:57,9152.97,6856.21
2022-07-24 21:09:56,9153.46,6855.73
2022-07-24 21:09:55,9156.92,6852.27
2022-07-24 21:09:54,9154.82,6854.36
2022-07-24 21:09:53,9170.2,6838.99
2022-07-24 21:09:52,9169.72,6839.47
2022-07-24 21:09:51,9174.1,6835.09
2022-07-24 21:09:50,9194.87,6814.32
2022-07-24 21:09:49,9197.68,6811.51
2022-07-24 21:09:48,9199.33,6809.86
2022-07-24 21:09:47,9241.4,6767.78
2022-07-24 21:09:46,9251.52,6757.67
2022-07-24 21:09:45,9253.4,6755.79
2022-07-24 21:09:44,9270.65,6738.54
2022-07-24 21:09:43,9326.3,6682.89
2022-07-24 21:09:42,9339.53,6669.66
2022-07-24 21:09:41,9341.97,6667.21
2022-07-24 21:09:40,9413.19,6596
2022-07-24 21:09:39,9495.05,6514.13
2022-07-24 21:09:38,9647.97,6361.22
2022-07-24 21:09:37,9846.28,6162.91
2022-07-24 21:09:36,10350,5659.23
2022-07-24 21:09:35,10483,5526.19
2022-07-24 21:09:34,10747.5,5261.72
2022-07-24 21:09:33,10865.4,5143.78
2022-07-24 21:09:32,10954.8,5054.42
2022-07-24 21:09:31,11291.5,4717.64
2022-07-24 21:09:30,11504.3,4504.84
2022-07-24 21:09:29,11218.6,4790.62
2022-07-24 21:09:28,10826.4,5182.79
2022-07-24 21:09:27,10404,5605.18
2022-07-24 21:09:26,9958.59,6050.6
2022-07-24 21:09:25,9518.6,6490.59
2022-07-24 21:09:24,9468.91,6540.28
2022-07-24 21:09:23,9476.48,6532.7
2022-07-24 21:09:22,9478.7,6530.48
2022-07-24 21:09:21,9493.28,6515.91
2022-07-24 21:09:20,9507.91,6501.28
2022-07-24 21:09:19,9509.41,6499.77
2022-07-24 21:09:18,9525.55,6483.63
2022-07-24 21:09:17,9536.35,6472.84
2022-07-24 21:09:16,9542.22,6466.96
2022-07-24 21:09:15,9548.06,6461.13
2022-07-24 21:09:14,9574.87,6434.32
2022-07-24 21:09:13,9604.54,6404.65
2022-07-24 21:09:12,9605.04,6404.15
2022-07-24 21:09:11,9631.44,6377.75
2022-07-24 21:09:10,9667.4,6341.79
2022-07-24 21:09:09,9709.46,6299.73
2022-07-24 21:09:08,9727.8,6281.39
2022-07-24 21:09:07,9769.02,6240.16
2022-07-24 21:09:06,9823.68,6185.5
2022-07-24 21:09:05,9840.39,6168.8
2022-07-24 21:09:04,9890.9,6118.29
2022-07-24 21:09:03,9956.2,6052.99
2022-07-24 21:09:02,10115.4,5893.75
2022-07-24 21:09:01,10205.5,5803.72
2022-07-24 21:09:00,10286.6,5722.57
2022-07-24 21:08:59,10385.7,5623.45
2022-07-24 21:08:58,10808.8,5200.41
2022-07-24 21:08:57,10979.5,5029.67
2022-07-24 21:08:56,11086.1,4923.05
2022-07-24 21:08:55,11201.5,4807.64
2022-07-24 21:08:54,11410.5,4598.7
2022-07-24 21:08:53,11077.2,4932.03
2022-07-24 21:08:52,11201,4808.17
2022-07-24 21:08:51,11351.3,4657.93
2022-07-24 21:08:50,10154.8,5854.34
2022-07-24 21:08:49,9977.26,6031.93
2022-07-24 21:08:48,9465.32,6543.86
2022-07-24 21:08:47,9475.72,6533.47
2022-07-24 21:08:46,9477.34,6531.84
2022-07-24 21:08:45,9485.75,6523.43
2022-07-24 21:08:44,9491.69,6517.5
2022-07-24 21:08:43,9498.88,6510.3
2022-07-24 21:08:42,9498.8,6510.38
2022-07-24 21:08:41,9515.53,6493.65
2022-07-24 21:08:40,9518.09,6491.09
2022-07-24 21:08:39,9536.97,6472.21
2022-07-24 21:08:38,9552.69,6456.5
2022-07-24 21:08:37,9567.03,6442.16
2022-07-24 21:08:36,9563.47,6445.72
2022-07-24 21:08:35,9610.44,6398.75
2022-07-24 21:08:34,9611.7,6397.49
2022-07-24 21:08:33,9637.97,6371.22
2022-07-24 21:08:32,9678.01,6331.18
2022-07-24 21:08:31,9679.89,6329.3
2022-07-24 21:08:30,9720.01,6289.18
2022-07-24 21:08:29,9762.01,6247.18
2022-07-24 21:08:28,9809.09,6200.09
2022-07-24 21:08:27,9843.59,6165.6
2022-07-24 21:08:26,9907.57,6101.61
2022-07-24 21:08:25,9933.7,6075.49
2022-07-24 21:08:24,10175.2,5833.97
2022-07-24 21:08:23,10417.2,5592.01
2022-07-24 21:08:22,10491.7,5517.48
2022-07-24 21:08:21,10707.6,5301.64
2022-07-24 21:08:20,10944.8,5064.38
2022-07-24 21:08:19,11057.9,4951.27
2022-07-24 21:08:18,11185.1,4824.04
2022-07-24 21:08:17,11322,4687.22
2022-07-24 21:08:16,11602.3,4406.85
2022-07-24 21:08:15,10722.4,5286.81
2022-07-24 21:08:14,10305.7,5703.53
2022-07-24 21:08:13,9816.18,6193.01
2022-07-24 21:08:12,9869.86,6139.33
2022-07-24 21:08:11,9911.05,6098.14
2022-07-24 21:08:10,9400.21,6608.98
2022-07-24 21:08:09,9406.12,6603.07
2022-07-24 21:08:08,9408.61,6600.57
2022-07-24 21:08:07,9411.32,6597.87
2022-07-24 21:08:06,9415.08,6594.11
2022-07-24 21:08:05,9416.02,6593.17
2022-07-24 21:08:04,9418.86,6590.33
2022-07-24 21:08:03,9421.76,6587.43
2022-07-24 21:08:02,9432.92,6576.27
2022-07-24 21:08:01,9444.85,6564.34
2022-07-24 21:08:00,9449.31,6559.88
2022-07-24 21:07:59,9468.4,6540.79
2022-07-24 21:07:58,9489.42,6519.77
2022-07-24 21:07:57,9506.28,6502.91
2022-07-24 21:07:56,9537.36,6471.82
2022-07-24 21:07:55,9566.94,6442.25
2022-07-24 21:07:54,9568.84,6440.34
2022-07-24 21:07:53,9614.77,6394.41
2022-07-24 21:07:52,9642.17,6367.02
2022-07-24 21:07:51,9712.98,6296.21
2022-07-24 21:07:50,9753.41,6255.78
2022-07-24 21:07:49,9755.83,6253.36
2022-07-24 21:07:48,9976.9,6032.29
2022-07-24 21:07:47,9990.36,6018.83
2022-07-24 21:07:46,10094.8,5914.43
2022-07-24 21:07:45,10622.8,5386.41
2022-07-24 21:07:44,10835.7,5173.47
2022-07-24 21:07:43,10917.1,5092.1
2022-07-24 21:07:42,11037.4,4971.83
2022-07-24 21:07:41,11116.5,4892.7
2022-07-24 21:07:40,11240.4,4768.79
2022-07-24 21:07:39,11515.2,4493.94
2022-07-24 21:07:38,11734.4,4274.75
2022-07-24 21:07:37,10834.7,5174.45
2022-07-24 21:07:36,9874.82,6134.37
2022-07-24 21:07:35,9929.82,6079.37
2022-07-24 21:07:34,9940.43,6068.76
2022-07-24 21:07:33,9449.45,6559.74
2022-07-24 21:07:32,9453.63,6555.55
2022-07-24 21:07:31,9455.64,6553.54
2022-07-24 21:07:30,9465.65,6543.54
2022-07-24 21:07:29,9467.38,6541.81
2022-07-24 21:07:28,9468.65,6540.54
2022-07-24 21:07:27,9479.05,6530.14
2022-07-24 21:07:26,9486.9,6522.28
2022-07-24 21:07:25,9486.47,6522.72
2022-07-24 21:07:24,9500.78,6508.41
2022-07-24 21:07:23,9505.11,6504.08
2022-07-24 21:07:22,9521.18,6488.01
2022-07-24 21:07:21,9530.82,6478.36
2022-07-24 21:07:20,9541.95,6467.24
2022-07-24 21:07:19,9578.45,6430.74
2022-07-24 21:07:18,9617.45,6391.73
2022-07-24 21:07:17,9620.79,6388.4
2022-07-24 21:07:16,9662.74,6346.45
2022-07-24 21:07:15,9710.68,6298.51
2022-07-24 21:07:14,9733.75,6275.43
2022-07-24 21:07:13,9791.55,6217.63
2022-07-24 21:07:12,9829.09,6180.1
2022-07-24 21:07:11,9921.85,6087.34
2022-07-24 21:07:10,9998.46,6010.73
2022-07-24 21:07:09,10240.1,5769.11
2022-07-24 21:07:08,10528.1,5481.08
2022-07-24 21:07:07,10828.9,5180.28
2022-07-24 21:07:06,10902.5,5106.68
2022-07-24 21:07:05,10998.9,5010.27
2022-07-24 21:07:04,11152.9,4856.29
2022-07-24 21:07:03,11251.4,4757.76
2022-07-24 21:07:02,11408.4,4600.82
2022-07-24 21:07:01,11717.5,4291.64
2022-07-24 21:07:00,10214.2,5795
2022-07-24 21:06:59,9629.98,6379.2
2022-07-24 21:06:58,9678.08,6331.11
2022-07-24 21:06:57,9737.12,6272.07
2022-07-24 21:06:56,9258,6751.18
2022-07-24 21:06:55,9258.64,6750.55
2022-07-24 21:06:54,9258.76,6750.43
2022-07-24 21:06:53,9270.98,6738.2
2022-07-24 21:06:52,9272.43,6736.76
2022-07-24 21:06:51,9273.59,6735.59
2022-07-24 21:06:50,9284.88,6724.31
2022-07-24 21:06:49,9285.63,6723.56
2022-07-24 21:06:48,9284.9,6724.28
2022-07-24 21:06:47,9286.69,6722.5
2022-07-24 21:06:46,9304.14,6705.05
2022-07-24 21:06:45,9306.54,6702.65
2022-07-24 21:06:44,9306.06,6703.13
2022-07-24 21:06:43,9317.07,6692.11
2022-07-24 21:06:42,9319.93,6689.26
2022-07-24 21:06:41,9320.13,6689.05
2022-07-24 21:06:40,9340,6669.18
2022-07-24 21:06:39,9334.87,6674.32
2022-07-24 21:06:38,9381.68,6627.5
2022-07-24 21:06:37,9382.95,6626.23
2022-07-24 21:06:36,9409.45,6599.74
2022-07-24 21:06:35,9531.51,6477.68
2022-07-24 21:06:34,9586.64,6422.55
2022-07-24 21:06:33,9830.79,6178.39
2022-07-24 21:06:32,10019.2,5989.94
2022-07-24 21:06:31,10257.2,5752.02
2022-07-24 21:06:30,10663,5346.19
2022-07-24 21:06:29,10878.6,5130.64
2022-07-24 21:06:28,11050.5,4958.65
2022-07-24 21:06:27,11122.9,4886.25
2022-07-24 21:06:26,11254.2,4754.99
2022-07-24 21:06:25,11487.7,4521.5
2022-07-24 21:06:24,11691.8,4317.39
2022-07-24 21:06:23,10818.9,5190.26
2022-07-24 21:06:22,9717.49,6291.7
2022-07-24 21:06:21,9773.07,6236.11
2022-07-24 21:06:20,9819.58,6189.61
2022-07-24 21:06:19,9819.57,6189.62
2022-07-24 21:06:18,9346.14,6663.05
2022-07-24 21:06:17,9353.31,6655.88
2022-07-24 21:06:16,9352.5,6656.69
2022-07-24 21:06:15,9355.14,6654.04
2022-07-24 21:06:14,9359.43,6649.76
2022-07-24 21:06:13,9367.39,6641.79
2022-07-24 21:06:12,9369.42,6639.77
2022-07-24 21:06:11,9374.45,6634.74
2022-07-24 21:06:10,9383.67,6625.52
2022-07-24 21:06:09,9398.43,6610.75
2022-07-24 21:06:08,9406.78,6602.41
2022-07-24 21:06:07,9420.53,6588.66
2022-07-24 21:06:06,9457,6552.18
2022-07-24 21:06:05,9464.07,6545.11
2022-07-24 21:06:04,9467.62,6541.57
2022-07-24 21:06:03,9528.8,6480.38
2022-07-24 21:06:02,9538.09,6471.1
2022-07-24 21:06:01,9540.53,6468.66
2022-07-24 21:06:00,9634.99,6374.2
2022-07-24 21:05:59,9637.22,6371.97
2022-07-24 21:05:58,9662.95,6346.24
2022-07-24 21:05:57,9793.76,6215.43
2022-07-24 21:05:56,9839.14,6170.04
2022-07-24 21:05:55,10161.7,5847.48
2022-07-24 21:05:54,10657.3,5351.9
2022-07-24 21:05:53,10843.1,5166.07
2022-07-24 21:05:52,10954.1,5055.11
2022-07-24 21:05:51,11056.2,4953.03
2022-07-24 21:05:50,11162,4847.14
2022-07-24 21:05:49,11321.1,4688.05
2022-07-24 21:05:48,11494,4515.2
2022-07-24 21:05:47,11800.9,4208.34
2022-07-24 21:05:46,9826.63,6182.55
2022-07-24 21:05:45,9579.35,6429.84
2022-07-24 21:05:44,9643.71,6365.48
2022-07-24 21:05:43,9688.45,6320.74
2022-07-24 21:05:42,9172.06,6837.13
2022-07-24 21:05:41,9175.16,6834.02
2022-07-24 21:05:40,9177.05,6832.14
2022-07-24 21:05:39,9176.01,6833.18
2022-07-24 21:05:38,9178.77,6830.42
2022-07-24 21:05:37,9180.84,6828.35
2022-07-24 21:05:36,9180.05,6829.14
2022-07-24 21:05:35,9179.57,6829.62
2022-07-24 21:05:34,9182.26,6826.93
2022-07-24 21:05:33,9183.56,6825.63
2022-07-24 21:05:32,9183.86,6825.32
2022-07-24 21:05:31,9184.38,6824.81
2022-07-24 21:05:30,9185.17,6824.02
2022-07-24 21:05:29,9207.66,6801.53
2022-07-24 21:05:28,9208.78,6800.41
2022-07-24 21:05:27,9241.83,6767.36
2022-07-24 21:05:26,9264.01,6745.18
2022-07-24 21:05:25,9258.59,6750.6
2022-07-24 21:05:24,9300.94,6708.25
2022-07-24 21:05:23,9334.9,6674.29
2022-07-24 21:05:22,9340.94,6668.24
2022-07-24 21:05:21,9395.03,6614.16
2022-07-24 21:05:20,9605.43,6403.76
2022-07-24 21:05:19,9760.16,6249.03
2022-07-24 21:05:18,9919.63,6089.55
2022-07-24 21:05:17,10514.2,5495
2022-07-24 21:05:16,10738.4,5270.79
2022-07-24 21:05:15,10946.7,5062.53
2022-07-24 21:05:14,11083.5,4925.69
2022-07-24 21:05:13,11174.3,4834.93
2022-07-24 21:05:12,11313.4,4695.8
2022-07-24 21:05:11,11602,4407.14
2022-07-24 21:05:10,11284.1,4725.1
2022-07-24 21:05:09,10153.4,5855.84
2022-07-24 21:05:08,9692.46,6316.72
2022-07-24 21:05:07,9741.82,6267.36
2022-07-24 21:05:06,9749.84,6259.35
2022-07-24 21:05:05,9226.88,6782.31
2022-07-24 21:05:04,9228.83,6780.36
2022-07-24 21:05:03,9232.55,6776.63
2022-07-24 21:05:02,9231.91,6777.28
2022-07-24 21:05:01,9231.05,6778.14
2022-07-24 21:05:00,9230.88,6778.31
2022-07-24 21:04:59,9247.43,6761.76
2022-07-24 21:04:58,9250.43,6758.76
2022-07-24 21:04:57,9252.02,6757.17
2022-07-24 21:04:56,9266.85,6742.34
2022-07-24 21:04:55,9266.09,6743.09
2022-07-24 21:04:54,9268.9,6740.28
2022-07-24 21:04:53,9277.44,6731.75
2022-07-24 21:04:52,9293.91,6715.28
2022-07-24 21:04:51,9292.63,6716.56
2022-07-24 21:04:50,9311.22,6697.96
2022-07-24 21:04:49,9332.41,6676.78
2022-07-24 21:04:48,9334.87,6674.32
2022-07-24 21:04:47,9355.78,6653.41
2022-07-24 21:04:46,9387.24,6621.95
2022-07-24 21:04:45,9389.33,6619.86
2022-07-24 21:04:44,9535.37,6473.82
2022-07-24 21:04:43,9657.25,6351.94
2022-07-24 21:04:42,9815.16,6194.02
2022-07-24 21:04:41,10338.9,5670.25
2022-07-24 21:04:40,10540.8,5468.36
2022-07-24 21:04:39,10842.2,5167.02
2022-07-24 21:04:38,10969.6,5039.56
2022-07-24 21:04:37,11128.9,4880.25
2022-07-24 21:04:36,11326.6,4682.62
2022-07-24 21:04:35,11533.3,4475.88
2022-07-24 21:04:34,11662,4347.18
2022-07-24 21:04:33,10575,5434.16
2022-07-24 21:04:32,10033.4,5975.82
2022-07-24 21:04:31,9471.98,6537.21
2022-07-24 21:04:30,8946.99,7062.2
2022-07-24 21:04:29,8948.38,7060.8
2022-07-24 21:04:28,8951.46,7057.72
2022-07-24 21:04:27,8953.36,7055.83
2022-07-24 21:04:26,8953.48,7055.7
2022-07-24 21:04:25,8953.15,7056.03
2022-07-24 21:04:24,8954.02,7055.16
2022-07-24 21:04:23,8954.32,7054.87
2022-07-24 21:04:22,8952.44,7056.75
2022-07-24 21:04:21,8953.21,7055.98
2022-07-24 21:04:20,8954.38,7054.81
2022-07-24 21:04:19,8955.17,7054.02
2022-07-24 21:04:18,8956.28,7052.9
2022-07-24 21:04:17,8956.26,7052.93
2022-07-24 21:04:16,8954.96,7054.23
2022-07-24 21:04:15,8956.92,7052.27
2022-07-24 21:04:14,8963.91,7045.28
2022-07-24 21:04:13,8964.16,7045.03
2022-07-24 21:04:12,8964.07,7045.12
2022-07-24 21:04:11,8977.62,7031.57
2022-07-24 21:04:10,8991.9,7017.29
2022-07-24 21:04:09,8993.43,7015.76
2022-07-24 21:04:08,9054.18,6955.01
2022-07-24 21:04:07,9139.19,6870
2022-07-24 21:04:06,9265.49,6743.7
2022-07-24 21:04:05,9580.98,6428.21
2022-07-24 21:04:04,9927.6,6081.59
2022-07-24 21:04:03,10325.5,5683.7
2022-07-24 21:04:02,10763.7,5245.46
2022-07-24 21:04:01,10950.4,5058.77
2022-07-24 21:04:00,11067,4942.18
2022-07-24 21:03:59,11303,4706.18
2022-07-24 21:03:58,11472.6,4536.63
2022-07-24 21:03:57,11643.3,4365.92
2022-07-24 21:03:56,11281.7,4727.51
2022-07-24 21:03:55,10812,5197.17
2022-07-24 21:03:54,9952.23,6056.95
2022-07-24 21:03:53,9976.55,6032.64
2022-07-24 21:03:52,9475.29,6533.9
2022-07-24 21:03:51,9484.4,6524.79
2022-07-24 21:03:50,9488.84,6520.34
2022-07-24 21:03:49,9499.04,6510.15
2022-07-24 21:03:48,9501.58,6507.61
2022-07-24 21:03:47,9513.36,6495.83
2022-07-24 21:03:46,9542.21,6466.98
2022-07-24 21:03:45,9541.72,6467.47
2022-07-24 21:03:44,9559.27,6449.91
2022-07-24 21:03:43,9574.52,6434.67
2022-07-24 21:03:42,9605.21,6403.98
2022-07-24 21:03:41,9607.21,6401.98
2022-07-24 21:03:40,9639.5,6369.69
2022-07-24 21:03:39,9653.23,6355.96
2022-07-24 21:03:38,9671.19,6338
2022-07-24 21:03:37,9702.86,6306.32
2022-07-24 21:03:36,9721.75,6287.44
2022-07-24 21:03:35,9753.47,6255.72
2022-07-24 21:03:34,9770.06,6239.12
2022-07-24 21:03:33,9791.23,6217.96
2022-07-24 21:03:32,9848.38,6160.8
2022-07-24 21:03:31,9849.44,6159.75
2022-07-24 21:03:30,9964.3,6044.88
2022-07-24 21:03:29,10019.9,5989.31
2022-07-24 21:03:28,10165.6,5843.6
2022-07-24 21:03:27,10407.6,5601.56
2022-07-24 21:03:26,10701.3,5307.9
2022-07-24 21:03:25,10914.1,5095.09
2022-07-24 21:03:24,11040.6,4968.59
2022-07-24 21:03:23,11101.2,4908.01
2022-07-24 21:03:22,11347.8,4661.38
2022-07-24 21:03:21,11521.9,4487.27
2022-07-24 21:03:20,11688.5,4320.69
2022-07-24 21:03:19,10807.3,5201.88
2022-07-24 21:03:18,9635.45,6373.74
2022-07-24 21:03:17,9692.28,6316.91
2022-07-24 21:03:16,9199.41,6809.78
2022-07-24 21:03:15,9199.25,6809.94
2022-07-24 21:03:14,9202.82,6806.37
2022-07-24 21:03:13,9200.69,6808.5
2022-07-24 21:03:12,9204.34,6804.85
2022-07-24 21:03:11,9206.1,6803.09
2022-07-24 21:03:10,9205.88,6803.31
2022-07-24 21:03:09,9208.28,6800.91
2022-07-24 21:03:08,9211.45,6797.74
2022-07-24 21:03:07,9213.02,6796.16
2022-07-24 21:03:06,9211.95,6797.23
2022-07-24 21:03:05,9244.47,6764.71
2022-07-24 21:03:04,9244.01,6765.18
2022-07-24 21:03:03,9245.79,6763.39
2022-07-24 21:03:02,9272.45,6736.74
2022-07-24 21:03:01,9293.13,6716.06
2022-07-24 21:03:00,9294.62,6714.57
2022-07-24 21:02:59,9340.46,6668.72
2022-07-24 21:02:58,9363.92,6645.27
2022-07-24 21:02:57,9366.17,6643.02
2022-07-24 21:02:56,9417.78,6591.41
2022-07-24 21:02:55,9460.18,6549
2022-07-24 21:02:54,9482,6527.18
2022-07-24 21:02:53,9571.3,6437.88
2022-07-24 21:02:52,9813.27,6195.92
2022-07-24 21:02:51,9886.13,6123.05
2022-07-24 21:02:50,10075,5934.21
2022-07-24 21:02:49,10697.2,5311.96
2022-07-24 21:02:48,10863.3,5145.87
2022-07-24 21:02:47,11039.9,4969.28
2022-07-24 21:02:46,11159,4850.19
2022-07-24 21:02:45,11248.3,4760.84
2022-07-24 21:02:44,11538.5,4470.68
2022-07-24 21:02:43,11051.3,4957.89
2022-07-24 21:02:42,11206,4803.19
2022-07-24 21:02:41,9606.82,6402.36
2022-07-24 21:02:40,9663.32,6345.87
2022-07-24 21:02:39,9709.27,6299.92
2022-07-24 21:02:38,9084.31,6924.87
2022-07-24 21:02:37,9093.79,6915.4
2022-07-24 21:02:36,9094.01,6915.18
2022-07-24 21:02:35,9094.75,6914.43
2022-07-24 21:02:34,9099.26,6909.93
2022-07-24 21:02:33,9106.02,6903.17
2022-07-24 21:02:32,9107.43,6901.75
2022-07-24 21:02:31,9117.69,6891.5
2022-07-24 21:02:30,9119.34,6889.84
2022-07-24 21:02:29,9119.9,6889.29
2022-07-24 21:02:28,9120.6,6888.59
2022-07-24 21:02:27,9134.79,6874.39
2022-07-24 21:02:26,9134.2,6874.99
2022-07-24 21:02:25,9144.85,6864.34
2022-07-24 21:02:24,9146.23,6862.95
2022-07-24 21:02:23,9147.05,6862.14
2022-07-24 21:02:22,9161.12,6848.07
2022-07-24 21:02:21,9189.02,6820.16
2022-07-24 21:02:20,9193.79,6815.39
2022-07-24 21:02:19,9198.82,6810.37
2022-07-24 21:02:18,9272.32,6736.86
2022-07-24 21:02:17,9314.65,6694.54
2022-07-24 21:02:16,9559.18,6450
2022-07-24 21:02:15,9714.11,6295.07
2022-07-24 21:02:14,10026.8,5982.41
2022-07-24 21:02:13,10215,5794.2
2022-07-24 21:02:12,10520.5,5488.7
2022-07-24 21:02:11,10621.1,5388.06
2022-07-24 21:02:10,10870.4,5138.8
2022-07-24 21:02:09,11237.9,4771.26
2022-07-24 21:02:08,11361.4,4647.78
2022-07-24 21:02:07,11558.2,4451
2022-07-24 21:02:06,11200.1,4809.09
2022-07-24 21:02:05,11307.6,4701.61
2022-07-24 21:02:04,10290.8,5718.38
2022-07-24 21:02:03,9842.06,6167.13
2022-07-24 21:02:02,9206.86,6802.33
2022-07-24 21:02:01,9211.71,6797.48
2022-07-24 21:02:00,9212.81,6796.37
2022-07-24 21:01:59,9216.64,6792.54
2022-07-24 21:01:58,9221.91,6787.28
2022-07-24 21:01:57,9222.96,6786.22
2022-07-24 21:01:56,9225.31,6783.88
2022-07-24 21:01:55,9231.45,6777.73
2022-07-24 21:01:54,9239.47,6769.71
2022-07-24 21:01:53,9255.72,6753.46
2022-07-24 21:01:52,9263.11,6746.08
2022-07-24 21:01:51,9281.53,6727.66
2022-07-24 21:01:50,9283.2,6725.98
2022-07-24 21:01:49,9318.9,6690.28
2022-07-24 21:01:48,9322.04,6687.15
2022-07-24 21:01:47,9354.59,6654.6
2022-07-24 21:01:46,9381.23,6627.95
2022-07-24 21:01:45,9382.41,6626.77
2022-07-24 21:01:44,9414.48,6594.7
2022-07-24 21:01:43,9437.06,6572.13
2022-07-24 21:01:42,9479.46,6529.73
2022-07-24 21:01:41,9481.92,6527.27
2022-07-24 21:01:40,9524.28,6484.91
2022-07-24 21:01:39,9656.83,6352.36
2022-07-24 21:01:38,9799.82,6209.37
2022-07-24 21:01:37,9903.23,6105.96
2022-07-24 21:01:36,10392.3,5616.86
2022-07-24 21:01:35,10680.1,5329.05
2022-07-24 21:01:34,10799.8,5209.36
2022-07-24 21:01:33,10890,5119.2
2022-07-24 21:01:32,11276.1,4733.11
2022-07-24 21:01:31,11370,4639.18
2022-07-24 21:01:30,11607.4,4401.76
2022-07-24 21:01:29,11775.9,4233.29
2022-07-24 21:01:28,10286.4,5722.8
2022-07-24 21:01:27,9681.46,6327.73
2022-07-24 21:01:26,9068.13,6941.05
2022-07-24 21:01:25,9068,6941.19
2022-07-24 21:01:24,9069.5,6939.68
2022-07-24 21:01:23,9069.73,6939.45
2022-07-24 21:01:22,9069.43,6939.75
2022-07-24 21:01:21,9070.28,6938.9
2022-07-24 21:01:20,9071.5,6937.68
2022-07-24 21:01:19,9071.65,6937.54
2022-07-24 21:01:18,9072.39,6936.8
2022-07-24 21:01:17,9072.49,6936.7
2022-07-24 21:01:16,9072.97,6936.21
2022-07-24 21:01:15,9085.14,6924.05
2022-07-24 21:01:14,9086.44,6922.74
2022-07-24 21:01:13,9087.14,6922.04
2022-07-24 21:01:12,9087.88,6921.31
2022-07-24 21:01:11,9113.88,6895.3
2022-07-24 21:01:10,9115.47,6893.72
2022-07-24 21:01:09,9115.14,6894.05
2022-07-24 21:01:08,9143.73,6865.46
2022-07-24 21:01:07,9143.43,6865.76
2022-07-24 21:01:06,9143.4,6865.78
2022-07-24 21:01:05,9201.04,6808.14
2022-07-24 21:01:04,9227.47,6781.71
2022-07-24 21:01:03,9279.82,6729.37
2022-07-24 21:01:02,9352.59,6656.6
2022-07-24 21:01:01,9553.12,6456.07
2022-07-24 21:01:00,9854.5,6154.69
2022-07-24 21:00:59,10290,5719.23
2022-07-24 21:00:58,10580.9,5428.27
2022-07-24 21:00:57,10754.5,5254.73
2022-07-24 21:00:56,11138,4871.14
2022-07-24 21:00:55,11258.8,4750.39
2022-07-24 21:00:54,11422.1,4587.07
2022-07-24 21:00:53,11578.9,4430.26
2022-07-24 21:00:52,11119.4,4889.82
2022-07-24 21:00:51,10637,5372.22
2022-07-24 21:00:50,9673.67,6335.52
2022-07-24 21:00:49,9068.95,6940.24
2022-07-24 21:00:48,9068.16,6941.02
2022-07-24 21:00:47,9071.07,6938.11
2022-07-24 21:00:46,9072.02,6937.17
2022-07-24 21:00:45,9070.17,6939.02
2022-07-24 21:00:44,9073.68,6935.51
2022-07-24 21:00:43,9074.12,6935.07
2022-07-24 21:00:42,9077.54,6931.65
2022-07-24 21:00:41,9077.22,6931.97
2022-07-24 21:00:40,9075.84,6933.35
2022-07-24 21:00:39,9085.2,6923.99
2022-07-24 21:00:38,9085.62,6923.57
2022-07-24 21:00:37,9092.15,6917.04
2022-07-24 21:00:36,9090.73,6918.46
2022-07-24 21:00:35,9109.5,6899.68
2022-07-24 21:00:34,9110.48,6898.71
2022-07-24 21:00:33,9111.7,6897.49
2022-07-24 21:00:32,9132.81,6876.38
2022-07-24 21:00:31,9147.06,6862.13
2022-07-24 21:00:30,9149.83,6859.36
2022-07-24 21:00:29,9168.63,6840.55
2022-07-24 21:00:28,9221.4,6787.79
2022-07-24 21:00:27,9275.25,6733.94
2022-07-24 21:00:26,9347.4,6661.79
2022-07-24 21:00:25,9544.33,6464.86
2022-07-24 21:00:24,9762.41,6246.78
2022-07-24 21:00:23,10148.2,5860.98
2022-07-24 21:00:22,10397.2,5612.02
2022-07-24 21:00:21,10554.1,5455.04
2022-07-24 21:00:20,10737.1,5272.11
2022-07-24 21:00:19,11071.8,4937.35
2022-07-24 21:00:18,11277.2,4731.99
2022-07-24 21:00:17,11407.5,4601.7
2022-07-24 21:00:16,11590.3,4418.85
2022-07-24 21:00:15,11110.3,4898.85
2022-07-24 21:00:14,10711.7,5297.45
2022-07-24 21:00:13,9826.29,6182.89
2022-07-24 21:00:12,9715.96,6293.23
2022-07-24 21:00:11,9198.51,6810.68
2022-07-24 21:00:10,9198.24,6810.95
2022-07-24 21:00:09,9209.29,6799.9
2022-07-24 21:00:08,9209.6,6799.59
2022-07-24 21:00:07,9210.65,6798.54
2022-07-24 21:00:06,9219.01,6790.18
2022-07-24 21:00:05,9218.96,6790.23
2022-07-24 21:00:04,9222.38,6786.8
2022-07-24 21:00:03,9223.33,6785.86
2022-07-24 21:00:02,9232.63,6776.56
2022-07-24 21:00:01,9235.09,6774.1
2022-07-24 21:00:00,9235.82,6773.36
2022-07-24 20:59:59,9245.98,6763.21
2022-07-24 20:59:58,9246.19,6763
2022-07-24 20:59:57,9251.36,6757.83
2022-07-24 20:59:56,9265.75,6743.44
2022-07-24 20:59:55,9278.02,6731.17
2022-07-24 20:59:54,9279.04,6730.15
2022-07-24 20:59:53,9323.05,6686.13
2022-07-24 20:59:52,9345.32,6663.86
2022-07-24 20:59:51,9366.77,6642.42
2022-07-24 20:59:50,9414.73,6594.45
2022-07-24 20:59:49,9463.02,6546.16
2022-07-24 20:59:48,9793.26,6215.93
2022-07-24 20:59:47,9895.46,6113.73
2022-07-24 20:59:46,10201.1,5808.04
2022-07-24 20:59:45,10529.9,5479.29
2022-07-24 20:59:44,10721.2,5287.96
2022-07-24 20:59:43,10815.9,5193.31
2022-07-24 20:59:42,10913.2,5096.04
2022-07-24 20:59:41,11249.1,4760.13
2022-07-24 20:59:40,11448.3,4560.91
2022-07-24 20:59:39,11581,4428.18
2022-07-24 20:59:38,11202.7,4806.46
2022-07-24 20:59:37,10754.5,5254.73
2022-07-24 20:59:36,10344,5665.19
2022-07-24 20:59:35,10430.2,5579.04
2022-07-24 20:59:34,10500.4,5508.81
2022-07-24 20:59:33,9380.23,6628.96
2022-07-24 20:59:32,9390.22,6618.97
2022-07-24 20:59:31,9393.48,6615.7
2022-07-24 20:59:30,9393.82,6615.37
2022-07-24 20:59:29,9394.77,6614.41
2022-07-24 20:59:28,9403.98,6605.2
2022-07-24 20:59:27,9405.5,6603.69
2022-07-24 20:59:26,9407.28,6601.91
2022-07-24 20:59:25,9407.31,6601.88
2022-07-24 20:59:24,9418.13,6591.06
2022-07-24 20:59:23,9420.77,6588.42
2022-07-24 20:59:22,9421.91,6587.27
2022-07-24 20:59:21,9436.44,6572.75
2022-07-24 20:59:20,9436.67,6572.52
2022-07-24 20:59:19,9441.07,6568.12
2022-07-24 20:59:18,9460.61,6548.58
2022-07-24 20:59:17,9483.25,6525.93
2022-07-24 20:59:16,9502.71,6506.48
2022-07-24 20:59:15,9534.74,6474.45
2022-07-24 20:59:14,9599.49,6409.7
2022-07-24 20:59:13,9624.35,6384.84
2022-07-24 20:59:12,9671.36,6337.82
2022-07-24 20:59:11,9719.76,6289.43
2022-07-24 20:59:10,9791.35,6217.84
2022-07-24 20:59:09,9887.81,6121.37
2022-07-24 20:59:08,10204.1,5805.06
2022-07-24 20:59:07,10323.3,5685.93
2022-07-24 20:59:06,10546.7,5462.52
2022-07-24 20:59:05,10642,5367.23
2022-07-24 20:59:04,10932.1,5077.1
2022-07-24 20:59:03,11110.7,4898.45
2022-07-24 20:59:02,11369.6,4639.56
2022-07-24 20:59:01,11560.3,4448.91
2022-07-24 20:59:00,11702.8,4306.44
2022-07-24 20:58:59,10795.3,5213.92
2022-07-24 20:58:58,10269.5,5739.72
2022-07-24 20:58:57,10340,5669.23
2022-07-24 20:58:56,9144.28,6864.91
2022-07-24 20:58:55,9145.7,6863.48
2022-07-24 20:58:54,9147.06,6862.13
2022-07-24 20:58:53,9144.97,6864.22
2022-07-24 20:58:52,9144.12,6865.07
2022-07-24 20:58:51,9148.13,6861.06
2022-07-24 20:58:50,9150.69,6858.5
2022-07-24 20:58:49,9151.22,6857.97
2022-07-24 20:58:48,9162.25,6846.94
2022-07-24 20:58:47,9163.3,6845.89
2022-07-24 20:58:46,9162.36,6846.82
2022-07-24 20:58:45,9163.28,6845.91
2022-07-24 20:58:44,9173.75,6835.44
2022-07-24 20:58:43,9189.89,6819.3
2022-07-24 20:58:42,9189.91,6819.27
2022-07-24 20:58:41,9217.77,6791.42
2022-07-24 20:58:40,9243.21,6765.98
2022-07-24 20:58:39,9244.65,6764.53
2022-07-24 20:58:38,9275.47,6733.71
2022-07-24 20:58:37,9297.62,6711.57
2022-07-24 20:58:36,9298.43,6710.76
2022-07-24 20:58:35,9339.96,6669.22
2022-07-24 20:58:34,9343.8,6665.39
2022-07-24 20:58:33,9413.2,6595.98
2022-07-24 20:58:32,9456.06,6553.13
2022-07-24 20:58:31,9599.02,6410.16
2022-07-24 20:58:30,10021.3,5987.92
2022-07-24 20:58:29,10276.4,5732.74
2022-07-24 20:58:28,10429.4,5579.77
2022-07-24 20:58:27,10928.3,5080.88
2022-07-24 20:58:26,11156.2,4852.94
2022-07-24 20:58:25,11308,4701.21
2022-07-24 20:58:24,11441.4,4567.79
2022-07-24 20:58:23,11583.8,4425.42
2022-07-24 20:58:22,11753.8,4255.35
2022-07-24 20:58:21,11433.6,4575.6
2022-07-24 20:58:20,9278.91,6730.28
2022-07-24 20:58:19,9284.91,6724.27
2022-07-24 20:58:18,9296.08,6713.11
2022-07-24 20:58:17,9294.96,6714.22
2022-07-24 20:58:16,9296.72,6712.46
2022-07-24 20:58:15,9312.66,6696.52
2022-07-24 20:58:14,9324.11,6685.08
2022-07-24 20:58:13,9323.78,6685.41
2022-07-24 20:58:12,9330.91,6678.28
2022-07-24 20:58:11,9354.2,6654.99
2022-07-24 20:58:10,9356.24,6652.95
2022-07-24 20:58:09,9358.01,6651.18
2022-07-24 20:58:08,9383.72,6625.46
2022-07-24 20:58:07,9403.43,6605.76
2022-07-24 20:58:06,9405.15,6604.04
2022-07-24 20:58:05,9429.36,6579.83
2022-07-24 20:58:04,9450.68,6558.51
2022-07-24 20:58:03,9452.41,6556.77
2022-07-24 20:58:02,9487.7,6521.49
2022-07-24 20:58:01,9493.44,6515.75
2022-07-24 20:58:00,9500.44,6508.75
2022-07-24 20:57:59,9533.79,6475.4
2022-07-24 20:57:58,9516.4,6492.79
2022-07-24 20:57:57,9553.76,6455.43
2022-07-24 20:57:56,9560.64,6448.55
2022-07-24 20:57:55,9743,6266.19
2022-07-24 20:57:54,9770.17,6239.02
2022-07-24 20:57:53,9821.62,6187.57
2022-07-24 20:57:52,10052.5,5956.66
2022-07-24 20:57:51,10876.1,5133.08
2022-07-24 20:57:50,11045.4,4963.78
2022-07-24 20:57:49,11218.1,4791.07
2022-07-24 20:57:48,11315.5,4693.73
2022-07-24 20:57:47,11411.2,4598
2022-07-24 20:57:46,11546.3,4462.9
2022-07-24 20:57:45,11705.4,4303.83
2022-07-24 20:57:44,11933.5,4075.66
2022-07-24 20:57:43,9715.93,6293.26
2022-07-24 20:57:42,9101.04,6908.15
2022-07-24 20:57:41,9102.68,6906.5
2022-07-24 20:57:40,9102.19,6907
2022-07-24 20:57:39,9101.24,6907.95
2022-07-24 20:57:38,9102.51,6906.68
2022-07-24 20:57:37,9103.61,6905.58
2022-07-24 20:57:36,9105.51,6903.68
2022-07-24 20:57:35,9107.06,6902.13
2022-07-24 20:57:34,9108.27,6900.91
2022-07-24 20:57:33,9107.1,6902.09
2022-07-24 20:57:32,9120.4,6888.79
2022-07-24 20:57:31,9130.39,6878.79
2022-07-24 20:57:30,9130.57,6878.61
2022-07-24 20:57:29,9150.19,6859
2022-07-24 20:57:28,9170.09,6839.09
2022-07-24 20:57:27,9170.65,6838.54
2022-07-24 20:57:26,9193.06,6816.13
2022-07-24 20:57:25,9208.04,6801.15
2022-07-24 20:57:24,9209.61,6799.58
2022-07-24 20:57:23,9215.76,6793.43
2022-07-24 20:57:22,9246.51,6762.68
2022-07-24 20:57:21,9251.16,6758.02
2022-07-24 20:57:20,9264.07,6745.12
2022-07-24 20:57:19,9281.62,6727.57
2022-07-24 20:57:18,9325.48,6683.71
2022-07-24 20:57:17,9523.87,6485.32
2022-07-24 20:57:16,9670.37,6338.82
2022-07-24 20:57:15,9740.85,6268.34
2022-07-24 20:57:14,10258.1,5751.07
2022-07-24 20:57:13,10708.6,5300.62
2022-07-24 20:57:12,10994.4,5014.8
2022-07-24 20:57:11,11230.1,4779.13
2022-07-24 20:57:10,11331.7,4677.53
2022-07-24 20:57:09,11463.6,4545.63
2022-07-24 20:57:08,11565.9,4443.29
2022-07-24 20:57:07,11228.6,4780.59
2022-07-24 20:57:06,11397.8,4611.44
2022-07-24 20:57:05,9946.35,6062.84
2022-07-24 20:57:04,9447.14,6562.04
2022-07-24 20:57:03,9450.83,6558.36
2022-07-24 20:57:02,9455.28,6553.91
2022-07-24 20:57:01,9457.2,6551.98
2022-07-24 20:57:00,9463.17,6546.02
2022-07-24 20:56:59,9463.46,6545.73
2022-07-24 20:56:58,9474.66,6534.52
2022-07-24 20:56:57,9471.74,6537.45
2022-07-24 20:56:56,9474.75,6534.43
2022-07-24 20:56:55,9488.96,6520.23
2022-07-24 20:56:54,9506.64,6502.54
2022-07-24 20:56:53,9524.33,6484.86
2022-07-24 20:56:52,9525.89,6483.3
2022-07-24 20:56:51,9565.93,6443.26
2022-07-24 20:56:50,9584.27,6424.92
2022-07-24 20:56:49,9598.3,6410.88
2022-07-24 20:56:48,9629.35,6379.84
2022-07-24 20:56:47,9649.26,6359.93
2022-07-24 20:56:46,9666.31,6342.88
2022-07-24 20:56:45,9726.66,6282.53
2022-07-24 20:56:44,9768.8,6240.39
2022-07-24 20:56:43,9763.15,6246.04
2022-07-24 20:56:42,9854.73,6154.45
2022-07-24 20:56:41,9921,6088.18
2022-07-24 20:56:40,9955.64,6053.54
2022-07-24 20:56:39,10244,5765.22
2022-07-24 20:56:38,10311.8,5697.4
2022-07-24 20:56:37,10392.3,5616.91
2022-07-24 20:56:36,10553.4,5455.8
2022-07-24 20:56:35,11053.5,4955.7
2022-07-24 20:56:34,11259.2,4749.98
2022-07-24 20:56:33,11354,4655.14
2022-07-24 20:56:32,11482.2,4526.97
2022-07-24 20:56:31,11052.2,4957.03
2022-07-24 20:56:30,11217.6,4791.61
2022-07-24 20:56:29,11379,4630.16
2022-07-24 20:56:28,9933.77,6075.42
2022-07-24 20:56:27,9299.8,6709.39
2022-07-24 20:56:26,9304.93,6704.26
2022-07-24 20:56:25,9306.72,6702.47
2022-07-24 20:56:24,9307.54,6701.65
2022-07-24 20:56:23,9312.42,6696.77
2022-07-24 20:56:22,9314.57,6694.61
2022-07-24 20:56:21,9315.58,6693.61
2022-07-24 20:56:20,9329.51,6679.68
2022-07-24 20:56:19,9330.71,6678.48
2022-07-24 20:56:18,9332.9,6676.29
2022-07-24 20:56:17,9338.29,6670.9
2022-07-24 20:56:16,9354.67,6654.52
2022-07-24 20:56:15,9355.68,6653.51
2022-07-24 20:56:14,9356.7,6652.48
2022-07-24 20:56:13,9403.3,6605.89
2022-07-24 20:56:12,9405.68,6603.5
2022-07-24 20:56:11,9432.72,6576.47
2022-07-24 20:56:10,9469.36,6539.83
2022-07-24 20:56:09,9483.51,6525.68
2022-07-24 20:56:08,9523.13,6486.05
2022-07-24 20:56:07,9565.3,6443.88
2022-07-24 20:56:06,9599.9,6409.29
2022-07-24 20:56:05,9654.48,6354.7
2022-07-24 20:56:04,9708.98,6300.21
2022-07-24 20:56:03,9805.39,6203.8
2022-07-24 20:56:02,9978.79,6030.4
2022-07-24 20:56:01,10243.6,5765.54
2022-07-24 20:56:00,10510.2,5498.96
2022-07-24 20:55:59,10624,5385.23
2022-07-24 20:55:58,10824.5,5184.64
2022-07-24 20:55:57,11077.7,4931.53
2022-07-24 20:55:56,11301.2,4708.02
2022-07-24 20:55:55,11506.5,4502.72
2022-07-24 20:55:54,11648.3,4360.93
2022-07-24 20:55:53,11294,4715.2
2022-07-24 20:55:52,10297.8,5711.44
2022-07-24 20:55:51,9837.56,6171.63
2022-07-24 20:55:50,9330.26,6678.93
2022-07-24 20:55:49,9338.38,6670.81
2022-07-24 20:55:48,9339.8,6669.39
2022-07-24 20:55:47,9340.49,6668.7
2022-07-24 20:55:46,9350.52,6658.67
2022-07-24 20:55:45,9356.61,6652.57
2022-07-24 20:55:44,9358.26,6650.93
2022-07-24 20:55:43,9356.49,6652.69
2022-07-24 20:55:42,9374.41,6634.77
2022-07-24 20:55:41,9375.95,6633.24
2022-07-24 20:55:40,9377.57,6631.62
2022-07-24 20:55:39,9392.05,6617.14
2022-07-24 20:55:38,9410.65,6598.54
2022-07-24 20:55:37,9411.96,6597.23
2022-07-24 20:55:36,9426.76,6582.43
2022-07-24 20:55:35,9427.78,6581.4
2022-07-24 20:55:34,9458.02,6551.16
2022-07-24 20:55:33,9463.73,6545.46
2022-07-24 20:55:32,9469.45,6539.74
2022-07-24 20:55:31,9534.63,6474.56
2022-07-24 20:55:30,9537.45,6471.74
2022-07-24 20:55:29,9528.38,6480.81
2022-07-24 20:55:28,9619.35,6389.84
2022-07-24 20:55:27,9686.36,6322.83
2022-07-24 20:55:26,9835.81,6173.38
2022-07-24 20:55:25,10037.3,5971.84
2022-07-24 20:55:24,10200.8,5808.36
2022-07-24 20:55:23,10614.4,5394.75
2022-07-24 20:55:22,10888.9,5120.26
2022-07-24 20:55:21,11038.9,4970.3
2022-07-24 20:55:20,11168.7,4840.5
2022-07-24 20:55:19,11371.8,4637.37
2022-07-24 20:55:18,11553.4,4455.78
2022-07-24 20:55:17,11711.6,4297.6
2022-07-24 20:55:16,11262.5,4746.7
2022-07-24 20:55:15,9685.69,6323.5
2022-07-24 20:55:14,9725.67,6283.52
2022-07-24 20:55:13,9228,6781.18
2022-07-24 20:55:12,9229.11,6780.08
2022-07-24 20:55:11,9232.89,6776.3
2022-07-24 20:55:10,9232.62,6776.57
2022-07-24 20:55:09,9233.44,6775.75
2022-07-24 20:55:08,9235.38,6773.81
2022-07-24 20:55:07,9237,6772.18
2022-07-24 20:55:06,9240.73,6768.45
2022-07-24 20:55:05,9240.73,6768.45
2022-07-24 20:55:04,9257.6,6751.59
2022-07-24 20:55:03,9259.22,6749.96
2022-07-24 20:55:02,9276.95,6732.23
2022-07-24 20:55:01,9293.52,6715.67
2022-07-24 20:55:00,9295.5,6713.69
2022-07-24 20:54:59,9317.6,6691.59
2022-07-24 20:54:58,9349.75,6659.43
2022-07-24 20:54:57,9339.12,6670.06
2022-07-24 20:54:56,9364,6645.18
2022-07-24 20:54:55,9396.94,6612.25
2022-07-24 20:54:54,9407.83,6601.36
2022-07-24 20:54:53,9440.03,6569.16
2022-07-24 20:54:52,9521.58,6487.61
2022-07-24 20:54:51,9510.55,6498.64
2022-07-24 20:54:50,9586.07,6423.11
2022-07-24 20:54:49,9925.92,6083.27
2022-07-24 20:54:48,10165.2,5844.04
2022-07-24 20:54:47,10307.5,5701.71
2022-07-24 20:54:46,10529.9,5479.27
2022-07-24 20:54:45,10836.2,5173
2022-07-24 20:54:44,11029.7,4979.5
2022-07-24 20:54:43,11173.5,4835.65
2022-07-24 20:54:42,11377.4,4631.83
2022-07-24 20:54:41,11591,4418.24
2022-07-24 20:54:40,11219.5,4789.73
2022-07-24 20:54:39,10093.7,5915.49
2022-07-24 20:54:38,9658.26,6350.93
2022-07-24 20:54:37,9708.57,6300.62
2022-07-24 20:54:36,9687.86,6321.33
2022-07-24 20:54:35,9248.33,6760.86
2022-07-24 20:54:34,9249.67,6759.52
2022-07-24 20:54:33,9262.77,6746.41
2022-07-24 20:54:32,9263.16,6746.02
2022-07-24 20:54:31,9265.71,6743.47
2022-07-24 20:54:30,9278.93,6730.26
2022-07-24 20:54:29,9279.36,6729.83
2022-07-24 20:54:28,9280.18,6729.01
2022-07-24 20:54:27,9281.22,6727.97
2022-07-24 20:54:26,9293.29,6715.89
2022-07-24 20:54:25,9294.86,6714.32
2022-07-24 20:54:24,9294.66,6714.53
2022-07-24 20:54:23,9331.58,6677.61
2022-07-24 20:54:22,9333.74,6675.45
2022-07-24 20:54:21,9336.64,6672.55
2022-07-24 20:54:20,9361.2,6647.99
2022-07-24 20:54:19,9387.7,6621.48
2022-07-24 20:54:18,9394.68,6614.5
2022-07-24 20:54:17,9417.33,6591.86
2022-07-24 20:54:16,9445.15,6564.04
2022-07-24 20:54:15,9456.45,6552.73
2022-07-24 20:54:14,9552.88,6456.31
2022-07-24 20:54:13,9597.17,6412.02
2022-07-24 20:54:12,9790.51,6218.68
2022-07-24 20:54:11,10142.8,5866.36
2022-07-24 20:54:10,10479.6,5529.62
2022-07-24 20:54:09,10681.4,5327.76
2022-07-24 20:54:08,10948.8,5060.36
2022-07-24 20:54:07,11067.4,4941.8
2022-07-24 20:54:06,11191.3,4817.88
2022-07-24 20:54:05,11402.7,4606.52
2022-07-24 20:54:04,11612,4397.23
2022-07-24 20:54:03,11242.7,4766.46
2022-07-24 20:54:02,10319.3,5689.91
2022-07-24 20:54:01,10389,5620.19
2022-07-24 20:54:00,9932.91,6076.28
2022-07-24 20:53:59,9430.61,6578.57
2022-07-24 20:53:58,9432.68,6576.51
2022-07-24 20:53:57,9446.38,6562.81
2022-07-24 20:53:56,9450.19,6559
2022-07-24 20:53:55,9452.64,6556.55
2022-07-24 20:53:54,9454.48,6554.71
2022-07-24 20:53:53,9467.85,6541.34
2022-07-24 20:53:52,9470.71,6538.47
2022-07-24 20:53:51,9475.4,6533.79
2022-07-24 20:53:50,9492.22,6516.97
2022-07-24 20:53:49,9492.88,6516.31
2022-07-24 20:53:48,9535.05,6474.14
2022-07-24 20:53:47,9553.61,6455.57
2022-07-24 20:53:46,9559.53,6449.66
2022-07-24 20:53:45,9562.4,6446.79
2022-07-24 20:53:44,9636.93,6372.26
2022-07-24 20:53:43,9666.05,6343.14
2022-07-24 20:53:42,9667.32,6341.87
2022-07-24 20:53:41,9745.77,6263.41
2022-07-24 20:53:40,9786.69,6222.5
2022-07-24 20:53:39,9813.82,6195.37
2022-07-24 20:53:38,9868.16,6141.03
2022-07-24 20:53:37,9943.47,6065.71
2022-07-24 20:53:36,10023,5986.21
2022-07-24 20:53:35,10192,5817.18
2022-07-24 20:53:34,10315.6,5693.56
2022-07-24 20:53:33,10509.1,5500.08
2022-07-24 20:53:32,10833.7,5175.54
2022-07-24 20:53:31,11009.9,4999.34
2022-07-24 20:53:30,11092.8,4916.38
2022-07-24 20:53:29,11293.7,4715.5
2022-07-24 20:53:28,11473.9,4535.27
2022-07-24 20:53:27,11602.2,4406.95
2022-07-24 20:53:26,11145.9,4863.24
2022-07-24 20:53:25,10750.6,5258.59
2022-07-24 20:53:24,9793.59,6215.6
2022-07-24 20:53:23,9837.4,6171.79
2022-07-24 20:53:22,9324.44,6684.75
2022-07-24 20:53:21,9328.18,6681.01
2022-07-24 20:53:20,9330.52,6678.67
2022-07-24 20:53:19,9338.02,6671.17
2022-07-24 20:53:18,9342.66,6666.53
2022-07-24 20:53:17,9344.31,6664.88
2022-07-24 20:53:16,9345.28,6663.91
2022-07-24 20:53:15,9356.81,6652.38
2022-07-24 20:53:14,9357.75,6651.44
2022-07-24 20:53:13,9363.18,6646.01
2022-07-24 20:53:12,9370.27,6638.92
2022-07-24 20:53:11,9385.64,6623.55
2022-07-24 20:53:10,9387.98,6621.21
2022-07-24 20:53:09,9411.48,6597.71
2022-07-24 20:53:08,9428.17,6581.02
2022-07-24 20:53:07,9446.12,6563.07
2022-07-24 20:53:06,9490.5,6518.69
2022-07-24 20:53:05,9506.61,6502.57
2022-07-24 20:53:04,9526.34,6482.85
2022-07-24 20:53:03,9592.17,6417.02
2022-07-24 20:53:02,9615.98,6393.2
2022-07-24 20:53:01,9694.06,6315.12
2022-07-24 20:53:00,9770.45,6238.74
2022-07-24 20:52:59,9850.3,6158.89
2022-07-24 20:52:58,10235.6,5773.6
2022-07-24 20:52:57,10440.2,5569.03
2022-07-24 20:52:56,10681.5,5327.68
2022-07-24 20:52:55,10809.8,5199.42
2022-07-24 20:52:54,11024,4985.14
2022-07-24 20:52:53,11121,4888.17
2022-07-24 20:52:52,11350.7,4658.5
2022-07-24 20:52:51,11523.2,4485.95
2022-07-24 20:52:50,11670.5,4338.66
2022-07-24 20:52:49,11305.4,4703.79
2022-07-24 20:52:48,10427.5,5581.68
2022-07-24 20:52:47,9862.77,6146.42
2022-07-24 20:52:46,9235.77,6773.42
2022-07-24 20:52:45,9237.77,6771.42
2022-07-24 20:52:44,9238.29,6770.9
2022-07-24 20:52:43,9238.32,6770.87
2022-07-24 20:52:42,9241.5,6767.69
2022-07-24 20:52:41,9241.91,6767.27
2022-07-24 20:52:40,9243.87,6765.32
2022-07-24 20:52:39,9244.89,6764.3
2022-07-24 20:52:38,9247.27,6761.92
2022-07-24 20:52:37,9246.69,6762.5
2022-07-24 20:52:36,9251.05,6758.13
2022-07-24 20:52:35,9250.3,6758.89
2022-07-24 20:52:34,9260.07,6749.12
2022-07-24 20:52:33,9272.15,6737.04
2022-07-24 20:52:32,9294.07,6715.12
2022-07-24 20:52:31,9296.53,6712.66
2022-07-24 20:52:30,9324.49,6684.7
2022-07-24 20:52:29,9373.79,6635.4
2022-07-24 20:52:28,9375.62,6633.57
2022-07-24 20:52:27,9401.36,6607.82
2022-07-24 20:52:26,9472.34,6536.85
2022-07-24 20:52:25,9473.78,6535.41
2022-07-24 20:52:24,9536.25,6472.94
2022-07-24 20:52:23,9599.7,6409.48
2022-07-24 20:52:22,9647.48,6361.71
2022-07-24 20:52:21,9842.14,6167.05
2022-07-24 20:52:20,10145.2,5864
2022-07-24 20:52:19,10357.8,5651.43
2022-07-24 20:52:18,10487.1,5522.07
2022-07-24 20:52:17,10797.1,5212.05
2022-07-24 20:52:16,11189.2,4819.98
2022-07-24 20:52:15,11359.9,4649.25
2022-07-24 20:52:14,11551.8,4457.35
2022-07-24 20:52:13,11692.4,4316.74
2022-07-24 20:52:12,11325.2,4684.03
2022-07-24 20:52:11,9795.97,6213.21
2022-07-24 20:52:10,9826.93,6182.25
2022-07-24 20:52:09,9207.58,6801.61
2022-07-24 20:52:08,9206.86,6802.33
2022-07-24 20:52:07,9211.14,6798.04
2022-07-24 20:52:06,9212.09,6797.1
2022-07-24 20:52:05,9210.95,6798.24
2022-07-24 20:52:04,9212.73,6796.45
2022-07-24 20:52:03,9215.5,6793.69
2022-07-24 20:52:02,9215.76,6793.43
2022-07-24 20:52:01,9216.18,6793.01
2022-07-24 20:52:00,9226.45,6782.74
2022-07-24 20:51:59,9229.66,6779.53
2022-07-24 20:51:58,9242.83,6766.36
2022-07-24 20:51:57,9261.33,6747.86
2022-07-24 20:51:56,9286.69,6722.5
2022-07-24 20:51:55,9293.39,6715.8
2022-07-24 20:51:54,9329.08,6680.11
2022-07-24 20:51:53,9331.75,6677.44
2022-07-24 20:51:52,9358.96,6650.23
2022-07-24 20:51:51,9402.52,6606.66
2022-07-24 20:51:50,9405.51,6603.68
2022-07-24 20:51:49,9437.39,6571.79
2022-07-24 20:51:48,9497.5,6511.68
2022-07-24 20:51:47,9533.35,6475.84
2022-07-24 20:51:46,9574.39,6434.8
2022-07-24 20:51:45,9729,6280.18
2022-07-24 20:51:44,9899.25,6109.93
2022-07-24 20:51:43,10079.2,5929.97
2022-07-24 20:51:42,10500.3,5508.84
2022-07-24 20:51:41,10740.8,5268.36
2022-07-24 20:51:40,10851.7,5157.45
2022-07-24 20:51:39,11256.2,4753.02
2022-07-24 20:51:38,11395.7,4613.5
2022-07-24 20:51:37,11578.4,4430.75
2022-07-24 20:51:36,11754.4,4254.8
2022-07-24 20:51:35,10143.4,5865.82
2022-07-24 20:51:34,9611.36,6397.83
2022-07-24 20:51:33,9264.46,6744.72
2022-07-24 20:51:32,9113.2,6895.98
2022-07-24 20:51:31,9112.69,6896.49
2022-07-24 20:51:30,9114.04,6895.15
2022-07-24 20:51:29,9116.2,6892.99
2022-07-24 20:51:28,9116.42,6892.77
2022-07-24 20:51:27,9116.58,6892.61
2022-07-24 20:51:26,9118.1,6891.09
2022-07-24 20:51:25,9117.73,6891.46
2022-07-24 20:51:24,9112.8,6896.39
2022-07-24 20:51:23,9113.97,6895.21
2022-07-24 20:51:22,9124.71,6884.48
2022-07-24 20:51:21,9130.9,6878.28
2022-07-24 20:51:20,9145.26,6863.93
2022-07-24 20:51:19,9146.66,6862.53
2022-07-24 20:51:18,9165.89,6843.3
2022-07-24 20:51:17,9190.77,6818.42
2022-07-24 20:51:16,9191.77,6817.42
2022-07-24 20:51:15,9212.18,6797.01
2022-07-24 20:51:14,9224.75,6784.44
2022-07-24 20:51:13,9228.8,6780.39
2022-07-24 20:51:12,9262.18,6747.01
2022-07-24 20:51:11,9263.07,6746.12
2022-07-24 20:51:10,9320.54,6688.65
2022-07-24 20:51:09,9403.13,6606.06
2022-07-24 20:51:08,9488.56,6520.63
2022-07-24 20:51:07,9875.8,6133.39
2022-07-24 20:51:06,10062.1,5947.06
2022-07-24 20:51:05,10496.7,5512.46
2022-07-24 20:51:04,10841.9,5167.29
2022-07-24 20:51:03,11018.1,4991.11
2022-07-24 20:51:02,11239.4,4769.75
2022-07-24 20:51:01,11412.4,4596.81
2022-07-24 20:51:00,11517.2,4491.95
2022-07-24 20:50:59,11706.5,4302.67
2022-07-24 20:50:58,11332.2,4676.97
2022-07-24 20:50:57,9819.55,6189.63
2022-07-24 20:50:56,9834.52,6174.67
2022-07-24 20:50:55,9214.1,6795.09
2022-07-24 20:50:54,9216.76,6792.43
2022-07-24 20:50:53,9216.05,6793.14
2022-07-24 20:50:52,9216.98,6792.21
2022-07-24 20:50:51,9217.5,6791.68
2022-07-24 20:50:50,9223.14,6786.05
2022-07-24 20:50:49,9223.66,6785.53
2022-07-24 20:50:48,9223.91,6785.28
2022-07-24 20:50:47,9234.36,6774.83
2022-07-24 20:50:46,9269.16,6740.02
2022-07-24 20:50:45,9271.26,6737.93
2022-07-24 20:50:44,9272.53,6736.66
2022-07-24 20:50:43,9307.07,6702.11
2022-07-24 20:50:42,9335.03,6674.16
2022-07-24 20:50:41,9334.73,6674.45
2022-07-24 20:50:40,9374.3,6634.89
2022-07-24 20:50:39,9394.91,6614.28
2022-07-24 20:50:38,9397.02,6612.17
2022-07-24 20:50:37,9440.44,6568.74
2022-07-24 20:50:36,9442.7,6566.49
2022-07-24 20:50:35,9439.98,6569.21
2022-07-24 20:50:34,9465.81,6543.37
2022-07-24 20:50:33,9522.24,6486.95
2022-07-24 20:50:32,9561.68,6447.51
2022-07-24 20:50:31,9772.39,6236.8
2022-07-24 20:50:30,9942.99,6066.2
2022-07-24 20:50:29,10142.7,5866.47
2022-07-24 20:50:28,10352.4,5656.74
2022-07-24 20:50:27,10793.4,5215.84
2022-07-24 20:50:26,11084.7,4924.5
2022-07-24 20:50:25,11269.7,4739.48
2022-07-24 20:50:24,11405.9,4603.34
2022-07-24 20:50:23,11584.4,4424.81
2022-07-24 20:50:22,11712.1,4297.08
2022-07-24 20:50:21,11253.2,4755.94
2022-07-24 20:50:20,10003.1,6006.07
2022-07-24 20:50:19,9110.17,6899.02
2022-07-24 20:50:18,9110.17,6899.02
2022-07-24 20:50:17,9112.51,6896.68
2022-07-24 20:50:16,9111.94,6897.25
2022-07-24 20:50:15,9118.61,6890.58
2022-07-24 20:50:14,9118.68,6890.51
2022-07-24 20:50:13,9122.27,6886.92
2022-07-24 20:50:12,9130.22,6878.97
2022-07-24 20:50:11,9131.13,6878.06
2022-07-24 20:50:10,9133.67,6875.52
2022-07-24 20:50:09,9151.68,6857.51
2022-07-24 20:50:08,9153.53,6855.66
2022-07-24 20:50:07,9154.73,6854.46
2022-07-24 20:50:06,9163.03,6846.16
2022-07-24 20:50:05,9188.29,6820.9
2022-07-24 20:50:04,9189.71,6819.48
2022-07-24 20:50:03,9200.42,6808.77
2022-07-24 20:50:02,9205.25,6803.94
2022-07-24 20:50:01,9222.14,6787.05
2022-07-24 20:50:00,9234.16,6775.03
2022-07-24 20:49:59,9255.15,6754.03
2022-07-24 20:49:58,9270.46,6738.72
2022-07-24 20:49:57,9272.77,6736.42
2022-07-24 20:49:56,9369.37,6639.81
2022-07-24 20:49:55,9407.17,6602.02
2022-07-24 20:49:54,9721.03,6288.15
2022-07-24 20:49:53,9867.56,6141.63
2022-07-24 20:49:52,10074.6,5934.61
2022-07-24 20:49:51,10351.7,5657.53
2022-07-24 20:49:50,10941.8,5067.34
2022-07-24 20:49:49,11148.3,4860.92
2022-07-24 20:49:48,11279.2,4730.01
2022-07-24 20:49:47,11425,4584.19
2022-07-24 20:49:46,11514.3,4494.86
2022-07-24 20:49:45,11699.6,4309.54
2022-07-24 20:49:44,11229.8,4779.37
2022-07-24 20:49:43,11358,4651.15
2022-07-24 20:49:42,9194.8,6814.39
2022-07-24 20:49:41,9196.3,6812.88
2022-07-24 20:49:40,9197.78,6811.41
2022-07-24 20:49:39,9202.25,6806.93
2022-07-24 20:49:38,9201.65,6807.54
2022-07-24 20:49:37,9205.23,6803.95
2022-07-24 20:49:36,9204.84,6804.35
2022-07-24 20:49:35,9208.6,6800.59
2022-07-24 20:49:34,9210.07,6799.12
2022-07-24 20:49:33,9210.89,6798.3
2022-07-24 20:49:32,9212.34,6796.84
2022-07-24 20:49:31,9212.04,6797.15
2022-07-24 20:49:30,9212.57,6796.62
2022-07-24 20:49:29,9214.97,6794.22
2022-07-24 20:49:28,9217.58,6791.61
2022-07-24 20:49:27,9218.27,6790.92
2022-07-24 20:49:26,9253.3,6755.89
2022-07-24 20:49:25,9271.38,6737.8
2022-07-24 20:49:24,9274.98,6734.21
2022-07-24 20:49:23,9324.59,6684.6
2022-07-24 20:49:22,9340.99,6668.2
2022-07-24 20:49:21,9351.23,6657.96
2022-07-24 20:49:20,9467.78,6541.4
2022-07-24 20:49:19,9477.69,6531.49
2022-07-24 20:49:18,9543.18,6466
2022-07-24 20:49:17,9920.36,6088.83
2022-07-24 20:49:16,10024.6,5984.58
2022-07-24 20:49:15,10150.3,5858.84
2022-07-24 20:49:14,10453.1,5556.04
2022-07-24 20:49:13,10628.9,5380.31
2022-07-24 20:49:12,11000.9,5008.28
2022-07-24 20:49:11,11252.8,4756.34
2022-07-24 20:49:10,11405.1,4604.13
2022-07-24 20:49:09,11529.4,4479.78
2022-07-24 20:49:08,11658.7,4350.46
2022-07-24 20:49:07,11339.3,4669.89
2022-07-24 20:49:06,10372.5,5636.64
2022-07-24 20:49:05,9261.54,6747.65
2022-07-24 20:49:04,9270.39,6738.79
2022-07-24 20:49:03,9271.86,6737.33
2022-07-24 20:49:02,9274.59,6734.59
2022-07-24 20:49:01,9291.28,6717.9
2022-07-24 20:49:00,9292.45,6716.74
2022-07-24 20:48:59,9294.57,6714.61
2022-07-24 20:48:58,9303.6,6705.59
2022-07-24 20:48:57,9312.41,6696.77
2022-07-24 20:48:56,9314.77,6694.42
2022-07-24 20:48:55,9315.74,6693.45
2022-07-24 20:48:54,9342.68,6666.51
2022-07-24 20:48:53,9345.09,6664.1
2022-07-24 20:48:52,9353.37,6655.81
2022-07-24 20:48:51,9369.48,6639.71
2022-07-24 20:48:50,9385.33,6623.86
2022-07-24 20:48:49,9403.18,6606.01
2022-07-24 20:48:48,9422.37,6586.82
2022-07-24 20:48:47,9443.64,6565.54
2022-07-24 20:48:46,9447.44,6561.75
2022-07-24 20:48:45,9468.83,6540.36
2022-07-24 20:48:44,9498.61,6510.58
2022-07-24 20:48:43,9510.72,6498.47
2022-07-24 20:48:42,9563.05,6446.14
2022-07-24 20:48:41,9666.37,6342.82
2022-07-24 20:48:40,9800.72,6208.47
2022-07-24 20:48:39,9916.54,6092.65
2022-07-24 20:48:38,10276.9,5732.25
2022-07-24 20:48:37,10349.7,5659.44
2022-07-24 20:48:36,10766.8,5242.39
2022-07-24 20:48:35,11122.2,4886.99
2022-07-24 20:48:34,11320.1,4689.05
2022-07-24 20:48:33,11424.1,4585.05
2022-07-24 20:48:32,11557.1,4452.11
2022-07-24 20:48:31,11160.1,4849.1
2022-07-24 20:48:30,11316,4693.21
2022-07-24 20:48:29,10872,5137.18
2022-07-24 20:48:28,9134.34,6874.85
2022-07-24 20:48:27,9135.1,6874.09
2022-07-24 20:48:26,9137.93,6871.26
2022-07-24 20:48:25,9138.38,6870.81
2022-07-24 20:48:24,9136.78,6872.41
2022-07-24 20:48:23,9140.55,6868.64
2022-07-24 20:48:22,9141.68,6867.5
2022-07-24 20:48:21,9140.79,6868.4
2022-07-24 20:48:20,9141.79,6867.4
2022-07-24 20:48:19,9142.38,6866.81
2022-07-24 20:48:18,9145.36,6863.82
2022-07-24 20:48:17,9142.75,6866.44
2022-07-24 20:48:16,9152.22,6856.96
2022-07-24 20:48:15,9152.21,6856.98
2022-07-24 20:48:14,9154.73,6854.46
2022-07-24 20:48:13,9155.35,6853.84
2022-07-24 20:48:12,9176.81,6832.38
2022-07-24 20:48:11,9216.52,6792.67
2022-07-24 20:48:10,9217.68,6791.5
2022-07-24 20:48:09,9242.97,6766.21
2022-07-24 20:48:08,9292.16,6717.03
2022-07-24 20:48:07,9295.15,6714.04
2022-07-24 20:48:06,9323.6,6685.59
2022-07-24 20:48:05,9375.46,6633.73
2022-07-24 20:48:04,9399.07,6610.11
2022-07-24 20:48:03,9639.99,6369.2
2022-07-24 20:48:02,9718.21,6290.97
2022-07-24 20:48:01,9925.16,6084.03
2022-07-24 20:48:00,10520.5,5488.67
2022-07-24 20:47:59,10674.5,5334.68
2022-07-24 20:47:58,11038.9,4970.27
2022-07-24 20:47:57,11240.7,4768.5
2022-07-24 20:47:56,11410.7,4598.45
2022-07-24 20:47:55,11552.3,4456.84
2022-07-24 20:47:54,11728.3,4280.89
2022-07-24 20:47:53,10745.8,5263.38
2022-07-24 20:47:52,10313.7,5695.51
2022-07-24 20:47:51,9248.19,6761
2022-07-24 20:47:50,9253.89,6755.29
2022-07-24 20:47:49,9253.43,6755.76
2022-07-24 20:47:48,9255.48,6753.71
2022-07-24 20:47:47,9262.86,6746.33
2022-07-24 20:47:46,9265.2,6743.99
2022-07-24 20:47:45,9265.14,6744.05
2022-07-24 20:47:44,9280.47,6728.71
2022-07-24 20:47:43,9281.31,6727.88
2022-07-24 20:47:42,9275.88,6733.31
2022-07-24 20:47:41,9283.82,6725.37
2022-07-24 20:47:40,9303.88,6705.31
2022-07-24 20:47:39,9304.99,6704.19
2022-07-24 20:47:38,9310.66,6698.53
2022-07-24 20:47:37,9333.52,6675.67
2022-07-24 20:47:36,9350.07,6659.12
2022-07-24 20:47:35,9361.54,6647.65
2022-07-24 20:47:34,9407.41,6601.78
2022-07-24 20:47:33,9416.39,6592.8
2022-07-24 20:47:32,9415.6,6593.59
2022-07-24 20:47:31,9459.02,6550.16
2022-07-24 20:47:30,9485.18,6524.01
2022-07-24 20:47:29,9501.02,6508.17
2022-07-24 20:47:28,9600.77,6408.41
2022-07-24 20:47:27,9594.54,6414.65
2022-07-24 20:47:26,9910.31,6098.88
2022-07-24 20:47:25,10168.7,5840.5
2022-07-24 20:47:24,10355.3,5653.85
2022-07-24 20:47:23,10551.7,5457.47
2022-07-24 20:47:22,10780,5229.18
2022-07-24 20:47:21,10888.7,5120.45
2022-07-24 20:47:20,11232.7,4776.47
2022-07-24 20:47:19,11400.6,4608.57
2022-07-24 20:47:18,11542.7,4466.46
2022-07-24 20:47:17,11725.1,4284.05
2022-07-24 20:47:16,11370.5,4638.72
2022-07-24 20:47:15,9812.7,6196.49
2022-07-24 20:47:14,9335.52,6673.67
2022-07-24 20:47:13,9339,6670.19
2022-07-24 20:47:12,9340.22,6668.97
2022-07-24 20:47:11,9345.85,6663.34
2022-07-24 20:47:10,9346.44,6662.75
2022-07-24 20:47:09,9356.69,6652.5
2022-07-24 20:47:08,9363.09,6646.09
2022-07-24 20:47:07,9364.75,6644.43
2022-07-24 20:47:06,9375.9,6633.28
2022-07-24 20:47:05,9384.73,6624.45
2022-07-24 20:47:04,9396.23,6612.96
2022-07-24 20:47:03,9405.57,6603.62
2022-07-24 20:47:02,9430.42,6578.77
2022-07-24 20:47:01,9442.45,6566.73
2022-07-24 20:47:00,9448.34,6560.84
2022-07-24 20:46:59,9492.78,6516.41
2022-07-24 20:46:58,9497.21,6511.98
2022-07-24 20:46:57,9519.92,6489.27
2022-07-24 20:46:56,9541.26,6467.93
2022-07-24 20:46:55,9569.04,6440.15
2022-07-24 20:46:54,9582.06,6427.12
2022-07-24 20:46:53,9609.06,6400.13
2022-07-24 20:46:52,9659.03,6350.15
2022-07-24 20:46:51,9706.3,6302.89
2022-07-24 20:46:50,9774.36,6234.83
2022-07-24 20:46:49,9883.29,6125.89
2022-07-24 20:46:48,10070.2,5938.98
2022-07-24 20:46:47,10444,5565.17
2022-07-24 20:46:46,10786.6,5222.58
2022-07-24 20:46:45,10950.7,5058.46
2022-07-24 20:46:44,11056.9,4952.25
2022-07-24 20:46:43,11154.6,4854.61
2022-07-24 20:46:42,11292.3,4716.91
2022-07-24 20:46:41,11560.6,4448.61
2022-07-24 20:46:40,11709.2,4300.02
2022-07-24 20:46:39,11232.4,4776.82
2022-07-24 20:46:38,10087.4,5921.78
2022-07-24 20:46:37,9510.19,6499
2022-07-24 20:46:36,9032.23,6976.95
2022-07-24 20:46:35,9033.72,6975.47
2022-07-24 20:46:34,9032.25,6976.93
2022-07-24 20:46:33,9040.62,6968.57
2022-07-24 20:46:32,9041.26,6967.93
2022-07-24 20:46:31,9038.67,6970.52
2022-07-24 20:46:30,9050.28,6958.91
2022-07-24 20:46:29,9051.61,6957.58
2022-07-24 20:46:28,9051.04,6958.14
2022-07-24 20:46:27,9059.2,6949.98
2022-07-24 20:46:26,9060.17,6949.02
2022-07-24 20:46:25,9066.63,6942.55
2022-07-24 20:46:24,9068.28,6940.91
2022-07-24 20:46:23,9068.69,6940.5
2022-07-24 20:46:22,9068.45,6940.74
2022-07-24 20:46:21,9078.39,6930.8
2022-07-24 20:46:20,9079.05,6930.14
2022-07-24 20:46:19,9093.44,6915.75
2022-07-24 20:46:18,9094.42,6914.77
2022-07-24 20:46:17,9095.07,6914.12
2022-07-24 20:46:16,9099.71,6909.47
2022-07-24 20:46:15,9140.97,6868.21
2022-07-24 20:46:14,9162.27,6846.91
2022-07-24 20:46:13,9496.17,6513.02
2022-07-24 20:46:12,9636.73,6372.45
2022-07-24 20:46:11,9760.89,6248.3
2022-07-24 20:46:10,10076.5,5932.72
2022-07-24 20:46:09,10458.5,5550.68
2022-07-24 20:46:08,10835.3,5173.86
2022-07-24 20:46:07,11011.1,4998.06
2022-07-24 20:46:06,11200.1,4809.1
2022-07-24 20:46:05,11414.1,4595.12
2022-07-24 20:46:04,11539.2,4470.03
2022-07-24 20:46:03,11186.1,4823.09
2022-07-24 20:46:02,10689.6,5319.63
2022-07-24 20:46:01,10798.3,5210.84
2022-07-24 20:46:00,9736.8,6272.38
2022-07-24 20:45:59,9103.55,6905.63
2022-07-24 20:45:58,9109.57,6899.62
2022-07-24 20:45:57,9112.37,6896.82
2022-07-24 20:45:56,9112.11,6897.07
2022-07-24 20:45:55,9112.29,6896.9
2022-07-24 20:45:54,9125.37,6883.82
2022-07-24 20:45:53,9122.55,6886.64
2022-07-24 20:45:52,9125.81,6883.37
2022-07-24 20:45:51,9145.16,6864.02
2022-07-24 20:45:50,9146.45,6862.74
2022-07-24 20:45:49,9146.41,6862.77
2022-07-24 20:45:48,9147.07,6862.12
2022-07-24 20:45:47,9177.73,6831.46
2022-07-24 20:45:46,9178.64,6830.55
2022-07-24 20:45:45,9189.29,6819.9
2022-07-24 20:45:44,9198.94,6810.25
2022-07-24 20:45:43,9220.47,6788.71
2022-07-24 20:45:42,9237.68,6771.51
2022-07-24 20:45:41,9238.75,6770.43
2022-07-24 20:45:40,9271.29,6737.9
2022-07-24 20:45:39,9273.26,6735.93
2022-07-24 20:45:38,9279.8,6729.39
2022-07-24 20:45:37,9320.18,6689.01
2022-07-24 20:45:36,9425.61,6583.58
2022-07-24 20:45:35,9612.8,6396.39
2022-07-24 20:45:34,9743.88,6265.3
2022-07-24 20:45:33,10066.7,5942.48
2022-07-24 20:45:32,10303.4,5705.83
2022-07-24 20:45:31,10480.4,5528.8
2022-07-24 20:45:30,10787.5,5221.66
2022-07-24 20:45:29,10952.2,5057
2022-07-24 20:45:28,11340.3,4668.89
2022-07-24 20:45:27,11499.6,4509.54
2022-07-24 20:45:26,11134.9,4874.24
2022-07-24 20:45:25,10649.2,5360.02
2022-07-24 20:45:24,10747.5,5261.7
2022-07-24 20:45:23,10305.5,5703.72
2022-07-24 20:45:22,9816.98,6192.2
2022-07-24 20:45:21,9206.3,6802.89
2022-07-24 20:45:20,9209.47,6799.72
2022-07-24 20:45:19,9208.15,6801.04
2022-07-24 20:45:18,9208.68,6800.5
2022-07-24 20:45:17,9210.87,6798.32
2022-07-24 20:45:16,9209.83,6799.36
2022-07-24 20:45:15,9210.09,6799.1
2022-07-24 20:45:14,9212.33,6796.86
2022-07-24 20:45:13,9211.79,6797.39
2022-07-24 20:45:12,9214.08,6795.11
2022-07-24 20:45:11,9220.5,6788.69
2022-07-24 20:45:10,9222.34,6786.85
2022-07-24 20:45:09,9222.41,6786.78
2022-07-24 20:45:08,9221.62,6787.57
2022-07-24 20:45:07,9266.34,6742.84
2022-07-24 20:45:06,9253.38,6755.81
2022-07-24 20:45:05,9254.23,6754.96
2022-07-24 20:45:04,9302.91,6706.28
2022-07-24 20:45:03,9308.97,6700.22
2022-07-24 20:45:02,9310.42,6698.77
2022-07-24 20:45:01,9392.04,6617.14
2022-07-24 20:45:00,9456.38,6552.8
2022-07-24 20:44:59,9496.65,6512.54
2022-07-24 20:44:58,9679.72,6329.47
2022-07-24 20:44:57,10133.8,5875.4
2022-07-24 20:44:56,10258.5,5750.65
2022-07-24 20:44:55,10464.9,5544.29
2022-07-24 20:44:54,10589,5420.16
2022-07-24 20:44:53,10819.6,5189.55
2022-07-24 20:44:52,11197.9,4811.32
2022-07-24 20:44:51,11386.2,4623.03
2022-07-24 20:44:50,10932.4,5076.8
2022-07-24 20:44:49,11053.2,4955.98
2022-07-24 20:44:48,10545.5,5463.65
2022-07-24 20:44:47,10154.1,5855.07
2022-07-24 20:44:46,9597.19,6412
2022-07-24 20:44:45,9611.41,6397.78
2022-07-24 20:44:44,9003.77,7005.42
2022-07-24 20:44:43,9004.57,7004.61
2022-07-24 20:44:42,9003.79,7005.4
2022-07-24 20:44:41,9004.04,7005.14
2022-07-24 20:44:40,9004.03,7005.16
2022-07-24 20:44:39,9004.38,7004.8
2022-07-24 20:44:38,9004.46,7004.73
2022-07-24 20:44:37,9005.68,7003.51
2022-07-24 20:44:36,9003.88,7005.31
2022-07-24 20:44:35,9004.85,7004.34
2022-07-24 20:44:34,9002.4,7006.79
2022-07-24 20:44:33,9003.68,7005.51
2022-07-24 20:44:32,9005.21,7003.98
2022-07-24 20:44:31,9008.72,7000.47
2022-07-24 20:44:30,9009.05,7000.14
2022-07-24 20:44:29,9010.45,6998.74
2022-07-24 20:44:28,9010.49,6998.7
2022-07-24 20:44:27,9041.93,6967.26
2022-07-24 20:44:26,9104.12,6905.06
2022-07-24 20:44:25,9108.43,6900.76
2022-07-24 20:44:24,9196.2,6812.98
2022-07-24 20:44:23,9484.89,6524.29
2022-07-24 20:44:22,9608.04,6401.15
2022-07-24 20:44:21,9667.01,6342.18
2022-07-24 20:44:20,9945.37,6063.82
2022-07-24 20:44:19,10098.1,5911.13
2022-07-24 20:44:18,10340.8,5668.36
2022-07-24 20:44:17,10740.7,5268.51
2022-07-24 20:44:16,10879,5130.19
2022-07-24 20:44:15,10497.9,5511.27
2022-07-24 20:44:14,10872.7,5136.47
2022-07-24 20:44:13,11022.1,4987.08
2022-07-24 20:44:12,11150.9,4858.3
2022-07-24 20:44:11,10667.8,5341.38
2022-07-24 20:44:10,10762.1,5247.07
2022-07-24 20:44:09,9833.27,6175.92
2022-07-24 20:44:08,9212.78,6796.4
2022-07-24 20:44:07,9220.79,6788.4
2022-07-24 20:44:06,9221.24,6787.95
2022-07-24 20:44:05,9222.4,6786.78
2022-07-24 20:44:04,9230.5,6778.69
2022-07-24 20:44:03,9233.87,6775.32
2022-07-24 20:44:02,9233.62,6775.56
2022-07-24 20:44:01,9243.03,6766.16
2022-07-24 20:44:00,9245.03,6764.16
2022-07-24 20:43:59,9244.74,6764.45
2022-07-24 20:43:58,9253.68,6755.51
2022-07-24 20:43:57,9252.96,6756.23
2022-07-24 20:43:56,9254.73,6754.46
2022-07-24 20:43:55,9270.18,6739.01
2022-07-24 20:43:54,9281.78,6727.41
2022-07-24 20:43:53,9318.36,6690.82
2022-07-24 20:43:52,9320.43,6688.75
2022-07-24 20:43:51,9348.22,6660.96
2022-07-24 20:43:50,9409.32,6599.87
2022-07-24 20:43:49,9410.56,6598.63
2022-07-24 20:43:48,9449.19,6560
2022-07-24 20:43:47,9502.62,6506.57
2022-07-24 20:43:46,9571.46,6437.73
2022-07-24 20:43:45,9747.48,6261.71
2022-07-24 20:43:44,9823.66,6185.53
2022-07-24 20:43:43,10192.2,5817.04
2022-07-24 20:43:42,10298,5711.15
2022-07-24 20:43:41,10553.1,5456.14
2022-07-24 20:43:40,10768,5241.21
2022-07-24 20:43:39,10913.2,5095.99
2022-07-24 20:43:38,11302.7,4706.48
2022-07-24 20:43:37,11458.2,4550.95
2022-07-24 20:43:36,11568.4,4440.77
2022-07-24 20:43:35,11240.6,4768.61
2022-07-24 20:43:34,10866.2,5143.03
2022-07-24 20:43:33,10317.3,5691.86
2022-07-24 20:43:32,9324.94,6684.25
2022-07-24 20:43:31,9327.13,6682.06
2022-07-24 20:43:30,9329.8,6679.38
2022-07-24 20:43:29,9330.18,6679.01
2022-07-24 20:43:28,9329.46,6679.73
2022-07-24 20:43:27,9338.12,6671.07
2022-07-24 20:43:26,9340.42,6668.77
2022-07-24 20:43:25,9341.78,6667.4
2022-07-24 20:43:24,9338.11,6671.08
2022-07-24 20:43:23,9355.87,6653.31
2022-07-24 20:43:22,9355.88,6653.31
2022-07-24 20:43:21,9355.64,6653.55
2022-07-24 20:43:20,9357.27,6651.91
2022-07-24 20:43:19,9396.41,6612.78
2022-07-24 20:43:18,9400.91,6608.28
2022-07-24 20:43:17,9400.48,6608.71
2022-07-24 20:43:16,9463.06,6546.13
2022-07-24 20:43:15,9464.13,6545.06
2022-07-24 20:43:14,9464.13,6545.06
2022-07-24 20:43:13,9509.27,6499.91
2022-07-24 20:43:12,9545.16,6464.02
2022-07-24 20:43:11,9546.98,6462.21
2022-07-24 20:43:10,9639.21,6369.98
2022-07-24 20:43:09,9718.55,6290.63
2022-07-24 20:43:08,9828.09,6181.09
2022-07-24 20:43:07,10021.1,5988.13
2022-07-24 20:43:06,10211.1,5798.12
2022-07-24 20:43:05,10425.5,5583.73
2022-07-24 20:43:04,10819.3,5189.92
2022-07-24 20:43:03,10964.5,5044.67
2022-07-24 20:43:02,11100.6,4908.58
2022-07-24 20:43:01,11214.1,4795.05
2022-07-24 20:43:00,11469.2,4539.95
2022-07-24 20:42:59,11628.1,4381.14
2022-07-24 20:42:58,11136.6,4872.54
2022-07-24 20:42:57,10632.6,5376.6
2022-07-24 20:42:56,9455.12,6554.07
2022-07-24 20:42:55,9477.53,6531.66
2022-07-24 20:42:54,8851.1,7158.09
2022-07-24 20:42:53,8850.39,7158.8
2022-07-24 20:42:52,8848.51,7160.68
2022-07-24 20:42:51,8850.93,7158.26
2022-07-24 20:42:50,8848.9,7160.29
2022-07-24 20:42:49,8849.38,7159.81
2022-07-24 20:42:48,8847.09,7162.09
2022-07-24 20:42:47,8848.75,7160.43
2022-07-24 20:42:46,8846.73,7162.45
2022-07-24 20:42:45,8846.77,7162.42
2022-07-24 20:42:44,8846.12,7163.07
2022-07-24 20:42:43,8845.47,7163.72
2022-07-24 20:42:42,8848,7161.19
2022-07-24 20:42:41,8845.13,7164.06
2022-07-24 20:42:40,8846.28,7162.91
2022-07-24 20:42:39,8845.46,7163.73
2022-07-24 20:42:38,8846.37,7162.82
2022-07-24 20:42:37,8846.94,7162.25
2022-07-24 20:42:36,8850,7159.19
2022-07-24 20:42:35,8845.71,7163.47
2022-07-24 20:42:34,8848.78,7160.41
2022-07-24 20:42:33,8859.88,7149.3
2022-07-24 20:42:32,8958.25,7050.94
2022-07-24 20:42:31,9054.27,6954.92
2022-07-24 20:42:30,9149.09,6860.1
2022-07-24 20:42:29,9494.78,6514.41
2022-07-24 20:42:28,10111.7,5897.45
2022-07-24 20:42:27,10526,5483.15
2022-07-24 20:42:26,10720.6,5288.63
2022-07-24 20:42:25,11065.6,4943.57
2022-07-24 20:42:24,11242.8,4766.37
2022-07-24 20:42:23,11379.3,4629.86
2022-07-24 20:42:22,11560.7,4448.51
2022-07-24 20:42:21,11725.7,4283.46
2022-07-24 20:42:20,11384.4,4624.8
2022-07-24 20:42:19,9593.99,6415.2
2022-07-24 20:42:18,8983.61,7025.58
2022-07-24 20:42:17,8985.06,7024.13
2022-07-24 20:42:16,8984.06,7025.13
2022-07-24 20:42:15,8983.62,7025.57
2022-07-24 20:42:14,8983.79,7025.4
2022-07-24 20:42:13,8983.89,7025.29
2022-07-24 20:42:12,8984.03,7025.15
2022-07-24 20:42:11,8984.58,7024.61
2022-07-24 20:42:10,8984.35,7024.84
2022-07-24 20:42:09,8984.44,7024.75
2022-07-24 20:42:08,8977.24,7031.95
2022-07-24 20:42:07,8985.32,7023.87
2022-07-24 20:42:06,8984.25,7024.94
2022-07-24 20:42:05,8986.74,7022.44
2022-07-24 20:42:04,8986.57,7022.62
2022-07-24 20:42:03,9006.73,7002.46
2022-07-24 20:42:02,9006.06,7003.13
2022-07-24 20:42:01,9007.14,7002.05
2022-07-24 20:42:00,9033.69,6975.5
2022-07-24 20:41:59,9031.22,6977.96
2022-07-24 20:41:58,9024.59,6984.6
2022-07-24 20:41:57,9050.83,6958.36
2022-07-24 20:41:56,9061.12,6948.07
2022-07-24 20:41:55,9099.98,6909.2
2022-07-24 20:41:54,9221.87,6787.32
2022-07-24 20:41:53,9281,6728.18
2022-07-24 20:41:52,9762.93,6246.25
2022-07-24 20:41:51,10143.8,5865.35
2022-07-24 20:41:50,10312.3,5696.92
2022-07-24 20:41:49,10836.1,5173.13
2022-07-24 20:41:48,11056.8,4952.39
2022-07-24 20:41:47,11229.6,4779.62
2022-07-24 20:41:46,11376.8,4632.34
2022-07-24 20:41:45,11541,4468.17
2022-07-24 20:41:44,11681.7,4327.5
2022-07-24 20:41:43,11876.2,4133
2022-07-24 20:41:42,9748.5,6260.68
2022-07-24 20:41:41,9242.4,6766.79
2022-07-24 20:41:40,9244.22,6764.96
2022-07-24 20:41:39,9245.39,6763.8
2022-07-24 20:41:38,9254.64,6754.54
2022-07-24 20:41:37,9255.99,6753.2
2022-07-24 20:41:36,9258.56,6750.63
2022-07-24 20:41:35,9257.41,6751.78
2022-07-24 20:41:34,9272.85,6736.34
2022-07-24 20:41:33,9274.48,6734.71
2022-07-24 20:41:32,9274.86,6734.32
2022-07-24 20:41:31,9303.73,6705.45
2022-07-24 20:41:30,9308.5,6700.69
2022-07-24 20:41:29,9310.58,6698.61
2022-07-24 20:41:28,9320.77,6688.42
2022-07-24 20:41:27,9358.23,6650.96
2022-07-24 20:41:26,9356.57,6652.62
2022-07-24 20:41:25,9371.27,6637.91
2022-07-24 20:41:24,9393.4,6615.79
2022-07-24 20:41:23,9407.39,6601.8
2022-07-24 20:41:22,9420.36,6588.83
2022-07-24 20:41:21,9446.12,6563.07
2022-07-24 20:41:20,9465.61,6543.58
2022-07-24 20:41:19,9490.89,6518.29
2022-07-24 20:41:18,9569.63,6439.56
2022-07-24 20:41:17,9647.39,6361.79
2022-07-24 20:41:16,9936.32,6072.87
2022-07-24 20:41:15,10061.1,5948.05
2022-07-24 20:41:14,10585.4,5423.79
2022-07-24 20:41:13,10685.2,5323.98
2022-07-24 20:41:12,10826.6,5182.58
2022-07-24 20:41:11,11146.9,4862.27
2022-07-24 20:41:10,11319.8,4689.41
2022-07-24 20:41:09,11412.3,4596.91
2022-07-24 20:41:08,11561.5,4447.65
2022-07-24 20:41:07,11078.7,4930.45
2022-07-24 20:41:06,10073.9,5935.33
2022-07-24 20:41:05,10157.4,5851.74
2022-07-24 20:41:04,9577.93,6431.25
2022-07-24 20:41:03,8944.64,7064.55
2022-07-24 20:41:02,8943.71,7065.48
2022-07-24 20:41:01,8942.46,7066.73
2022-07-24 20:41:00,8943.01,7066.18
2022-07-24 20:40:59,8944.49,7064.7
2022-07-24 20:40:58,8944.31,7064.88
2022-07-24 20:40:57,8945.44,7063.75
2022-07-24 20:40:56,8945.73,7063.46
2022-07-24 20:40:55,8945.15,7064.04
2022-07-24 20:40:54,8945.74,7063.45
2022-07-24 20:40:53,8946.46,7062.73
2022-07-24 20:40:52,8964.48,7044.71
2022-07-24 20:40:51,8963.99,7045.2
2022-07-24 20:40:50,8965.51,7043.68
2022-07-24 20:40:49,8965.44,7043.75
2022-07-24 20:40:48,8982.62,7026.57
2022-07-24 20:40:47,8983.37,7025.82
2022-07-24 20:40:46,8985.72,7023.47
2022-07-24 20:40:45,9006.17,7003.02
2022-07-24 20:40:44,9007.55,7001.63
2022-07-24 20:40:43,9024.58,6984.61
2022-07-24 20:40:42,9076.88,6932.3
2022-07-24 20:40:41,9145.35,6863.84
2022-07-24 20:40:40,9478.38,6530.81
2022-07-24 20:40:39,9812.36,6196.82
2022-07-24 20:40:38,9986.23,6022.96
2022-07-24 20:40:37,10234.1,5775.09
2022-07-24 20:40:36,10513.7,5495.47
2022-07-24 20:40:35,10734,5275.14
2022-07-24 20:40:34,11063.6,4945.59
2022-07-24 20:40:33,11316.7,4692.46
2022-07-24 20:40:32,11490.2,4518.98
2022-07-24 20:40:31,11105.1,4904.09
2022-07-24 20:40:30,11225.1,4784.05
2022-07-24 20:40:29,10740.5,5268.65
2022-07-24 20:40:28,9836.32,6172.87
2022-07-24 20:40:27,9221.32,6787.87
2022-07-24 20:40:26,9222.41,6786.78
2022-07-24 20:40:25,9223.03,6786.16
2022-07-24 20:40:24,9224.45,6784.73
2022-07-24 20:40:23,9227.89,6781.3
2022-07-24 20:40:22,9227.88,6781.3
2022-07-24 20:40:21,9229.01,6780.18
2022-07-24 20:40:20,9238.19,6771
2022-07-24 20:40:19,9238.35,6770.84
2022-07-24 20:40:18,9240.5,6768.69
2022-07-24 20:40:17,9242.79,6766.39
2022-07-24 20:40:16,9254.86,6754.33
2022-07-24 20:40:15,9256.03,6753.16
2022-07-24 20:40:14,9257.33,6751.86
2022-07-24 20:40:13,9286.3,6722.88
2022-07-24 20:40:12,9312.69,6696.5
2022-07-24 20:40:11,9315.73,6693.45
2022-07-24 20:40:10,9331.4,6677.79
2022-07-24 20:40:09,9392.28,6616.91
2022-07-24 20:40:08,9399.21,6609.98
2022-07-24 20:40:07,9419.89,6589.3
2022-07-24 20:40:06,9460.66,6548.53
2022-07-24 20:40:05,9524.5,6484.69
2022-07-24 20:40:04,9613.84,6395.35
2022-07-24 20:40:03,9813.63,6195.56
2022-07-24 20:40:02,10088.1,5921.1
2022-07-24 20:40:01,10267.5,5741.65
2022-07-24 20:40:00,10479.7,5529.47
2022-07-24 20:39:59,10639.4,5369.81
2022-07-24 20:39:58,10849.2,5159.95
2022-07-24 20:39:57,10973,5036.22
2022-07-24 20:39:56,11370.2,4638.95
2022-07-24 20:39:55,11043.2,4965.97
2022-07-24 20:39:54,11157.9,4851.25
2022-07-24 20:39:53,10798,5211.22
2022-07-24 20:39:52,10252,5757.2
2022-07-24 20:39:51,9806.31,6202.88
2022-07-24 20:39:50,9849.09,6160.1
2022-07-24 20:39:49,9337.22,6671.97
2022-07-24 20:39:48,9338.46,6670.73
2022-07-24 20:39:47,9347.09,6662.1
2022-07-24 20:39:46,9347.54,6661.65
2022-07-24 20:39:45,9352.68,6656.51
2022-07-24 20:39:44,9371.59,6637.59
2022-07-24 20:39:43,9371.79,6637.4
2022-07-24 20:39:42,9373.55,6635.64
2022-07-24 20:39:41,9389.66,6619.52
2022-07-24 20:39:40,9399.61,6609.58
2022-07-24 20:39:39,9402.44,6606.75
2022-07-24 20:39:38,9419.21,6589.98
2022-07-24 20:39:37,9434.25,6574.94
2022-07-24 20:39:36,9436.91,6572.27
2022-07-24 20:39:35,9437.69,6571.5
2022-07-24 20:39:34,9499.64,6509.55
2022-07-24 20:39:33,9499.88,6509.3
2022-07-24 20:39:32,9501.82,6507.36
2022-07-24 20:39:31,9543.23,6465.95
2022-07-24 20:39:30,9602.18,6407.01
2022-07-24 20:39:29,9611.79,6397.39
2022-07-24 20:39:28,9700.93,6308.26
2022-07-24 20:39:27,9824.89,6184.3
2022-07-24 20:39:26,9963.35,6045.84
2022-07-24 20:39:25,10221.1,5788.06
2022-07-24 20:39:24,10552.4,5456.76
2022-07-24 20:39:23,10673.6,5335.6
2022-07-24 20:39:22,10963,5046.21
2022-07-24 20:39:21,11078.6,4930.59
2022-07-24 20:39:20,11296.9,4712.32
2022-07-24 20:39:19,11475.9,4533.31
2022-07-24 20:39:18,11617,4392.14
2022-07-24 20:39:17,10618.2,5391.02
2022-07-24 20:39:16,10211.8,5797.41
2022-07-24 20:39:15,10281.3,5727.9
2022-07-24 20:39:14,9791.6,6217.59
2022-07-24 20:39:13,9161.45,6847.74
2022-07-24 20:39:12,9170.7,6838.49
2022-07-24 20:39:11,9170.76,6838.43
2022-07-24 20:39:10,9171.18,6838
2022-07-24 20:39:09,9172.43,6836.76
2022-07-24 20:39:08,9180.21,6828.97
2022-07-24 20:39:07,9183.76,6825.43
2022-07-24 20:39:06,9183.34,6825.85
2022-07-24 20:39:05,9196.05,6813.14
2022-07-24 20:39:04,9196.28,6812.91
2022-07-24 20:39:03,9210.66,6798.52
2022-07-24 20:39:02,9210.84,6798.35
2022-07-24 20:39:01,9228.99,6780.2
2022-07-24 20:39:00,9251.37,6757.82
2022-07-24 20:38:59,9273.39,6735.8
2022-07-24 20:38:58,9288.93,6720.26
2022-07-24 20:38:57,9290.39,6718.8
2022-07-24 20:38:56,9351.71,6657.48
2022-07-24 20:38:55,9357.88,6651.31
2022-07-24 20:38:54,9361.67,6647.52
2022-07-24 20:38:53,9476.54,6532.64
2022-07-24 20:38:52,9483.5,6525.69
2022-07-24 20:38:51,9499.53,6509.66
2022-07-24 20:38:50,9906.22,6102.97
2022-07-24 20:38:49,9984.09,6025.1
2022-07-24 20:38:48,10298.3,5710.85
2022-07-24 20:38:47,10481.3,5527.86
2022-07-24 20:38:46,10602.4,5406.8
2022-07-24 20:38:45,10778.8,5230.41
2022-07-24 20:38:44,10916.6,5092.63
2022-07-24 20:38:43,11279.3,4729.91
2022-07-24 20:38:42,11470.9,4538.32
2022-07-24 20:38:41,11154.2,4854.99
2022-07-24 20:38:40,11282.2,4726.98
2022-07-24 20:38:39,10344.3,5664.87
2022-07-24 20:38:38,9780.66,6228.53
2022-07-24 20:38:37,9299.8,6709.39
2022-07-24 20:38:36,9301.34,6707.85
2022-07-24 20:38:35,9301.93,6707.26
2022-07-24 20:38:34,9303.79,6705.4
2022-07-24 20:38:33,9315.5,6693.68
2022-07-24 20:38:32,9314.91,6694.28
2022-07-24 20:38:31,9319.83,6689.36
2022-07-24 20:38:30,9321.52,6687.67
2022-07-24 20:38:29,9335.6,6673.59
2022-07-24 20:38:28,9337.71,6671.48
2022-07-24 20:38:27,9337.11,6672.08
2022-07-24 20:38:26,9353.89,6655.3
2022-07-24 20:38:25,9367.97,6641.21
2022-07-24 20:38:24,9390.03,6619.15
2022-07-24 20:38:23,9409.84,6599.35
2022-07-24 20:38:22,9427.14,6582.05
2022-07-24 20:38:21,9456.18,6553
2022-07-24 20:38:20,9497.04,6512.14
2022-07-24 20:38:19,9519.71,6489.48
2022-07-24 20:38:18,9561.55,6447.63
2022-07-24 20:38:17,9604.17,6405.02
2022-07-24 20:38:16,9638.75,6370.44
2022-07-24 20:38:15,9698.83,6310.36
2022-07-24 20:38:14,9751.42,6257.77
2022-07-24 20:38:13,9968.43,6040.76
2022-07-24 20:38:12,10178,5831.18
2022-07-24 20:38:11,10363.6,5645.63
2022-07-24 20:38:10,10515.6,5493.63
2022-07-24 20:38:09,10635.7,5373.51
2022-07-24 20:38:08,10802.6,5206.61
2022-07-24 20:38:07,10959.6,5049.6
2022-07-24 20:38:06,11323.2,4685.97
2022-07-24 20:38:05,11533.3,4475.92
2022-07-24 20:38:04,11068.7,4940.49
2022-07-24 20:38:03,10019.3,5989.86
2022-07-24 20:38:02,10109.5,5899.66
2022-07-24 20:38:01,9886.23,6122.95
2022-07-24 20:38:00,9683.44,6325.75
2022-07-24 20:37:59,9056.23,6952.96
2022-07-24 20:37:58,9057.94,6951.25
2022-07-24 20:37:57,9059.33,6949.86
2022-07-24 20:37:56,9059.89,6949.29
2022-07-24 20:37:55,9058.14,6951.05
2022-07-24 20:37:54,9061.22,6947.97
2022-07-24 20:37:53,9060.28,6948.91
2022-07-24 20:37:52,9060.78,6948.41
2022-07-24 20:37:51,9062.11,6947.07
2022-07-24 20:37:50,9080.73,6928.46
2022-07-24 20:37:49,9082.13,6927.06
2022-07-24 20:37:48,9082.16,6927.03
2022-07-24 20:37:47,9082.29,6926.9
2022-07-24 20:37:46,9104.04,6905.15
2022-07-24 20:37:45,9106.48,6902.71
2022-07-24 20:37:44,9106.57,6902.62
2022-07-24 20:37:43,9114.66,6894.53
2022-07-24 20:37:42,9123.88,6885.31
2022-07-24 20:37:41,9127.69,6881.5
2022-07-24 20:37:40,9153.04,6856.15
2022-07-24 20:37:39,9167.13,6842.05
2022-07-24 20:37:38,9343.9,6665.29
2022-07-24 20:37:37,9359.1,6650.09
2022-07-24 20:37:36,9783.45,6225.74
2022-07-24 20:37:35,10166,5843.21
2022-07-24 20:37:34,10353,5656.23
2022-07-24 20:37:33,10547.1,5462.05
2022-07-24 20:37:32,10636.6,5372.61
2022-07-24 20:37:31,10753.3,5255.86
2022-07-24 20:37:30,11018.9,4990.31
2022-07-24 20:37:29,11409.2,4600.01
2022-07-24 20:37:28,11632.9,4376.33
2022-07-24 20:37:27,10171.4,5837.77
2022-07-24 20:37:26,10089.3,5919.89
2022-07-24 20:37:25,10180.5,5828.72
2022-07-24 20:37:24,10236.8,5772.34
2022-07-24 20:37:23,9121.52,6887.67
2022-07-24 20:37:22,9123.59,6885.6
2022-07-24 20:37:21,9124.22,6884.97
2022-07-24 20:37:20,9125.55,6883.64
2022-07-24 20:37:19,9127.53,6881.65
2022-07-24 20:37:18,9128,6881.19
2022-07-24 20:37:17,9127.45,6881.74
2022-07-24 20:37:16,9130.99,6878.2
2022-07-24 20:37:15,9133.63,6875.56
2022-07-24 20:37:14,9133.66,6875.52
2022-07-24 20:37:13,9149.49,6859.7
2022-07-24 20:37:12,9150.79,6858.39
2022-07-24 20:37:11,9151.52,6857.67
2022-07-24 20:37:10,9150.67,6858.52
2022-07-24 20:37:09,9168.38,6840.8
2022-07-24 20:37:08,9176.86,6832.32
2022-07-24 20:37:07,9180.53,6828.66
2022-07-24 20:37:06,9202.14,6807.05
2022-07-24 20:37:05,9203.58,6805.61
2022-07-24 20:37:04,9258.29,6750.89
2022-07-24 20:37:03,9257.19,6752
2022-07-24 20:37:02,9305.36,6703.83
2022-07-24 20:37:01,9415.15,6594.04
2022-07-24 20:37:00,9536.68,6472.51
2022-07-24 20:36:59,9941.96,6067.23
2022-07-24 20:36:58,10070.2,5938.98
2022-07-24 20:36:57,10427,5582.15
2022-07-24 20:36:56,10548.4,5460.83
2022-07-24 20:36:55,10693.2,5316
2022-07-24 20:36:54,10916.8,5092.34
2022-07-24 20:36:53,11070.9,4938.29
2022-07-24 20:36:52,11494,4515.22
2022-07-24 20:36:51,10673.6,5335.64
2022-07-24 20:36:50,10749.4,5259.79
2022-07-24 20:36:49,10332.5,5676.69
2022-07-24 20:36:48,10437.3,5571.88
2022-07-24 20:36:47,9863.87,6145.32
2022-07-24 20:36:46,9360.37,6648.81
2022-07-24 20:36:45,9370.16,6639.02
2022-07-24 20:36:44,9370.05,6639.13
2022-07-24 20:36:43,9371.05,6638.14
2022-07-24 20:36:42,9379.71,6629.47
2022-07-24 20:36:41,9380.67,6628.52
2022-07-24 20:36:40,9382.16,6627.03
2022-07-24 20:36:39,9394.88,6614.3
2022-07-24 20:36:38,9397.16,6612.03
2022-07-24 20:36:37,9403.25,6605.94
2022-07-24 20:36:36,9420.51,6588.68
2022-07-24 20:36:35,9424.64,6584.55
2022-07-24 20:36:34,9444.55,6564.64
2022-07-24 20:36:33,9457.6,6551.59
2022-07-24 20:36:32,9482.06,6527.13
2022-07-24 20:36:31,9516.38,6492.81
2022-07-24 20:36:30,9534.08,6475.11
2022-07-24 20:36:29,9558.43,6450.76
2022-07-24 20:36:28,9611.32,6397.87
2022-07-24 20:36:27,9640.77,6368.42
2022-07-24 20:36:26,9662.16,6347.02
2022-07-24 20:36:25,9738.29,6270.9
2022-07-24 20:36:24,9808.98,6200.21
2022-07-24 20:36:23,9984.62,6024.57
2022-07-24 20:36:22,10318.3,5690.93
2022-07-24 20:36:21,10435.7,5573.49
2022-07-24 20:36:20,10555,5454.14
2022-07-24 20:36:19,10656.8,5352.37
2022-07-24 20:36:18,10715.4,5293.78
2022-07-24 20:36:17,11147.4,4861.8
2022-07-24 20:36:16,11339.2,4670.03
2022-07-24 20:36:15,10638.4,5370.74
2022-07-24 20:36:14,10071.7,5937.51
2022-07-24 20:36:13,10131,5878.16
2022-07-24 20:36:12,10202.4,5806.75
2022-07-24 20:36:11,10071.3,5937.89
2022-07-24 20:36:10,9704.29,6304.9
2022-07-24 20:36:09,9726.94,6282.25
2022-07-24 20:36:08,9208.95,6800.23
2022-07-24 20:36:07,9212.96,6796.22
2022-07-24 20:36:06,9213.32,6795.87
2022-07-24 20:36:05,9214.54,6794.65
2022-07-24 20:36:04,9218.23,6790.96
2022-07-24 20:36:03,9219.22,6789.97
2022-07-24 20:36:02,9234.79,6774.39
2022-07-24 20:36:01,9233.47,6775.71
2022-07-24 20:36:00,9236,6773.19
2022-07-24 20:35:59,9247.09,6762.1
2022-07-24 20:35:58,9272.1,6737.09
2022-07-24 20:35:57,9277.43,6731.76
2022-07-24 20:35:56,9283.13,6726.06
2022-07-24 20:35:55,9298.12,6711.07
2022-07-24 20:35:54,9332.58,6676.61
2022-07-24 20:35:53,9347.12,6662.07
2022-07-24 20:35:52,9346.98,6662.21
2022-07-24 20:35:51,9390.91,6618.27
2022-07-24 20:35:50,9417.63,6591.56
2022-07-24 20:35:49,9459.62,6549.56
2022-07-24 20:35:48,9552.7,6456.48
2022-07-24 20:35:47,9593.09,6416.1
2022-07-24 20:35:46,9909.43,6099.76
2022-07-24 20:35:45,10321.5,5687.72
2022-07-24 20:35:44,10419.2,5589.95
2022-07-24 20:35:43,10529.8,5479.37
2022-07-24 20:35:42,10884.6,5124.56
2022-07-24 20:35:41,11024.1,4985.07
2022-07-24 20:35:40,11222.3,4786.84
2022-07-24 20:35:39,11381.6,4627.58
2022-07-24 20:35:38,10982.8,5026.39
2022-07-24 20:35:37,10628.2,5380.94
2022-07-24 20:35:36,10199.6,5809.58
2022-07-24 20:35:35,9621.67,6387.52
2022-07-24 20:35:34,9668.36,6340.82
2022-07-24 20:35:33,9713.75,6295.43
2022-07-24 20:35:32,9734.51,6274.68
2022-07-24 20:35:31,9231.37,6777.82
2022-07-24 20:35:30,9232.63,6776.56
2022-07-24 20:35:29,9233.35,6775.84
2022-07-24 20:35:28,9237.2,6771.99
2022-07-24 20:35:27,9236.92,6772.27
2022-07-24 20:35:26,9237.92,6771.27
2022-07-24 20:35:25,9238.71,6770.48
2022-07-24 20:35:24,9236.47,6772.72
2022-07-24 20:35:23,9236.22,6772.97
2022-07-24 20:35:22,9238.39,6770.8
2022-07-24 20:35:21,9239.06,6770.13
2022-07-24 20:35:20,9239.64,6769.54
2022-07-24 20:35:19,9253.77,6755.42
2022-07-24 20:35:18,9260.25,6748.93
2022-07-24 20:35:17,9284.67,6724.52
2022-07-24 20:35:16,9286.36,6722.83
2022-07-24 20:35:15,9330.18,6679.01
2022-07-24 20:35:14,9334.58,6674.61
2022-07-24 20:35:13,9379.14,6630.05
2022-07-24 20:35:12,9471.47,6537.72
2022-07-24 20:35:11,9488.49,6520.7
2022-07-24 20:35:10,9662.13,6347.05
2022-07-24 20:35:09,10049.8,5959.37
2022-07-24 20:35:08,10232.8,5776.41
2022-07-24 20:35:07,10480.6,5528.64
2022-07-24 20:35:06,10783.9,5225.32
2022-07-24 20:35:05,10917,5092.21
2022-07-24 20:35:04,11075.6,4933.59
2022-07-24 20:35:03,11220,4789.2
2022-07-24 20:35:02,11102.2,4906.99
2022-07-24 20:35:01,10495.3,5513.89
2022-07-24 20:35:00,10193.4,5815.74
2022-07-24 20:34:59,10271.7,5737.46
2022-07-24 20:34:58,9697.77,6311.41
2022-07-24 20:34:57,9714.57,6294.62
2022-07-24 20:34:56,9763.73,6245.46
2022-07-24 20:34:55,9817.77,6191.42
2022-07-24 20:34:54,9311.09,6698.09
2022-07-24 20:34:53,9314.73,6694.46
2022-07-24 20:34:52,9316.91,6692.28
2022-07-24 20:34:51,9318.51,6690.68
2022-07-24 20:34:50,9319.8,6689.39
2022-07-24 20:34:49,9333,6676.19
2022-07-24 20:34:48,9334.92,6674.27
2022-07-24 20:34:47,9337.8,6671.39
2022-07-24 20:34:46,9339.34,6669.84
2022-07-24 20:34:45,9383.22,6625.96
2022-07-24 20:34:44,9384.26,6624.93
2022-07-24 20:34:43,9385.23,6623.96
2022-07-24 20:34:42,9422.43,6586.76
2022-07-24 20:34:41,9460.29,6548.89
2022-07-24 20:34:40,9460.07,6549.12
2022-07-24 20:34:39,9509.09,6500.09
2022-07-24 20:34:38,9535.62,6473.56
2022-07-24 20:34:37,9549,6460.19
2022-07-24 20:34:36,9624.29,6384.9
2022-07-24 20:34:35,9686.7,6322.48
2022-07-24 20:34:34,9730.25,6278.93
2022-07-24 20:34:33,10025.1,5984.1
2022-07-24 20:34:32,10232.2,5777.04
2022-07-24 20:34:31,10411.9,5597.32
2022-07-24 20:34:30,10536.5,5472.71
2022-07-24 20:34:29,10889.2,5119.99
2022-07-24 20:34:28,11056.8,4952.42
2022-07-24 20:34:27,11193.7,4815.53
2022-07-24 20:34:26,11336.1,4673.1
2022-07-24 20:34:25,10536.6,5472.59
2022-07-24 20:34:24,10556,5453.21
2022-07-24 20:34:23,9734.68,6274.5
2022-07-24 20:34:22,9763.16,6246.03
2022-07-24 20:34:21,9786.78,6222.41
2022-07-24 20:34:20,9806.56,6202.63
2022-07-24 20:34:19,9854.5,6154.68
2022-07-24 20:34:18,9904.21,6104.98
2022-07-24 20:34:17,9936.41,6072.78
2022-07-24 20:34:16,9456.3,6552.89
2022-07-24 20:34:15,9459.32,6549.86
2022-07-24 20:34:14,9461.69,6547.5
2022-07-24 20:34:13,9472.33,6536.86
2022-07-24 20:34:12,9487.11,6522.08
2022-07-24 20:34:11,9488.25,6520.94
2022-07-24 20:34:10,9493.39,6515.79
2022-07-24 20:34:09,9508.57,6500.62
2022-07-24 20:34:08,9528.53,6480.66
2022-07-24 20:34:07,9530.77,6478.41
2022-07-24 20:34:06,9548.57,6460.62
2022-07-24 20:34:05,9567.46,6441.73
2022-07-24 20:34:04,9583.04,6426.15
2022-07-24 20:34:03,9597.23,6411.96
2022-07-24 20:34:02,9638.64,6370.55
2022-07-24 20:34:01,9660.81,6348.38
2022-07-24 20:34:00,9721.21,6287.98
2022-07-24 20:33:59,9777.86,6231.32
2022-07-24 20:33:58,9760.93,6248.26
2022-07-24 20:33:57,9919.11,6090.08
2022-07-24 20:33:56,9968,6041.18
2022-07-24 20:33:55,10293.8,5715.39
2022-07-24 20:33:54,10560.8,5448.37
2022-07-24 20:33:53,10682,5327.19
2022-07-24 20:33:52,10767.3,5241.86
2022-07-24 20:33:51,10859.4,5149.81
2022-07-24 20:33:50,11096.1,4913.07
2022-07-24 20:33:49,11279.5,4729.66
2022-07-24 20:33:48,11426,4583.21
2022-07-24 20:33:47,11015.8,4993.38
2022-07-24 20:33:46,9967.01,6042.18
2022-07-24 20:33:45,10065.6,5943.56
2022-07-24 20:33:44,9479.14,6530.05
2022-07-24 20:33:43,9503.12,6506.07
2022-07-24 20:33:42,9547.98,6461.21
2022-07-24 20:33:41,9595.85,6413.34
2022-07-24 20:33:40,9092.98,6916.21
2022-07-24 20:33:39,9092.7,6916.49
2022-07-24 20:33:38,9096.07,6913.12
2022-07-24 20:33:37,9095.82,6913.37
2022-07-24 20:33:36,9096.54,6912.64
2022-07-24 20:33:35,9100.03,6909.16
2022-07-24 20:33:34,9098.89,6910.3
2022-07-24 20:33:33,9109.66,6899.53
2022-07-24 20:33:32,9110.16,6899.03
2022-07-24 20:33:31,9111.1,6898.09
2022-07-24 20:33:30,9113.1,6896.09
2022-07-24 20:33:29,9133.24,6875.95
2022-07-24 20:33:28,9133.91,6875.28
2022-07-24 20:33:27,9135.72,6873.47
2022-07-24 20:33:26,9157.87,6851.31
2022-07-24 20:33:25,9147.21,6861.97
2022-07-24 20:33:24,9150.34,6858.84
2022-07-24 20:33:23,9183.41,6825.78
2022-07-24 20:33:22,9184.38,6824.8
2022-07-24 20:33:21,9231.68,6777.51
2022-07-24 20:33:20,9329.1,6680.09
2022-07-24 20:33:19,9384.31,6624.88
2022-07-24 20:33:18,9825.89,6183.3
2022-07-24 20:33:17,10248.9,5760.27
2022-07-24 20:33:16,10569.2,5440.04
2022-07-24 20:33:15,10830.3,5178.93
2022-07-24 20:33:14,10974.7,5034.46
2022-07-24 20:33:13,11046.4,4962.76
2022-07-24 20:33:12,11258.1,4751.1
2022-07-24 20:33:11,11390.5,4618.69
2022-07-24 20:33:10,11568,4441.21
2022-07-24 20:33:09,10054.7,5954.52
2022-07-24 20:33:08,9579.61,6429.58
2022-07-24 20:33:07,9605.48,6403.71
2022-07-24 20:33:06,9649.53,6359.66
2022-07-24 20:33:05,9695.57,6313.62
2022-07-24 20:33:04,9189.33,6819.86
2022-07-24 20:33:03,9191.73,6817.46
2022-07-24 20:33:02,9192.73,6816.45
2022-07-24 20:33:01,9194.78,6814.41
2022-07-24 20:33:00,9198.59,6810.6
2022-07-24 20:32:59,9202.99,6806.2
2022-07-24 20:32:58,9203.67,6805.52
2022-07-24 20:32:57,9203.06,6806.13
2022-07-24 20:32:56,9223.18,6786.01
2022-07-24 20:32:55,9227.1,6782.09
2022-07-24 20:32:54,9228.64,6780.55
2022-07-24 20:32:53,9241.52,6767.66
2022-07-24 20:32:52,9261.88,6747.31
2022-07-24 20:32:51,9262.32,6746.87
2022-07-24 20:32:50,9279.54,6729.65
2022-07-24 20:32:49,9300.45,6708.73
2022-07-24 20:32:48,9303.46,6705.73
2022-07-24 20:32:47,9323.11,6686.07
2022-07-24 20:32:46,9347.35,6661.84
2022-07-24 20:32:45,9388,6621.18
2022-07-24 20:32:44,9435.44,6573.75
2022-07-24 20:32:43,9488.67,6520.52
2022-07-24 20:32:42,9897.35,6111.84
2022-07-24 20:32:41,10138.3,5870.89
2022-07-24 20:32:40,10298,5711.16
2022-07-24 20:32:39,10618.9,5390.3
2022-07-24 20:32:38,10744.9,5264.34
2022-07-24 20:32:37,10991.2,5017.95
2022-07-24 20:32:36,11171.1,4838.12
2022-07-24 20:32:35,11304,4705.22
2022-07-24 20:32:34,11544.9,4464.31
2022-07-24 20:32:33,10991.7,5017.47
2022-07-24 20:32:32,10691.4,5317.83
2022-07-24 20:32:31,10126.8,5882.4
2022-07-24 20:32:30,9660.55,6348.63
2022-07-24 20:32:29,9705.48,6303.71
2022-07-24 20:32:28,9717.74,6291.45
2022-07-24 20:32:27,9209.65,6799.54
2022-07-24 20:32:26,9211.48,6797.7
2022-07-24 20:32:25,9213.03,6796.16
2022-07-24 20:32:24,9213.68,6795.51
2022-07-24 20:32:23,9218.01,6791.18
2022-07-24 20:32:22,9217.11,6792.07
2022-07-24 20:32:21,9218.91,6790.28
2022-07-24 20:32:20,9218.59,6790.6
2022-07-24 20:32:19,9229.66,6779.53
2022-07-24 20:32:18,9230.79,6778.4
2022-07-24 20:32:17,9231.66,6777.52
2022-07-24 20:32:16,9268.11,6741.08
2022-07-24 20:32:15,9274.73,6734.45
2022-07-24 20:32:14,9278.37,6730.82
2022-07-24 20:32:13,9300.05,6709.14
2022-07-24 20:32:12,9301.83,6707.36
2022-07-24 20:32:11,9304.83,6704.36
2022-07-24 20:32:10,9334.64,6674.55
2022-07-24 20:32:09,9359.05,6650.14
2022-07-24 20:32:08,9382.3,6626.89
2022-07-24 20:32:07,9513.28,6495.91
2022-07-24 20:32:06,9578.74,6430.45
2022-07-24 20:32:05,9847.98,6161.2
2022-07-24 20:32:04,10117.3,5891.84
2022-07-24 20:32:03,10562,5447.21
2022-07-24 20:32:02,10663.8,5345.4
2022-07-24 20:32:01,10788.7,5220.49
2022-07-24 20:32:00,11007.2,5001.95
2022-07-24 20:31:59,11163.6,4845.55
2022-07-24 20:31:58,11310.7,4698.47
2022-07-24 20:31:57,11454.2,4555
2022-07-24 20:31:56,10662.9,5346.3
2022-07-24 20:31:55,10772.1,5237.06
2022-07-24 20:31:54,10222,5787.18
2022-07-24 20:31:53,9769.44,6239.75
2022-07-24 20:31:52,9818.9,6190.29
2022-07-24 20:31:51,9861.31,6147.88
2022-07-24 20:31:50,9349.35,6659.84
2022-07-24 20:31:49,9350.73,6658.46
2022-07-24 20:31:48,9353.67,6655.52
2022-07-24 20:31:47,9355.68,6653.5
2022-07-24 20:31:46,9360.48,6648.71
2022-07-24 20:31:45,9362.7,6646.48
2022-07-24 20:31:44,9364.1,6645.09
2022-07-24 20:31:43,9365.95,6643.23
2022-07-24 20:31:42,9382.61,6626.58
2022-07-24 20:31:41,9406.58,6602.61
2022-07-24 20:31:40,9406.42,6602.77
2022-07-24 20:31:39,9450.5,6558.69
2022-07-24 20:31:38,9468.09,6541.09
2022-07-24 20:31:37,9470.08,6539.11
2022-07-24 20:31:36,9504.95,6504.23
2022-07-24 20:31:35,9549.09,6460.09
2022-07-24 20:31:34,9542.83,6466.36
2022-07-24 20:31:33,9581.33,6427.86
2022-07-24 20:31:32,9635.4,6373.79
2022-07-24 20:31:31,9625.69,6383.5
2022-07-24 20:31:30,9752.44,6256.75
2022-07-24 20:31:29,9789.05,6220.14
2022-07-24 20:31:28,10017.4,5991.75
2022-07-24 20:31:27,10242.9,5766.25
2022-07-24 20:31:26,10574,5435.19
2022-07-24 20:31:25,10700.4,5308.77
2022-07-24 20:31:24,10826.7,5182.44
2022-07-24 20:31:23,11083.3,4925.9
2022-07-24 20:31:22,11240.8,4768.37
2022-07-24 20:31:21,11378.1,4631.07
2022-07-24 20:31:20,11654.8,4354.36
2022-07-24 20:31:19,10745.6,5263.6
2022-07-24 20:31:18,10191.8,5817.44
2022-07-24 20:31:17,10266.4,5742.82
2022-07-24 20:31:16,9810.93,6198.26
2022-07-24 20:31:15,9348.32,6660.86
2022-07-24 20:31:14,9350.09,6659.09
2022-07-24 20:31:13,9350.48,6658.7
2022-07-24 20:31:12,9356.6,6652.59
2022-07-24 20:31:11,9356.2,6652.99
2022-07-24 20:31:10,9359.08,6650.11
2022-07-24 20:31:09,9360.6,6648.59
2022-07-24 20:31:08,9374.56,6634.63
2022-07-24 20:31:07,9377.43,6631.76
2022-07-24 20:31:06,9377.11,6632.08
2022-07-24 20:31:05,9390.38,6618.81
2022-07-24 20:31:04,9410.78,6598.41
2022-07-24 20:31:03,9414.69,6594.5
2022-07-24 20:31:02,9416.68,6592.51
2022-07-24 20:31:01,9470.3,6538.89
2022-07-24 20:31:00,9494.49,6514.7
2022-07-24 20:30:59,9495.31,6513.87
2022-07-24 20:30:58,9552.73,6456.45
2022-07-24 20:30:57,9578,6431.19
2022-07-24 20:30:56,9581.34,6427.84
2022-07-24 20:30:55,9648.87,6360.32
2022-07-24 20:30:54,9682.1,6327.09
2022-07-24 20:30:53,9767.36,6241.83
2022-07-24 20:30:52,9856.85,6152.34
2022-07-24 20:30:51,10112.4,5896.82
2022-07-24 20:30:50,10297.6,5711.59
2022-07-24 20:30:49,10614.6,5394.62
2022-07-24 20:30:48,10876,5133.23
2022-07-24 20:30:47,11058.5,4950.7
2022-07-24 20:30:46,11122.6,4886.57
2022-07-24 20:30:45,11275.4,4733.78
2022-07-24 20:30:44,11497.3,4511.86
2022-07-24 20:30:43,11690.2,4318.99
2022-07-24 20:30:42,11319.8,4689.36
2022-07-24 20:30:41,10475.3,5533.89
2022-07-24 20:30:40,9834.06,6175.13
2022-07-24 20:30:39,9225.84,6783.34
2022-07-24 20:30:38,9227.66,6781.52
2022-07-24 20:30:37,9224.34,6784.85
2022-07-24 20:30:36,9227.59,6781.6
2022-07-24 20:30:35,9229.76,6779.43
2022-07-24 20:30:34,9231.94,6777.25
2022-07-24 20:30:33,9234.75,6774.44
2022-07-24 20:30:32,9236.18,6773.01
2022-07-24 20:30:31,9236.2,6772.99
2022-07-24 20:30:30,9236.82,6772.37
2022-07-24 20:30:29,9236.38,6772.8
2022-07-24 20:30:28,9236.86,6772.32
2022-07-24 20:30:27,9238.22,6770.97
2022-07-24 20:30:26,9237.54,6771.64
2022-07-24 20:30:25,9238.82,6770.37
2022-07-24 20:30:24,9260.93,6748.25
2022-07-24 20:30:23,9260.85,6748.34
2022-07-24 20:30:22,9278.43,6730.76
2022-07-24 20:30:21,9322.07,6687.12
2022-07-24 20:30:20,9318.04,6691.14
2022-07-24 20:30:19,9365.54,6643.65
2022-07-24 20:30:18,9434.07,6575.12
2022-07-24 20:30:17,9438.15,6571.03
2022-07-24 20:30:16,9549.57,6459.62
2022-07-24 20:30:15,9599.48,6409.7
2022-07-24 20:30:14,9726.78,6282.41
2022-07-24 20:30:13,10129,5880.2
2022-07-24 20:30:12,10431.5,5577.71
2022-07-24 20:30:11,10674.7,5334.46
2022-07-24 20:30:10,10815.1,5194.11
2022-07-24 20:30:09,11143.4,4865.82
2022-07-24 20:30:08,11302.9,4706.26
2022-07-24 20:30:07,11466.9,4542.27
2022-07-24 20:30:06,11622.8,4386.35
2022-07-24 20:30:05,11816.7,4192.5
2022-07-24 20:30:04,10156.3,5852.89
2022-07-24 20:30:03,9597.66,6411.52
2022-07-24 20:30:02,9105.58,6903.61
2022-07-24 20:30:01,9107.71,6901.48
2022-07-24 20:30:00,9107.31,6901.88
2022-07-24 20:29:59,9115.41,6893.77
2022-07-24 20:29:58,9118.85,6890.34
2022-07-24 20:29:57,9117.73,6891.46
2022-07-24 20:29:56,9118.05,6891.14
2022-07-24 20:29:55,9131.91,6877.28
2022-07-24 20:29:54,9133.68,6875.5
2022-07-24 20:29:53,9134.01,6875.18
2022-07-24 20:29:52,9145.39,6863.8
2022-07-24 20:29:51,9144.8,6864.39
2022-07-24 20:29:50,9158.37,6850.81
2022-07-24 20:29:49,9171.91,6837.28
2022-07-24 20:29:48,9172.56,6836.63
2022-07-24 20:29:47,9196.87,6812.32
2022-07-24 20:29:46,9217.12,6792.07
2022-07-24 20:29:45,9218.02,6791.17
2022-07-24 20:29:44,9241.93,6767.25
2022-07-24 20:29:43,9261.49,6747.7
2022-07-24 20:29:42,9284.19,6725
2022-07-24 20:29:41,9306.48,6702.7
2022-07-24 20:29:40,9308,6701.18
2022-07-24 20:29:39,9451.46,6557.73
2022-07-24 20:29:38,9477.65,6531.54
2022-07-24 20:29:37,9700.78,6308.41
2022-07-24 20:29:36,10269.8,5739.43
2022-07-24 20:29:35,10428.9,5580.24
2022-07-24 20:29:34,10597.2,5412.02
2022-07-24 20:29:33,10950,5059.18
2022-07-24 20:29:32,11205.6,4803.63
2022-07-24 20:29:31,11341.9,4667.27
2022-07-24 20:29:30,11507.9,4501.27
2022-07-24 20:29:29,11657.6,4351.6
2022-07-24 20:29:28,11283.4,4725.78
2022-07-24 20:29:27,10906.4,5102.83
2022-07-24 20:29:26,10281.4,5727.8
2022-07-24 20:29:25,9223.72,6785.47
2022-07-24 20:29:24,9228.85,6780.34
2022-07-24 20:29:23,9228.21,6780.98
2022-07-24 20:29:22,9228.21,6780.98
2022-07-24 20:29:21,9240.56,6768.63
2022-07-24 20:29:20,9240.52,6768.66
2022-07-24 20:29:19,9242.28,6766.91
2022-07-24 20:29:18,9255.38,6753.81
2022-07-24 20:29:17,9255.35,6753.84
2022-07-24 20:29:16,9256.92,6752.27
2022-07-24 20:29:15,9275.18,6734.01
2022-07-24 20:29:14,9289.37,6719.82
2022-07-24 20:29:13,9290.09,6719.1
2022-07-24 20:29:12,9327.38,6681.81
2022-07-24 20:29:11,9329.47,6679.72
2022-07-24 20:29:10,9346.79,6662.39
2022-07-24 20:29:09,9386.77,6622.41
2022-07-24 20:29:08,9388.46,6620.73
2022-07-24 20:29:07,9412.37,6596.82
2022-07-24 20:29:06,9444.53,6564.66
2022-07-24 20:29:05,9446.16,6563.03
2022-07-24 20:29:04,9505.65,6503.54
2022-07-24 20:29:03,9529.44,6479.75
2022-07-24 20:29:02,9669.57,6339.61
2022-07-24 20:29:01,9791.95,6217.24
2022-07-24 20:29:00,9871.05,6138.13
2022-07-24 20:28:59,10127.6,5881.54
2022-07-24 20:28:58,10349.2,5659.94
2022-07-24 20:28:57,10458.9,5550.34
2022-07-24 20:28:56,10768.5,5240.7
2022-07-24 20:28:55,11200,4809.21
2022-07-24 20:28:54,11350.1,4659.14
2022-07-24 20:28:53,10918,5091.14
2022-07-24 20:28:52,11034.3,4974.86
2022-07-24 20:28:51,11167.2,4841.99
2022-07-24 20:28:50,10170.9,5838.25
2022-07-24 20:28:49,10255.4,5753.75
2022-07-24 20:28:48,9645.45,6363.74
2022-07-24 20:28:47,9311.94,6697.25
2022-07-24 20:28:46,9319.25,6689.94
2022-07-24 20:28:45,9321.07,6688.12
2022-07-24 20:28:44,9324.82,6684.36
2022-07-24 20:28:43,9328.58,6680.61
2022-07-24 20:28:42,9340.41,6668.78
2022-07-24 20:28:41,9342.74,6666.45
2022-07-24 20:28:40,9348.86,6660.33
2022-07-24 20:28:39,9365.12,6644.07
2022-07-24 20:28:38,9369.34,6639.85
2022-07-24 20:28:37,9378.96,6630.23
2022-07-24 20:28:36,9380.2,6628.99
2022-07-24 20:28:35,9393.75,6615.43
2022-07-24 20:28:34,9407.83,6601.36
2022-07-24 20:28:33,9408.61,6600.58
2022-07-24 20:28:32,9433.77,6575.41
2022-07-24 20:28:31,9436.7,6572.49
2022-07-24 20:28:30,9452.85,6556.34
2022-07-24 20:28:29,9466.08,6543.11
2022-07-24 20:28:28,9502.86,6506.33
2022-07-24 20:28:27,9527.42,6481.77
2022-07-24 20:28:26,9582.82,6426.37
2022-07-24 20:28:25,9667.8,6341.39
2022-07-24 20:28:24,9914.83,6094.35
2022-07-24 20:28:23,10066.7,5942.5
2022-07-24 20:28:22,10302.9,5706.26
2022-07-24 20:28:21,10670.3,5338.91
2022-07-24 20:28:20,10804.8,5204.37
2022-07-24 20:28:19,10952,5057.23
2022-07-24 20:28:18,11151.6,4857.56
2022-07-24 20:28:17,11393.3,4615.86
2022-07-24 20:28:16,11545.6,4463.56
2022-07-24 20:28:15,11695.5,4313.68
2022-07-24 20:28:14,10932.9,5076.33
2022-07-24 20:28:13,10210.3,5798.85
2022-07-24 20:28:12,9775.21,6233.97
2022-07-24 20:28:11,9259.88,6749.31
2022-07-24 20:28:10,9276.78,6732.41
2022-07-24 20:28:09,9279.47,6729.72
2022-07-24 20:28:08,9280.88,6728.31
2022-07-24 20:28:07,9293.54,6715.65
2022-07-24 20:28:06,9294.5,6714.68
2022-07-24 20:28:05,9303.03,6706.16
2022-07-24 20:28:04,9302.11,6707.08
2022-07-24 20:28:03,9310.31,6698.88
2022-07-24 20:28:02,9319.66,6689.53
2022-07-24 20:28:01,9320.92,6688.27
2022-07-24 20:28:00,9333.46,6675.73
2022-07-24 20:27:59,9348.64,6660.55
2022-07-24 20:27:58,9348.25,6660.94
2022-07-24 20:27:57,9367.45,6641.73
2022-07-24 20:27:56,9381.02,6628.16
2022-07-24 20:27:55,9385.17,6624.02
2022-07-24 20:27:54,9432.99,6576.2
2022-07-24 20:27:53,9450.81,6558.38
2022-07-24 20:27:52,9455.15,6554.04
2022-07-24 20:27:51,9491.11,6518.08
2022-07-24 20:27:50,9508.48,6500.71
2022-07-24 20:27:49,9518.49,6490.7
2022-07-24 20:27:48,9640.02,6369.17
2022-07-24 20:27:47,9702.02,6307.16
2022-07-24 20:27:46,9957.42,6051.77
2022-07-24 20:27:45,10263.5,5745.64
2022-07-24 20:27:44,10583,5426.2
2022-07-24 20:27:43,10768.6,5240.57
2022-07-24 20:27:42,11031.1,4978.05
2022-07-24 20:27:41,11257.4,4751.83
2022-07-24 20:27:40,11384.5,4624.65
2022-07-24 20:27:39,11495.2,4514
2022-07-24 20:27:38,11657.5,4351.65
2022-07-24 20:27:37,11809.9,4199.27
2022-07-24 20:27:36,10306.4,5702.83
2022-07-24 20:27:35,9400.24,6608.95
2022-07-24 20:27:34,9362.59,6646.6
2022-07-24 20:27:33,9365.78,6643.4
2022-07-24 20:27:32,9370.4,6638.79
2022-07-24 20:27:31,9372.64,6636.55
2022-07-24 20:27:30,9376.81,6632.38
2022-07-24 20:27:29,9377.07,6632.11
2022-07-24 20:27:28,9384.82,6624.36
2022-07-24 20:27:27,9401.39,6607.8
2022-07-24 20:27:26,9401,6608.18
2022-07-24 20:27:25,9421.38,6587.8
2022-07-24 20:27:24,9435.91,6573.28
2022-07-24 20:27:23,9437.91,6571.27
2022-07-24 20:27:22,9447.79,6561.39
2022-07-24 20:27:21,9475.8,6533.39
2022-07-24 20:27:20,9498.14,6511.05
2022-07-24 20:27:19,9499.55,6509.64
2022-07-24 20:27:18,9531.16,6478.03
2022-07-24 20:27:17,9571.25,6437.94
2022-07-24 20:27:16,9557.5,6451.69
2022-07-24 20:27:15,9595.53,6413.66
2022-07-24 20:27:14,9618.72,6390.47
2022-07-24 20:27:13,9642.86,6366.32
2022-07-24 20:27:12,9695.02,6314.16
2022-07-24 20:27:11,9751.72,6257.47
2022-07-24 20:27:10,9904.32,6104.86
2022-07-24 20:27:09,10056,5953.19
2022-07-24 20:27:08,10170.5,5838.7
2022-07-24 20:27:07,10747.5,5261.64
2022-07-24 20:27:06,10920.5,5088.72
2022-07-24 20:27:05,11049.7,4959.47
2022-07-24 20:27:04,11134.9,4874.28
2022-07-24 20:27:03,11368.4,4640.84
2022-07-24 20:27:02,11500.9,4508.27
2022-07-24 20:27:01,11667.1,4342.1
2022-07-24 20:27:00,11386.1,4623.11
2022-07-24 20:26:59,10073.8,5935.39
2022-07-24 20:26:58,9615.86,6393.33
2022-07-24 20:26:57,9628.25,6380.94
2022-07-24 20:26:56,9129.15,6880.04
2022-07-24 20:26:55,9128.75,6880.44
2022-07-24 20:26:54,9129.28,6879.9
2022-07-24 20:26:53,9130.27,6878.92
2022-07-24 20:26:52,9131.35,6877.84
2022-07-24 20:26:51,9130.76,6878.43
2022-07-24 20:26:50,9131.85,6877.34
2022-07-24 20:26:49,9140.14,6869.05
2022-07-24 20:26:48,9141.43,6867.75
2022-07-24 20:26:47,9141.88,6867.31
2022-07-24 20:26:46,9142.96,6866.22
2022-07-24 20:26:45,9155.86,6853.32
2022-07-24 20:26:44,9157.28,6851.91
2022-07-24 20:26:43,9156.47,6852.71
2022-07-24 20:26:42,9172.9,6836.29
2022-07-24 20:26:41,9172.69,6836.5
2022-07-24 20:26:40,9174.39,6834.79
2022-07-24 20:26:39,9193.27,6815.92
2022-07-24 20:26:38,9195.9,6813.29
2022-07-24 20:26:37,9222.73,6786.46
2022-07-24 20:26:36,9262.96,6746.22
2022-07-24 20:26:35,9354.87,6654.32
2022-07-24 20:26:34,9363.32,6645.86
2022-07-24 20:26:33,9783.19,6226
2022-07-24 20:26:32,10081.9,5927.34
2022-07-24 20:26:31,10252.9,5756.3
2022-07-24 20:26:30,10586.9,5422.27
2022-07-24 20:26:29,10895,5114.21
2022-07-24 20:26:28,11068.1,4941.04
2022-07-24 20:26:27,11168.4,4840.82
2022-07-24 20:26:26,11302.6,4706.57
2022-07-24 20:26:25,11548.4,4460.76
2022-07-24 20:26:24,11243.5,4765.7
2022-07-24 20:26:23,10836.2,5173.01
2022-07-24 20:26:22,10845.8,5163.38
2022-07-24 20:26:21,9697.96,6311.23
2022-07-24 20:26:20,9745.79,6263.4
2022-07-24 20:26:19,9257.17,6752.02
2022-07-24 20:26:18,9266.98,6742.21
2022-07-24 20:26:17,9267.9,6741.29
2022-07-24 20:26:16,9269.68,6739.5
2022-07-24 20:26:15,9270.59,6738.6
2022-07-24 20:26:14,9280.01,6729.18
2022-07-24 20:26:13,9281.46,6727.73
2022-07-24 20:26:12,9282.44,6726.75
2022-07-24 20:26:11,9295.09,6714.09
2022-07-24 20:26:10,9297.21,6711.98
2022-07-24 20:26:09,9297.24,6711.95
2022-07-24 20:26:08,9331.09,6678.09
2022-07-24 20:26:07,9331.91,6677.28
2022-07-24 20:26:06,9332.55,6676.64
2022-07-24 20:26:05,9368.04,6641.15
2022-07-24 20:26:04,9368.27,6640.92
2022-07-24 20:26:03,9369.64,6639.55
2022-07-24 20:26:02,9414.36,6594.83
2022-07-24 20:26:01,9417.92,6591.27
2022-07-24 20:26:00,9442.18,6567.01
2022-07-24 20:25:59,9502.13,6507.05
2022-07-24 20:25:58,9520.75,6488.44
2022-07-24 20:25:57,9716.84,6292.35
2022-07-24 20:25:56,9849.17,6160.02
2022-07-24 20:25:55,9939.68,6069.5
2022-07-24 20:25:54,10109.9,5899.3
2022-07-24 20:25:53,10449.5,5559.7
2022-07-24 20:25:52,10808.9,5200.3
2022-07-24 20:25:51,11008,5001.18
2022-07-24 20:25:50,11189.4,4819.81
2022-07-24 20:25:49,11458.3,4550.91
2022-07-24 20:25:48,11583.2,4425.98
2022-07-24 20:25:47,11219.2,4789.94
2022-07-24 20:25:46,10848.3,5160.84
2022-07-24 20:25:45,10321.2,5687.95
2022-07-24 20:25:44,10375.8,5633.36
2022-07-24 20:25:43,9408.86,6600.33
2022-07-24 20:25:42,9416.84,6592.35
2022-07-24 20:25:41,9422.57,6586.62
2022-07-24 20:25:40,9425.62,6583.57
2022-07-24 20:25:39,9426.5,6582.69
2022-07-24 20:25:38,9441.03,6568.16
2022-07-24 20:25:37,9441.93,6567.26
2022-07-24 20:25:36,9456,6553.19
2022-07-24 20:25:35,9468.31,6540.88
2022-07-24 20:25:34,9472.76,6536.43
2022-07-24 20:25:33,9473.28,6535.91
2022-07-24 20:25:32,9504.94,6504.25
2022-07-24 20:25:31,9508.29,6500.9
2022-07-24 20:25:30,9519.67,6489.52
2022-07-24 20:25:29,9556.33,6452.86
2022-07-24 20:25:28,9559.38,6449.8
2022-07-24 20:25:27,9570.6,6438.59
2022-07-24 20:25:26,9639.64,6369.55
2022-07-24 20:25:25,9632.53,6376.66
2022-07-24 20:25:24,9643.63,6365.55
2022-07-24 20:25:23,9731.42,6277.77
2022-07-24 20:25:22,9744.44,6264.75
2022-07-24 20:25:21,9783.53,6225.66
2022-07-24 20:25:20,9898.94,6110.25
2022-07-24 20:25:19,9942.02,6067.16
2022-07-24 20:25:18,10243.4,5765.77
2022-07-24 20:25:17,10572.5,5436.71
2022-07-24 20:25:16,10742.2,5267
2022-07-24 20:25:15,10968,5041.23
2022-07-24 20:25:14,11122,4887.21
2022-07-24 20:25:13,11337.6,4671.64
2022-07-24 20:25:12,11467.6,4541.57
2022-07-24 20:25:11,11590,4419.23
2022-07-24 20:25:10,11767.7,4241.51
2022-07-24 20:25:09,10987.4,5021.78
2022-07-24 20:25:08,9608.07,6401.11
2022-07-24 20:25:07,9093.08,6916.11
2022-07-24 20:25:06,9096.11,6913.08
2022-07-24 20:25:05,9095.07,6914.12
2022-07-24 20:25:04,9097.34,6911.84
2022-07-24 20:25:03,9096.72,6912.46
2022-07-24 20:25:02,9097.84,6911.35
2022-07-24 20:25:01,9098.25,6910.94
2022-07-24 20:25:00,9099.03,6910.16
2022-07-24 20:24:59,9098.78,6910.41
2022-07-24 20:24:58,9098.47,6910.72
2022-07-24 20:24:57,9098.06,6911.13
2022-07-24 20:24:56,9100.1,6909.09
2022-07-24 20:24:55,9100.31,6908.88
2022-07-24 20:24:54,9100.46,6908.73
2022-07-24 20:24:53,9100.61,6908.57
2022-07-24 20:24:52,9100.79,6908.4
2022-07-24 20:24:51,9103.94,6905.25
2022-07-24 20:24:50,9121.15,6888.04
2022-07-24 20:24:49,9121.71,6887.48
2022-07-24 20:24:48,9124.49,6884.7
2022-07-24 20:24:47,9123.41,6885.77
2022-07-24 20:24:46,9179.73,6829.46
2022-07-24 20:24:45,9190.76,6818.43
2022-07-24 20:24:44,9356.07,6653.11
2022-07-24 20:24:43,9375.05,6634.14
2022-07-24 20:24:42,9762.28,6246.91
2022-07-24 20:24:41,10244.5,5764.7
2022-07-24 20:24:40,10359.7,5649.53
2022-07-24 20:24:39,10605.9,5403.32
2022-07-24 20:24:38,10956.3,5052.93
2022-07-24 20:24:37,11087.8,4921.4
2022-07-24 20:24:36,11228.1,4781.09
2022-07-24 20:24:35,11499,4510.14
2022-07-24 20:24:34,11672.2,4336.98
2022-07-24 20:24:33,11219.8,4789.37
2022-07-24 20:24:32,10066.3,5942.88
2022-07-24 20:24:31,9495.34,6513.84
2022-07-24 20:24:30,9515.73,6493.45
2022-07-24 20:24:29,9012.63,6996.56
2022-07-24 20:24:28,9014.77,6994.41
2022-07-24 20:24:27,9012.62,6996.57
2022-07-24 20:24:26,9014.43,6994.76
2022-07-24 20:24:25,9014.54,6994.65
2022-07-24 20:24:24,9015.12,6994.07
2022-07-24 20:24:23,9015.89,6993.3
2022-07-24 20:24:22,9017.8,6991.39
2022-07-24 20:24:21,9018.37,6990.82
2022-07-24 20:24:20,9017.23,6991.95
2022-07-24 20:24:19,9019.58,6989.61
2022-07-24 20:24:18,9019.31,6989.87
2022-07-24 20:24:17,9020.74,6988.45
2022-07-24 20:24:16,9020.14,6989.04
2022-07-24 20:24:15,9035.3,6973.88
2022-07-24 20:24:14,9037.11,6972.08
2022-07-24 20:24:13,9039.14,6970.05
2022-07-24 20:24:12,9059.6,6949.58
2022-07-24 20:24:11,9062.84,6946.35
2022-07-24 20:24:10,9037,6972.18
2022-07-24 20:24:09,9060.45,6948.74
2022-07-24 20:24:08,9118.7,6890.49
2022-07-24 20:24:07,9222.12,6787.07
2022-07-24 20:24:06,9287.53,6721.66
2022-07-24 20:24:05,9612.87,6396.31
2022-07-24 20:24:04,9770.32,6238.87
2022-07-24 20:24:03,10639.8,5369.36
2022-07-24 20:24:02,10805.7,5203.52
2022-07-24 20:24:01,11051.5,4957.73
2022-07-24 20:24:00,11133.8,4875.42
2022-07-24 20:23:59,11380.8,4628.39
2022-07-24 20:23:58,11501,4508.23
2022-07-24 20:23:57,11670.5,4338.68
2022-07-24 20:23:56,11845.1,4164.11
2022-07-24 20:23:55,9775.81,6233.38
2022-07-24 20:23:54,9596.99,6412.2
2022-07-24 20:23:53,9103.1,6906.09
2022-07-24 20:23:52,9106.41,6902.78
2022-07-24 20:23:51,9105.74,6903.45
2022-07-24 20:23:50,9115.16,6894.03
2022-07-24 20:23:49,9116.52,6892.67
2022-07-24 20:23:48,9114.97,6894.22
2022-07-24 20:23:47,9126.15,6883.03
2022-07-24 20:23:46,9126.68,6882.5
2022-07-24 20:23:45,9125.16,6884.03
2022-07-24 20:23:44,9139.27,6869.91
2022-07-24 20:23:43,9137.11,6872.08
2022-07-24 20:23:42,9160.32,6848.86
2022-07-24 20:23:41,9160.02,6849.17
2022-07-24 20:23:40,9172.8,6836.38
2022-07-24 20:23:39,9174.28,6834.91
2022-07-24 20:23:38,9195.93,6813.26
2022-07-24 20:23:37,9217.42,6791.77
2022-07-24 20:23:36,9215.78,6793.4
2022-07-24 20:23:35,9252.39,6756.79
2022-07-24 20:23:34,9254.32,6754.87
2022-07-24 20:23:33,9254.39,6754.8
2022-07-24 20:23:32,9298.97,6710.22
2022-07-24 20:23:31,9343,6666.18
2022-07-24 20:23:30,9425.64,6583.55
2022-07-24 20:23:29,9452.35,6556.84
2022-07-24 20:23:28,9974.85,6034.34
2022-07-24 20:23:27,10316.9,5692.3
2022-07-24 20:23:26,10486.5,5522.7
2022-07-24 20:23:25,10629.3,5379.87
2022-07-24 20:23:24,10851.3,5157.87
2022-07-24 20:23:23,11175.4,4833.82
2022-07-24 20:23:22,11357.6,4651.64
2022-07-24 20:23:21,11536.4,4472.78
2022-07-24 20:23:20,11729.6,4279.59
2022-07-24 20:23:19,10835.6,5173.56
2022-07-24 20:23:18,10423.2,5586
2022-07-24 20:23:17,9864.78,6144.4
2022-07-24 20:23:16,9246.17,6763.02
2022-07-24 20:23:15,9248.27,6760.92
2022-07-24 20:23:14,9247.66,6761.53
2022-07-24 20:23:13,9249.51,6759.68
2022-07-24 20:23:12,9253.59,6755.59
2022-07-24 20:23:11,9253.5,6755.69
2022-07-24 20:23:10,9256.89,6752.3
2022-07-24 20:23:09,9257.82,6751.36
2022-07-24 20:23:08,9271.61,6737.58
2022-07-24 20:23:07,9272.12,6737.06
2022-07-24 20:23:06,9273.64,6735.55
2022-07-24 20:23:05,9275.45,6733.74
2022-07-24 20:23:04,9313.96,6695.23
2022-07-24 20:23:03,9321.94,6687.25
2022-07-24 20:23:02,9324.25,6684.94
2022-07-24 20:23:01,9359.32,6649.87
2022-07-24 20:23:00,9387.59,6621.59
2022-07-24 20:22:59,9390.43,6618.76
2022-07-24 20:22:58,9395.54,6613.64
2022-07-24 20:22:57,9456.6,6552.59
2022-07-24 20:22:56,9465.88,6543.31
2022-07-24 20:22:55,9504.78,6504.41
2022-07-24 20:22:54,9557.82,6451.37
2022-07-24 20:22:53,9598.7,6410.49
2022-07-24 20:22:52,9679.55,6329.64
2022-07-24 20:22:51,9987.86,6021.32
2022-07-24 20:22:50,10195.7,5813.46
2022-07-24 20:22:49,10357.1,5652.06
2022-07-24 20:22:48,10471.7,5537.44
2022-07-24 20:22:47,11024.3,4984.91
2022-07-24 20:22:46,11240.3,4768.88
2022-07-24 20:22:45,11443.2,4566.01
2022-07-24 20:22:44,11609.9,4399.32
2022-07-24 20:22:43,11736.5,4272.7
2022-07-24 20:22:42,10906.7,5102.49
2022-07-24 20:22:41,10378.9,5630.29
2022-07-24 20:22:40,9158.84,6850.34
2022-07-24 20:22:39,9168.43,6840.76
2022-07-24 20:22:38,9167.67,6841.52
2022-07-24 20:22:37,9178.59,6830.59
2022-07-24 20:22:36,9184.78,6824.41
2022-07-24 20:22:35,9184.61,6824.57
2022-07-24 20:22:34,9184.81,6824.38
2022-07-24 20:22:33,9202.15,6807.04
2022-07-24 20:22:32,9202.17,6807.02
2022-07-24 20:22:31,9203.05,6806.14
2022-07-24 20:22:30,9220,6789.19
2022-07-24 20:22:29,9230.46,6778.73
2022-07-24 20:22:28,9232.39,6776.8
2022-07-24 20:22:27,9247.48,6761.7
2022-07-24 20:22:26,9257.86,6751.33
2022-07-24 20:22:25,9259.34,6749.84
2022-07-24 20:22:24,9277.5,6731.69
2022-07-24 20:22:23,9287.37,6721.82
2022-07-24 20:22:22,9307.69,6701.5
2022-07-24 20:22:21,9309.3,6699.89
2022-07-24 20:22:20,9316.14,6693.05
2022-07-24 20:22:19,9334.41,6674.78
2022-07-24 20:22:18,9342.31,6666.88
2022-07-24 20:22:17,9383.01,6626.18
2022-07-24 20:22:16,9506.29,6502.9
2022-07-24 20:22:15,9710.93,6298.26
2022-07-24 20:22:14,9763.66,6245.53
2022-07-24 20:22:13,10264.2,5744.97
2022-07-24 20:22:12,10531.2,5477.99
2022-07-24 20:22:11,10759.6,5249.63
2022-07-24 20:22:10,11097.6,4911.6
2022-07-24 20:22:09,11318,4691.17
2022-07-24 20:22:08,11468.4,4540.79
2022-07-24 20:22:07,11628.8,4380.42
2022-07-24 20:22:06,11308.7,4700.48
2022-07-24 20:22:05,11471.3,4537.93
2022-07-24 20:22:04,9783.16,6226.03
2022-07-24 20:22:03,9752.48,6256.71
2022-07-24 20:22:02,9315.46,6693.73
2022-07-24 20:22:01,9316.92,6692.27
2022-07-24 20:22:00,9318.89,6690.3
2022-07-24 20:21:59,9320.47,6688.72
2022-07-24 20:21:58,9320.29,6688.89
2022-07-24 20:21:57,9322.7,6686.49
2022-07-24 20:21:56,9323.36,6685.83
2022-07-24 20:21:55,9323.56,6685.63
2022-07-24 20:21:54,9330.53,6678.66
2022-07-24 20:21:53,9332.8,6676.38
2022-07-24 20:21:52,9333.83,6675.36
2022-07-24 20:21:51,9335.97,6673.22
2022-07-24 20:21:50,9368.29,6640.9
2022-07-24 20:21:49,9380.63,6628.56
2022-07-24 20:21:48,9382.5,6626.69
2022-07-24 20:21:47,9432.19,6577
2022-07-24 20:21:46,9435.7,6573.49
2022-07-24 20:21:45,9448.53,6560.66
2022-07-24 20:21:44,9510.07,6499.12
2022-07-24 20:21:43,9510.75,6498.43
2022-07-24 20:21:42,9534.48,6474.71
2022-07-24 20:21:41,9605.73,6403.46
2022-07-24 20:21:40,9666.43,6342.76
2022-07-24 20:21:39,9816.26,6192.93
2022-07-24 20:21:38,9951.56,6057.62
2022-07-24 20:21:37,10254.7,5754.49
2022-07-24 20:21:36,10398,5611.18
2022-07-24 20:21:35,10902.9,5106.33
2022-07-24 20:21:34,11070.4,4938.77
2022-07-24 20:21:33,11298.8,4710.43
2022-07-24 20:21:32,11453.4,4555.74
2022-07-24 20:21:31,11562.4,4446.82
2022-07-24 20:21:30,11211.2,4797.98
2022-07-24 20:21:29,10719,5290.16
2022-07-24 20:21:28,10841,5168.19
2022-07-24 20:21:27,9672.27,6336.91
2022-07-24 20:21:26,9156.88,6852.3
2022-07-24 20:21:25,9156.58,6852.61
2022-07-24 20:21:24,9158.9,6850.29
2022-07-24 20:21:23,9158.51,6850.68
2022-07-24 20:21:22,9160.02,6849.16
2022-07-24 20:21:21,9161.36,6847.83
2022-07-24 20:21:20,9176.89,6832.29
2022-07-24 20:21:19,9176.35,6832.84
2022-07-24 20:21:18,9177.64,6831.54
2022-07-24 20:21:17,9180.19,6829
2022-07-24 20:21:16,9195.44,6813.75
2022-07-24 20:21:15,9194.26,6814.93
2022-07-24 20:21:14,9195.15,6814.04
2022-07-24 20:21:13,9210.89,6798.3
2022-07-24 20:21:12,9211.75,6797.44
2022-07-24 20:21:11,9212.53,6796.66
2022-07-24 20:21:10,9215.9,6793.29
2022-07-24 20:21:09,9231.11,6778.07
2022-07-24 20:21:08,9235.08,6774.11
2022-07-24 20:21:07,9260.83,6748.36
2022-07-24 20:21:06,9285.74,6723.44
2022-07-24 20:21:05,9313.7,6695.49
2022-07-24 20:21:04,9371.56,6637.63
2022-07-24 20:21:03,9453.87,6555.32
2022-07-24 20:21:02,9885.04,6124.15
2022-07-24 20:21:01,10060.7,5948.52
2022-07-24 20:21:00,10329.3,5679.89
2022-07-24 20:20:59,10556,5453.2
2022-07-24 20:20:58,10912.5,5096.73
2022-07-24 20:20:57,11082.8,4926.4
2022-07-24 20:20:56,11274.2,4734.94
2022-07-24 20:20:55,11534.7,4474.5
2022-07-24 20:20:54,11248.5,4760.7
2022-07-24 20:20:53,11310.4,4698.76
2022-07-24 20:20:52,10791.2,5217.94
2022-07-24 20:20:51,9736.77,6272.42
2022-07-24 20:20:50,9752.56,6256.63
2022-07-24 20:20:49,9244.6,6764.59
2022-07-24 20:20:48,9246.28,6762.91
2022-07-24 20:20:47,9247.58,6761.61
2022-07-24 20:20:46,9247.99,6761.2
2022-07-24 20:20:45,9249.78,6759.41
2022-07-24 20:20:44,9251.55,6757.63
2022-07-24 20:20:43,9253.44,6755.75
2022-07-24 20:20:42,9253.61,6755.57
2022-07-24 20:20:41,9257.32,6751.86
2022-07-24 20:20:40,9257.72,6751.46
2022-07-24 20:20:39,9281.71,6727.48
2022-07-24 20:20:38,9280.04,6729.14
2022-07-24 20:20:37,9299.62,6709.57
2022-07-24 20:20:36,9314.43,6694.76
2022-07-24 20:20:35,9314.34,6694.85
2022-07-24 20:20:34,9333.93,6675.25
2022-07-24 20:20:33,9325.4,6683.78
2022-07-24 20:20:32,9350.36,6658.83
2022-07-24 20:20:31,9358.62,6650.56
2022-07-24 20:20:30,9399.21,6609.98
2022-07-24 20:20:29,9406.79,6602.4
2022-07-24 20:20:28,9438.96,6570.22
2022-07-24 20:20:27,9591.55,6417.63
2022-07-24 20:20:26,9759.67,6249.52
2022-07-24 20:20:25,9845.01,6164.18
2022-07-24 20:20:24,10372.7,5636.46
2022-07-24 20:20:23,10569.9,5439.27
2022-07-24 20:20:22,10784.1,5225.05
2022-07-24 20:20:21,11019.1,4990.04
2022-07-24 20:20:20,11170.2,4839.03
2022-07-24 20:20:19,11379.5,4629.7
2022-07-24 20:20:18,11555.9,4453.24
2022-07-24 20:20:17,11161.7,4847.48
2022-07-24 20:20:16,11310.5,4698.69
2022-07-24 20:20:15,10403.5,5605.69
2022-07-24 20:20:14,10460.4,5548.8
2022-07-24 20:20:13,9546.47,6462.72
2022-07-24 20:20:12,9321.29,6687.9
2022-07-24 20:20:11,9323.82,6685.37
2022-07-24 20:20:10,9324.58,6684.61
2022-07-24 20:20:09,9326.04,6683.15
2022-07-24 20:20:08,9327.36,6681.83
2022-07-24 20:20:07,9341.56,6667.62
2022-07-24 20:20:06,9342.27,6666.91
2022-07-24 20:20:05,9345.51,6663.68
2022-07-24 20:20:04,9366.39,6642.79
2022-07-24 20:20:03,9367.18,6642
2022-07-24 20:20:02,9398.89,6610.29
2022-07-24 20:20:01,9403.76,6605.43
2022-07-24 20:20:00,9423.75,6585.44
2022-07-24 20:19:59,9439.75,6569.44
2022-07-24 20:19:58,9462.7,6546.49
2022-07-24 20:19:57,9476.71,6532.48
2022-07-24 20:19:56,9479.93,6529.26
2022-07-24 20:19:55,9528.84,6480.34
2022-07-24 20:19:54,9527.18,6482.01
2022-07-24 20:19:53,9545.78,6463.41
2022-07-24 20:19:52,9607.38,6401.8
2022-07-24 20:19:51,9606.6,6402.59
2022-07-24 20:19:50,9652.68,6356.51
2022-07-24 20:19:49,9775.52,6233.67
2022-07-24 20:19:48,10073.6,5935.57
2022-07-24 20:19:47,10381.2,5627.97
2022-07-24 20:19:46,10514.9,5494.34
2022-07-24 20:19:45,10805,5204.21
2022-07-24 20:19:44,11105.2,4904
2022-07-24 20:19:43,11270.5,4738.68
2022-07-24 20:19:42,11410.8,4598.4
2022-07-24 20:19:41,11582,4427.22
2022-07-24 20:19:40,11705.5,4303.7
2022-07-24 20:19:39,11158.4,4850.75
2022-07-24 20:19:38,10255.5,5753.68
2022-07-24 20:19:37,9779.87,6229.32
2022-07-24 20:19:36,9312.74,6696.45
2022-07-24 20:19:35,9314.22,6694.96
2022-07-24 20:19:34,9313.52,6695.67
2022-07-24 20:19:33,9325.31,6683.88
2022-07-24 20:19:32,9331.5,6677.69
2022-07-24 20:19:31,9332.25,6676.94
2022-07-24 20:19:30,9338.2,6670.98
2022-07-24 20:19:29,9342.58,6666.61
2022-07-24 20:19:28,9343.05,6666.14
2022-07-24 20:19:27,9354.16,6655.02
2022-07-24 20:19:26,9356.43,6652.76
2022-07-24 20:19:25,9359.42,6649.77
2022-07-24 20:19:24,9379.92,6629.27
2022-07-24 20:19:23,9384.92,6624.27
2022-07-24 20:19:22,9405.07,6604.12
2022-07-24 20:19:21,9412.19,6597
2022-07-24 20:19:20,9427.66,6581.52
2022-07-24 20:19:19,9461.92,6547.27
2022-07-24 20:19:18,9450.76,6558.43
2022-07-24 20:19:17,9474.78,6534.41
2022-07-24 20:19:16,9516.32,6492.87
2022-07-24 20:19:15,9561.17,6448.02
2022-07-24 20:19:14,9616.09,6393.1
2022-07-24 20:19:13,9888.23,6120.96
2022-07-24 20:19:12,10079.9,5929.3
2022-07-24 20:19:11,10415.9,5593.33
2022-07-24 20:19:10,10670.6,5338.55
2022-07-24 20:19:09,10808.6,5200.63
2022-07-24 20:19:08,10887.6,5121.64
2022-07-24 20:19:07,11126.5,4882.67
2022-07-24 20:19:06,11264.7,4744.52
2022-07-24 20:19:05,11464.4,4544.84
2022-07-24 20:19:04,11374.3,4634.92
2022-07-24 20:19:03,11261,4748.19
2022-07-24 20:19:02,10740.7,5268.48
2022-07-24 20:19:01,9690.25,6318.94
2022-07-24 20:19:00,9742.09,6267.1
2022-07-24 20:18:59,9124.3,6884.89
2022-07-24 20:18:58,9123.75,6885.44
2022-07-24 20:18:57,9131.88,6877.31
2022-07-24 20:18:56,9131.18,6878.01
2022-07-24 20:18:55,9130.4,6878.79
2022-07-24 20:18:54,9138.64,6870.54
2022-07-24 20:18:53,9139.72,6869.46
2022-07-24 20:18:52,9139.11,6870.07
2022-07-24 20:18:51,9151.44,6857.75
2022-07-24 20:18:50,9153.03,6856.16
2022-07-24 20:18:49,9169.55,6839.64
2022-07-24 20:18:48,9185.77,6823.42
2022-07-24 20:18:47,9185.97,6823.22
2022-07-24 20:18:46,9185.26,6823.93
2022-07-24 20:18:45,9214.54,6794.64
2022-07-24 20:18:44,9215.23,6793.95
2022-07-24 20:18:43,9218.44,6790.75
2022-07-24 20:18:42,9245.49,6763.7
2022-07-24 20:18:41,9261.12,6748.07
2022-07-24 20:18:40,9262.7,6746.49
2022-07-24 20:18:39,9301.27,6707.91
2022-07-24 20:18:38,9318.68,6690.5
2022-07-24 20:18:37,9333.64,6675.55
2022-07-24 20:18:36,9454.58,6554.61
2022-07-24 20:18:35,9517.43,6491.76
2022-07-24 20:18:34,9679.31,6329.88
2022-07-24 20:18:33,9940.77,6068.42
2022-07-24 20:18:32,10550.8,5458.34
2022-07-24 20:18:31,10689.4,5319.75
2022-07-24 20:18:30,11056.5,4952.73
2022-07-24 20:18:29,11235.5,4773.66
2022-07-24 20:18:28,11431.1,4578.11
2022-07-24 20:18:27,11557.7,4451.44
2022-07-24 20:18:26,11755.8,4253.38
2022-07-24 20:18:25,10920,5089.17
2022-07-24 20:18:24,9991.56,6017.63
2022-07-24 20:18:23,9313.29,6695.9
2022-07-24 20:18:22,9321.66,6687.52
2022-07-24 20:18:21,9322.74,6686.45
2022-07-24 20:18:20,9327.33,6681.86
2022-07-24 20:18:19,9325.96,6683.23
2022-07-24 20:18:18,9338.22,6670.97
2022-07-24 20:18:17,9338.69,6670.5
2022-07-24 20:18:16,9339.95,6669.24
2022-07-24 20:18:15,9349.63,6659.55
2022-07-24 20:18:14,9362.41,6646.78
2022-07-24 20:18:13,9365.07,6644.12
2022-07-24 20:18:12,9365.25,6643.94
2022-07-24 20:18:11,9381.26,6627.93
2022-07-24 20:18:10,9394.05,6615.13
2022-07-24 20:18:09,9398.38,6610.8
2022-07-24 20:18:08,9410.91,6598.27
2022-07-24 20:18:07,9430.78,6578.41
2022-07-24 20:18:06,9457.6,6551.59
2022-07-24 20:18:05,9471.61,6537.58
2022-07-24 20:18:04,9479.05,6530.14
2022-07-24 20:18:03,9487.52,6521.67
2022-07-24 20:18:02,9533.33,6475.86
2022-07-24 20:18:01,9552.22,6456.97
2022-07-24 20:18:00,9569.99,6439.2
2022-07-24 20:17:59,9681.47,6327.72
2022-07-24 20:17:58,9720.97,6288.22
2022-07-24 20:17:57,10116.1,5893.06
2022-07-24 20:17:56,10375.9,5633.3
2022-07-24 20:17:55,10467.3,5541.84
2022-07-24 20:17:54,11025,4984.23
2022-07-24 20:17:53,11191,4818.16
2022-07-24 20:17:52,11347.9,4661.29
2022-07-24 20:17:51,11506.1,4503.05
2022-07-24 20:17:50,11657.4,4351.76
2022-07-24 20:17:49,11858.4,4150.79
2022-07-24 20:17:48,10843.3,5165.9
2022-07-24 20:17:47,9241.25,6767.93
2022-07-24 20:17:46,9247.06,6762.13
2022-07-24 20:17:45,9251.9,6757.29
2022-07-24 20:17:44,9250.69,6758.5
2022-07-24 20:17:43,9257.09,6752.09
2022-07-24 20:17:42,9257.64,6751.55
2022-07-24 20:17:41,9268,6741.19
2022-07-24 20:17:40,9273.19,6735.99
2022-07-24 20:17:39,9283.07,6726.12
2022-07-24 20:17:38,9294.71,6714.47
2022-07-24 20:17:37,9301.84,6707.35
2022-07-24 20:17:36,9304.2,6704.99
2022-07-24 20:17:35,9325.47,6683.72
2022-07-24 20:17:34,9349.46,6659.73
2022-07-24 20:17:33,9350.44,6658.75
2022-07-24 20:17:32,9352.02,6657.17
2022-07-24 20:17:31,9397.82,6611.37
2022-07-24 20:17:30,9397.02,6612.16
2022-07-24 20:17:29,9412.09,6597.1
2022-07-24 20:17:28,9448.66,6560.53
2022-07-24 20:17:27,9449.54,6559.65
2022-07-24 20:17:26,9482.23,6526.96
2022-07-24 20:17:25,9505.04,6504.15
2022-07-24 20:17:24,9556.23,6452.95
2022-07-24 20:17:23,9605.8,6403.38
2022-07-24 20:17:22,9812.28,6196.91
2022-07-24 20:17:21,10019,5990.18
2022-07-24 20:17:20,10242.9,5766.25
2022-07-24 20:17:19,10390.5,5618.65
2022-07-24 20:17:18,10797,5212.21
2022-07-24 20:17:17,10999.8,5009.39
2022-07-24 20:17:16,11254.1,4755.13
2022-07-24 20:17:15,11379.4,4629.75
2022-07-24 20:17:14,11535.9,4473.28
2022-07-24 20:17:13,11647,4362.14
2022-07-24 20:17:12,11312.2,4697.01
2022-07-24 20:17:11,10858.1,5151.07
2022-07-24 20:17:10,9123.08,6886.11
2022-07-24 20:17:09,9123.16,6886.03
2022-07-24 20:17:08,9133.3,6875.89
2022-07-24 20:17:07,9132.67,6876.52
2022-07-24 20:17:06,9134.2,6874.99
2022-07-24 20:17:05,9141.12,6868.07
2022-07-24 20:17:04,9141.2,6867.99
2022-07-24 20:17:03,9141.97,6867.21
2022-07-24 20:17:02,9148.52,6860.67
2022-07-24 20:17:01,9168.47,6840.72
2022-07-24 20:17:00,9169.73,6839.45
2022-07-24 20:16:59,9176.71,6832.48
2022-07-24 20:16:58,9177.12,6832.07
2022-07-24 20:16:57,9192.93,6816.26
2022-07-24 20:16:56,9194.16,6815.03
2022-07-24 20:16:55,9217.78,6791.41
2022-07-24 20:16:54,9226.19,6783
2022-07-24 20:16:53,9231.5,6777.69
2022-07-24 20:16:52,9243.6,6765.59
2022-07-24 20:16:51,9259.58,6749.61
2022-07-24 20:16:50,9277.02,6732.17
2022-07-24 20:16:49,9302.99,6706.2
2022-07-24 20:16:48,9305.88,6703.31
2022-07-24 20:16:47,9350.18,6659.01
2022-07-24 20:16:46,9408.84,6600.35
2022-07-24 20:16:45,9426.24,6582.95
2022-07-24 20:16:44,9700.05,6309.14
2022-07-24 20:16:43,10080.1,5929.14
2022-07-24 20:16:42,10280.9,5728.25
2022-07-24 20:16:41,10691,5318.14
2022-07-24 20:16:40,10807.3,5201.91
2022-07-24 20:16:39,11223.9,4785.32
2022-07-24 20:16:38,11343.6,4665.61
2022-07-24 20:16:37,11553.2,4456.03
2022-07-24 20:16:36,11686.1,4323.13
2022-07-24 20:16:35,11344.1,4665.11
2022-07-24 20:16:34,10325.3,5683.88
2022-07-24 20:16:33,9763.48,6245.7
2022-07-24 20:16:32,9253.43,6755.76
2022-07-24 20:16:31,9253.59,6755.59
2022-07-24 20:16:30,9256.24,6752.95
2022-07-24 20:16:29,9257.48,6751.7
2022-07-24 20:16:28,9271.23,6737.96
2022-07-24 20:16:27,9272.98,6736.21
2022-07-24 20:16:26,9273.64,6735.55
2022-07-24 20:16:25,9295.31,6713.88
2022-07-24 20:16:24,9295.3,6713.89
2022-07-24 20:16:23,9296.79,6712.4
2022-07-24 20:16:22,9305.89,6703.3
2022-07-24 20:16:21,9324.34,6684.85
2022-07-24 20:16:20,9327.14,6682.05
2022-07-24 20:16:19,9330.88,6678.31
2022-07-24 20:16:18,9354.98,6654.2
2022-07-24 20:16:17,9356.7,6652.49
2022-07-24 20:16:16,9371.68,6637.5
2022-07-24 20:16:15,9408.57,6600.62
2022-07-24 20:16:14,9409.26,6599.93
2022-07-24 20:16:13,9427.8,6581.39
2022-07-24 20:16:12,9478.12,6531.07
2022-07-24 20:16:11,9489.13,6520.05
2022-07-24 20:16:10,9533.92,6475.27
2022-07-24 20:16:09,9609.78,6399.4
2022-07-24 20:16:08,9820.76,6188.43
2022-07-24 20:16:07,10053.5,5955.7
2022-07-24 20:16:06,10269.5,5739.69
2022-07-24 20:16:05,10513.5,5495.66
2022-07-24 20:16:04,10935.7,5073.47
2022-07-24 20:16:03,11031.7,4977.46
2022-07-24 20:16:02,11167.2,4841.98
2022-07-24 20:16:01,11418.3,4590.88
2022-07-24 20:16:00,11583.7,4425.49
2022-07-24 20:15:59,11729.3,4279.93
2022-07-24 20:15:58,11254,4755.22
2022-07-24 20:15:57,10121.2,5887.96
2022-07-24 20:15:56,9644.79,6364.4
2022-07-24 20:15:55,9127.8,6881.38
2022-07-24 20:15:54,9127.71,6881.48
2022-07-24 20:15:53,9128.59,6880.6
2022-07-24 20:15:52,9130.23,6878.96
2022-07-24 20:15:51,9131.83,6877.36
2022-07-24 20:15:50,9134.89,6874.3
2022-07-24 20:15:49,9134.36,6874.83
2022-07-24 20:15:48,9134.51,6874.68
2022-07-24 20:15:47,9134.61,6874.58
2022-07-24 20:15:46,9130.95,6878.23
2022-07-24 20:15:45,9130.17,6879.02
2022-07-24 20:15:44,9131.96,6877.23
2022-07-24 20:15:43,9142.46,6866.73
2022-07-24 20:15:42,9142.61,6866.58
2022-07-24 20:15:41,9141.76,6867.43
2022-07-24 20:15:40,9144.82,6864.37
2022-07-24 20:15:39,9169.22,6839.97
2022-07-24 20:15:38,9170.34,6838.85
2022-07-24 20:15:37,9171.5,6837.69
2022-07-24 20:15:36,9207.08,6802.11
2022-07-24 20:15:35,9211.68,6797.51
2022-07-24 20:15:34,9259.04,6750.14
2022-07-24 20:15:33,9298.12,6711.07
2022-07-24 20:15:32,9436.18,6573.01
2022-07-24 20:15:31,9736.14,6273.04
2022-07-24 20:15:30,10012.7,5996.47
2022-07-24 20:15:29,10427.3,5581.84
2022-07-24 20:15:28,10660.6,5348.59
2022-07-24 20:15:27,10936.7,5072.44
2022-07-24 20:15:26,11087.1,4922.06
2022-07-24 20:15:25,11314.3,4694.92
2022-07-24 20:15:24,11463.6,4545.59
2022-07-24 20:15:23,11612.5,4396.71
2022-07-24 20:15:22,11245.8,4763.42
2022-07-24 20:15:21,10347.4,5661.75
2022-07-24 20:15:20,10429.1,5580.13
2022-07-24 20:15:19,9945.67,6063.52
2022-07-24 20:15:18,9360.33,6648.86
2022-07-24 20:15:17,9363.45,6645.74
2022-07-24 20:15:16,9363.49,6645.7
2022-07-24 20:15:15,9364.22,6644.97
2022-07-24 20:15:14,9374.18,6635.01
2022-07-24 20:15:13,9374.7,6634.48
2022-07-24 20:15:12,9376.02,6633.16
2022-07-24 20:15:11,9387.95,6621.23
2022-07-24 20:15:10,9402.67,6606.52
2022-07-24 20:15:09,9404.42,6604.77
2022-07-24 20:15:08,9413.52,6595.67
2022-07-24 20:15:07,9432.79,6576.4
2022-07-24 20:15:06,9465.45,6543.74
2022-07-24 20:15:05,9467.55,6541.64
2022-07-24 20:15:04,9488.48,6520.7
2022-07-24 20:15:03,9516.3,6492.88
2022-07-24 20:15:02,9534.21,6474.97
2022-07-24 20:15:01,9558.04,6451.14
2022-07-24 20:15:00,9594.96,6414.23
2022-07-24 20:14:59,9610.73,6398.46
2022-07-24 20:14:58,9638.18,6371.01
2022-07-24 20:14:57,9688.62,6320.57
2022-07-24 20:14:56,9769.74,6239.45
2022-07-24 20:14:55,9786.87,6222.31
2022-07-24 20:14:54,10054.1,5955.04
2022-07-24 20:14:53,10148.2,5860.94
2022-07-24 20:14:52,10477.8,5531.42
2022-07-24 20:14:51,10674,5335.17
2022-07-24 20:14:50,10987.5,5021.68
2022-07-24 20:14:49,11221.5,4787.7
2022-07-24 20:14:48,11405.7,4603.47
2022-07-24 20:14:47,11526.3,4482.93
2022-07-24 20:14:46,11676.6,4332.62
2022-07-24 20:14:45,11336.7,4672.49
2022-07-24 20:14:44,10326,5683.15
2022-07-24 20:14:43,10387.8,5621.36
2022-07-24 20:14:42,9295.03,6714.16
2022-07-24 20:14:41,9300.66,6708.53
2022-07-24 20:14:40,9300.1,6709.09
2022-07-24 20:14:39,9308.31,6700.88
2022-07-24 20:14:38,9320.37,6688.82
2022-07-24 20:14:37,9321.1,6688.09
2022-07-24 20:14:36,9326.14,6683.05
2022-07-24 20:14:35,9335.23,6673.95
2022-07-24 20:14:34,9335.84,6673.35
2022-07-24 20:14:33,9324.93,6684.26
2022-07-24 20:14:32,9362.58,6646.61
2022-07-24 20:14:31,9362.68,6646.51
2022-07-24 20:14:30,9364.8,6644.38
2022-07-24 20:14:29,9389.93,6619.25
2022-07-24 20:14:28,9390.67,6618.52
2022-07-24 20:14:27,9395.4,6613.79
2022-07-24 20:14:26,9418.36,6590.83
2022-07-24 20:14:25,9451.19,6558
2022-07-24 20:14:24,9446.67,6562.52
2022-07-24 20:14:23,9474,6535.18
2022-07-24 20:14:22,9486.5,6522.69
2022-07-24 20:14:21,9541,6468.19
2022-07-24 20:14:20,9580.55,6428.63
2022-07-24 20:14:19,9627.65,6381.54
2022-07-24 20:14:18,9698.87,6310.32
2022-07-24 20:14:17,10091.1,5918.05
2022-07-24 20:14:16,10402.8,5606.42
2022-07-24 20:14:15,10587.6,5421.6
2022-07-24 20:14:14,10760.4,5248.8
2022-07-24 20:14:13,11041.1,4968.06
2022-07-24 20:14:12,11273.2,4736.03
2022-07-24 20:14:11,11435.5,4573.7
2022-07-24 20:14:10,11591.1,4418.12
2022-07-24 20:14:09,11729.1,4280.04
2022-07-24 20:14:08,11366.4,4642.83
2022-07-24 20:14:07,10351.3,5657.88
2022-07-24 20:14:06,9887.52,6121.67
2022-07-24 20:14:05,9379.32,6629.86
2022-07-24 20:14:04,9380.57,6628.61
2022-07-24 20:14:03,9381.71,6627.47
2022-07-24 20:14:02,9387.38,6621.8
2022-07-24 20:14:01,9387.46,6621.72
2022-07-24 20:14:00,9400.75,6608.43
2022-07-24 20:13:59,9404.51,6604.68
2022-07-24 20:13:58,9405.73,6603.46
2022-07-24 20:13:57,9408.61,6600.58
2022-07-24 20:13:56,9450.48,6558.71
2022-07-24 20:13:55,9450,6559.18
2022-07-24 20:13:54,9453.12,6556.07
2022-07-24 20:13:53,9454.96,6554.23
2022-07-24 20:13:52,9505.35,6503.84
2022-07-24 20:13:51,9513.77,6495.42
2022-07-24 20:13:50,9517.01,6492.18
2022-07-24 20:13:49,9573.52,6435.66
2022-07-24 20:13:48,9595.27,6413.91
2022-07-24 20:13:47,9597.34,6411.85
2022-07-24 20:13:46,9652.32,6356.87
2022-07-24 20:13:45,9680.68,6328.51
2022-07-24 20:13:44,9708.61,6300.58
2022-07-24 20:13:43,9773.68,6235.5
2022-07-24 20:13:42,9807.64,6201.54
2022-07-24 20:13:41,9893.8,6115.39
2022-07-24 20:13:40,10177.1,5832.14
2022-07-24 20:13:39,10356.2,5653.01
2022-07-24 20:13:38,10455.5,5553.65
2022-07-24 20:13:37,11027.1,4982.04
2022-07-24 20:13:36,11211.8,4797.36
2022-07-24 20:13:35,11332.9,4676.28
2022-07-24 20:13:34,11446,4563.15
2022-07-24 20:13:33,11579,4430.19
2022-07-24 20:13:32,11714.4,4294.78
2022-07-24 20:13:31,11715.4,4293.79
2022-07-24 20:13:30,10445.6,5563.62
2022-07-24 20:13:29,9319.04,6690.15
2022-07-24 20:13:28,9330.12,6679.07
2022-07-24 20:13:27,9343.12,6666.07
2022-07-24 20:13:26,9344.84,6664.34
2022-07-24 20:13:25,9346.21,6662.98
2022-07-24 20:13:24,9355.49,6653.7
2022-07-24 20:13:23,9366.32,6642.86
2022-07-24 20:13:22,9366.57,6642.61
2022-07-24 20:13:21,9373.63,6635.56
2022-07-24 20:13:20,9385.55,6623.64
2022-07-24 20:13:19,9386.76,6622.43
2022-07-24 20:13:18,9394.09,6615.1
2022-07-24 20:13:17,9409.02,6600.17
2022-07-24 20:13:16,9423.68,6585.5
2022-07-24 20:13:15,9400.54,6608.65
2022-07-24 20:13:14,9440.59,6568.6
2022-07-24 20:13:13,9443.35,6565.84
2022-07-24 20:13:12,9456.67,6552.52
2022-07-24 20:13:11,9498.89,6510.3
2022-07-24 20:13:10,9515.95,6493.24
2022-07-24 20:13:09,9530,6479.19
2022-07-24 20:13:08,9542.2,6466.99
2022-07-24 20:13:07,9570.45,6438.74
2022-07-24 20:13:06,9597.05,6412.13
2022-07-24 20:13:05,9649.85,6359.34
2022-07-24 20:13:04,9788.36,6220.83
2022-07-24 20:13:03,9959.77,6049.42
2022-07-24 20:13:02,10153.3,5855.91
2022-07-24 20:13:01,10704.7,5304.52
2022-07-24 20:13:00,10901.1,5108.13
2022-07-24 20:12:59,11066.4,4942.8
2022-07-24 20:12:58,11310.1,4699.12
2022-07-24 20:12:57,11483.1,4526.13
2022-07-24 20:12:56,11588.7,4420.54
2022-07-24 20:12:55,11766.6,4242.57
2022-07-24 20:12:54,11282.9,4726.26
2022-07-24 20:12:53,10367.5,5641.7
2022-07-24 20:12:52,9311.24,6697.94
2022-07-24 20:12:51,9312.62,6696.57
2022-07-24 20:12:50,9313.98,6695.21
2022-07-24 20:12:49,9320.63,6688.56
2022-07-24 20:12:48,9320.53,6688.66
2022-07-24 20:12:47,9323.56,6685.63
2022-07-24 20:12:46,9331.75,6677.44
2022-07-24 20:12:45,9334.45,6674.74
2022-07-24 20:12:44,9333.28,6675.91
2022-07-24 20:12:43,9354.48,6654.71
2022-07-24 20:12:42,9354.91,6654.27
2022-07-24 20:12:41,9356.66,6652.53
2022-07-24 20:12:40,9390.77,6618.41
2022-07-24 20:12:39,9402.31,6606.88
2022-07-24 20:12:38,9408.57,6600.61
2022-07-24 20:12:37,9415.64,6593.55
2022-07-24 20:12:36,9461.93,6547.26
2022-07-24 20:12:35,9474.91,6534.28
2022-07-24 20:12:34,9481.93,6527.26
2022-07-24 20:12:33,9533.47,6475.72
2022-07-24 20:12:32,9537.08,6472.11
2022-07-24 20:12:31,9561.44,6447.75
2022-07-24 20:12:30,9602.83,6406.36
2022-07-24 20:12:29,9668.05,6341.14
2022-07-24 20:12:28,9680.58,6328.61
2022-07-24 20:12:27,9812.35,6196.84
2022-07-24 20:12:26,10102.9,5906.32
2022-07-24 20:12:25,10208.8,5800.43
2022-07-24 20:12:24,10680,5329.17
2022-07-24 20:12:23,11086.9,4922.34
2022-07-24 20:12:22,11246,4763.23
2022-07-24 20:12:21,11352.9,4656.24
2022-07-24 20:12:20,11475.8,4533.41
2022-07-24 20:12:19,11560.8,4448.39
2022-07-24 20:12:18,11745.3,4263.93
2022-07-24 20:12:17,11909,4100.2
2022-07-24 20:12:16,11562.9,4446.29
2022-07-24 20:12:15,9423.86,6585.33
2022-07-24 20:12:14,9427.2,6581.99
2022-07-24 20:12:13,9437.95,6571.23
2022-07-24 20:12:12,9443.27,6565.91
2022-07-24 20:12:11,9443.33,6565.86
2022-07-24 20:12:10,9460.26,6548.93
2022-07-24 20:12:09,9478.64,6530.55
2022-07-24 20:12:08,9485.91,6523.28
2022-07-24 20:12:07,9488.55,6520.64
2022-07-24 20:12:06,9518.08,6491.11
2022-07-24 20:12:05,9524.15,6485.04
2022-07-24 20:12:04,9526.27,6482.92
2022-07-24 20:12:03,9551.65,6457.54
2022-07-24 20:12:02,9585.14,6424.05
2022-07-24 20:12:01,9588.04,6421.15
2022-07-24 20:12:00,9626.86,6382.32
2022-07-24 20:11:59,9644.2,6364.99
2022-07-24 20:11:58,9646.26,6362.93
2022-07-24 20:11:57,9692.3,6316.89
2022-07-24 20:11:56,9710.66,6298.53
2022-07-24 20:11:55,9741.6,6267.59
2022-07-24 20:11:54,9763.19,6246
2022-07-24 20:11:53,9783.02,6226.16
2022-07-24 20:11:52,9817.52,6191.66
2022-07-24 20:11:51,9842.37,6166.82
2022-07-24 20:11:50,9890.13,6119.05
2022-07-24 20:11:49,10074.2,5934.95
2022-07-24 20:11:48,10228,5781.22
2022-07-24 20:11:47,10554.6,5454.54
2022-07-24 20:11:46,10666.1,5343.11
2022-07-24 20:11:45,10974.3,5034.87
2022-07-24 20:11:44,11235.2,4774.01
2022-07-24 20:11:43,11397.6,4611.6
2022-07-24 20:11:42,11531,4478.14
2022-07-24 20:11:41,11694,4315.18
2022-07-24 20:11:40,11853,4156.19
2022-07-24 20:11:39,11482.9,4526.27
2022-07-24 20:11:38,10536.5,5472.73
2022-07-24 20:11:37,9440.78,6568.41
2022-07-24 20:11:36,9446.72,6562.47
2022-07-24 20:11:35,9460.09,6549.09
2022-07-24 20:11:34,9459.37,6549.82
2022-07-24 20:11:33,9465.45,6543.73
2022-07-24 20:11:32,9466.53,6542.65
2022-07-24 20:11:31,9484.54,6524.64
2022-07-24 20:11:30,9492.58,6516.61
2022-07-24 20:11:29,9494.94,6514.24
2022-07-24 20:11:28,9519.13,6490.06
2022-07-24 20:11:27,9536.05,6473.14
2022-07-24 20:11:26,9538.63,6470.55
2022-07-24 20:11:25,9546.66,6462.52
2022-07-24 20:11:24,9602.5,6406.68
2022-07-24 20:11:23,9611.95,6397.24
2022-07-24 20:11:22,9616.12,6393.07
2022-07-24 20:11:21,9677.97,6331.21
2022-07-24 20:11:20,9690.66,6318.53
2022-07-24 20:11:19,9691.32,6317.87
2022-07-24 20:11:18,9740.67,6268.52
2022-07-24 20:11:17,9728.16,6281.03
2022-07-24 20:11:16,9766.17,6243.02
2022-07-24 20:11:15,9798.13,6211.06
2022-07-24 20:11:14,9840.3,6168.89
2022-07-24 20:11:13,9910.75,6098.44
2022-07-24 20:11:12,9981.69,6027.5
2022-07-24 20:11:11,10349.9,5659.32
2022-07-24 20:11:10,10569.3,5439.88
2022-07-24 20:11:09,10660.1,5349.07
2022-07-24 20:11:08,11142.7,4866.49
2022-07-24 20:11:07,11264.3,4744.84
2022-07-24 20:11:06,11385.7,4623.44
2022-07-24 20:11:05,11531,4478.19
2022-07-24 20:11:04,11662.4,4346.81
2022-07-24 20:11:03,11823,4186.18
2022-07-24 20:11:02,11178.7,4830.52
2022-07-24 20:11:01,10425.3,5583.91
2022-07-24 20:11:00,9184.52,6824.67
2022-07-24 20:10:59,9186.36,6822.83
2022-07-24 20:10:58,9186.44,6822.75
2022-07-24 20:10:57,9192.18,6817
2022-07-24 20:10:56,9191.02,6818.17
2022-07-24 20:10:55,9192.38,6816.81
2022-07-24 20:10:54,9197.62,6811.57
2022-07-24 20:10:53,9207.12,6802.07
2022-07-24 20:10:52,9208.36,6800.83
2022-07-24 20:10:51,9227.96,6781.23
2022-07-24 20:10:50,9240.96,6768.23
2022-07-24 20:10:49,9240.02,6769.17
2022-07-24 20:10:48,9241.02,6768.16
2022-07-24 20:10:47,9271.73,6737.46
2022-07-24 20:10:46,9271.91,6737.27
2022-07-24 20:10:45,9273.72,6735.46
2022-07-24 20:10:44,9277.41,6731.77
2022-07-24 20:10:43,9289.56,6719.63
2022-07-24 20:10:42,9290.09,6719.09
2022-07-24 20:10:41,9306.54,6702.64
2022-07-24 20:10:40,9325.56,6683.63
2022-07-24 20:10:39,9327,6682.18
2022-07-24 20:10:38,9357.48,6651.71
2022-07-24 20:10:37,9371.37,6637.82
2022-07-24 20:10:36,9546.34,6462.84
2022-07-24 20:10:35,9581.92,6427.27
2022-07-24 20:10:34,9654.72,6354.46
2022-07-24 20:10:33,10068.6,5940.6
2022-07-24 20:10:32,10667,5342.15
2022-07-24 20:10:31,11018.4,4990.75
2022-07-24 20:10:30,11232.8,4776.44
2022-07-24 20:10:29,11359,4650.19
2022-07-24 20:10:28,11493.5,4515.67
2022-07-24 20:10:27,11576,4433.17
2022-07-24 20:10:26,11776.3,4232.92
2022-07-24 20:10:25,11944.2,4064.96
2022-07-24 20:10:24,11038.6,4970.58
2022-07-24 20:10:23,9512.41,6496.77
2022-07-24 20:10:22,9522.25,6486.94
2022-07-24 20:10:21,9524.87,6484.32
2022-07-24 20:10:20,9527.36,6481.83
2022-07-24 20:10:19,9527.34,6481.84
2022-07-24 20:10:18,9541.92,6467.27
2022-07-24 20:10:17,9543.44,6465.75
2022-07-24 20:10:16,9546.13,6463.06
2022-07-24 20:10:15,9549.76,6459.43
2022-07-24 20:10:14,9571.83,6437.36
2022-07-24 20:10:13,9571.85,6437.34
2022-07-24 20:10:12,9575.79,6433.4
2022-07-24 20:10:11,9574.59,6434.6
2022-07-24 20:10:10,9603.21,6405.98
2022-07-24 20:10:09,9603.18,6406.01
2022-07-24 20:10:08,9631.75,6377.43
2022-07-24 20:10:07,9660.5,6348.69
2022-07-24 20:10:06,9663.59,6345.6
2022-07-24 20:10:05,9685.49,6323.7
2022-07-24 20:10:04,9755.63,6253.55
2022-07-24 20:10:03,9758.51,6250.68
2022-07-24 20:10:02,9789.95,6219.24
2022-07-24 20:10:01,9879.21,6129.97
2022-07-24 20:10:00,9891.84,6117.35
2022-07-24 20:09:59,10029.9,5979.34
2022-07-24 20:09:58,10096.8,5912.41
2022-07-24 20:09:57,10260,5749.21
2022-07-24 20:09:56,10607.5,5401.72
2022-07-24 20:09:55,10773.1,5236.05
2022-07-24 20:09:54,10912.7,5096.51
2022-07-24 20:09:53,11060.2,4948.99
2022-07-24 20:09:52,11192.3,4816.88
2022-07-24 20:09:51,11428.7,4580.5
2022-07-24 20:09:50,11596.3,4412.93
2022-07-24 20:09:49,11755.7,4253.48
2022-07-24 20:09:48,11912.1,4097.12
2022-07-24 20:09:47,10548.9,5460.3
2022-07-24 20:09:46,9956.45,6052.74
2022-07-24 20:09:45,9490.28,6518.91
2022-07-24 20:09:44,9500.06,6509.12
2022-07-24 20:09:43,9499.97,6509.21
2022-07-24 20:09:42,9502.12,6507.07
2022-07-24 20:09:41,9516.99,6492.2
2022-07-24 20:09:40,9519.06,6490.13
2022-07-24 20:09:39,9520.98,6488.21
2022-07-24 20:09:38,9539.32,6469.87
2022-07-24 20:09:37,9539.37,6469.82
2022-07-24 20:09:36,9539.47,6469.71
2022-07-24 20:09:35,9567.7,6441.49
2022-07-24 20:09:34,9590.12,6419.07
2022-07-24 20:09:33,9609.2,6399.99
2022-07-24 20:09:32,9644.78,6364.41
2022-07-24 20:09:31,9667.5,6341.69
2022-07-24 20:09:30,9691.65,6317.53
2022-07-24 20:09:29,9728.66,6280.53
2022-07-24 20:09:28,9728.61,6280.58
2022-07-24 20:09:27,9760.54,6248.65
2022-07-24 20:09:26,9788,6221.19
2022-07-24 20:09:25,9791.79,6217.39
2022-07-24 20:09:24,9855.25,6153.94
2022-07-24 20:09:23,9869.58,6139.61
2022-07-24 20:09:22,9887.39,6121.8
2022-07-24 20:09:21,9983.7,6025.49
2022-07-24 20:09:20,10148.8,5860.38
2022-07-24 20:09:19,10218.6,5790.54
2022-07-24 20:09:18,10450.8,5558.34
2022-07-24 20:09:17,10597.4,5411.79
2022-07-24 20:09:16,10712.8,5296.39
2022-07-24 20:09:15,10990.6,5018.63
2022-07-24 20:09:14,11119.4,4889.75
2022-07-24 20:09:13,11232.4,4776.8
2022-07-24 20:09:12,11465.2,4544
2022-07-24 20:09:11,11592.9,4416.31
2022-07-24 20:09:10,11702.3,4306.85
2022-07-24 20:09:09,11856.5,4152.71
2022-07-24 20:09:08,12021.3,3987.93
2022-07-24 20:09:07,11186,4823.16
2022-07-24 20:09:06,10253.2,5756.01
2022-07-24 20:09:05,9676.7,6332.49
2022-07-24 20:09:04,9185.94,6823.25
2022-07-24 20:09:03,9185.59,6823.6
2022-07-24 20:09:02,9189.76,6819.43
2022-07-24 20:09:01,9191.14,6818.05
2022-07-24 20:09:00,9197.23,6811.96
2022-07-24 20:08:59,9195.94,6813.25
2022-07-24 20:08:58,9204.42,6804.77
2022-07-24 20:08:57,9206.21,6802.98
2022-07-24 20:08:56,9215.86,6793.33
2022-07-24 20:08:55,9214.68,6794.51
2022-07-24 20:08:54,9245.41,6763.77
2022-07-24 20:08:53,9244.4,6764.79
2022-07-24 20:08:52,9253.86,6755.32
2022-07-24 20:08:51,9258.37,6750.81
2022-07-24 20:08:50,9275.36,6733.83
2022-07-24 20:08:49,9313.35,6695.84
2022-07-24 20:08:48,9315.57,6693.62
2022-07-24 20:08:47,9316.95,6692.23
2022-07-24 20:08:46,9355.07,6654.12
2022-07-24 20:08:45,9381.65,6627.54
2022-07-24 20:08:44,9389.64,6619.54
2022-07-24 20:08:43,9428.7,6580.49
2022-07-24 20:08:42,9458.1,6551.09
2022-07-24 20:08:41,9458.39,6550.79
2022-07-24 20:08:40,9492.33,6516.86
2022-07-24 20:08:39,9579.05,6430.13
2022-07-24 20:08:38,9579.79,6429.4
2022-07-24 20:08:37,9615.93,6393.25
2022-07-24 20:08:36,9738.2,6270.99
2022-07-24 20:08:35,9827.92,6181.27
2022-07-24 20:08:34,10058.6,5950.57
2022-07-24 20:08:33,10274.3,5734.94
2022-07-24 20:08:32,10522,5487.16
2022-07-24 20:08:31,10738.4,5270.79
2022-07-24 20:08:30,11008.3,5000.84
2022-07-24 20:08:29,11185.2,4823.97
2022-07-24 20:08:28,11376.4,4632.8
2022-07-24 20:08:27,11555.5,4453.69
2022-07-24 20:08:26,11708.2,4301.03
2022-07-24 20:08:25,11871.8,4137.44
2022-07-24 20:08:24,12019.2,3989.97
2022-07-24 20:08:23,11155.4,4853.81
2022-07-24 20:08:22,10256.3,5752.84
2022-07-24 20:08:21,10305.4,5703.79
2022-07-24 20:08:20,9691.72,6317.47
2022-07-24 20:08:19,9079.78,6929.41
2022-07-24 20:08:18,9083.17,6926.02
2022-07-24 20:08:17,9093.24,6915.95
2022-07-24 20:08:16,9093.25,6915.94
2022-07-24 20:08:15,9104.07,6905.11
2022-07-24 20:08:14,9104.77,6904.42
2022-07-24 20:08:13,9119.61,6889.58
2022-07-24 20:08:12,9119.83,6889.36
2022-07-24 20:08:11,9127.75,6881.44
2022-07-24 20:08:10,9129.38,6879.81
2022-07-24 20:08:09,9139.85,6869.34
2022-07-24 20:08:08,9139.68,6869.5
2022-07-24 20:08:07,9153.69,6855.5
2022-07-24 20:08:06,9153.95,6855.23
2022-07-24 20:08:05,9169.3,6839.89
2022-07-24 20:08:04,9169.79,6839.39
2022-07-24 20:08:03,9182.64,6826.55
2022-07-24 20:08:02,9195.99,6813.2
2022-07-24 20:08:01,9197.76,6811.43
2022-07-24 20:08:00,9240.42,6768.77
2022-07-24 20:07:59,9254.56,6754.63
2022-07-24 20:07:58,9257.99,6751.2
2022-07-24 20:07:57,9274.61,6734.57
2022-07-24 20:07:56,9331.79,6677.4
2022-07-24 20:07:55,9320.48,6688.71
2022-07-24 20:07:54,9341.78,6667.41
2022-07-24 20:07:53,9404.43,6604.75
2022-07-24 20:07:52,9441.69,6567.5
2022-07-24 20:07:51,9575.05,6434.13
2022-07-24 20:07:50,9748.07,6261.12
2022-07-24 20:07:49,9995.13,6014.06
2022-07-24 20:07:48,10236.9,5772.25
2022-07-24 20:07:47,10456,5553.18
2022-07-24 20:07:46,10566.3,5442.92
2022-07-24 20:07:45,10695.6,5313.59
2022-07-24 20:07:44,11302.6,4706.59
2022-07-24 20:07:43,11442.3,4566.92
2022-07-24 20:07:42,11611.9,4397.31
2022-07-24 20:07:41,11796.9,4212.29
2022-07-24 20:07:40,11974.2,4034.98
2022-07-24 20:07:39,11588.9,4420.24
2022-07-24 20:07:38,11220.1,4789.07
2022-07-24 20:07:37,10300.9,5708.31
2022-07-24 20:07:36,9719.06,6290.13
2022-07-24 20:07:35,9224.96,6784.23
2022-07-24 20:07:34,9234.52,6774.66
2022-07-24 20:07:33,9233.77,6775.42
2022-07-24 20:07:32,9245.11,6764.07
2022-07-24 20:07:31,9243.74,6765.45
2022-07-24 20:07:30,9261.72,6747.47
2022-07-24 20:07:29,9260.96,6748.23
2022-07-24 20:07:28,9271.96,6737.23
2022-07-24 20:07:27,9288.96,6720.22
2022-07-24 20:07:26,9298.76,6710.43
2022-07-24 20:07:25,9300.46,6708.73
2022-07-24 20:07:24,9337.29,6671.9
2022-07-24 20:07:23,9355.43,6653.76
2022-07-24 20:07:22,9369.8,6639.39
2022-07-24 20:07:21,9373.14,6636.05
2022-07-24 20:07:20,9399.85,6609.34
2022-07-24 20:07:19,9434.27,6574.92
2022-07-24 20:07:18,9452.29,6556.89
2022-07-24 20:07:17,9455.78,6553.41
2022-07-24 20:07:16,9516.01,6493.18
2022-07-24 20:07:15,9535.38,6473.81
2022-07-24 20:07:14,9534.33,6474.86
2022-07-24 20:07:13,9548.86,6460.32
2022-07-24 20:07:12,9591.78,6417.41
2022-07-24 20:07:11,9605.59,6403.6
2022-07-24 20:07:10,9622.91,6386.27
2022-07-24 20:07:09,9640.96,6368.23
2022-07-24 20:07:08,9680.29,6328.9
2022-07-24 20:07:07,9745.2,6263.99
2022-07-24 20:07:06,9877.3,6131.89
2022-07-24 20:07:05,10118.3,5890.88
2022-07-24 20:07:04,10304.4,5704.8
2022-07-24 20:07:03,10525.4,5483.77
2022-07-24 20:07:02,10724.1,5285.13
2022-07-24 20:07:01,11077.6,4931.61
2022-07-24 20:07:00,11296.5,4712.68
2022-07-24 20:06:59,11473.4,4535.78
2022-07-24 20:06:58,11629.8,4379.43
2022-07-24 20:06:57,11727.6,4281.62
2022-07-24 20:06:56,11889.5,4119.67
2022-07-24 20:06:55,12030.6,3978.62
2022-07-24 20:06:54,11395.5,4613.73
2022-07-24 20:06:53,10798.9,5210.28
2022-07-24 20:06:52,9681.23,6327.95
2022-07-24 20:06:51,9181.77,6827.42
2022-07-24 20:06:50,9183.64,6825.55
2022-07-24 20:06:49,9183.64,6825.54
2022-07-24 20:06:48,9195.62,6813.56
2022-07-24 20:06:47,9198.45,6810.74
2022-07-24 20:06:46,9201.21,6807.97
2022-07-24 20:06:45,9204.48,6804.71
2022-07-24 20:06:44,9213.78,6795.4
2022-07-24 20:06:43,9214.08,6795.11
2022-07-24 20:06:42,9216.28,6792.91
2022-07-24 20:06:41,9218.91,6790.28
2022-07-24 20:06:40,9246.04,6763.15
2022-07-24 20:06:39,9253.11,6756.08
2022-07-24 20:06:38,9271.32,6737.87
2022-07-24 20:06:37,9264.65,6744.54
2022-07-24 20:06:36,9296.14,6713.04
2022-07-24 20:06:35,9311.05,6698.14
2022-07-24 20:06:34,9334.83,6674.36
2022-07-24 20:06:33,9346.46,6662.72
2022-07-24 20:06:32,9368.13,6641.06
2022-07-24 20:06:31,9393.34,6615.85
2022-07-24 20:06:30,9424.57,6584.62
2022-07-24 20:06:29,9425.79,6583.4
2022-07-24 20:06:28,9456.16,6553.02
2022-07-24 20:06:27,9504.88,6504.3
2022-07-24 20:06:26,9511.42,6497.77
2022-07-24 20:06:25,9521.96,6487.23
2022-07-24 20:06:24,9655.06,6354.12
2022-07-24 20:06:23,9748.46,6260.73
2022-07-24 20:06:22,9972.96,6036.23
2022-07-24 20:06:21,10169.7,5839.45
2022-07-24 20:06:20,10226.2,5783
2022-07-24 20:06:19,10659.6,5349.59
2022-07-24 20:06:18,10857.9,5151.27
2022-07-24 20:06:17,10974.5,5034.69
2022-07-24 20:06:16,11154.1,4855.14
2022-07-24 20:06:15,11340.1,4669.1
2022-07-24 20:06:14,11593.7,4415.46
2022-07-24 20:06:13,11741.7,4267.5
2022-07-24 20:06:12,11895.3,4113.91
2022-07-24 20:06:11,10996.5,5012.73
2022-07-24 20:06:10,11113.3,4895.91
2022-07-24 20:06:09,10065.7,5943.5
2022-07-24 20:06:08,10133.8,5875.4
2022-07-24 20:06:07,9686.02,6323.17
2022-07-24 20:06:06,9174.35,6834.84
2022-07-24 20:06:05,9183.36,6825.82
2022-07-24 20:06:04,9183.6,6825.59
2022-07-24 20:06:03,9185.89,6823.29
2022-07-24 20:06:02,9186.09,6823.1
2022-07-24 20:06:01,9215.78,6793.41
2022-07-24 20:06:00,9218.64,6790.54
2022-07-24 20:05:59,9220.07,6789.12
2022-07-24 20:05:58,9223.45,6785.74
2022-07-24 20:05:57,9244.8,6764.39
2022-07-24 20:05:56,9271.62,6737.57
2022-07-24 20:05:55,9271.67,6737.52
2022-07-24 20:05:54,9275.25,6733.94
2022-07-24 20:05:53,9289.14,6720.05
2022-07-24 20:05:52,9343.46,6665.73
2022-07-24 20:05:51,9346.14,6663.05
2022-07-24 20:05:50,9349.51,6659.68
2022-07-24 20:05:49,9381.93,6627.26
2022-07-24 20:05:48,9441.15,6568.04
2022-07-24 20:05:47,9436.58,6572.61
2022-07-24 20:05:46,9454.23,6554.96
2022-07-24 20:05:45,9494.64,6514.54
2022-07-24 20:05:44,9530.78,6478.41
2022-07-24 20:05:43,9580.02,6429.17
2022-07-24 20:05:42,9595.25,6413.93
2022-07-24 20:05:41,9622.05,6387.14
2022-07-24 20:05:40,9668.51,6340.68
2022-07-24 20:05:39,9812.54,6196.64
2022-07-24 20:05:38,9826,6183.19
2022-07-24 20:05:37,9953.65,6055.54
2022-07-24 20:05:36,10512.4,5496.77
2022-07-24 20:05:35,10804.3,5204.94
2022-07-24 20:05:34,10891,5118.22
2022-07-24 20:05:33,10999,5010.21
2022-07-24 20:05:32,11219.2,4789.94
2022-07-24 20:05:31,11323.1,4686.12
2022-07-24 20:05:30,11418.5,4590.71
2022-07-24 20:05:29,11685.5,4323.71
2022-07-24 20:05:28,11860.8,4148.36
2022-07-24 20:05:27,12027,3982.16
2022-07-24 20:05:26,11145.6,4863.59
2022-07-24 20:05:25,10077.1,5932.12
2022-07-24 20:05:24,9636.75,6372.44
2022-07-24 20:05:23,9682.41,6326.78
2022-07-24 20:05:22,9174.63,6834.56
2022-07-24 20:05:21,9178.12,6831.07
2022-07-24 20:05:20,9181.36,6827.82
2022-07-24 20:05:19,9190.73,6818.46
2022-07-24 20:05:18,9191.21,6817.98
2022-07-24 20:05:17,9197.12,6812.06
2022-07-24 20:05:16,9195.66,6813.52
2022-07-24 20:05:15,9209.78,6799.41
2022-07-24 20:05:14,9210.42,6798.77
2022-07-24 20:05:13,9233,6776.19
2022-07-24 20:05:12,9233.19,6776
2022-07-24 20:05:11,9245.36,6763.83
2022-07-24 20:05:10,9246.37,6762.82
2022-07-24 20:05:09,9247.83,6761.36
2022-07-24 20:05:08,9288.32,6720.87
2022-07-24 20:05:07,9306.15,6703.04
2022-07-24 20:05:06,9324.7,6684.49
2022-07-24 20:05:05,9342.73,6666.45
2022-07-24 20:05:04,9370.75,6638.44
2022-07-24 20:05:03,9388.46,6620.73
2022-07-24 20:05:02,9421.61,6587.57
2022-07-24 20:05:01,9444.46,6564.72
2022-07-24 20:05:00,9483.61,6525.58
2022-07-24 20:04:59,9487.39,6521.79
2022-07-24 20:04:58,9585.61,6423.58
2022-07-24 20:04:57,9595.75,6413.44
2022-07-24 20:04:56,9601.98,6407.21
2022-07-24 20:04:55,9719.52,6289.67
2022-07-24 20:04:54,9816.58,6192.61
2022-07-24 20:04:53,9876.47,6132.71
2022-07-24 20:04:52,10295.8,5713.42
2022-07-24 20:04:51,10679.3,5329.92
2022-07-24 20:04:50,10811.7,5197.52
2022-07-24 20:04:49,10974.6,5034.57
2022-07-24 20:04:48,11176.9,4832.25
2022-07-24 20:04:47,11291.4,4717.81
2022-07-24 20:04:46,11370.4,4638.74
2022-07-24 20:04:45,11639.1,4370.05
2022-07-24 20:04:44,11816.2,4192.97
2022-07-24 20:04:43,11988.3,4020.89
2022-07-24 20:04:42,12141.8,3867.42
2022-07-24 20:04:41,10182.6,5826.61
2022-07-24 20:04:40,9672.54,6336.65
2022-07-24 20:04:39,9667.71,6341.48
2022-07-24 20:04:38,9180.46,6828.73
2022-07-24 20:04:37,9184.27,6824.92
2022-07-24 20:04:36,9185.26,6823.93
2022-07-24 20:04:35,9190.38,6818.8
2022-07-24 20:04:34,9205.99,6803.2
2022-07-24 20:04:33,9208.16,6801.02
2022-07-24 20:04:32,9216.15,6793.04
2022-07-24 20:04:31,9225.04,6784.15
2022-07-24 20:04:30,9230.65,6778.54
2022-07-24 20:04:29,9237.76,6771.43
2022-07-24 20:04:28,9245.51,6763.68
2022-07-24 20:04:27,9260.09,6749.1
2022-07-24 20:04:26,9276.66,6732.52
2022-07-24 20:04:25,9277.96,6731.22
2022-07-24 20:04:24,9290.68,6718.51
2022-07-24 20:04:23,9304.72,6704.46
2022-07-24 20:04:22,9337.41,6671.78
2022-07-24 20:04:21,9354.78,6654.41
2022-07-24 20:04:20,9372.61,6636.58
2022-07-24 20:04:19,9385.37,6623.82
2022-07-24 20:04:18,9432.18,6577
2022-07-24 20:04:17,9459.67,6549.52
2022-07-24 20:04:16,9486,6523.19
2022-07-24 20:04:15,9509.76,6499.43
2022-07-24 20:04:14,9540.49,6468.7
2022-07-24 20:04:13,9604.43,6404.75
2022-07-24 20:04:12,9620.8,6388.39
2022-07-24 20:04:11,9679.98,6329.21
2022-07-24 20:04:10,9773.74,6235.45
2022-07-24 20:04:09,9984.93,6024.25
2022-07-24 20:04:08,10139.6,5869.58
2022-07-24 20:04:07,10434,5575.2
2022-07-24 20:04:06,10694.6,5314.59
2022-07-24 20:04:05,10781.6,5227.63
2022-07-24 20:04:04,11096.9,4912.24
2022-07-24 20:04:03,11334.9,4674.26
2022-07-24 20:04:02,11497.6,4511.57
2022-07-24 20:04:01,11621.4,4387.76
2022-07-24 20:04:00,11756.5,4252.65
2022-07-24 20:03:59,11904.2,4104.95
2022-07-24 20:03:58,11519.3,4489.9
2022-07-24 20:03:57,11170.8,4838.41
2022-07-24 20:03:56,10653.8,5355.35
2022-07-24 20:03:55,9706.34,6302.85
2022-07-24 20:03:54,9223.98,6785.21
2022-07-24 20:03:53,9232.43,6776.76
2022-07-24 20:03:52,9235.48,6773.71
2022-07-24 20:03:51,9237.03,6772.16
2022-07-24 20:03:50,9237.34,6771.85
2022-07-24 20:03:49,9248.32,6760.87
2022-07-24 20:03:48,9256.12,6753.07
2022-07-24 20:03:47,9262.44,6746.74
2022-07-24 20:03:46,9263.42,6745.77
2022-07-24 20:03:45,9272.84,6736.34
2022-07-24 20:03:44,9289.8,6719.38
2022-07-24 20:03:43,9294.72,6714.46
2022-07-24 20:03:42,9310.53,6698.66
2022-07-24 20:03:41,9321.52,6687.67
2022-07-24 20:03:40,9342.59,6666.59
2022-07-24 20:03:39,9356.08,6653.11
2022-07-24 20:03:38,9371.58,6637.61
2022-07-24 20:03:37,9392.27,6616.92
2022-07-24 20:03:36,9404.86,6604.33
2022-07-24 20:03:35,9434.46,6574.73
2022-07-24 20:03:34,9436.83,6572.36
2022-07-24 20:03:33,9473.9,6535.29
2022-07-24 20:03:32,9499.99,6509.2
2022-07-24 20:03:31,9513.47,6495.72
2022-07-24 20:03:30,9554.64,6454.55
2022-07-24 20:03:29,9575.94,6433.25
2022-07-24 20:03:28,9643.28,6365.91
2022-07-24 20:03:27,9718.51,6290.68
2022-07-24 20:03:26,9918.45,6090.73
2022-07-24 20:03:25,10136.1,5873.05
2022-07-24 20:03:24,10214.9,5794.27
2022-07-24 20:03:23,10394.2,5614.95
2022-07-24 20:03:22,10666.4,5342.8
2022-07-24 20:03:21,10751.5,5257.69
2022-07-24 20:03:20,11002.1,5007.11
2022-07-24 20:03:19,11139.6,4869.54
2022-07-24 20:03:18,11376.4,4632.75
2022-07-24 20:03:17,11529.4,4479.82
2022-07-24 20:03:16,11781.3,4227.86
2022-07-24 20:03:15,11360.1,4649.1
2022-07-24 20:03:14,10952.2,5056.94
2022-07-24 20:03:13,11064.5,4944.68
2022-07-24 20:03:12,10674.8,5334.39
2022-07-24 20:03:11,10232.7,5776.53
2022-07-24 20:03:10,9759.61,6249.58
2022-07-24 20:03:09,9653.84,6355.35
2022-07-24 20:03:08,9129.38,6879.81
2022-07-24 20:03:07,9131.42,6877.77
2022-07-24 20:03:06,9131.73,6877.45
2022-07-24 20:03:05,9132.6,6876.58
2022-07-24 20:03:04,9135.44,6873.75
2022-07-24 20:03:03,9136.29,6872.89
2022-07-24 20:03:02,9142.74,6866.45
2022-07-24 20:03:01,9147.33,6861.86
2022-07-24 20:03:00,9152.57,6856.62
2022-07-24 20:02:59,9153.84,6855.34
2022-07-24 20:02:58,9172.5,6836.69
2022-07-24 20:02:57,9194.28,6814.91
2022-07-24 20:02:56,9198.5,6810.69
2022-07-24 20:02:55,9220.01,6789.18
2022-07-24 20:02:54,9249.92,6759.27
2022-07-24 20:02:53,9251.66,6757.53
2022-07-24 20:02:52,9272.29,6736.9
2022-07-24 20:02:51,9313.29,6695.89
2022-07-24 20:02:50,9333.44,6675.75
2022-07-24 20:02:49,9341.41,6667.78
2022-07-24 20:02:48,9376.1,6633.09
2022-07-24 20:02:47,9398.22,6610.97
2022-07-24 20:02:46,9432.48,6576.71
2022-07-24 20:02:45,9485.71,6523.47
2022-07-24 20:02:44,9509.25,6499.94
2022-07-24 20:02:43,9520.31,6488.88
2022-07-24 20:02:42,9670.57,6338.61
2022-07-24 20:02:41,9713.29,6295.9
2022-07-24 20:02:40,9864.47,6144.71
2022-07-24 20:02:39,10205.7,5803.52
2022-07-24 20:02:38,10522.4,5486.77
2022-07-24 20:02:37,10661.4,5347.78
2022-07-24 20:02:36,10829.4,5179.75
2022-07-24 20:02:35,10972.1,5037.13
2022-07-24 20:02:34,11104.7,4904.45
2022-07-24 20:02:33,11232.1,4777.13
2022-07-24 20:02:32,11371.5,4637.65
2022-07-24 20:02:31,11535.6,4473.58
2022-07-24 20:02:30,11971.3,4037.93
2022-07-24 20:02:29,10620.7,5388.53
2022-07-24 20:02:28,10176.2,5832.98
2022-07-24 20:02:27,9711.23,6297.96
2022-07-24 20:02:26,9768.02,6241.17
2022-07-24 20:02:25,9819.88,6189.31
2022-07-24 20:02:24,9336.93,6672.25
2022-07-24 20:02:23,9339.39,6669.8
2022-07-24 20:02:22,9362.94,6646.25
2022-07-24 20:02:21,9363.04,6646.14
2022-07-24 20:02:20,9365.84,6643.35
2022-07-24 20:02:19,9381.36,6627.83
2022-07-24 20:02:18,9399.53,6609.66
2022-07-24 20:02:17,9400.94,6608.25
2022-07-24 20:02:16,9403.58,6605.61
2022-07-24 20:02:15,9410.85,6598.34
2022-07-24 20:02:14,9446.05,6563.14
2022-07-24 20:02:13,9456.77,6552.42
2022-07-24 20:02:12,9458.3,6550.89
2022-07-24 20:02:11,9471.18,6538.01
2022-07-24 20:02:10,9485.46,6523.73
2022-07-24 20:02:09,9533.66,6475.53
2022-07-24 20:02:08,9544.97,6464.22
2022-07-24 20:02:07,9564.43,6444.75
2022-07-24 20:02:06,9580.65,6428.54
2022-07-24 20:02:05,9636.95,6372.24
2022-07-24 20:02:04,9655.8,6353.39
2022-07-24 20:02:03,9673.81,6335.38
2022-07-24 20:02:02,9709.76,6299.43
2022-07-24 20:02:01,9746.53,6262.66
2022-07-24 20:02:00,9803.85,6205.34
2022-07-24 20:01:59,9829.02,6180.17
2022-07-24 20:01:58,9930.03,6079.15
2022-07-24 20:01:57,10001.3,6007.93
2022-07-24 20:01:56,10075.2,5934
2022-07-24 20:01:55,10455.1,5554.06
2022-07-24 20:01:54,10781.2,5228
2022-07-24 20:01:53,10891.9,5117.32
2022-07-24 20:01:52,11087.9,4921.28
2022-07-24 20:01:51,11201.8,4807.4
2022-07-24 20:01:50,11285.1,4724.09
2022-07-24 20:01:49,11404.5,4604.7
2022-07-24 20:01:48,11577.7,4431.48
2022-07-24 20:01:47,11731.6,4277.55
2022-07-24 20:01:46,11903.7,4105.46
2022-07-24 20:01:45,10633,5376.17
2022-07-24 20:01:44,10170.6,5838.63
2022-07-24 20:01:43,9703.91,6305.28
2022-07-24 20:01:42,9739.35,6269.84
2022-07-24 20:01:41,9783.39,6225.8
2022-07-24 20:01:40,9822.91,6186.28
2022-07-24 20:01:39,9314.3,6694.88
2022-07-24 20:01:38,9320.86,6688.33
2022-07-24 20:01:37,9321.04,6688.15
2022-07-24 20:01:36,9323.39,6685.79
2022-07-24 20:01:35,9333.58,6675.61
2022-07-24 20:01:34,9342.85,6666.34
2022-07-24 20:01:33,9344.89,6664.3
2022-07-24 20:01:32,9344.85,6664.34
2022-07-24 20:01:31,9352.76,6656.43
2022-07-24 20:01:30,9363.3,6645.89
2022-07-24 20:01:29,9385.88,6623.31
2022-07-24 20:01:28,9386.62,6622.57
2022-07-24 20:01:27,9405.3,6603.89
2022-07-24 20:01:26,9423.44,6585.75
2022-07-24 20:01:25,9475.18,6534.01
2022-07-24 20:01:24,9475.94,6533.25
2022-07-24 20:01:23,9492.22,6516.96
2022-07-24 20:01:22,9509.51,6499.68
2022-07-24 20:01:21,9572.41,6436.78
2022-07-24 20:01:20,9582.02,6427.17
2022-07-24 20:01:19,9601.22,6407.97
2022-07-24 20:01:18,9697.02,6312.16
2022-07-24 20:01:17,9735.16,6274.02
2022-07-24 20:01:16,9723.33,6285.86
2022-07-24 20:01:15,9829.91,6179.28
2022-07-24 20:01:14,9936.23,6072.95
2022-07-24 20:01:13,9965.27,6043.92
2022-07-24 20:01:12,10164.8,5844.41
2022-07-24 20:01:11,10393.6,5615.59
2022-07-24 20:01:10,10626.6,5382.62
2022-07-24 20:01:09,10763.1,5246.07
2022-07-24 20:01:08,11076.2,4932.96
2022-07-24 20:01:07,11188.1,4821.11
2022-07-24 20:01:06,11273.8,4735.41
2022-07-24 20:01:05,11413.9,4595.27
2022-07-24 20:01:04,11538.4,4470.76
2022-07-24 20:01:03,11666.1,4343.1
2022-07-24 20:01:02,11428.8,4580.42
2022-07-24 20:01:01,11448.9,4560.27
2022-07-24 20:01:00,10546.5,5462.65
2022-07-24 20:00:59,9433.37,6575.82
2022-07-24 20:00:58,9459.43,6549.76
2022-07-24 20:00:57,9513.33,6495.86
2022-07-24 20:00:56,9557.88,6451.31
2022-07-24 20:00:55,9067.43,6941.75
2022-07-24 20:00:54,9069.34,6939.84
2022-07-24 20:00:53,9083.83,6925.36
2022-07-24 20:00:52,9083.97,6925.22
2022-07-24 20:00:51,9096.14,6913.05
2022-07-24 20:00:50,9094.73,6914.46
2022-07-24 20:00:49,9098.02,6911.16
2022-07-24 20:00:48,9110.16,6899.02
2022-07-24 20:00:47,9123.27,6885.92
2022-07-24 20:00:46,9122.62,6886.56
2022-07-24 20:00:45,9123.13,6886.06
2022-07-24 20:00:44,9158.12,6851.07
2022-07-24 20:00:43,9169.38,6839.81
2022-07-24 20:00:42,9171.06,6838.12
2022-07-24 20:00:41,9185.71,6823.47
2022-07-24 20:00:40,9216.96,6792.22
2022-07-24 20:00:39,9218.53,6790.66
2022-07-24 20:00:38,9232.61,6776.58
2022-07-24 20:00:37,9231.94,6777.25
2022-07-24 20:00:36,9265.38,6743.81
2022-07-24 20:00:35,9267.74,6741.45
2022-07-24 20:00:34,9297.67,6711.52
2022-07-24 20:00:33,9298.8,6710.39
2022-07-24 20:00:32,9319.86,6689.33
2022-07-24 20:00:31,9332.66,6676.52
2022-07-24 20:00:30,9500.26,6508.93
2022-07-24 20:00:29,9538.86,6470.33
2022-07-24 20:00:28,9588.27,6420.92
2022-07-24 20:00:27,10045.5,5963.68
2022-07-24 20:00:26,10340.4,5668.79
2022-07-24 20:00:25,10425.2,5583.97
2022-07-24 20:00:24,10672.3,5336.92
2022-07-24 20:00:23,10965.3,5043.85
2022-07-24 20:00:22,11158.6,4850.59
2022-07-24 20:00:21,11280.4,4728.81
2022-07-24 20:00:20,11511.1,4498.13
2022-07-24 20:00:19,11679.1,4330.06
2022-07-24 20:00:18,11792.4,4216.78
2022-07-24 20:00:17,11970.9,4038.3
2022-07-24 20:00:16,12129.2,3879.95
2022-07-24 20:00:15,10761.6,5247.54
2022-07-24 20:00:14,9681.11,6328.08
2022-07-24 20:00:13,9201.32,6807.87
2022-07-24 20:00:12,9211.71,6797.48
2022-07-24 20:00:11,9214.48,6794.7
2022-07-24 20:00:10,9216.5,6792.68
2022-07-24 20:00:09,9226.37,6782.82
2022-07-24 20:00:08,9235.95,6773.24
2022-07-24 20:00:07,9238.83,6770.36
2022-07-24 20:00:06,9239.89,6769.3
2022-07-24 20:00:05,9241.41,6767.78
2022-07-24 20:00:04,9265.63,6743.55
2022-07-24 20:00:03,9264.56,6744.63
2022-07-24 20:00:02,9265.76,6743.43
2022-07-24 20:00:01,9273.22,6735.96
2022-07-24 20:00:00,9304.59,6704.6
2022-07-24 19:59:59,9321.87,6687.32
2022-07-24 19:59:58,9323.51,6685.68
2022-07-24 19:59:57,9343.61,6665.58
2022-07-24 19:59:56,9373.09,6636.1
2022-07-24 19:59:55,9391.39,6617.8
2022-07-24 19:59:54,9391.85,6617.34
2022-07-24 19:59:53,9434.55,6574.64
2022-07-24 19:59:52,9433.65,6575.54
2022-07-24 19:59:51,9457.1,6552.09
2022-07-24 19:59:50,9484.93,6524.26
2022-07-24 19:59:49,9505.29,6503.89
2022-07-24 19:59:48,9508.07,6501.12
2022-07-24 19:59:47,9552.02,6457.17
2022-07-24 19:59:46,9550.25,6458.94
2022-07-24 19:59:45,9582.7,6426.48
2022-07-24 19:59:44,9690.63,6318.56
2022-07-24 19:59:43,9802.9,6206.29
2022-07-24 19:59:42,9942.5,6066.69
2022-07-24 19:59:41,10519.9,5489.26
2022-07-24 19:59:40,10663.1,5346.05
2022-07-24 19:59:39,10995.9,5013.31
2022-07-24 19:59:38,11148.4,4860.83
2022-07-24 19:59:37,11319.9,4689.28
2022-07-24 19:59:36,11448,4561.23
2022-07-24 19:59:35,11583.8,4425.36
2022-07-24 19:59:34,11743.2,4266.02
2022-07-24 19:59:33,11893.4,4115.8
2022-07-24 19:59:32,12076.3,3932.89
2022-07-24 19:59:31,11738.2,4270.94
2022-07-24 19:59:30,9713.61,6295.57
2022-07-24 19:59:29,8831.92,7177.27
2022-07-24 19:59:28,8832.2,7176.98
2022-07-24 19:59:27,8833.74,7175.45
2022-07-24 19:59:26,8833.95,7175.24
2022-07-24 19:59:25,8836.27,7172.92
2022-07-24 19:59:24,8836.07,7173.11
2022-07-24 19:59:23,8836.95,7172.24
2022-07-24 19:59:22,8839.01,7170.18
2022-07-24 19:59:21,8839.54,7169.65
2022-07-24 19:59:20,8838.77,7170.41
2022-07-24 19:59:19,8840.35,7168.84
2022-07-24 19:59:18,8841.2,7167.98
2022-07-24 19:59:17,8841.99,7167.2
2022-07-24 19:59:16,8871.85,7137.34
2022-07-24 19:59:15,8872.45,7136.73
2022-07-24 19:59:14,8874.49,7134.7
2022-07-24 19:59:13,8874.36,7134.83
2022-07-24 19:59:12,8905.45,7103.73
2022-07-24 19:59:11,8916.26,7092.93
2022-07-24 19:59:10,8918.08,7091.11
2022-07-24 19:59:09,8918.55,7090.63
2022-07-24 19:59:08,8948.06,7061.13
2022-07-24 19:59:07,8950.39,7058.8
2022-07-24 19:59:06,8949.12,7060.07
2022-07-24 19:59:05,8967.18,7042.01
2022-07-24 19:59:04,9004.91,7004.28
2022-07-24 19:59:03,9005.37,7003.82
2022-07-24 19:59:02,9027.04,6982.15
2022-07-24 19:59:01,9039.45,6969.73
2022-07-24 19:59:00,9145.95,6863.23
2022-07-24 19:58:59,9288.11,6721.08
2022-07-24 19:58:58,9429.54,6579.64
2022-07-24 19:58:57,9615,6394.19
2022-07-24 19:58:56,10134.6,5874.58
2022-07-24 19:58:55,10647.8,5361.39
2022-07-24 19:58:54,10815.4,5193.79
2022-07-24 19:58:53,11118.8,4890.37
2022-07-24 19:58:52,11358,4651.21
2022-07-24 19:58:51,11511.4,4497.78
2022-07-24 19:58:50,11644,4365.14
2022-07-24 19:58:49,11783.5,4225.7
2022-07-24 19:58:48,11961.3,4047.91
2022-07-24 19:58:47,12130.7,3878.52
2022-07-24 19:58:46,11069.1,4940.09
2022-07-24 19:58:45,8941.45,7067.74
2022-07-24 19:58:44,8942.76,7066.43
2022-07-24 19:58:43,8947.44,7061.75
2022-07-24 19:58:42,8946.59,7062.6
2022-07-24 19:58:41,8946.2,7062.98
2022-07-24 19:58:40,8954.85,7054.34
2022-07-24 19:58:39,8962.91,7046.27
2022-07-24 19:58:38,8963.59,7045.6
2022-07-24 19:58:37,8966.57,7042.62
2022-07-24 19:58:36,8979.32,7029.87
2022-07-24 19:58:35,8988.86,7020.33
2022-07-24 19:58:34,8989.51,7019.68
2022-07-24 19:58:33,8992.24,7016.95
2022-07-24 19:58:32,9023.09,6986.09
2022-07-24 19:58:31,9037.09,6972.1
2022-07-24 19:58:30,9038.66,6970.53
2022-07-24 19:58:29,9041.45,6967.74
2022-07-24 19:58:28,9059.3,6949.88
2022-07-24 19:58:27,9090.3,6918.88
2022-07-24 19:58:26,9092.18,6917
2022-07-24 19:58:25,9096.8,6912.39
2022-07-24 19:58:24,9148.64,6860.55
2022-07-24 19:58:23,9148.73,6860.45
2022-07-24 19:58:22,9151.17,6858.02
2022-07-24 19:58:21,9176.96,6832.22
2022-07-24 19:58:20,9208.89,6800.3
2022-07-24 19:58:19,9214.42,6794.77
2022-07-24 19:58:18,9216.11,6793.08
2022-07-24 19:58:17,9280.27,6728.92
2022-07-24 19:58:16,9360.43,6648.75
2022-07-24 19:58:15,9428.47,6580.71
2022-07-24 19:58:14,9800.09,6209.09
2022-07-24 19:58:13,10132.1,5877.1
2022-07-24 19:58:12,10227,5782.19
2022-07-24 19:58:11,10650.8,5358.39
2022-07-24 19:58:10,10919.1,5090.05
2022-07-24 19:58:09,11132.2,4877.03
2022-07-24 19:58:08,11285.1,4724.13
2022-07-24 19:58:07,11481.8,4527.39
2022-07-24 19:58:06,11607.1,4402.09
2022-07-24 19:58:05,11721.6,4287.59
2022-07-24 19:58:04,11877.4,4131.75
2022-07-24 19:58:03,12046.9,3962.33
2022-07-24 19:58:02,11097.7,4911.52
2022-07-24 19:58:01,10706.6,5302.55
2022-07-24 19:58:00,8843.2,7165.99
2022-07-24 19:57:59,8855.34,7153.84
2022-07-24 19:57:58,8855.32,7153.87
2022-07-24 19:57:57,8859.24,7149.94
2022-07-24 19:57:56,8858.45,7150.74
2022-07-24 19:57:55,8867.73,7141.46
2022-07-24 19:57:54,8867.18,7142.01
2022-07-24 19:57:53,8875.99,7133.2
2022-07-24 19:57:52,8875.12,7134.07
2022-07-24 19:57:51,8885.43,7123.76
2022-07-24 19:57:50,8885.37,7123.81
2022-07-24 19:57:49,8897.97,7111.22
2022-07-24 19:57:48,8909.75,7099.43
2022-07-24 19:57:47,8908.37,7100.82
2022-07-24 19:57:46,8912.62,7096.57
2022-07-24 19:57:45,8912.86,7096.33
2022-07-24 19:57:44,8938.06,7071.13
2022-07-24 19:57:43,8940.98,7068.21
2022-07-24 19:57:42,8939.86,7069.33
2022-07-24 19:57:41,8971.46,7037.72
2022-07-24 19:57:40,8973.15,7036.04
2022-07-24 19:57:39,8962.8,7046.39
2022-07-24 19:57:38,8978.6,7030.59
2022-07-24 19:57:37,8996.53,7012.66
2022-07-24 19:57:36,9012.38,6996.81
2022-07-24 19:57:35,9010.25,6998.93
2022-07-24 19:57:34,9015.61,6993.58
2022-07-24 19:57:33,9023.15,6986.04
2022-07-24 19:57:32,9012.74,6996.45
2022-07-24 19:57:31,9134.32,6874.87
2022-07-24 19:57:30,9154.97,6854.22
2022-07-24 19:57:29,9336.57,6672.61
2022-07-24 19:57:28,9695.95,6313.23
2022-07-24 19:57:27,10028.1,5981.05
2022-07-24 19:57:26,10108.9,5900.24
2022-07-24 19:57:25,10452.7,5556.49
2022-07-24 19:57:24,10837.2,5171.94
2022-07-24 19:57:23,11077.6,4931.58
2022-07-24 19:57:22,11382.2,4626.96
2022-07-24 19:57:21,11558,4451.17
2022-07-24 19:57:20,11737,4272.23
2022-07-24 19:57:19,11870.9,4138.27
2022-07-24 19:57:18,12040.8,3968.36
2022-07-24 19:57:17,11208.5,4800.68
2022-07-24 19:57:16,10810.1,5199.13
2022-07-24 19:57:15,9736.7,6272.49
2022-07-24 19:57:14,9235.6,6773.59
2022-07-24 19:57:13,9242.42,6766.77
2022-07-24 19:57:12,9246.18,6763
2022-07-24 19:57:11,9255.44,6753.75
2022-07-24 19:57:10,9257.8,6751.39
2022-07-24 19:57:09,9275.13,6734.06
2022-07-24 19:57:08,9280.86,6728.32
2022-07-24 19:57:07,9291.56,6717.62
2022-07-24 19:57:06,9297.18,6712
2022-07-24 19:57:05,9312.9,6696.28
2022-07-24 19:57:04,9328.52,6680.67
2022-07-24 19:57:03,9335.58,6673.61
2022-07-24 19:57:02,9347.93,6661.26
2022-07-24 19:57:01,9365.11,6644.08
2022-07-24 19:57:00,9377.29,6631.9
2022-07-24 19:56:59,9383.99,6625.2
2022-07-24 19:56:58,9410,6599.19
2022-07-24 19:56:57,9427.26,6581.93
2022-07-24 19:56:56,9430.03,6579.16
2022-07-24 19:56:55,9461,6548.19
2022-07-24 19:56:54,9484.57,6524.62
2022-07-24 19:56:53,9501.25,6507.93
2022-07-24 19:56:52,9540.17,6469.02
2022-07-24 19:56:51,9556.61,6452.58
2022-07-24 19:56:50,9601.19,6408
2022-07-24 19:56:49,9606.93,6402.26
2022-07-24 19:56:48,9616.9,6392.29
2022-07-24 19:56:47,9671.37,6337.82
2022-07-24 19:56:46,9785.07,6224.12
2022-07-24 19:56:45,9811.38,6197.81
2022-07-24 19:56:44,9934.45,6074.74
2022-07-24 19:56:43,10345.1,5664.05
2022-07-24 19:56:42,10706.2,5302.95
2022-07-24 19:56:41,10873.2,5135.96
2022-07-24 19:56:40,11093.9,4915.3
2022-07-24 19:56:39,11234.1,4775.1
2022-07-24 19:56:38,11404.1,4605.05
2022-07-24 19:56:37,11567.2,4441.97
2022-07-24 19:56:36,11720.2,4289.02
2022-07-24 19:56:35,11866.6,4142.55
2022-07-24 19:56:34,12032.1,3977.11
2022-07-24 19:56:33,10911.8,5097.4
2022-07-24 19:56:32,10244.7,5764.51
2022-07-24 19:56:31,9801.44,6207.75
2022-07-24 19:56:30,9185.08,6824.11
2022-07-24 19:56:29,9188.17,6821.02
2022-07-24 19:56:28,9199.57,6809.61
2022-07-24 19:56:27,9199.57,6809.62
2022-07-24 19:56:26,9202.82,6806.37
2022-07-24 19:56:25,9226.53,6782.66
2022-07-24 19:56:24,9246.03,6763.16
2022-07-24 19:56:23,9248.87,6760.32
2022-07-24 19:56:22,9255.41,6753.78
2022-07-24 19:56:21,9278.25,6730.93
2022-07-24 19:56:20,9287.69,6721.5
2022-07-24 19:56:19,9305.83,6703.36
2022-07-24 19:56:18,9308.16,6701.03
2022-07-24 19:56:17,9309.46,6699.72
2022-07-24 19:56:16,9363.28,6645.91
2022-07-24 19:56:15,9380.01,6629.18
2022-07-24 19:56:14,9382.79,6626.39
2022-07-24 19:56:13,9400.77,6608.42
2022-07-24 19:56:12,9453.51,6555.68
2022-07-24 19:56:11,9473.15,6536.04
2022-07-24 19:56:10,9475.33,6533.86
2022-07-24 19:56:09,9534.71,6474.48
2022-07-24 19:56:08,9537.11,6472.08
2022-07-24 19:56:07,9542.77,6466.41
2022-07-24 19:56:06,9583.98,6425.21
2022-07-24 19:56:05,9616.99,6392.2
2022-07-24 19:56:04,9640.85,6368.34
2022-07-24 19:56:03,9689.76,6319.43
2022-07-24 19:56:02,9713.87,6295.32
2022-07-24 19:56:01,9908.15,6101.03
2022-07-24 19:56:00,10031.2,5977.97
2022-07-24 19:55:59,10134.5,5874.67
2022-07-24 19:55:58,10448.5,5560.67
2022-07-24 19:55:57,10559.2,5449.99
2022-07-24 19:55:56,10877.9,5131.29
2022-07-24 19:55:55,11145.4,4863.75
2022-07-24 19:55:54,11403.4,4605.8
2022-07-24 19:55:53,11553.3,4455.88
2022-07-24 19:55:52,11651.8,4357.41
2022-07-24 19:55:51,11810.8,4198.39
2022-07-24 19:55:50,11422,4587.14
2022-07-24 19:55:49,11573.4,4435.75
2022-07-24 19:55:48,11214.2,4794.98
2022-07-24 19:55:47,9764.07,6245.12
2022-07-24 19:55:46,9251.28,6757.9
2022-07-24 19:55:45,9258.35,6750.84
2022-07-24 19:55:44,9261.97,6747.22
2022-07-24 19:55:43,9265.39,6743.8
2022-07-24 19:55:42,9264.55,6744.64
2022-07-24 19:55:41,9278.26,6730.93
2022-07-24 19:55:40,9278.34,6730.84
2022-07-24 19:55:39,9280.75,6728.44
2022-07-24 19:55:38,9282.38,6726.81
2022-07-24 19:55:37,9290.26,6718.93
2022-07-24 19:55:36,9293.57,6715.62
2022-07-24 19:55:35,9295.63,6713.56
2022-07-24 19:55:34,9309.12,6700.07
2022-07-24 19:55:33,9322.14,6687.04
2022-07-24 19:55:32,9337.51,6671.68
2022-07-24 19:55:31,9356.28,6652.91
2022-07-24 19:55:30,9374.13,6635.06
2022-07-24 19:55:29,9387.89,6621.29
2022-07-24 19:55:28,9423.14,6586.05
2022-07-24 19:55:27,9445.99,6563.2
2022-07-24 19:55:26,9488.18,6521.01
2022-07-24 19:55:25,9526.12,6483.07
2022-07-24 19:55:24,9543.86,6465.33
2022-07-24 19:55:23,9565.66,6443.52
2022-07-24 19:55:22,9647.48,6361.71
2022-07-24 19:55:21,9683.99,6325.2
2022-07-24 19:55:20,9725.65,6283.54
2022-07-24 19:55:19,9744.54,6264.65
2022-07-24 19:55:18,9883.02,6126.16
2022-07-24 19:55:17,9921.43,6087.75
2022-07-24 19:55:16,10069.2,5940.03
2022-07-24 19:55:15,10360.1,5649.08
2022-07-24 19:55:14,10513.4,5495.77
2022-07-24 19:55:13,10886.4,5122.83
2022-07-24 19:55:12,11077.5,4931.73
2022-07-24 19:55:11,11220.4,4788.82
2022-07-24 19:55:10,11306,4703.21
2022-07-24 19:55:09,11515.7,4493.5
2022-07-24 19:55:08,11669.3,4339.88
2022-07-24 19:55:07,11759.4,4249.79
2022-07-24 19:55:06,11955.4,4053.8
2022-07-24 19:55:05,12116.7,3892.52
2022-07-24 19:55:04,10660.7,5348.49
2022-07-24 19:55:03,9704.14,6305.04
2022-07-24 19:55:02,9722.16,6287.03
2022-07-24 19:55:01,9096.07,6913.12
2022-07-24 19:55:00,9103.3,6905.89
2022-07-24 19:54:59,9110.17,6899.02
2022-07-24 19:54:58,9110.85,6898.34
2022-07-24 19:54:57,9112.81,6896.37
2022-07-24 19:54:56,9119.57,6889.62
2022-07-24 19:54:55,9133.42,6875.77
2022-07-24 19:54:54,9134.43,6874.75
2022-07-24 19:54:53,9134.03,6875.16
2022-07-24 19:54:52,9147.83,6861.36
2022-07-24 19:54:51,9159.09,6850.09
2022-07-24 19:54:50,9160.3,6848.89
2022-07-24 19:54:49,9161.75,6847.44
2022-07-24 19:54:48,9183.83,6825.36
2022-07-24 19:54:47,9184.03,6825.16
2022-07-24 19:54:46,9198.87,6810.32
2022-07-24 19:54:45,9201.04,6808.15
2022-07-24 19:54:44,9224.52,6784.67
2022-07-24 19:54:43,9225.97,6783.22
2022-07-24 19:54:42,9241.6,6767.59
2022-07-24 19:54:41,9270.13,6739.05
2022-07-24 19:54:40,9256.98,6752.2
2022-07-24 19:54:39,9264.67,6744.52
2022-07-24 19:54:38,9294.31,6714.88
2022-07-24 19:54:37,9297.03,6712.16
2022-07-24 19:54:36,9327.13,6682.06
2022-07-24 19:54:35,9378.77,6630.41
2022-07-24 19:54:34,9395.79,6613.39
2022-07-24 19:54:33,9514.64,6494.54
2022-07-24 19:54:32,9597.89,6411.3
2022-07-24 19:54:31,9681.35,6327.84
2022-07-24 19:54:30,9819.28,6189.91
2022-07-24 19:54:29,10481.9,5527.28
2022-07-24 19:54:28,10693.6,5315.57
2022-07-24 19:54:27,10915.1,5094.11
2022-07-24 19:54:26,11231.4,4777.83
2022-07-24 19:54:25,11393.8,4615.42
2022-07-24 19:54:24,11506.6,4502.63
2022-07-24 19:54:23,11599.6,4409.59
2022-07-24 19:54:22,11810.4,4198.8
2022-07-24 19:54:21,11968.1,4041.05
2022-07-24 19:54:20,12155.1,3854.12
2022-07-24 19:54:19,11027.8,4981.36
2022-07-24 19:54:18,9669.08,6340.11
2022-07-24 19:54:17,9179.52,6829.67
2022-07-24 19:54:16,9180.43,6828.76
2022-07-24 19:54:15,9195.25,6813.94
2022-07-24 19:54:14,9194.43,6814.75
2022-07-24 19:54:13,9196.35,6812.84
2022-07-24 19:54:12,9196.57,6812.62
2022-07-24 19:54:11,9219.75,6789.44
2022-07-24 19:54:10,9220.37,6788.82
2022-07-24 19:54:09,9222.83,6786.36
2022-07-24 19:54:08,9223.97,6785.22
2022-07-24 19:54:07,9254.9,6754.29
2022-07-24 19:54:06,9254.79,6754.4
2022-07-24 19:54:05,9258.76,6750.43
2022-07-24 19:54:04,9259.95,6749.23
2022-07-24 19:54:03,9279.79,6729.4
2022-07-24 19:54:02,9314.46,6694.72
2022-07-24 19:54:01,9332.23,6676.96
2022-07-24 19:54:00,9336.22,6672.96
2022-07-24 19:53:59,9379.16,6630.03
2022-07-24 19:53:58,9401.51,6607.68
2022-07-24 19:53:57,9424.09,6585.1
2022-07-24 19:53:56,9441.97,6567.22
2022-07-24 19:53:55,9509.54,6499.65
2022-07-24 19:53:54,9505.24,6503.95
2022-07-24 19:53:53,9507.94,6501.25
2022-07-24 19:53:52,9542.39,6466.8
2022-07-24 19:53:51,9603.16,6406.03
2022-07-24 19:53:50,9641.26,6367.93
2022-07-24 19:53:49,9637.07,6372.11
2022-07-24 19:53:48,9688.75,6320.43
2022-07-24 19:53:47,9867.08,6142.11
2022-07-24 19:53:46,9954.73,6054.46
2022-07-24 19:53:45,10161.8,5847.36
2022-07-24 19:53:44,10489.2,5520.01
2022-07-24 19:53:43,10853.1,5156.06
2022-07-24 19:53:42,11187.3,4821.91
2022-07-24 19:53:41,11372.8,4636.41
2022-07-24 19:53:40,11486.9,4522.32
2022-07-24 19:53:39,11556.7,4452.47
2022-07-24 19:53:38,11728.3,4280.85
2022-07-24 19:53:37,11822.6,4186.56
2022-07-24 19:53:36,12008.8,4000.34
2022-07-24 19:53:35,11967.6,4041.59
2022-07-24 19:53:34,10178.7,5830.54
2022-07-24 19:53:33,9135.3,6873.89
2022-07-24 19:53:32,9136.41,6872.78
2022-07-24 19:53:31,9148.94,6860.25
2022-07-24 19:53:30,9147.64,6861.54
2022-07-24 19:53:29,9151.2,6857.98
2022-07-24 19:53:28,9160.89,6848.3
2022-07-24 19:53:27,9165.87,6843.32
2022-07-24 19:53:26,9197.19,6812
2022-07-24 19:53:25,9198.64,6810.54
2022-07-24 19:53:24,9208.85,6800.34
2022-07-24 19:53:23,9232.77,6776.41
2022-07-24 19:53:22,9243.14,6766.04
2022-07-24 19:53:21,9257.89,6751.3
2022-07-24 19:53:20,9276.95,6732.24
2022-07-24 19:53:19,9308.77,6700.41
2022-07-24 19:53:18,9322.05,6687.14
2022-07-24 19:53:17,9334.02,6675.17
2022-07-24 19:53:16,9351.17,6658.02
2022-07-24 19:53:15,9381.17,6628.02
2022-07-24 19:53:14,9400.31,6608.87
2022-07-24 19:53:13,9400.8,6608.39
2022-07-24 19:53:12,9443.84,6565.35
2022-07-24 19:53:11,9463.7,6545.49
2022-07-24 19:53:10,9468.38,6540.81
2022-07-24 19:53:09,9537.93,6471.25
2022-07-24 19:53:08,9559.24,6449.95
2022-07-24 19:53:07,9565.86,6443.32
2022-07-24 19:53:06,9581.73,6427.46
2022-07-24 19:53:05,9635.66,6373.53
2022-07-24 19:53:04,9722.58,6286.61
2022-07-24 19:53:03,9820.62,6188.57
2022-07-24 19:53:02,9858.42,6150.77
2022-07-24 19:53:01,9955.26,6053.93
2022-07-24 19:53:00,10465.5,5543.69
2022-07-24 19:52:59,10928.2,5080.99
2022-07-24 19:52:58,11097.5,4911.71
2022-07-24 19:52:57,11191.9,4817.24
2022-07-24 19:52:56,11289.8,4719.4
2022-07-24 19:52:55,11515.6,4493.63
2022-07-24 19:52:54,11612.7,4396.46
2022-07-24 19:52:53,11804.9,4204.27
2022-07-24 19:52:52,11960.2,4048.98
2022-07-24 19:52:51,12160.1,3849.09
2022-07-24 19:52:50,9733.59,6275.59
2022-07-24 19:52:49,9781.35,6227.84
2022-07-24 19:52:48,9280.76,6728.43
2022-07-24 19:52:47,9287.97,6721.21
2022-07-24 19:52:46,9287.89,6721.29
2022-07-24 19:52:45,9295.35,6713.84
2022-07-24 19:52:44,9302.84,6706.35
2022-07-24 19:52:43,9315.14,6694.05
2022-07-24 19:52:42,9316.62,6692.56
2022-07-24 19:52:41,9328.98,6680.21
2022-07-24 19:52:40,9342.48,6666.71
2022-07-24 19:52:39,9355.31,6653.87
2022-07-24 19:52:38,9357.12,6652.07
2022-07-24 19:52:37,9371.58,6637.61
2022-07-24 19:52:36,9411.05,6598.14
2022-07-24 19:52:35,9424.29,6584.89
2022-07-24 19:52:34,9428.96,6580.23
2022-07-24 19:52:33,9445.37,6563.82
2022-07-24 19:52:32,9487.3,6521.89
2022-07-24 19:52:31,9502.22,6506.97
2022-07-24 19:52:30,9504.51,6504.68
2022-07-24 19:52:29,9520.85,6488.34
2022-07-24 19:52:28,9584.85,6424.33
2022-07-24 19:52:27,9588.21,6420.98
2022-07-24 19:52:26,9600.09,6409.1
2022-07-24 19:52:25,9653.14,6356.05
2022-07-24 19:52:24,9670.63,6338.56
2022-07-24 19:52:23,9659.39,6349.79
2022-07-24 19:52:22,9751.53,6257.66
2022-07-24 19:52:21,9718,6291.18
2022-07-24 19:52:20,9749.38,6259.8
2022-07-24 19:52:19,9963.12,6046.06
2022-07-24 19:52:18,10036.1,5973.13
2022-07-24 19:52:17,10218.6,5790.59
2022-07-24 19:52:16,10391.6,5617.61
2022-07-24 19:52:15,10901.5,5107.7
2022-07-24 19:52:14,11066.2,4942.99
2022-07-24 19:52:13,11196.4,4812.77
2022-07-24 19:52:12,11415,4594.19
2022-07-24 19:52:11,11536.3,4472.84
2022-07-24 19:52:10,11634.7,4374.5
2022-07-24 19:52:09,11757.3,4251.87
2022-07-24 19:52:08,11918.1,4091.14
2022-07-24 19:52:07,12089.2,3919.99
2022-07-24 19:52:06,11215.9,4793.32
2022-07-24 19:52:05,9728.05,6281.13
2022-07-24 19:52:04,9143.61,6865.58
2022-07-24 19:52:03,9155.6,6853.59
2022-07-24 19:52:02,9154.86,6854.32
2022-07-24 19:52:01,9157.37,6851.82
2022-07-24 19:52:00,9158.17,6851.02
2022-07-24 19:51:59,9182.04,6827.14
2022-07-24 19:51:58,9182.37,6826.82
2022-07-24 19:51:57,9184.8,6824.38
2022-07-24 19:51:56,9186.18,6823.01
2022-07-24 19:51:55,9220.35,6788.84
2022-07-24 19:51:54,9220.62,6788.57
2022-07-24 19:51:53,9223.9,6785.29
2022-07-24 19:51:52,9224.25,6784.93
2022-07-24 19:51:51,9269.76,6739.43
2022-07-24 19:51:50,9269.47,6739.71
2022-07-24 19:51:49,9295.88,6713.31
2022-07-24 19:51:48,9314.59,6694.6
2022-07-24 19:51:47,9348.69,6660.5
2022-07-24 19:51:46,9350.49,6658.7
2022-07-24 19:51:45,9376.14,6633.04
2022-07-24 19:51:44,9415.88,6593.3
2022-07-24 19:51:43,9409.49,6599.7
2022-07-24 19:51:42,9412.37,6596.81
2022-07-24 19:51:41,9466.48,6542.71
2022-07-24 19:51:40,9486.74,6522.45
2022-07-24 19:51:39,9489.69,6519.5
2022-07-24 19:51:38,9524.26,6484.93
2022-07-24 19:51:37,9547.04,6462.15
2022-07-24 19:51:36,9561.51,6447.68
2022-07-24 19:51:35,9664.08,6345.11
2022-07-24 19:51:34,9715.62,6293.57
2022-07-24 19:51:33,9865.73,6143.45
2022-07-24 19:51:32,10283.6,5725.62
2022-07-24 19:51:31,10443.2,5566.03
2022-07-24 19:51:30,10596.3,5412.91
2022-07-24 19:51:29,10951.4,5057.79
2022-07-24 19:51:28,11333,4676.21
2022-07-24 19:51:27,11434.9,4574.24
2022-07-24 19:51:26,11589.5,4419.67
2022-07-24 19:51:25,11732.2,4276.96
2022-07-24 19:51:24,11854.8,4154.38
2022-07-24 19:51:23,12061.3,3947.92
2022-07-24 19:51:22,11614,4395.18
2022-07-24 19:51:21,10184.6,5824.57
2022-07-24 19:51:20,9078.7,6930.48
2022-07-24 19:51:19,9079.07,6930.12
2022-07-24 19:51:18,9081.18,6928.01
2022-07-24 19:51:17,9085.47,6923.72
2022-07-24 19:51:16,9086.59,6922.6
2022-07-24 19:51:15,9091.12,6918.07
2022-07-24 19:51:14,9092.11,6917.08
2022-07-24 19:51:13,9103.48,6905.71
2022-07-24 19:51:12,9102.55,6906.63
2022-07-24 19:51:11,9111.44,6897.75
2022-07-24 19:51:10,9101.13,6908.06
2022-07-24 19:51:09,9109.59,6899.59
2022-07-24 19:51:08,9122.61,6886.58
2022-07-24 19:51:07,9134,6875.18
2022-07-24 19:51:06,9137.25,6871.94
2022-07-24 19:51:05,9163.54,6845.64
2022-07-24 19:51:04,9178.66,6830.52
2022-07-24 19:51:03,9179.41,6829.78
2022-07-24 19:51:02,9212.12,6797.06
2022-07-24 19:51:01,9236.82,6772.37
2022-07-24 19:51:00,9255.19,6754
2022-07-24 19:50:59,9248.04,6761.14
2022-07-24 19:50:58,9289.65,6719.54
2022-07-24 19:50:57,9314.16,6695.03
2022-07-24 19:50:56,9328.46,6680.73
2022-07-24 19:50:55,9356.43,6652.76
2022-07-24 19:50:54,9409.25,6599.93
2022-07-24 19:50:53,9405.11,6604.08
2022-07-24 19:50:52,9421.66,6587.52
2022-07-24 19:50:51,9527.93,6481.26
2022-07-24 19:50:50,9602.38,6406.81
2022-07-24 19:50:49,9885.54,6123.65
2022-07-24 19:50:48,10131.1,5878.07
2022-07-24 19:50:47,10305.8,5703.35
2022-07-24 19:50:46,10515.5,5493.7
2022-07-24 19:50:45,11002,5007.18
2022-07-24 19:50:44,11132.7,4876.48
2022-07-24 19:50:43,11296.1,4713.12
2022-07-24 19:50:42,11522.3,4486.91
2022-07-24 19:50:41,11711.1,4298.06
2022-07-24 19:50:40,11825.5,4183.67
2022-07-24 19:50:39,11992.9,4016.28
2022-07-24 19:50:38,11637.1,4372.12
2022-07-24 19:50:37,10109.3,5899.91
2022-07-24 19:50:36,9531.22,6477.97
2022-07-24 19:50:35,9561.91,6447.28
2022-07-24 19:50:34,8947.98,7061.21
2022-07-24 19:50:33,8948.48,7060.71
2022-07-24 19:50:32,8950.51,7058.68
2022-07-24 19:50:31,8958.81,7050.38
2022-07-24 19:50:30,8960.57,7048.62
2022-07-24 19:50:29,8962.71,7046.48
2022-07-24 19:50:28,8962.64,7046.54
2022-07-24 19:50:27,8969.7,7039.48
2022-07-24 19:50:26,8972.54,7036.65
2022-07-24 19:50:25,8989.3,7019.88
2022-07-24 19:50:24,8987.53,7021.65
2022-07-24 19:50:23,9001.28,7007.91
2022-07-24 19:50:22,9001.17,7008.02
2022-07-24 19:50:21,9015.29,6993.9
2022-07-24 19:50:20,9051.36,6957.82
2022-07-24 19:50:19,9054.64,6954.55
2022-07-24 19:50:18,9057.19,6951.99
2022-07-24 19:50:17,9090.34,6918.85
2022-07-24 19:50:16,9104.47,6904.72
2022-07-24 19:50:15,9105.82,6903.37
2022-07-24 19:50:14,9106.43,6902.76
2022-07-24 19:50:13,9152.16,6857.03
2022-07-24 19:50:12,9155.16,6854.02
2022-07-24 19:50:11,9158.93,6850.26
2022-07-24 19:50:10,9213.7,6795.48
2022-07-24 19:50:09,9215.99,6793.2
2022-07-24 19:50:08,9220.32,6788.87
2022-07-24 19:50:07,9265.32,6743.86
2022-07-24 19:50:06,9399.91,6609.28
2022-07-24 19:50:05,9600.22,6408.97
2022-07-24 19:50:04,9797.3,6211.89
2022-07-24 19:50:03,9925.25,6083.94
2022-07-24 19:50:02,10127,5882.16
2022-07-24 19:50:01,10741,5268.21
2022-07-24 19:50:00,10925.1,5084.05
2022-07-24 19:49:59,11286.2,4722.94
2022-07-24 19:49:58,11450.3,4558.87
2022-07-24 19:49:57,11600.6,4408.59
2022-07-24 19:49:56,11720.4,4288.75
2022-07-24 19:49:55,11878,4131.2
2022-07-24 19:49:54,11515.2,4493.94
2022-07-24 19:49:53,11304.6,4704.62
2022-07-24 19:49:52,10022.3,5986.88
2022-07-24 19:49:51,8887.31,7121.88
2022-07-24 19:49:50,8886.98,7122.21
2022-07-24 19:49:49,8889.65,7119.53
2022-07-24 19:49:48,8892.87,7116.32
2022-07-24 19:49:47,8891.48,7117.7
2022-07-24 19:49:46,8898.46,7110.73
2022-07-24 19:49:45,8896.96,7112.23
2022-07-24 19:49:44,8899.98,7109.2
2022-07-24 19:49:43,8899.88,7109.31
2022-07-24 19:49:42,8912.03,7097.16
2022-07-24 19:49:41,8912.49,7096.7
2022-07-24 19:49:40,8913.25,7095.94
2022-07-24 19:49:39,8911.92,7097.27
2022-07-24 19:49:38,8927.24,7081.95
2022-07-24 19:49:37,8928.25,7080.94
2022-07-24 19:49:36,8928.66,7080.53
2022-07-24 19:49:35,8936.67,7072.52
2022-07-24 19:49:34,8954.83,7054.35
2022-07-24 19:49:33,8954.17,7055.02
2022-07-24 19:49:32,8956.25,7052.94
2022-07-24 19:49:31,8970.6,7038.59
2022-07-24 19:49:30,9003.29,7005.9
2022-07-24 19:49:29,9003.31,7005.88
2022-07-24 19:49:28,9005.29,7003.89
2022-07-24 19:49:27,9025.81,6983.38
2022-07-24 19:49:26,9042.93,6966.26
2022-07-24 19:49:25,9040.11,6969.08
2022-07-24 19:49:24,9063.54,6945.65
2022-07-24 19:49:23,9135.98,6873.21
2022-07-24 19:49:22,9260.02,6749.16
2022-07-24 19:49:21,9364.16,6645.03
2022-07-24 19:49:20,9560.99,6448.2
2022-07-24 19:49:19,9922.51,6086.68
2022-07-24 19:49:18,10421.1,5588.13
2022-07-24 19:49:17,10552.1,5457.06
2022-07-24 19:49:16,10792.5,5216.68
2022-07-24 19:49:15,11192.4,4816.8
2022-07-24 19:49:14,11363,4646.17
2022-07-24 19:49:13,11542.7,4466.46
2022-07-24 19:49:12,11686.8,4322.38
2022-07-24 19:49:11,11831,4178.21
2022-07-24 19:49:10,11962.5,4046.7
2022-07-24 19:49:09,11625.4,4383.82
2022-07-24 19:49:08,11130.9,4878.27
2022-07-24 19:49:07,10106.6,5902.58
2022-07-24 19:49:06,8986.99,7022.2
2022-07-24 19:49:05,8992.91,7016.28
2022-07-24 19:49:04,8993.4,7015.78
2022-07-24 19:49:03,8994.3,7014.88
2022-07-24 19:49:02,8995.5,7013.68
2022-07-24 19:49:01,9001.74,7007.45
2022-07-24 19:49:00,9001.88,7007.31
2022-07-24 19:48:59,9002.55,7006.64
2022-07-24 19:48:58,9009.67,6999.52
2022-07-24 19:48:57,9011.89,6997.3
2022-07-24 19:48:56,9011.8,6997.38
2022-07-24 19:48:55,9012.59,6996.6
2022-07-24 19:48:54,9016.83,6992.36
2022-07-24 19:48:53,9018.98,6990.21
2022-07-24 19:48:52,9021.12,6988.07
2022-07-24 19:48:51,9023.73,6985.46
2022-07-24 19:48:50,9067.04,6942.15
2022-07-24 19:48:49,9067.22,6941.97
2022-07-24 19:48:48,9068.65,6940.54
2022-07-24 19:48:47,9079.57,6929.62
2022-07-24 19:48:46,9128.57,6880.61
2022-07-24 19:48:45,9128.77,6880.41
2022-07-24 19:48:44,9120.2,6888.99
2022-07-24 19:48:43,9153.33,6855.86
2022-07-24 19:48:42,9181.66,6827.53
2022-07-24 19:48:41,9182.56,6826.63
2022-07-24 19:48:40,9223.73,6785.46
2022-07-24 19:48:39,9323.95,6685.24
2022-07-24 19:48:38,9336.59,6672.59
2022-07-24 19:48:37,9492.3,6516.89
2022-07-24 19:48:36,9906.61,6102.57
2022-07-24 19:48:35,10063.9,5945.3
2022-07-24 19:48:34,10176.7,5832.53
2022-07-24 19:48:33,10348.1,5661.12
2022-07-24 19:48:32,10709.1,5300.06
2022-07-24 19:48:31,11023.4,4985.77
2022-07-24 19:48:30,11285.7,4723.52
2022-07-24 19:48:29,11492.5,4516.72
2022-07-24 19:48:28,11651.5,4357.7
2022-07-24 19:48:27,11779.9,4229.32
2022-07-24 19:48:26,11404.5,4604.7
2022-07-24 19:48:25,11013.8,4995.39
2022-07-24 19:48:24,11147.9,4861.32
2022-07-24 19:48:23,10773.1,5236.1
2022-07-24 19:48:22,9821.05,6188.14
2022-07-24 19:48:21,9327.13,6682.06
2022-07-24 19:48:20,9339.22,6669.96
2022-07-24 19:48:19,9344.67,6664.52
2022-07-24 19:48:18,9352.15,6657.04
2022-07-24 19:48:17,9372.11,6637.07
2022-07-24 19:48:16,9384.09,6625.1
2022-07-24 19:48:15,9383.11,6626.08
2022-07-24 19:48:14,9400.12,6609.07
2022-07-24 19:48:13,9412.49,6596.7
2022-07-24 19:48:12,9444.17,6565.02
2022-07-24 19:48:11,9452.74,6556.45
2022-07-24 19:48:10,9468.98,6540.21
2022-07-24 19:48:09,9485.94,6523.25
2022-07-24 19:48:08,9497.6,6511.59
2022-07-24 19:48:07,9532.77,6476.42
2022-07-24 19:48:06,9550.18,6459.01
2022-07-24 19:48:05,9565.8,6443.39
2022-07-24 19:48:04,9603.06,6406.13
2022-07-24 19:48:03,9629.89,6379.29
2022-07-24 19:48:02,9661.43,6347.75
2022-07-24 19:48:01,9696.3,6312.89
2022-07-24 19:48:00,9711.28,6297.91
2022-07-24 19:47:59,9768.26,6240.93
2022-07-24 19:47:58,9801.97,6207.22
2022-07-24 19:47:57,9820.27,6188.92
2022-07-24 19:47:56,9835.69,6173.49
2022-07-24 19:47:55,9904.17,6105.02
2022-07-24 19:47:54,9924.3,6084.88
2022-07-24 19:47:53,10108.5,5900.72
2022-07-24 19:47:52,10185,5824.19
2022-07-24 19:47:51,10258.9,5750.28
2022-07-24 19:47:50,10645.5,5363.68
2022-07-24 19:47:49,10764.8,5244.43
2022-07-24 19:47:48,10783.6,5225.63
2022-07-24 19:47:47,10935.2,5074.03
2022-07-24 19:47:46,11356,4653.21
2022-07-24 19:47:45,11548.7,4460.46
2022-07-24 19:47:44,11618.6,4390.57
2022-07-24 19:47:43,11247.1,4762.09
2022-07-24 19:47:42,11364.2,4644.95
2022-07-24 19:47:41,11472,4537.16
2022-07-24 19:47:40,11000.3,5008.93
2022-07-24 19:47:39,10621.5,5387.68
2022-07-24 19:47:38,9126.45,6882.74
2022-07-24 19:47:37,9057.02,6952.17
2022-07-24 19:47:36,9057.79,6951.4
2022-07-24 19:47:35,9061.31,6947.88
2022-07-24 19:47:34,9061.98,6947.21
2022-07-24 19:47:33,9069.77,6939.42
2022-07-24 19:47:32,9070.86,6938.33
2022-07-24 19:47:31,9074.87,6934.32
2022-07-24 19:47:30,9075.9,6933.28
2022-07-24 19:47:29,9085.9,6923.29
2022-07-24 19:47:28,9100.36,6908.82
2022-07-24 19:47:27,9101.98,6907.21
2022-07-24 19:47:26,9102.04,6907.15
2022-07-24 19:47:25,9128.01,6881.18
2022-07-24 19:47:24,9128.91,6880.28
2022-07-24 19:47:23,9149.7,6859.48
2022-07-24 19:47:22,9151.75,6857.44
2022-07-24 19:47:21,9175.55,6833.63
2022-07-24 19:47:20,9186.64,6822.54
2022-07-24 19:47:19,9214.16,6795.03
2022-07-24 19:47:18,9243.12,6766.07
2022-07-24 19:47:17,9245.91,6763.28
2022-07-24 19:47:16,9251.89,6757.3
2022-07-24 19:47:15,9273.12,6736.07
2022-07-24 19:47:14,9295.87,6713.32
2022-07-24 19:47:13,9314.39,6694.8
2022-07-24 19:47:12,9339.3,6669.89
2022-07-24 19:47:11,9337.25,6671.93
2022-07-24 19:47:10,9412.06,6597.13
2022-07-24 19:47:09,9477.38,6531.81
2022-07-24 19:47:08,9585.65,6423.54
2022-07-24 19:47:07,9629.78,6379.41
2022-07-24 19:47:06,10105.8,5903.37
2022-07-24 19:47:05,10372.4,5636.83
2022-07-24 19:47:04,10789.2,5219.97
2022-07-24 19:47:03,10890,5119.15
2022-07-24 19:47:02,11051.1,4958.05
2022-07-24 19:47:01,11397.1,4612.09
2022-07-24 19:47:00,11513.3,4495.89
2022-07-24 19:46:59,11630.1,4379.04
2022-07-24 19:46:58,11745.4,4263.8
2022-07-24 19:46:57,11907.6,4101.57
2022-07-24 19:46:56,12086,3923.19
2022-07-24 19:46:55,10591.4,5417.75
2022-07-24 19:46:54,10162.6,5846.62
2022-07-24 19:46:53,9551.79,6457.4
2022-07-24 19:46:52,9181.66,6827.53
2022-07-24 19:46:51,9181.93,6827.25
2022-07-24 19:46:50,9181.41,6827.78
2022-07-24 19:46:49,9194.38,6814.8
2022-07-24 19:46:48,9199.89,6809.3
2022-07-24 19:46:47,9201.97,6807.22
2022-07-24 19:46:46,9210.8,6798.39
2022-07-24 19:46:45,9220.63,6788.56
2022-07-24 19:46:44,9229.6,6779.59
2022-07-24 19:46:43,9243.91,6765.28
2022-07-24 19:46:42,9255.69,6753.5
2022-07-24 19:46:41,9258.88,6750.31
2022-07-24 19:46:40,9283.22,6725.97
2022-07-24 19:46:39,9283.77,6725.42
2022-07-24 19:46:38,9331.45,6677.74
2022-07-24 19:46:37,9332.8,6676.39
2022-07-24 19:46:36,9370.41,6638.78
2022-07-24 19:46:35,9396.32,6612.87
2022-07-24 19:46:34,9413.79,6595.39
2022-07-24 19:46:33,9444.14,6565.05
2022-07-24 19:46:32,9448.07,6561.12
2022-07-24 19:46:31,9479.32,6529.87
2022-07-24 19:46:30,9501.56,6507.63
2022-07-24 19:46:29,9522.03,6487.16
2022-07-24 19:46:28,9535.22,6473.97
2022-07-24 19:46:27,9577.1,6432.09
2022-07-24 19:46:26,9575.13,6434.05
2022-07-24 19:46:25,9721.56,6287.63
2022-07-24 19:46:24,9803.85,6205.34
2022-07-24 19:46:23,9842.51,6166.68
2022-07-24 19:46:22,10058.9,5950.33
2022-07-24 19:46:21,10507.8,5501.37
2022-07-24 19:46:20,10764.6,5244.64
2022-07-24 19:46:19,10890,5119.15
2022-07-24 19:46:18,11135.1,4874.1
2022-07-24 19:46:17,11285.4,4723.78
2022-07-24 19:46:16,11509.7,4499.48
2022-07-24 19:46:15,11591.4,4417.75
2022-07-24 19:46:14,11716.8,4292.42
2022-07-24 19:46:13,11877.9,4131.31
2022-07-24 19:46:12,12018.3,3990.85
2022-07-24 19:46:11,10037.8,5971.39
2022-07-24 19:46:10,10125.7,5883.48
2022-07-24 19:46:09,9667.84,6341.35
2022-07-24 19:46:08,9044.36,6964.83
2022-07-24 19:46:07,9045.35,6963.84
2022-07-24 19:46:06,9049.32,6959.87
2022-07-24 19:46:05,9048.95,6960.24
2022-07-24 19:46:04,9055.31,6953.88
2022-07-24 19:46:03,9058.79,6950.39
2022-07-24 19:46:02,9058.45,6950.73
2022-07-24 19:46:01,9061.06,6948.13
2022-07-24 19:46:00,9068.13,6941.06
2022-07-24 19:45:59,9069.67,6939.52
2022-07-24 19:45:58,9071.6,6937.59
2022-07-24 19:45:57,9083.44,6925.75
2022-07-24 19:45:56,9096.69,6912.5
2022-07-24 19:45:55,9096.15,6913.04
2022-07-24 19:45:54,9098.11,6911.08
2022-07-24 19:45:53,9114.94,6894.25
2022-07-24 19:45:52,9121.91,6887.27
2022-07-24 19:45:51,9123.87,6885.32
2022-07-24 19:45:50,9125,6884.19
2022-07-24 19:45:49,9158.71,6850.48
2022-07-24 19:45:48,9164.95,6844.23
2022-07-24 19:45:47,9178.83,6830.36
2022-07-24 19:45:46,9197.84,6811.34
2022-07-24 19:45:45,9218.04,6791.14
2022-07-24 19:45:44,9242.45,6766.73
2022-07-24 19:45:43,9274.38,6734.81
2022-07-24 19:45:42,9303.87,6705.32
2022-07-24 19:45:41,9354.87,6654.31
2022-07-24 19:45:40,9428.31,6580.88
2022-07-24 19:45:39,9501.68,6507.5
2022-07-24 19:45:38,9642.34,6366.84
2022-07-24 19:45:37,10112.8,5896.39
2022-07-24 19:45:36,10390.3,5618.91
2022-07-24 19:45:35,10607.3,5401.92
2022-07-24 19:45:34,10722.1,5287.05
2022-07-24 19:45:33,11075.7,4933.46
2022-07-24 19:45:32,11311.9,4697.29
2022-07-24 19:45:31,11437,4572.18
2022-07-24 19:45:30,11594.8,4414.36
2022-07-24 19:45:29,11740.8,4268.39
2022-07-24 19:45:28,11894.3,4114.93
2022-07-24 19:45:27,12056.1,3953.09
2022-07-24 19:45:26,12254.2,3754.95
2022-07-24 19:45:25,9022.33,6986.86
2022-07-24 19:45:24,9027.33,6981.86
2022-07-24 19:45:23,9028.41,6980.78
2022-07-24 19:45:22,9029.46,6979.72
2022-07-24 19:45:21,9030.94,6978.25
2022-07-24 19:45:20,9032.71,6976.48
2022-07-24 19:45:19,9034.45,6974.73
2022-07-24 19:45:18,9036.02,6973.17
2022-07-24 19:45:17,9038.5,6970.69
2022-07-24 19:45:16,9038.99,6970.2
2022-07-24 19:45:15,9049.73,6959.46
2022-07-24 19:45:14,9048.36,6960.83
2022-07-24 19:45:13,9055.92,6953.27
2022-07-24 19:45:12,9055.95,6953.24
2022-07-24 19:45:11,9067.3,6941.88
2022-07-24 19:45:10,9073.89,6935.3
2022-07-24 19:45:09,9098.36,6910.82
2022-07-24 19:45:08,9098.55,6910.64
2022-07-24 19:45:07,9110.26,6898.93
2022-07-24 19:45:06,9119.45,6889.74
2022-07-24 19:45:05,9152.5,6856.68
2022-07-24 19:45:04,9158.36,6850.82
2022-07-24 19:45:03,9195.46,6813.73
2022-07-24 19:45:02,9196.25,6812.94
2022-07-24 19:45:01,9232.27,6776.92
2022-07-24 19:45:00,9249.77,6759.42
2022-07-24 19:44:59,9277.04,6732.14
2022-07-24 19:44:58,9302.78,6706.41
2022-07-24 19:44:57,9375.94,6633.25
2022-07-24 19:44:56,9381.57,6627.62
2022-07-24 19:44:55,9459.82,6549.36
2022-07-24 19:44:54,9622.83,6386.36
2022-07-24 19:44:53,9804.3,6204.89
2022-07-24 19:44:52,10036.6,5972.55
2022-07-24 19:44:51,10302.4,5706.78
2022-07-24 19:44:50,10806.1,5203.04
2022-07-24 19:44:49,11173,4836.21
2022-07-24 19:44:48,11307.4,4701.82
2022-07-24 19:44:47,11452.5,4556.67
2022-07-24 19:44:46,11536.7,4472.52
2022-07-24 19:44:45,11645.4,4363.79
2022-07-24 19:44:44,11764.3,4244.86
2022-07-24 19:44:43,11943.7,4065.51
2022-07-24 19:44:42,11781.1,4228.11
2022-07-24 19:44:41,11821.3,4187.91
2022-07-24 19:44:40,9298.35,6710.84
2022-07-24 19:44:39,9036.07,6973.12
2022-07-24 19:44:38,9041.25,6967.93
2022-07-24 19:44:37,9046.67,6962.52
2022-07-24 19:44:36,9047.91,6961.27
2022-07-24 19:44:35,9049.34,6959.84
2022-07-24 19:44:34,9056.68,6952.5
2022-07-24 19:44:33,9064.21,6944.98
2022-07-24 19:44:32,9063.32,6945.87
2022-07-24 19:44:31,9069.01,6940.18
2022-07-24 19:44:30,9075.34,6933.85
2022-07-24 19:44:29,9084.65,6924.54
2022-07-24 19:44:28,9087.17,6922.02
2022-07-24 19:44:27,9106.03,6903.15
2022-07-24 19:44:26,9132.07,6877.12
2022-07-24 19:44:25,9133.52,6875.67
2022-07-24 19:44:24,9135.59,6873.6
2022-07-24 19:44:23,9151.42,6857.77
2022-07-24 19:44:22,9180.46,6828.73
2022-07-24 19:44:21,9183.08,6826.11
2022-07-24 19:44:20,9181.78,6827.41
2022-07-24 19:44:19,9227.02,6782.16
2022-07-24 19:44:18,9257.74,6751.45
2022-07-24 19:44:17,9260.98,6748.21
2022-07-24 19:44:16,9281.88,6727.31
2022-07-24 19:44:15,9360.22,6648.97
2022-07-24 19:44:14,9363.52,6645.67
2022-07-24 19:44:13,9374.47,6634.71
2022-07-24 19:44:12,9428.75,6580.44
2022-07-24 19:44:11,9433.97,6575.22
2022-07-24 19:44:10,9515.99,6493.2
2022-07-24 19:44:09,9708.98,6300.21
2022-07-24 19:44:08,9848.07,6161.12
2022-07-24 19:44:07,9979.76,6029.43
2022-07-24 19:44:06,10124.8,5884.4
2022-07-24 19:44:05,10482.4,5526.8
2022-07-24 19:44:04,11050.8,4958.43
2022-07-24 19:44:03,11241.2,4767.95
2022-07-24 19:44:02,11423.8,4585.36
2022-07-24 19:44:01,11519,4490.17
2022-07-24 19:44:00,11666.6,4342.54
2022-07-24 19:43:59,11777,4232.19
2022-07-24 19:43:58,11914.4,4094.83
2022-07-24 19:43:57,12098.6,3910.59
2022-07-24 19:43:56,11276.5,4732.68
2022-07-24 19:43:55,9066.32,6942.86
2022-07-24 19:43:54,9069.63,6939.56
2022-07-24 19:43:53,9071.81,6937.38
2022-07-24 19:43:52,9077.96,6931.23
2022-07-24 19:43:51,9087.97,6921.21
2022-07-24 19:43:50,9089.18,6920.01
2022-07-24 19:43:49,9092.47,6916.72
2022-07-24 19:43:48,9099.81,6909.38
2022-07-24 19:43:47,9109.94,6899.25
2022-07-24 19:43:46,9113.96,6895.23
2022-07-24 19:43:45,9114.79,6894.39
2022-07-24 19:43:44,9140.54,6868.65
2022-07-24 19:43:43,9150.99,6858.2
2022-07-24 19:43:42,9153.69,6855.5
2022-07-24 19:43:41,9155.73,6853.45
2022-07-24 19:43:40,9180.15,6829.03
2022-07-24 19:43:39,9215.08,6794.11
2022-07-24 19:43:38,9217.86,6791.33
2022-07-24 19:43:37,9218.99,6790.2
2022-07-24 19:43:36,9262.58,6746.61
2022-07-24 19:43:35,9283.36,6725.83
2022-07-24 19:43:34,9285.06,6724.13
2022-07-24 19:43:33,9297.05,6712.14
2022-07-24 19:43:32,9345.16,6664.02
2022-07-24 19:43:31,9346.97,6662.21
2022-07-24 19:43:30,9368.52,6640.67
2022-07-24 19:43:29,9405.1,6604.09
2022-07-24 19:43:28,9416.07,6593.12
2022-07-24 19:43:27,9431.95,6577.24
2022-07-24 19:43:26,9489.94,6519.24
2022-07-24 19:43:25,9589.78,6419.41
2022-07-24 19:43:24,9668.78,6340.41
2022-07-24 19:43:23,9870.23,6138.96
2022-07-24 19:43:22,10276.4,5732.83
2022-07-24 19:43:21,10534.2,5474.98
2022-07-24 19:43:20,10709.1,5300.07
2022-07-24 19:43:19,10824.9,5184.25
2022-07-24 19:43:18,11303.1,4706.12
2022-07-24 19:43:17,11456.7,4552.48
2022-07-24 19:43:16,11604.9,4404.26
2022-07-24 19:43:15,11756.3,4252.86
2022-07-24 19:43:14,11891.1,4118.06
2022-07-24 19:43:13,11515.4,4493.74
2022-07-24 19:43:12,11679.6,4329.58
2022-07-24 19:43:11,10136.3,5872.89
2022-07-24 19:43:10,9053.94,6955.25
2022-07-24 19:43:09,9061.32,6947.87
2022-07-24 19:43:08,9063.05,6946.14
2022-07-24 19:43:07,9064.07,6945.11
2022-07-24 19:43:06,9064.79,6944.4
2022-07-24 19:43:05,9071.91,6937.28
2022-07-24 19:43:04,9074.13,6935.06
2022-07-24 19:43:03,9074.36,6934.82
2022-07-24 19:43:02,9074.01,6935.18
2022-07-24 19:43:01,9086.18,6923.01
2022-07-24 19:43:00,9099.75,6909.44
2022-07-24 19:42:59,9100.74,6908.45
2022-07-24 19:42:58,9102.07,6907.12
2022-07-24 19:42:57,9104.68,6904.51
2022-07-24 19:42:56,9119.96,6889.23
2022-07-24 19:42:55,9139.06,6870.13
2022-07-24 19:42:54,9139.82,6869.37
2022-07-24 19:42:53,9159.98,6849.21
2022-07-24 19:42:52,9174.67,6834.52
2022-07-24 19:42:51,9194.74,6814.45
2022-07-24 19:42:50,9194.4,6814.79
2022-07-24 19:42:49,9210.95,6798.24
2022-07-24 19:42:48,9242.68,6766.51
2022-07-24 19:42:47,9263.14,6746.05
2022-07-24 19:42:46,9278.73,6730.45
2022-07-24 19:42:45,9279.4,6729.79
2022-07-24 19:42:44,9353.72,6655.47
2022-07-24 19:42:43,9327.11,6682.08
2022-07-24 19:42:42,9356.93,6652.26
2022-07-24 19:42:41,9475.94,6533.25
2022-07-24 19:42:40,9539.77,6469.41
2022-07-24 19:42:39,9889.16,6120.02
2022-07-24 19:42:38,10262.7,5746.48
2022-07-24 19:42:37,10537.7,5471.45
2022-07-24 19:42:36,10694,5315.15
2022-07-24 19:42:35,10813,5196.22
2022-07-24 19:42:34,11267.7,4741.49
2022-07-24 19:42:33,11367.4,4641.82
2022-07-24 19:42:32,11533.6,4475.63
2022-07-24 19:42:31,11671.6,4337.64
2022-07-24 19:42:30,11845.9,4163.28
2022-07-24 19:42:29,11990.6,4018.59
2022-07-24 19:42:28,12197.3,3811.91
2022-07-24 19:42:27,10061.9,5947.28
2022-07-24 19:42:26,8994.78,7014.41
2022-07-24 19:42:25,8994.76,7014.43
2022-07-24 19:42:24,8996.27,7012.92
2022-07-24 19:42:23,8996.75,7012.44
2022-07-24 19:42:22,9009.71,6999.48
2022-07-24 19:42:21,9010.63,6998.55
2022-07-24 19:42:20,9014.66,6994.53
2022-07-24 19:42:19,9015.77,6993.41
2022-07-24 19:42:18,9031.75,6977.44
2022-07-24 19:42:17,9033.79,6975.39
2022-07-24 19:42:16,9040.57,6968.62
2022-07-24 19:42:15,9047.65,6961.54
2022-07-24 19:42:14,9049.68,6959.51
2022-07-24 19:42:13,9064.7,6944.49
2022-07-24 19:42:12,9087.4,6921.78
2022-07-24 19:42:11,9088.6,6920.59
2022-07-24 19:42:10,9092.77,6916.42
2022-07-24 19:42:09,9110.73,6898.45
2022-07-24 19:42:08,9136.55,6872.64
2022-07-24 19:42:07,9137.23,6871.95
2022-07-24 19:42:06,9154.73,6854.46
2022-07-24 19:42:05,9165.08,6844.11
2022-07-24 19:42:04,9174.23,6834.96
2022-07-24 19:42:03,9198.16,6811.03
2022-07-24 19:42:02,9200.61,6808.58
2022-07-24 19:42:01,9207.97,6801.22
2022-07-24 19:42:00,9257.83,6751.36
2022-07-24 19:41:59,9245.26,6763.93
2022-07-24 19:41:58,9247.02,6762.17
2022-07-24 19:41:57,9289.11,6720.07
2022-07-24 19:41:56,9448.49,6560.7
2022-07-24 19:41:55,9528.13,6481.05
2022-07-24 19:41:54,9688.3,6320.89
2022-07-24 19:41:53,9924.23,6084.95
2022-07-24 19:41:52,10402.4,5606.82
2022-07-24 19:41:51,10999.4,5009.75
2022-07-24 19:41:50,11208.8,4800.36
2022-07-24 19:41:49,11406.1,4603.07
2022-07-24 19:41:48,11514.6,4494.59
2022-07-24 19:41:47,11644.9,4364.27
2022-07-24 19:41:46,11720.4,4288.83
2022-07-24 19:41:45,11901.3,4107.89
2022-07-24 19:41:44,12067.4,3941.77
2022-07-24 19:41:43,12283.4,3725.75
2022-07-24 19:41:42,11328.1,4681.06
2022-07-24 19:41:41,9324.06,6685.13
2022-07-24 19:41:40,9326.46,6682.73
2022-07-24 19:41:39,9331.97,6677.21
2022-07-24 19:41:38,9342.54,6666.65
2022-07-24 19:41:37,9351.24,6657.95
2022-07-24 19:41:36,9361.45,6647.74
2022-07-24 19:41:35,9369.31,6639.88
2022-07-24 19:41:34,9376.98,6632.21
2022-07-24 19:41:33,9391.29,6617.89
2022-07-24 19:41:32,9404.75,6604.44
2022-07-24 19:41:31,9415.27,6593.92
2022-07-24 19:41:30,9427.22,6581.97
2022-07-24 19:41:29,9449.79,6559.4
2022-07-24 19:41:28,9469.9,6539.29
2022-07-24 19:41:27,9484.47,6524.72
2022-07-24 19:41:26,9486.38,6522.81
2022-07-24 19:41:25,9535.21,6473.98
2022-07-24 19:41:24,9566.36,6442.82
2022-07-24 19:41:23,9581.18,6428
2022-07-24 19:41:22,9581.9,6427.29
2022-07-24 19:41:21,9665.47,6343.71
2022-07-24 19:41:20,9666.5,6342.69
2022-07-24 19:41:19,9685.18,6324.01
2022-07-24 19:41:18,9739.45,6269.73
2022-07-24 19:41:17,9774.86,6234.33
2022-07-24 19:41:16,9794.62,6214.56
2022-07-24 19:41:15,9839.28,6169.9
2022-07-24 19:41:14,9879.81,6129.37
2022-07-24 19:41:13,9885.86,6123.33
2022-07-24 19:41:12,9970.13,6039.06
2022-07-24 19:41:11,10019.8,5989.34
2022-07-24 19:41:10,10126.5,5882.73
2022-07-24 19:41:09,10438.4,5570.77
2022-07-24 19:41:08,10576,5433.18
2022-07-24 19:41:07,10877.7,5131.46
2022-07-24 19:41:06,11008.7,5000.48
2022-07-24 19:41:05,11232.6,4776.58
2022-07-24 19:41:04,11454.2,4554.95
2022-07-24 19:41:03,11538.9,4470.28
2022-07-24 19:41:02,11673.4,4335.82
2022-07-24 19:41:01,11801.3,4207.87
2022-07-24 19:41:00,11956.5,4052.72
2022-07-24 19:40:59,11613.4,4395.75
2022-07-24 19:40:58,10232.9,5776.27
2022-07-24 19:40:57,10296.9,5712.3
2022-07-24 19:40:56,9333.31,6675.88
2022-07-24 19:40:55,9335.72,6673.46
2022-07-24 19:40:54,9342.71,6666.47
2022-07-24 19:40:53,9350.88,6658.31
2022-07-24 19:40:52,9350.6,6658.58
2022-07-24 19:40:51,9356.16,6653.03
2022-07-24 19:40:50,9366.68,6642.51
2022-07-24 19:40:49,9385.34,6623.85
2022-07-24 19:40:48,9389.11,6620.07
2022-07-24 19:40:47,9395.12,6614.06
2022-07-24 19:40:46,9396.28,6612.91
2022-07-24 19:40:45,9434.6,6574.59
2022-07-24 19:40:44,9435.66,6573.52
2022-07-24 19:40:43,9429.05,6580.14
2022-07-24 19:40:42,9430.63,6578.56
2022-07-24 19:40:41,9459.07,6550.12
2022-07-24 19:40:40,9492.61,6516.57
2022-07-24 19:40:39,9506.57,6502.62
2022-07-24 19:40:38,9556.52,6452.67
2022-07-24 19:40:37,9590,6419.19
2022-07-24 19:40:36,9608.1,6401.09
2022-07-24 19:40:35,9620.81,6388.38
2022-07-24 19:40:34,9657.47,6351.72
2022-07-24 19:40:33,9708.51,6300.68
2022-07-24 19:40:32,9744.78,6264.41
2022-07-24 19:40:31,9779.91,6229.28
2022-07-24 19:40:30,9832.81,6176.38
2022-07-24 19:40:29,9852.67,6156.52
2022-07-24 19:40:28,9898.9,6110.29
2022-07-24 19:40:27,9971.27,6037.92
2022-07-24 19:40:26,10102.8,5906.41
2022-07-24 19:40:25,10275.2,5734.01
2022-07-24 19:40:24,10483.1,5526.07
2022-07-24 19:40:23,10755.3,5253.86
2022-07-24 19:40:22,11076.9,4932.32
2022-07-24 19:40:21,11229.6,4779.57
2022-07-24 19:40:20,11351.8,4657.4
2022-07-24 19:40:19,11498.2,4510.98
2022-07-24 19:40:18,11644,4365.15
2022-07-24 19:40:17,11733.9,4275.31
2022-07-24 19:40:16,11896.3,4112.86
2022-07-24 19:40:15,12073,3936.2
2022-07-24 19:40:14,11110.5,4898.69
2022-07-24 19:40:13,9566.38,6442.8
2022-07-24 19:40:12,9608.88,6400.3
2022-07-24 19:40:11,9615.49,6393.7
2022-07-24 19:40:10,9114.74,6894.44
2022-07-24 19:40:09,9115,6894.19
2022-07-24 19:40:08,9121.73,6887.46
2022-07-24 19:40:07,9131.81,6877.38
2022-07-24 19:40:06,9133.3,6875.88
2022-07-24 19:40:05,9133.92,6875.27
2022-07-24 19:40:04,9143.38,6865.81
2022-07-24 19:40:03,9142.33,6866.86
2022-07-24 19:40:02,9155.65,6853.53
2022-07-24 19:40:01,9158.7,6850.48
2022-07-24 19:40:00,9163.68,6845.51
2022-07-24 19:39:59,9167.75,6841.44
2022-07-24 19:39:58,9176.61,6832.58
2022-07-24 19:39:57,9186.49,6822.7
2022-07-24 19:39:56,9188.94,6820.25
2022-07-24 19:39:55,9204.63,6804.55
2022-07-24 19:39:54,9226.62,6782.57
2022-07-24 19:39:53,9233.33,6775.85
2022-07-24 19:39:52,9243.92,6765.27
2022-07-24 19:39:51,9266.85,6742.34
2022-07-24 19:39:50,9300.94,6708.25
2022-07-24 19:39:49,9304.32,6704.87
2022-07-24 19:39:48,9328.48,6680.71
2022-07-24 19:39:47,9370.98,6638.2
2022-07-24 19:39:46,9387.27,6621.91
2022-07-24 19:39:45,9412.82,6596.37
2022-07-24 19:39:44,9444.24,6564.95
2022-07-24 19:39:43,9564.85,6444.34
2022-07-24 19:39:42,9674.18,6335.01
2022-07-24 19:39:41,9786.91,6222.27
2022-07-24 19:39:40,10262.4,5746.79
2022-07-24 19:39:39,10450.8,5558.37
2022-07-24 19:39:38,10781.2,5227.96
2022-07-24 19:39:37,11055.2,4954.02
2022-07-24 19:39:36,11204.7,4804.46
2022-07-24 19:39:35,11326.5,4682.66
2022-07-24 19:39:34,11524.9,4484.28
2022-07-24 19:39:33,11716.2,4293
2022-07-24 19:39:32,11827.2,4181.95
2022-07-24 19:39:31,12008,4001.17
2022-07-24 19:39:30,11528,4481.16
2022-07-24 19:39:29,9889.39,6119.8
2022-07-24 19:39:28,9316.06,6693.13
2022-07-24 19:39:27,9338.84,6670.35
2022-07-24 19:39:26,8731.67,7277.52
2022-07-24 19:39:25,8732.07,7277.12
2022-07-24 19:39:24,8733.59,7275.59
2022-07-24 19:39:23,8733.26,7275.93
2022-07-24 19:39:22,8743.96,7265.23
2022-07-24 19:39:21,8742.47,7266.72
2022-07-24 19:39:20,8743.35,7265.84
2022-07-24 19:39:19,8743.64,7265.54
2022-07-24 19:39:18,8752.19,7257
2022-07-24 19:39:17,8753.58,7255.61
2022-07-24 19:39:16,8754.86,7254.32
2022-07-24 19:39:15,8767.28,7241.91
2022-07-24 19:39:14,8766.56,7242.63
2022-07-24 19:39:13,8765.93,7243.26
2022-07-24 19:39:12,8766.89,7242.3
2022-07-24 19:39:11,8768,7241.19
2022-07-24 19:39:10,8783.84,7225.35
2022-07-24 19:39:09,8783.18,7226.01
2022-07-24 19:39:08,8784.17,7225.02
2022-07-24 19:39:07,8799.41,7209.78
2022-07-24 19:39:06,8793.78,7215.4
2022-07-24 19:39:05,8795.21,7213.97
2022-07-24 19:39:04,8815.92,7193.27
2022-07-24 19:39:03,8818.26,7190.93
2022-07-24 19:39:02,8821.55,7187.63
2022-07-24 19:39:01,8816.99,7192.19
2022-07-24 19:39:00,8861.21,7147.98
2022-07-24 19:38:59,8922.18,7087.01
2022-07-24 19:38:58,9050.19,6959
2022-07-24 19:38:57,9306.29,6702.9
2022-07-24 19:38:56,9565.88,6443.31
2022-07-24 19:38:55,9964.14,6045.05
2022-07-24 19:38:54,10330.3,5678.9
2022-07-24 19:38:53,10775.6,5233.54
2022-07-24 19:38:52,10892.6,5116.62
2022-07-24 19:38:51,11289.4,4719.8
2022-07-24 19:38:50,11453.5,4555.71
2022-07-24 19:38:49,11599.6,4409.55
2022-07-24 19:38:48,11757.7,4251.51
2022-07-24 19:38:47,11897.8,4111.41
2022-07-24 19:38:46,12089.3,3919.85
2022-07-24 19:38:45,11268.7,4740.52
2022-07-24 19:38:44,9656.95,6352.24
2022-07-24 19:38:43,9664.47,6344.71
2022-07-24 19:38:42,9158.51,6850.68
2022-07-24 19:38:41,9159.16,6850.03
2022-07-24 19:38:40,9162.82,6846.37
2022-07-24 19:38:39,9171.33,6837.86
2022-07-24 19:38:38,9173.13,6836.05
2022-07-24 19:38:37,9183.35,6825.84
2022-07-24 19:38:36,9187.06,6822.13
2022-07-24 19:38:35,9197.64,6811.55
2022-07-24 19:38:34,9200.64,6808.55
2022-07-24 19:38:33,9227.02,6782.16
2022-07-24 19:38:32,9233.63,6775.56
2022-07-24 19:38:31,9256.45,6752.74
2022-07-24 19:38:30,9257.9,6751.29
2022-07-24 19:38:29,9290.43,6718.75
2022-07-24 19:38:28,9311.02,6698.16
2022-07-24 19:38:27,9328.02,6681.17
2022-07-24 19:38:26,9329.82,6679.37
2022-07-24 19:38:25,9371.86,6637.33
2022-07-24 19:38:24,9392.06,6617.12
2022-07-24 19:38:23,9423.6,6585.59
2022-07-24 19:38:22,9442.5,6566.69
2022-07-24 19:38:21,9463.84,6545.34
2022-07-24 19:38:20,9502.02,6507.17
2022-07-24 19:38:19,9522.09,6487.09
2022-07-24 19:38:18,9563.94,6445.25
2022-07-24 19:38:17,9578.16,6431.03
2022-07-24 19:38:16,9588.45,6420.74
2022-07-24 19:38:15,9623.79,6385.39
2022-07-24 19:38:14,9744.38,6264.81
2022-07-24 19:38:13,9845.66,6163.53
2022-07-24 19:38:12,9955.39,6053.79
2022-07-24 19:38:11,10375.1,5634.07
2022-07-24 19:38:10,10519.3,5489.9
2022-07-24 19:38:09,10838.4,5170.8
2022-07-24 19:38:08,11083.2,4925.96
2022-07-24 19:38:07,11223.4,4785.76
2022-07-24 19:38:06,11365.6,4643.64
2022-07-24 19:38:05,11559.8,4449.41
2022-07-24 19:38:04,11730.9,4278.33
2022-07-24 19:38:03,11858.7,4150.5
2022-07-24 19:38:02,12051.5,3957.72
2022-07-24 19:38:01,11700.6,4308.6
2022-07-24 19:38:00,10011.8,5997.34
2022-07-24 19:37:59,9582.31,6426.88
2022-07-24 19:37:58,9074.43,6934.75
2022-07-24 19:37:57,9074.83,6934.36
2022-07-24 19:37:56,9076.19,6933
2022-07-24 19:37:55,9078.89,6930.3
2022-07-24 19:37:54,9084.91,6924.27
2022-07-24 19:37:53,9085.98,6923.2
2022-07-24 19:37:52,9084.11,6925.07
2022-07-24 19:37:51,9089.16,6920.03
2022-07-24 19:37:50,9091.3,6917.89
2022-07-24 19:37:49,9102.3,6906.89
2022-07-24 19:37:48,9103.12,6906.07
2022-07-24 19:37:47,9119.12,6890.07
2022-07-24 19:37:46,9120.78,6888.41
2022-07-24 19:37:45,9138.36,6870.83
2022-07-24 19:37:44,9140.06,6869.13
2022-07-24 19:37:43,9149.72,6859.47
2022-07-24 19:37:42,9155.06,6854.13
2022-07-24 19:37:41,9185.84,6823.35
2022-07-24 19:37:40,9185.74,6823.45
2022-07-24 19:37:39,9213.97,6795.22
2022-07-24 19:37:38,9232.5,6776.68
2022-07-24 19:37:37,9254.03,6755.16
2022-07-24 19:37:36,9266.41,6742.78
2022-07-24 19:37:35,9291.27,6717.92
2022-07-24 19:37:34,9352.52,6656.67
2022-07-24 19:37:33,9384.91,6624.28
2022-07-24 19:37:32,9392.23,6616.95
2022-07-24 19:37:31,9401.45,6607.74
2022-07-24 19:37:30,9548.82,6460.37
2022-07-24 19:37:29,9653.22,6355.97
2022-07-24 19:37:28,9693.56,6315.62
2022-07-24 19:37:27,9986.22,6022.97
2022-07-24 19:37:26,10278.3,5730.86
2022-07-24 19:37:25,10880.4,5128.81
2022-07-24 19:37:24,11036.1,4973.13
2022-07-24 19:37:23,11177,4832.2
2022-07-24 19:37:22,11430.6,4578.63
2022-07-24 19:37:21,11550.3,4458.88
2022-07-24 19:37:20,11671.9,4337.3
2022-07-24 19:37:19,11788.7,4220.53
2022-07-24 19:37:18,11975.9,4033.31
2022-07-24 19:37:17,12125.2,3883.97
2022-07-24 19:37:16,11167.5,4841.67
2022-07-24 19:37:15,9558.82,6450.36
2022-07-24 19:37:14,8928.39,7080.8
2022-07-24 19:37:13,8937.54,7071.64
2022-07-24 19:37:12,8937.43,7071.76
2022-07-24 19:37:11,8938.25,7070.93
2022-07-24 19:37:10,8939.82,7069.36
2022-07-24 19:37:09,8942.58,7066.61
2022-07-24 19:37:08,8951.13,7058.05
2022-07-24 19:37:07,8949.29,7059.9
2022-07-24 19:37:06,8950.93,7058.26
2022-07-24 19:37:05,8955.84,7053.34
2022-07-24 19:37:04,8967.5,7041.69
2022-07-24 19:37:03,8967.62,7041.57
2022-07-24 19:37:02,8968.27,7040.92
2022-07-24 19:37:01,8982.62,7026.57
2022-07-24 19:37:00,8999.77,7009.42
2022-07-24 19:36:59,9003.4,7005.78
2022-07-24 19:36:58,9004.82,7004.37
2022-07-24 19:36:57,9020.04,6989.14
2022-07-24 19:36:56,9053.04,6956.14
2022-07-24 19:36:55,9054.1,6955.09
2022-07-24 19:36:54,9070.46,6938.73
2022-07-24 19:36:53,9069.66,6939.53
2022-07-24 19:36:52,9099.92,6909.27
2022-07-24 19:36:51,9130.55,6878.64
2022-07-24 19:36:50,9134.98,6874.21
2022-07-24 19:36:49,9163.52,6845.67
2022-07-24 19:36:48,9147.88,6861.31
2022-07-24 19:36:47,9220.94,6788.25
2022-07-24 19:36:46,9243.85,6765.34
2022-07-24 19:36:45,9336.63,6672.56
2022-07-24 19:36:44,9562.37,6446.82
2022-07-24 19:36:43,9837.58,6171.61
2022-07-24 19:36:42,10104.2,5904.97
2022-07-24 19:36:41,10480.7,5528.45
2022-07-24 19:36:40,10704.3,5304.92
2022-07-24 19:36:39,11173,4836.22
2022-07-24 19:36:38,11355.8,4653.35
2022-07-24 19:36:37,11497.5,4511.66
2022-07-24 19:36:36,11589,4420.21
2022-07-24 19:36:35,11765,4244.23
2022-07-24 19:36:34,11869.3,4139.89
2022-07-24 19:36:33,12058.3,3950.93
2022-07-24 19:36:32,12235.7,3773.5
2022-07-24 19:36:31,9080.12,6929.07
2022-07-24 19:36:30,9084.07,6925.12
2022-07-24 19:36:29,9089.7,6919.49
2022-07-24 19:36:28,9091.82,6917.36
2022-07-24 19:36:27,9092.08,6917.11
2022-07-24 19:36:26,9094.93,6914.26
2022-07-24 19:36:25,9101.62,6907.56
2022-07-24 19:36:24,9102,6907.19
2022-07-24 19:36:23,9103.74,6905.45
2022-07-24 19:36:22,9110.68,6898.51
2022-07-24 19:36:21,9116.31,6892.88
2022-07-24 19:36:20,9117.32,6891.87
2022-07-24 19:36:19,9120.4,6888.79
2022-07-24 19:36:18,9117.45,6891.74
2022-07-24 19:36:17,9166.3,6842.89
2022-07-24 19:36:16,9165.76,6843.43
2022-07-24 19:36:15,9167.89,6841.3
2022-07-24 19:36:14,9168.38,6840.8
2022-07-24 19:36:13,9214.61,6794.57
2022-07-24 19:36:12,9219.29,6789.9
2022-07-24 19:36:11,9219.89,6789.3
2022-07-24 19:36:10,9253.13,6756.06
2022-07-24 19:36:09,9276.43,6732.76
2022-07-24 19:36:08,9276.73,6732.45
2022-07-24 19:36:07,9275.2,6733.98
2022-07-24 19:36:06,9333.67,6675.52
2022-07-24 19:36:05,9336.35,6672.84
2022-07-24 19:36:04,9338.07,6671.12
2022-07-24 19:36:03,9408.86,6600.32
2022-07-24 19:36:02,9361.92,6647.27
2022-07-24 19:36:01,9486.39,6522.79
2022-07-24 19:36:00,9666.8,6342.39
2022-07-24 19:35:59,9677.94,6331.25
2022-07-24 19:35:58,9937.68,6071.51
2022-07-24 19:35:57,10266.3,5742.9
2022-07-24 19:35:56,10916.8,5092.43
2022-07-24 19:35:55,11089.2,4920.01
2022-07-24 19:35:54,11307.3,4701.88
2022-07-24 19:35:53,11433.7,4575.51
2022-07-24 19:35:52,11568.5,4440.68
2022-07-24 19:35:51,11651,4358.16
2022-07-24 19:35:50,11762.5,4246.69
2022-07-24 19:35:49,11936.9,4072.27
2022-07-24 19:35:48,12112.3,3896.91
2022-07-24 19:35:47,12346,3663.19
2022-07-24 19:35:46,9066.05,6943.14
2022-07-24 19:35:45,8961.96,7047.22
2022-07-24 19:35:44,8961.18,7048.01
2022-07-24 19:35:43,8959.52,7049.66
2022-07-24 19:35:42,8960.27,7048.91
2022-07-24 19:35:41,8966.03,7043.16
2022-07-24 19:35:40,8966.42,7042.77
2022-07-24 19:35:39,8967.17,7042.02
2022-07-24 19:35:38,8972.95,7036.23
2022-07-24 19:35:37,8975.15,7034.04
2022-07-24 19:35:36,8982.87,7026.32
2022-07-24 19:35:35,8983.41,7025.78
2022-07-24 19:35:34,8987.84,7021.35
2022-07-24 19:35:33,8989.33,7019.86
2022-07-24 19:35:32,9003.61,7005.57
2022-07-24 19:35:31,9005.37,7003.82
2022-07-24 19:35:30,9012.87,6996.32
2022-07-24 19:35:29,9013.64,6995.54
2022-07-24 19:35:28,9030.46,6978.73
2022-07-24 19:35:27,9039.96,6969.23
2022-07-24 19:35:26,9041.06,6968.13
2022-07-24 19:35:25,9043.37,6965.81
2022-07-24 19:35:24,9067.51,6941.68
2022-07-24 19:35:23,9088.19,6921
2022-07-24 19:35:22,9069.35,6939.84
2022-07-24 19:35:21,9103.75,6905.44
2022-07-24 19:35:20,9146.54,6862.64
2022-07-24 19:35:19,9148.09,6861.09
2022-07-24 19:35:18,9183.83,6825.36
2022-07-24 19:35:17,9206.57,6802.61
2022-07-24 19:35:16,9346.6,6662.59
2022-07-24 19:35:15,9409.47,6599.72
2022-07-24 19:35:14,9605.62,6403.57
2022-07-24 19:35:13,10107.3,5901.92
2022-07-24 19:35:12,10393.8,5615.39
2022-07-24 19:35:11,10697.4,5311.84
2022-07-24 19:35:10,10905.2,5103.96
2022-07-24 19:35:09,11316.3,4692.86
2022-07-24 19:35:08,11410.3,4598.9
2022-07-24 19:35:07,11560,4449.14
2022-07-24 19:35:06,11668.5,4340.68
2022-07-24 19:35:05,11831.2,4178.01
2022-07-24 19:35:04,11997.8,4011.44
2022-07-24 19:35:03,12176.6,3832.59
2022-07-24 19:35:02,10301.5,5707.71
2022-07-24 19:35:01,9081.61,6927.57
2022-07-24 19:35:00,9087.61,6921.57
2022-07-24 19:34:59,9089.48,6919.71
2022-07-24 19:34:58,9093.47,6915.72
2022-07-24 19:34:57,9102.08,6907.11
2022-07-24 19:34:56,9101.8,6907.39
2022-07-24 19:34:55,9105.35,6903.84
2022-07-24 19:34:54,9104.13,6905.06
2022-07-24 19:34:53,9117.95,6891.23
2022-07-24 19:34:52,9117.75,6891.44
2022-07-24 19:34:51,9120.03,6889.16
2022-07-24 19:34:50,9120.65,6888.54
2022-07-24 19:34:49,9144.01,6865.18
2022-07-24 19:34:48,9144.83,6864.36
2022-07-24 19:34:47,9145.85,6863.34
2022-07-24 19:34:46,9173.04,6836.15
2022-07-24 19:34:45,9188.76,6820.43
2022-07-24 19:34:44,9191.84,6817.35
2022-07-24 19:34:43,9202.61,6806.57
2022-07-24 19:34:42,9245.05,6764.13
2022-07-24 19:34:41,9263.91,6745.28
2022-07-24 19:34:40,9266.29,6742.9
2022-07-24 19:34:39,9299.56,6709.63
2022-07-24 19:34:38,9345.87,6663.32
2022-07-24 19:34:37,9349.45,6659.74
2022-07-24 19:34:36,9371.47,6637.72
2022-07-24 19:34:35,9401.18,6608.01
2022-07-24 19:34:34,9454.15,6555.04
2022-07-24 19:34:33,9453.79,6555.4
2022-07-24 19:34:32,9486.21,6522.97
2022-07-24 19:34:31,9618.81,6390.38
2022-07-24 19:34:30,9847.76,6161.43
2022-07-24 19:34:29,9962.36,6046.83
2022-07-24 19:34:28,10274.5,5734.64
2022-07-24 19:34:27,10505.9,5503.26
2022-07-24 19:34:26,10880.1,5129.04
2022-07-24 19:34:25,11194.1,4815.09
2022-07-24 19:34:24,11366.8,4642.44
2022-07-24 19:34:23,11535.3,4473.9
2022-07-24 19:34:22,11633.6,4375.61
2022-07-24 19:34:21,11780.8,4228.37
2022-07-24 19:34:20,11920.4,4088.79
2022-07-24 19:34:19,12102.4,3906.81
2022-07-24 19:34:18,11270.1,4739.07
2022-07-24 19:34:17,9943.54,6065.65
2022-07-24 19:34:16,9286.71,6722.48
2022-07-24 19:34:15,9286.92,6722.27
2022-07-24 19:34:14,9300.87,6708.32
2022-07-24 19:34:13,9310.73,6698.46
2022-07-24 19:34:12,9310.66,6698.53
2022-07-24 19:34:11,9312.09,6697.1
2022-07-24 19:34:10,9346.07,6663.12
2022-07-24 19:34:09,9357.92,6651.27
2022-07-24 19:34:08,9361.61,6647.58
2022-07-24 19:34:07,9365.14,6644.04
2022-07-24 19:34:06,9396.36,6612.83
2022-07-24 19:34:05,9412.57,6596.62
2022-07-24 19:34:04,9414.21,6594.98
2022-07-24 19:34:03,9418.61,6590.58
2022-07-24 19:34:02,9465.28,6543.91
2022-07-24 19:34:01,9482.96,6526.22
2022-07-24 19:34:00,9504.08,6505.11
2022-07-24 19:33:59,9515.11,6494.07
2022-07-24 19:33:58,9571.36,6437.83
2022-07-24 19:33:57,9588.38,6420.81
2022-07-24 19:33:56,9619.59,6389.6
2022-07-24 19:33:55,9638.41,6370.78
2022-07-24 19:33:54,9683.43,6325.76
2022-07-24 19:33:53,9718.63,6290.56
2022-07-24 19:33:52,9734.21,6274.98
2022-07-24 19:33:51,9771.76,6237.43
2022-07-24 19:33:50,9818.55,6190.64
2022-07-24 19:33:49,9844.13,6165.05
2022-07-24 19:33:48,9907.31,6101.88
2022-07-24 19:33:47,9992.92,6016.27
2022-07-24 19:33:46,10073,5936.15
2022-07-24 19:33:45,10266.9,5742.27
2022-07-24 19:33:44,10518.9,5490.29
2022-07-24 19:33:43,10744.9,5264.29
2022-07-24 19:33:42,10963.7,5045.51
2022-07-24 19:33:41,11238.9,4770.29
2022-07-24 19:33:40,11393.4,4615.79
2022-07-24 19:33:39,11524.1,4485.04
2022-07-24 19:33:38,11615.5,4393.66
2022-07-24 19:33:37,11723.5,4285.71
2022-07-24 19:33:36,11907.8,4101.4
2022-07-24 19:33:35,12047.8,3961.43
2022-07-24 19:33:34,11111.7,4897.46
2022-07-24 19:33:33,10710.3,5298.87
2022-07-24 19:33:32,9126.88,6882.31
2022-07-24 19:33:31,9139,6870.18
2022-07-24 19:33:30,9139.8,6869.38
2022-07-24 19:33:29,9140.93,6868.25
2022-07-24 19:33:28,9141.68,6867.51
2022-07-24 19:33:27,9157.38,6851.8
2022-07-24 19:33:26,9159.48,6849.7
2022-07-24 19:33:25,9158.56,6850.63
2022-07-24 19:33:24,9167.45,6841.74
2022-07-24 19:33:23,9175.4,6833.78
2022-07-24 19:33:22,9178.66,6830.52
2022-07-24 19:33:21,9194.05,6815.13
2022-07-24 19:33:20,9216.85,6792.34
2022-07-24 19:33:19,9217.89,6791.3
2022-07-24 19:33:18,9218.27,6790.92
2022-07-24 19:33:17,9239.82,6769.37
2022-07-24 19:33:16,9276.53,6732.66
2022-07-24 19:33:15,9276.14,6733.05
2022-07-24 19:33:14,9278.46,6730.73
2022-07-24 19:33:13,9298.88,6710.31
2022-07-24 19:33:12,9340.18,6669
2022-07-24 19:33:11,9344.16,6665.02
2022-07-24 19:33:10,9352.95,6656.23
2022-07-24 19:33:09,9392.14,6617.04
2022-07-24 19:33:08,9402.07,6607.12
2022-07-24 19:33:07,9421.71,6587.47
2022-07-24 19:33:06,9452.36,6556.83
2022-07-24 19:33:05,9443.7,6565.49
2022-07-24 19:33:04,9515.92,6493.27
2022-07-24 19:33:03,9587.33,6421.86
2022-07-24 19:33:02,9631.18,6378
2022-07-24 19:33:01,9877.83,6131.36
2022-07-24 19:33:00,10359,5650.15
2022-07-24 19:32:59,10483.1,5526.09
2022-07-24 19:32:58,10580.6,5428.57
2022-07-24 19:32:57,11065.2,4944
2022-07-24 19:32:56,11326.7,4682.44
2022-07-24 19:32:55,11476.6,4532.56
2022-07-24 19:32:54,11591.8,4417.43
2022-07-24 19:32:53,11714.7,4294.53
2022-07-24 19:32:52,11854.1,4155.09
2022-07-24 19:32:51,12000.5,4008.64
2022-07-24 19:32:50,11569.7,4439.5
2022-07-24 19:32:49,10710.1,5299.06
2022-07-24 19:32:48,9056.43,6952.76
2022-07-24 19:32:47,9058.39,6950.8
2022-07-24 19:32:46,9060.68,6948.51
2022-07-24 19:32:45,9062.72,6946.47
2022-07-24 19:32:44,9065.83,6943.36
2022-07-24 19:32:43,9064.04,6945.14
2022-07-24 19:32:42,9064.43,6944.75
2022-07-24 19:32:41,9068.25,6940.94
2022-07-24 19:32:40,9070.22,6938.97
2022-07-24 19:32:39,9071.07,6938.11
2022-07-24 19:32:38,9072.76,6936.43
2022-07-24 19:32:37,9076.38,6932.81
2022-07-24 19:32:36,9078.07,6931.11
2022-07-24 19:32:35,9081.14,6928.05
2022-07-24 19:32:34,9083.98,6925.2
2022-07-24 19:32:33,9128.42,6880.77
2022-07-24 19:32:32,9130.03,6879.16
2022-07-24 19:32:31,9136.75,6872.44
2022-07-24 19:32:30,9139.66,6869.53
2022-07-24 19:32:29,9150.48,6858.71
2022-07-24 19:32:28,9197.41,6811.78
2022-07-24 19:32:27,9207.49,6801.7
2022-07-24 19:32:26,9209.02,6800.17
2022-07-24 19:32:25,9257.28,6751.91
2022-07-24 19:32:24,9302.87,6706.31
2022-07-24 19:32:23,9305.59,6703.6
2022-07-24 19:32:22,9328.11,6681.07
2022-07-24 19:32:21,9407.15,6602.04
2022-07-24 19:32:20,9477.9,6531.29
2022-07-24 19:32:19,9512.77,6496.42
2022-07-24 19:32:18,9609.37,6399.82
2022-07-24 19:32:17,10114.6,5894.63
2022-07-24 19:32:16,10242.4,5766.77
2022-07-24 19:32:15,10458.6,5550.63
2022-07-24 19:32:14,10684,5325.19
2022-07-24 19:32:13,10950.3,5058.9
2022-07-24 19:32:12,11315.3,4693.85
2022-07-24 19:32:11,11458,4551.22
2022-07-24 19:32:10,11599.6,4409.6
2022-07-24 19:32:09,11717.2,4292.03
2022-07-24 19:32:08,11868.1,4141.09
2022-07-24 19:32:07,12002.8,4006.38
2022-07-24 19:32:06,11698.2,4310.98
2022-07-24 19:32:05,10826,5183.17
2022-07-24 19:32:04,9677.38,6331.81
2022-07-24 19:32:03,9220.87,6788.32
2022-07-24 19:32:02,9226.38,6782.8
2022-07-24 19:32:01,9233.53,6775.66
2022-07-24 19:32:00,9243.04,6766.15
2022-07-24 19:31:59,9243.21,6765.97
2022-07-24 19:31:58,9246.25,6762.94
2022-07-24 19:31:57,9252.16,6757.03
2022-07-24 19:31:56,9275.84,6733.35
2022-07-24 19:31:55,9279.04,6730.15
2022-07-24 19:31:54,9284.69,6724.49
2022-07-24 19:31:53,9305.88,6703.3
2022-07-24 19:31:52,9323.8,6685.39
2022-07-24 19:31:51,9339.83,6669.36
2022-07-24 19:31:50,9342.93,6666.25
2022-07-24 19:31:49,9370.36,6638.83
2022-07-24 19:31:48,9412.93,6596.25
2022-07-24 19:31:47,9434.2,6574.98
2022-07-24 19:31:46,9435.39,6573.8
2022-07-24 19:31:45,9467.05,6542.14
2022-07-24 19:31:44,9511.81,6497.38
2022-07-24 19:31:43,9524.19,6485
2022-07-24 19:31:42,9539.74,6469.45
2022-07-24 19:31:41,9590.12,6419.07
2022-07-24 19:31:40,9610.49,6398.7
2022-07-24 19:31:39,9622.44,6386.75
2022-07-24 19:31:38,9676.76,6332.43
2022-07-24 19:31:37,9669.53,6339.66
2022-07-24 19:31:36,9677.54,6331.65
2022-07-24 19:31:35,9768.2,6240.98
2022-07-24 19:31:34,9865.19,6144
2022-07-24 19:31:33,9960.44,6048.75
2022-07-24 19:31:32,10172.6,5836.6
2022-07-24 19:31:31,10611.3,5397.84
2022-07-24 19:31:30,10773,5236.16
2022-07-24 19:31:29,11050.5,4958.72
2022-07-24 19:31:28,11202.8,4806.42
2022-07-24 19:31:27,11408.6,4600.55
2022-07-24 19:31:26,11558.3,4450.92
2022-07-24 19:31:25,11720,4289.2
2022-07-24 19:31:24,11851.2,4158
2022-07-24 19:31:23,12014.6,3994.55
2022-07-24 19:31:22,12191.3,3817.93
2022-07-24 19:31:21,10199.2,5810.02
2022-07-24 19:31:20,9616.98,6392.2
2022-07-24 19:31:19,9107.75,6901.43
2022-07-24 19:31:18,9109.4,6899.79
2022-07-24 19:31:17,9110.57,6898.61
2022-07-24 19:31:16,9111.19,6898
2022-07-24 19:31:15,9113.68,6895.5
2022-07-24 19:31:14,9114.52,6894.66
2022-07-24 19:31:13,9125.1,6884.09
2022-07-24 19:31:12,9125.78,6883.41
2022-07-24 19:31:11,9129.03,6880.16
2022-07-24 19:31:10,9129.97,6879.22
2022-07-24 19:31:09,9138.87,6870.32
2022-07-24 19:31:08,9152.48,6856.7
2022-07-24 19:31:07,9154.75,6854.44
2022-07-24 19:31:06,9167.23,6841.96
2022-07-24 19:31:05,9187.14,6822.05
2022-07-24 19:31:04,9204.67,6804.52
2022-07-24 19:31:03,9206.84,6802.35
2022-07-24 19:31:02,9231.15,6778.04
2022-07-24 19:31:01,9251.63,6757.56
2022-07-24 19:31:00,9269.82,6739.36
2022-07-24 19:30:59,9259.56,6749.63
2022-07-24 19:30:58,9323.3,6685.89
2022-07-24 19:30:57,9312.15,6697.04
2022-07-24 19:30:56,9314.61,6694.58
2022-07-24 19:30:55,9321.94,6687.25
2022-07-24 19:30:54,9381.25,6627.94
2022-07-24 19:30:53,9404.47,6604.72
2022-07-24 19:30:52,9412.52,6596.67
2022-07-24 19:30:51,9541.4,6467.79
2022-07-24 19:30:50,9666.91,6342.28
2022-07-24 19:30:49,9750.66,6258.53
2022-07-24 19:30:48,10034,5975.22
2022-07-24 19:30:47,10325.9,5683.26
2022-07-24 19:30:46,10876.9,5132.28
2022-07-24 19:30:45,11011.5,4997.7
2022-07-24 19:30:44,11199.7,4809.52
2022-07-24 19:30:43,11295.5,4713.68
2022-07-24 19:30:42,11406.2,4602.94
2022-07-24 19:30:41,11510.7,4498.48
2022-07-24 19:30:40,11762.7,4246.51
2022-07-24 19:30:39,11979.7,4029.53
2022-07-24 19:30:38,12152.8,3856.37
2022-07-24 19:30:37,10742.5,5266.73
2022-07-24 19:30:36,9757.9,6251.29
2022-07-24 19:30:35,9804.97,6204.22
2022-07-24 19:30:34,9821.39,6187.8
2022-07-24 19:30:33,9326.85,6682.34
2022-07-24 19:30:32,9329.39,6679.79
2022-07-24 19:30:31,9328.75,6680.44
2022-07-24 19:30:30,9334.52,6674.67
2022-07-24 19:30:29,9351.63,6657.56
2022-07-24 19:30:28,9355.18,6654.01
2022-07-24 19:30:27,9355.94,6653.25
2022-07-24 19:30:26,9359.46,6649.73
2022-07-24 19:30:25,9379.33,6629.86
2022-07-24 19:30:24,9393.11,6616.08
2022-07-24 19:30:23,9394,6615.19
2022-07-24 19:30:22,9399.09,6610.1
2022-07-24 19:30:21,9418.36,6590.83
2022-07-24 19:30:20,9444.6,6564.59
2022-07-24 19:30:19,9466.63,6542.56
2022-07-24 19:30:18,9469.59,6539.59
2022-07-24 19:30:17,9545.14,6464.04
2022-07-24 19:30:16,9556.83,6452.36
2022-07-24 19:30:15,9584.86,6424.33
2022-07-24 19:30:14,9601.86,6407.32
2022-07-24 19:30:13,9687.65,6321.54
2022-07-24 19:30:12,9690.98,6318.2
2022-07-24 19:30:11,9716.09,6293.1
2022-07-24 19:30:10,9750.82,6258.37
2022-07-24 19:30:09,9812,6197.18
2022-07-24 19:30:08,9855.4,6153.78
2022-07-24 19:30:07,9902.6,6106.59
2022-07-24 19:30:06,10053.4,5955.78
2022-07-24 19:30:05,10220.7,5788.48
2022-07-24 19:30:04,10315.3,5693.86
2022-07-24 19:30:03,10507.6,5501.55
2022-07-24 19:30:02,10707.6,5301.62
2022-07-24 19:30:01,10965.2,5043.97
2022-07-24 19:30:00,11108.6,4900.61
2022-07-24 19:29:59,11298.3,4710.91
2022-07-24 19:29:58,11400,4609.21
2022-07-24 19:29:57,11638,4371.2
2022-07-24 19:29:56,11804,4205.15
2022-07-24 19:29:55,11413.7,4595.52
2022-07-24 19:29:54,11563.9,4445.33
2022-07-24 19:29:53,11009,5000.18
2022-07-24 19:29:52,10157.6,5851.61
2022-07-24 19:29:51,10208.1,5801.05
2022-07-24 19:29:50,9530.39,6478.8
2022-07-24 19:29:49,9229.78,6779.4
2022-07-24 19:29:48,9232.29,6776.89
2022-07-24 19:29:47,9233.48,6775.7
2022-07-24 19:29:46,9244.62,6764.57
2022-07-24 19:29:45,9262.2,6746.99
2022-07-24 19:29:44,9264.15,6745.04
2022-07-24 19:29:43,9264.88,6744.31
2022-07-24 19:29:42,9278.25,6730.93
2022-07-24 19:29:41,9291.55,6717.64
2022-07-24 19:29:40,9292.98,6716.2
2022-07-24 19:29:39,9292.53,6716.66
2022-07-24 19:29:38,9307.36,6701.82
2022-07-24 19:29:37,9348.82,6660.36
2022-07-24 19:29:36,9371.41,6637.78
2022-07-24 19:29:35,9361.65,6647.53
2022-07-24 19:29:34,9393.06,6616.13
2022-07-24 19:29:33,9424.26,6584.93
2022-07-24 19:29:32,9452.24,6556.95
2022-07-24 19:29:31,9469.7,6539.49
2022-07-24 19:29:30,9501.27,6507.92
2022-07-24 19:29:29,9523.25,6485.93
2022-07-24 19:29:28,9550.47,6458.72
2022-07-24 19:29:27,9582.32,6426.86
2022-07-24 19:29:26,9625.15,6384.04
2022-07-24 19:29:25,9636.63,6372.56
2022-07-24 19:29:24,9649.14,6360.05
2022-07-24 19:29:23,9666.1,6343.09
2022-07-24 19:29:22,9771.72,6237.47
2022-07-24 19:29:21,9855.51,6153.68
2022-07-24 19:29:20,9958.23,6050.96
2022-07-24 19:29:19,10409,5600.2
2022-07-24 19:29:18,10661.7,5347.53
2022-07-24 19:29:17,10901,5108.14
2022-07-24 19:29:16,11029.7,4979.46
2022-07-24 19:29:15,11363.4,4645.83
2022-07-24 19:29:14,11512,4497.2
2022-07-24 19:29:13,11614.7,4394.45
2022-07-24 19:29:12,11750.8,4258.41
2022-07-24 19:29:11,11865.9,4143.27
2022-07-24 19:29:10,12072.5,3936.69
2022-07-24 19:29:09,11727,4282.18
2022-07-24 19:29:08,10299,5710.16
2022-07-24 19:29:07,9682.27,6326.92
2022-07-24 19:29:06,9099.2,6909.98
2022-07-24 19:29:05,9101.29,6907.89
2022-07-24 19:29:04,9103.22,6905.97
2022-07-24 19:29:03,9104.96,6904.23
2022-07-24 19:29:02,9105.77,6903.42
2022-07-24 19:29:01,9105.82,6903.37
2022-07-24 19:29:00,9108.76,6900.43
2022-07-24 19:28:59,9111.63,6897.55
2022-07-24 19:28:58,9112.25,6896.93
2022-07-24 19:28:57,9113.84,6895.35
2022-07-24 19:28:56,9123.54,6885.65
2022-07-24 19:28:55,9124.66,6884.53
2022-07-24 19:28:54,9125.22,6883.96
2022-07-24 19:28:53,9135.86,6873.32
2022-07-24 19:28:52,9154.69,6854.5
2022-07-24 19:28:51,9172.38,6836.81
2022-07-24 19:28:50,9173.64,6835.55
2022-07-24 19:28:49,9200.75,6808.44
2022-07-24 19:28:48,9224.38,6784.8
2022-07-24 19:28:47,9240.92,6768.27
2022-07-24 19:28:46,9245.36,6763.83
2022-07-24 19:28:45,9294.75,6714.43
2022-07-24 19:28:44,9320.04,6689.14
2022-07-24 19:28:43,9343.82,6665.37
2022-07-24 19:28:42,9346.88,6662.31
2022-07-24 19:28:41,9437.29,6571.9
2022-07-24 19:28:40,9433.34,6575.84
2022-07-24 19:28:39,9427.18,6582.01
2022-07-24 19:28:38,9553.32,6455.87
2022-07-24 19:28:37,9634.56,6374.63
2022-07-24 19:28:36,9812.42,6196.77
2022-07-24 19:28:35,10044.5,5964.68
2022-07-24 19:28:34,10433.8,5575.4
2022-07-24 19:28:33,10604.2,5404.98
2022-07-24 19:28:32,10911.6,5097.56
2022-07-24 19:28:31,11286.1,4723.05
2022-07-24 19:28:30,11415,4594.21
2022-07-24 19:28:29,11552.5,4456.64
2022-07-24 19:28:28,11716.7,4292.5
2022-07-24 19:28:27,11861.8,4147.39
2022-07-24 19:28:26,12006.1,4003.06
2022-07-24 19:28:25,12207,3802.18
2022-07-24 19:28:24,10086,5923.21
2022-07-24 19:28:23,9079.74,6929.45
2022-07-24 19:28:22,9085.34,6923.84
2022-07-24 19:28:21,9086.23,6922.95
2022-07-24 19:28:20,9085.6,6923.59
2022-07-24 19:28:19,9094.61,6914.57
2022-07-24 19:28:18,9091.81,6917.37
2022-07-24 19:28:17,9101.43,6907.75
2022-07-24 19:28:16,9101.94,6907.25
2022-07-24 19:28:15,9110.34,6898.84
2022-07-24 19:28:14,9119.11,6890.08
2022-07-24 19:28:13,9127.66,6881.53
2022-07-24 19:28:12,9136.35,6872.84
2022-07-24 19:28:11,9136.39,6872.79
2022-07-24 19:28:10,9159.11,6850.08
2022-07-24 19:28:09,9168.93,6840.25
2022-07-24 19:28:08,9182.08,6827.11
2022-07-24 19:28:07,9183.41,6825.77
2022-07-24 19:28:06,9201.78,6807.41
2022-07-24 19:28:05,9226.02,6783.17
2022-07-24 19:28:04,9226.3,6782.89
2022-07-24 19:28:03,9247.92,6761.27
2022-07-24 19:28:02,9274.83,6734.36
2022-07-24 19:28:01,9276.93,6732.25
2022-07-24 19:28:00,9280.2,6728.99
2022-07-24 19:27:59,9336.54,6672.65
2022-07-24 19:27:58,9353.45,6655.73
2022-07-24 19:27:57,9357.52,6651.67
2022-07-24 19:27:56,9377.84,6631.34
2022-07-24 19:27:55,9462.18,6547
2022-07-24 19:27:54,9503.48,6505.7
2022-07-24 19:27:53,9588.53,6420.66
2022-07-24 19:27:52,9709.25,6299.93
2022-07-24 19:27:51,10181.8,5827.34
2022-07-24 19:27:50,10334.9,5674.3
2022-07-24 19:27:49,10568.5,5440.68
2022-07-24 19:27:48,10901.3,5107.89
2022-07-24 19:27:47,11233.1,4776.11
2022-07-24 19:27:46,11433.7,4575.52
2022-07-24 19:27:45,11524.7,4484.51
2022-07-24 19:27:44,11621.6,4387.62
2022-07-24 19:27:43,11763.8,4245.36
2022-07-24 19:27:42,11882.7,4126.46
2022-07-24 19:27:41,12088.2,3921.02
2022-07-24 19:27:40,11141.5,4867.73
2022-07-24 19:27:39,10175.7,5833.47
2022-07-24 19:27:38,9072.9,6936.29
2022-07-24 19:27:37,9075.53,6933.65
2022-07-24 19:27:36,9076.92,6932.27
2022-07-24 19:27:35,9084.99,6924.2
2022-07-24 19:27:34,9086.14,6923.05
2022-07-24 19:27:33,9087.55,6921.63
2022-07-24 19:27:32,9087.82,6921.37
2022-07-24 19:27:31,9096.88,6912.31
2022-07-24 19:27:30,9099,6910.18
2022-07-24 19:27:29,9101.84,6907.34
2022-07-24 19:27:28,9101.75,6907.44
2022-07-24 19:27:27,9125.35,6883.83
2022-07-24 19:27:26,9125.16,6884.03
2022-07-24 19:27:25,9125.06,6884.12
2022-07-24 19:27:24,9152.42,6856.77
2022-07-24 19:27:23,9179.75,6829.43
2022-07-24 19:27:22,9179.02,6830.17
2022-07-24 19:27:21,9180.74,6828.45
2022-07-24 19:27:20,9206.07,6803.11
2022-07-24 19:27:19,9257.41,6751.78
2022-07-24 19:27:18,9257.64,6751.55
2022-07-24 19:27:17,9272.22,6736.97
2022-07-24 19:27:16,9288.49,6720.7
2022-07-24 19:27:15,9331.03,6678.16
2022-07-24 19:27:14,9344.36,6664.83
2022-07-24 19:27:13,9346.12,6663.06
2022-07-24 19:27:12,9414.43,6594.75
2022-07-24 19:27:11,9397.16,6612.03
2022-07-24 19:27:10,9398.49,6610.7
2022-07-24 19:27:09,9587.22,6421.97
2022-07-24 19:27:08,9653.68,6355.5
2022-07-24 19:27:07,9729.06,6280.12
2022-07-24 19:27:06,10052.9,5956.26
2022-07-24 19:27:05,10493.2,5515.94
2022-07-24 19:27:04,10679.9,5329.27
2022-07-24 19:27:03,11020.3,4988.93
2022-07-24 19:27:02,11294,4715.22
2022-07-24 19:27:01,11464.1,4545.09
2022-07-24 19:27:00,11555.5,4453.67
2022-07-24 19:26:59,11675,4334.15
2022-07-24 19:26:58,11842.8,4166.35
2022-07-24 19:26:57,11984,4025.19
2022-07-24 19:26:56,12196,3813.2
2022-07-24 19:26:55,10203.4,5805.79
2022-07-24 19:26:54,9057.95,6951.24
2022-07-24 19:26:53,9069.58,6939.61
2022-07-24 19:26:52,9070.19,6939
2022-07-24 19:26:51,9071.02,6938.16
2022-07-24 19:26:50,9071.49,6937.7
2022-07-24 19:26:49,9074.41,6934.77
2022-07-24 19:26:48,9081.7,6927.48
2022-07-24 19:26:47,9083.26,6925.93
2022-07-24 19:26:46,9084.96,6924.23
2022-07-24 19:26:45,9086.7,6922.49
2022-07-24 19:26:44,9095,6914.19
2022-07-24 19:26:43,9095.47,6913.71
2022-07-24 19:26:42,9098.4,6910.79
2022-07-24 19:26:41,9107.66,6901.53
2022-07-24 19:26:40,9109.48,6899.71
2022-07-24 19:26:39,9110.29,6898.9
2022-07-24 19:26:38,9111.97,6897.22
2022-07-24 19:26:37,9127.47,6881.72
2022-07-24 19:26:36,9134.31,6874.88
2022-07-24 19:26:35,9157.98,6851.21
2022-07-24 19:26:34,9159.2,6849.99
2022-07-24 19:26:33,9184.72,6824.47
2022-07-24 19:26:32,9211.01,6798.18
2022-07-24 19:26:31,9239.39,6769.79
2022-07-24 19:26:30,9258.68,6750.51
2022-07-24 19:26:29,9288.85,6720.34
2022-07-24 19:26:28,9319.3,6689.89
2022-07-24 19:26:27,9326.59,6682.59
2022-07-24 19:26:26,9329.11,6680.08
2022-07-24 19:26:25,9462.3,6546.88
2022-07-24 19:26:24,9584.03,6425.16
2022-07-24 19:26:23,9672.45,6336.74
2022-07-24 19:26:22,9861.36,6147.82
2022-07-24 19:26:21,10360.5,5648.7
2022-07-24 19:26:20,10596.9,5412.24
2022-07-24 19:26:19,10982.1,5027.09
2022-07-24 19:26:18,11143.9,4865.3
2022-07-24 19:26:17,11256,4753.15
2022-07-24 19:26:16,11479,4530.22
2022-07-24 19:26:15,11603.5,4405.64
2022-07-24 19:26:14,11796.3,4212.89
2022-07-24 19:26:13,11942,4067.21
2022-07-24 19:26:12,11503.9,4505.32
2022-07-24 19:26:11,10450.8,5558.4
2022-07-24 19:26:10,9416.46,6592.73
2022-07-24 19:26:09,9465.39,6543.79
2022-07-24 19:26:08,8988.8,7020.39
2022-07-24 19:26:07,8996.42,7012.77
2022-07-24 19:26:06,8994.73,7014.46
2022-07-24 19:26:05,8993.62,7015.56
2022-07-24 19:26:04,9000.81,7008.37
2022-07-24 19:26:03,9006.48,7002.7
2022-07-24 19:26:02,9006.4,7002.79
2022-07-24 19:26:01,9007.69,7001.5
2022-07-24 19:26:00,9015.96,6993.23
2022-07-24 19:25:59,9021.24,6987.94
2022-07-24 19:25:58,9022.35,6986.84
2022-07-24 19:25:57,9028.38,6980.81
2022-07-24 19:25:56,9036.29,6972.9
2022-07-24 19:25:55,9036.41,6972.77
2022-07-24 19:25:54,9038.81,6970.38
2022-07-24 19:25:53,9046.1,6963.09
2022-07-24 19:25:52,9057.73,6951.45
2022-07-24 19:25:51,9078.5,6930.69
2022-07-24 19:25:50,9087.75,6921.43
2022-07-24 19:25:49,9090.36,6918.82
2022-07-24 19:25:48,9092.28,6916.91
2022-07-24 19:25:47,9126.63,6882.56
2022-07-24 19:25:46,9129.31,6879.88
2022-07-24 19:25:45,9142.69,6866.5
2022-07-24 19:25:44,9152.25,6856.94
2022-07-24 19:25:43,9186.27,6822.92
2022-07-24 19:25:42,9244.14,6765.05
2022-07-24 19:25:41,9241.01,6768.18
2022-07-24 19:25:40,9384.89,6624.3
2022-07-24 19:25:39,9729.05,6280.14
2022-07-24 19:25:38,9832.98,6176.21
2022-07-24 19:25:37,10051.2,5958.01
2022-07-24 19:25:36,10520.7,5488.47
2022-07-24 19:25:35,10801.5,5207.69
2022-07-24 19:25:34,11045.6,4963.6
2022-07-24 19:25:33,11217,4792.23
2022-07-24 19:25:32,11327.8,4681.41
2022-07-24 19:25:31,11563.8,4445.37
2022-07-24 19:25:30,11696.5,4312.7
2022-07-24 19:25:29,11831.1,4178.13
2022-07-24 19:25:28,11459.9,4549.34
2022-07-24 19:25:27,11609.1,4400.08
2022-07-24 19:25:26,10584.7,5424.46
2022-07-24 19:25:25,9554.02,6455.16
2022-07-24 19:25:24,9583.3,6425.89
2022-07-24 19:25:23,9093.4,6915.78
2022-07-24 19:25:22,9093.66,6915.53
2022-07-24 19:25:21,9093.8,6915.39
2022-07-24 19:25:20,9095.5,6913.69
2022-07-24 19:25:19,9104.9,6904.29
2022-07-24 19:25:18,9105.08,6904.11
2022-07-24 19:25:17,9104.85,6904.34
2022-07-24 19:25:16,9109.89,6899.29
2022-07-24 19:25:15,9120.56,6888.62
2022-07-24 19:25:14,9121.79,6887.4
2022-07-24 19:25:13,9123.35,6885.84
2022-07-24 19:25:12,9136.76,6872.43
2022-07-24 19:25:11,9150.8,6858.39
2022-07-24 19:25:10,9162.25,6846.93
2022-07-24 19:25:09,9163.61,6845.57
2022-07-24 19:25:08,9171.36,6837.83
2022-07-24 19:25:07,9198.86,6810.33
2022-07-24 19:25:06,9220.12,6789.07
2022-07-24 19:25:05,9228.64,6780.54
2022-07-24 19:25:04,9266.22,6742.97
2022-07-24 19:25:03,9267.41,6741.78
2022-07-24 19:25:02,9290.95,6718.24
2022-07-24 19:25:01,9308.68,6700.5
2022-07-24 19:25:00,9356.62,6652.57
2022-07-24 19:24:59,9391.3,6617.89
2022-07-24 19:24:58,9392,6617.19
2022-07-24 19:24:57,9459.29,6549.89
2022-07-24 19:24:56,9560.45,6448.74
2022-07-24 19:24:55,9626.68,6382.51
2022-07-24 19:24:54,9868.69,6140.5
2022-07-24 19:24:53,10116.6,5892.57
2022-07-24 19:24:52,10441.7,5567.53
2022-07-24 19:24:51,10535,5474.16
2022-07-24 19:24:50,10906.3,5102.9
2022-07-24 19:24:49,11010.6,4998.59
2022-07-24 19:24:48,11283,4726.16
2022-07-24 19:24:47,11498.5,4510.67
2022-07-24 19:24:46,11634.7,4374.52
2022-07-24 19:24:45,11777.6,4231.59
2022-07-24 19:24:44,11723.3,4285.89
2022-07-24 19:24:43,11578.4,4430.75
2022-07-24 19:24:42,11186.7,4822.5
2022-07-24 19:24:41,10148.2,5861.03
2022-07-24 19:24:40,9698.66,6310.53
2022-07-24 19:24:39,9098.22,6910.96
2022-07-24 19:24:38,9102.98,6906.21
2022-07-24 19:24:37,9105.48,6903.71
2022-07-24 19:24:36,9114.07,6895.12
2022-07-24 19:24:35,9121.03,6888.15
2022-07-24 19:24:34,9124.51,6884.68
2022-07-24 19:24:33,9125.05,6884.13
2022-07-24 19:24:32,9135.76,6873.43
2022-07-24 19:24:31,9136.61,6872.57
2022-07-24 19:24:30,9152.49,6856.7
2022-07-24 19:24:29,9151.8,6857.38
2022-07-24 19:24:28,9166.13,6843.06
2022-07-24 19:24:27,9165.4,6843.79
2022-07-24 19:24:26,9178.1,6831.09
2022-07-24 19:24:25,9196.56,6812.63
2022-07-24 19:24:24,9213.68,6795.51
2022-07-24 19:24:23,9215.95,6793.24
2022-07-24 19:24:22,9249.21,6759.98
2022-07-24 19:24:21,9282.95,6726.23
2022-07-24 19:24:20,9276.63,6732.55
2022-07-24 19:24:19,9296.46,6712.73
2022-07-24 19:24:18,9326.47,6682.72
2022-07-24 19:24:17,9354.06,6655.13
2022-07-24 19:24:16,9363.53,6645.66
2022-07-24 19:24:15,9396.59,6612.59
2022-07-24 19:24:14,9408.74,6600.45
2022-07-24 19:24:13,9445.95,6563.23
2022-07-24 19:24:12,9508.48,6500.71
2022-07-24 19:24:11,9584.31,6424.88
2022-07-24 19:24:10,9784.83,6224.36
2022-07-24 19:24:09,9972.92,6036.27
2022-07-24 19:24:08,10228.9,5780.32
2022-07-24 19:24:07,10469.3,5539.89
2022-07-24 19:24:06,10672.2,5337.01
2022-07-24 19:24:05,10838.3,5170.93
2022-07-24 19:24:04,11222.4,4786.8
2022-07-24 19:24:03,11461.9,4547.32
2022-07-24 19:24:02,11597.1,4412.06
2022-07-24 19:24:01,11745.9,4263.29
2022-07-24 19:24:00,11894.3,4114.85
2022-07-24 19:23:59,11520.4,4488.82
2022-07-24 19:23:58,11172.3,4836.88
2022-07-24 19:23:57,10648.4,5360.75
2022-07-24 19:23:56,9077.26,6931.93
2022-07-24 19:23:55,9085.86,6923.33
2022-07-24 19:23:54,9087.18,6922.01
2022-07-24 19:23:53,9088.92,6920.27
2022-07-24 19:23:52,9087.73,6921.45
2022-07-24 19:23:51,9094.59,6914.6
2022-07-24 19:23:50,9095.27,6913.92
2022-07-24 19:23:49,9096.72,6912.47
2022-07-24 19:23:48,9099.27,6909.92
2022-07-24 19:23:47,9107.19,6902
2022-07-24 19:23:46,9108.18,6901.01
2022-07-24 19:23:45,9125.48,6883.71
2022-07-24 19:23:44,9134.22,6874.96
2022-07-24 19:23:43,9135.26,6873.93
2022-07-24 19:23:42,9138.31,6870.87
2022-07-24 19:23:41,9149.54,6859.65
2022-07-24 19:23:40,9181.43,6827.76
2022-07-24 19:23:39,9179.92,6829.27
2022-07-24 19:23:38,9182.54,6826.65
2022-07-24 19:23:37,9208.57,6800.62
2022-07-24 19:23:36,9240.72,6768.47
2022-07-24 19:23:35,9242.23,6766.95
2022-07-24 19:23:34,9255.19,6754
2022-07-24 19:23:33,9298.95,6710.24
2022-07-24 19:23:32,9302.44,6706.75
2022-07-24 19:23:31,9317.41,6691.78
2022-07-24 19:23:30,9352.22,6656.96
2022-07-24 19:23:29,9337.82,6671.37
2022-07-24 19:23:28,9357.45,6651.74
2022-07-24 19:23:27,9469.2,6539.99
2022-07-24 19:23:26,9563.71,6445.48
2022-07-24 19:23:25,9859.88,6149.31
2022-07-24 19:23:24,9979.43,6029.76
2022-07-24 19:23:23,10344.4,5664.75
2022-07-24 19:23:22,10490.8,5518.35
2022-07-24 19:23:21,10963.8,5045.34
2022-07-24 19:23:20,11228.3,4780.87
2022-07-24 19:23:19,11380.4,4628.83
2022-07-24 19:23:18,11553.8,4455.35
2022-07-24 19:23:17,11684.1,4325.09
2022-07-24 19:23:16,11819.8,4189.43
2022-07-24 19:23:15,11952.4,4056.77
2022-07-24 19:23:14,12057.3,3951.84
2022-07-24 19:23:13,10682.8,5326.42
2022-07-24 19:23:12,9590.31,6418.88
2022-07-24 19:23:11,9079.38,6929.8
2022-07-24 19:23:10,9087.92,6921.27
2022-07-24 19:23:09,9091.8,6917.39
2022-07-24 19:23:08,9089.55,6919.64
2022-07-24 19:23:07,9099.22,6909.97
2022-07-24 19:23:06,9109.09,6900.09
2022-07-24 19:23:05,9110.86,6898.33
2022-07-24 19:23:04,9121.26,6887.93
2022-07-24 19:23:03,9121.07,6888.12
2022-07-24 19:23:02,9130.96,6878.23
2022-07-24 19:23:01,9131.14,6878.05
2022-07-24 19:23:00,9142.06,6867.13
2022-07-24 19:22:59,9151.19,6858
2022-07-24 19:22:58,9149.88,6859.31
2022-07-24 19:22:57,9152.69,6856.5
2022-07-24 19:22:56,9152.34,6856.85
2022-07-24 19:22:55,9177.73,6831.46
2022-07-24 19:22:54,9182.61,6826.58
2022-07-24 19:22:53,9184.23,6824.96
2022-07-24 19:22:52,9212.56,6796.62
2022-07-24 19:22:51,9229.6,6779.59
2022-07-24 19:22:50,9258.73,6750.46
2022-07-24 19:22:49,9288.16,6721.03
2022-07-24 19:22:48,9296.66,6712.52
2022-07-24 19:22:47,9327.08,6682.11
2022-07-24 19:22:46,9353.23,6655.96
2022-07-24 19:22:45,9359.46,6649.73
2022-07-24 19:22:44,9419.48,6589.71
2022-07-24 19:22:43,9592.45,6416.73
2022-07-24 19:22:42,9639.06,6370.12
2022-07-24 19:22:41,9925.3,6083.89
2022-07-24 19:22:40,10285.3,5723.84
2022-07-24 19:22:39,10473.9,5535.28
2022-07-24 19:22:38,10831.7,5177.48
2022-07-24 19:22:37,10951.3,5057.86
2022-07-24 19:22:36,11194.6,4814.55
2022-07-24 19:22:35,11309.4,4699.77
2022-07-24 19:22:34,11504,4505.22
2022-07-24 19:22:33,11684,4325.16
2022-07-24 19:22:32,11794.7,4214.47
2022-07-24 19:22:31,11969.9,4039.31
2022-07-24 19:22:30,12117.6,3891.64
2022-07-24 19:22:29,10612.5,5396.64
2022-07-24 19:22:28,10072.7,5936.49
2022-07-24 19:22:27,8999.84,7009.35
2022-07-24 19:22:26,9002.25,7006.94
2022-07-24 19:22:25,9003.08,7006.11
2022-07-24 19:22:24,9013.08,6996.11
2022-07-24 19:22:23,9019.16,6990.02
2022-07-24 19:22:22,9021.45,6987.74
2022-07-24 19:22:21,9021.66,6987.52
2022-07-24 19:22:20,9030.6,6978.59
2022-07-24 19:22:19,9030.07,6979.12
2022-07-24 19:22:18,9041.66,6967.52
2022-07-24 19:22:17,9044.31,6964.88
2022-07-24 19:22:16,9052.9,6956.29
2022-07-24 19:22:15,9054.13,6955.06
2022-07-24 19:22:14,9071.43,6937.75
2022-07-24 19:22:13,9073.75,6935.44
2022-07-24 19:22:12,9086.44,6922.75
2022-07-24 19:22:11,9091.47,6917.71
2022-07-24 19:22:10,9106.28,6902.9
2022-07-24 19:22:09,9121.38,6887.81
2022-07-24 19:22:08,9133.37,6875.82
2022-07-24 19:22:07,9152.89,6856.3
2022-07-24 19:22:06,9171.34,6837.85
2022-07-24 19:22:05,9174.73,6834.46
2022-07-24 19:22:04,9212.57,6796.61
2022-07-24 19:22:03,9228.85,6780.34
2022-07-24 19:22:02,9240.35,6768.84
2022-07-24 19:22:01,9267.97,6741.22
2022-07-24 19:22:00,9276.23,6732.96
2022-07-24 19:21:59,9353.05,6656.14
2022-07-24 19:21:58,9388.58,6620.61
2022-07-24 19:21:57,9574.3,6434.88
2022-07-24 19:21:56,9823.68,6185.51
2022-07-24 19:21:55,10243.8,5765.4
2022-07-24 19:21:54,10320.5,5688.73
2022-07-24 19:21:53,10428,5581.23
2022-07-24 19:21:52,10883.9,5125.28
2022-07-24 19:21:51,11145.7,4863.52
2022-07-24 19:21:50,11423.2,4586.02
2022-07-24 19:21:49,11553.8,4455.42
2022-07-24 19:21:48,11748.7,4260.48
2022-07-24 19:21:47,11885,4124.19
2022-07-24 19:21:46,12071.2,3938.02
2022-07-24 19:21:45,10524.8,5484.36
2022-07-24 19:21:44,10636.5,5372.68
2022-07-24 19:21:43,9417.51,6591.68
2022-07-24 19:21:42,8807.4,7201.79
2022-07-24 19:21:41,8807.83,7201.36
2022-07-24 19:21:40,8806.68,7202.5
2022-07-24 19:21:39,8805.57,7203.62
2022-07-24 19:21:38,8807.63,7201.55
2022-07-24 19:21:37,8809.96,7199.22
2022-07-24 19:21:36,8811.53,7197.66
2022-07-24 19:21:35,8812.11,7197.08
2022-07-24 19:21:34,8814.54,7194.65
2022-07-24 19:21:33,8815.62,7193.56
2022-07-24 19:21:32,8815.37,7193.82
2022-07-24 19:21:31,8814.95,7194.24
2022-07-24 19:21:30,8815.98,7193.21
2022-07-24 19:21:29,8832.34,7176.84
2022-07-24 19:21:28,8830.39,7178.8
2022-07-24 19:21:27,8831.39,7177.79
2022-07-24 19:21:26,8831.52,7177.67
2022-07-24 19:21:25,8861.79,7147.39
2022-07-24 19:21:24,8868.94,7140.25
2022-07-24 19:21:23,8871.41,7137.78
2022-07-24 19:21:22,8872.43,7136.76
2022-07-24 19:21:21,8903.59,7105.6
2022-07-24 19:21:20,8923.91,7085.28
2022-07-24 19:21:19,8927.35,7081.84
2022-07-24 19:21:18,8956.21,7052.98
2022-07-24 19:21:17,8988.84,7020.34
2022-07-24 19:21:16,8976.59,7032.6
2022-07-24 19:21:15,8992.99,7016.2
2022-07-24 19:21:14,9158.65,6850.54
2022-07-24 19:21:13,9237.94,6771.25
2022-07-24 19:21:12,9298.29,6710.9
2022-07-24 19:21:11,9887.16,6122.02
2022-07-24 19:21:10,10188.7,5820.52
2022-07-24 19:21:09,10647.1,5362.06
2022-07-24 19:21:08,10827.9,5181.34
2022-07-24 19:21:07,10973,5036.17
2022-07-24 19:21:06,11388.8,4620.38
2022-07-24 19:21:05,11487.4,4521.84
2022-07-24 19:21:04,11686.6,4322.58
2022-07-24 19:21:03,11808.7,4200.52
2022-07-24 19:21:02,11991.1,4018.08
2022-07-24 19:21:01,12145.6,3863.58
2022-07-24 19:21:00,10807.8,5201.44
2022-07-24 19:20:59,9732.72,6276.46
2022-07-24 19:20:58,9221.43,6787.76
2022-07-24 19:20:57,9228.24,6780.94
2022-07-24 19:20:56,9244.27,6764.92
2022-07-24 19:20:55,9245.52,6763.67
2022-07-24 19:20:54,9253.41,6755.78
2022-07-24 19:20:53,9257.21,6751.98
2022-07-24 19:20:52,9271.14,6738.05
2022-07-24 19:20:51,9273.5,6735.68
2022-07-24 19:20:50,9282.61,6726.58
2022-07-24 19:20:49,9292.5,6716.69
2022-07-24 19:20:48,9302.94,6706.24
2022-07-24 19:20:47,9305.2,6703.99
2022-07-24 19:20:46,9340.21,6668.98
2022-07-24 19:20:45,9353.1,6656.09
2022-07-24 19:20:44,9369.49,6639.7
2022-07-24 19:20:43,9370.89,6638.3
2022-07-24 19:20:42,9398.62,6610.57
2022-07-24 19:20:41,9433.54,6575.65
2022-07-24 19:20:40,9444.43,6564.76
2022-07-24 19:20:39,9466.09,6543.1
2022-07-24 19:20:38,9491.76,6517.43
2022-07-24 19:20:37,9524.48,6484.7
2022-07-24 19:20:36,9533.86,6475.33
2022-07-24 19:20:35,9573.84,6435.35
2022-07-24 19:20:34,9599.11,6410.07
2022-07-24 19:20:33,9617.59,6391.6
2022-07-24 19:20:32,9625.8,6383.38
2022-07-24 19:20:31,9631.02,6378.17
2022-07-24 19:20:30,9727.8,6281.38
2022-07-24 19:20:29,9808.75,6200.44
2022-07-24 19:20:28,9855.1,6154.09
2022-07-24 19:20:27,10196,5813.21
2022-07-24 19:20:26,10676.5,5332.68
2022-07-24 19:20:25,10846.1,5163.11
2022-07-24 19:20:24,10967.5,5041.72
2022-07-24 19:20:23,11154.2,4854.97
2022-07-24 19:20:22,11303.5,4705.64
2022-07-24 19:20:21,11507,4502.18
2022-07-24 19:20:20,11626.5,4382.69
2022-07-24 19:20:19,11784.1,4225.08
2022-07-24 19:20:18,11914.6,4094.62
2022-07-24 19:20:17,12110.8,3898.36
2022-07-24 19:20:16,11389.2,4619.97
2022-07-24 19:20:15,9550.57,6458.62
2022-07-24 19:20:14,8923.59,7085.59
2022-07-24 19:20:13,8924.44,7084.75
2022-07-24 19:20:12,8928.01,7081.18
2022-07-24 19:20:11,8928.64,7080.55
2022-07-24 19:20:10,8928.37,7080.82
2022-07-24 19:20:09,8928.25,7080.94
2022-07-24 19:20:08,8932.19,7077
2022-07-24 19:20:07,8932.95,7076.24
2022-07-24 19:20:06,8931.27,7077.92
2022-07-24 19:20:05,8933,7076.19
2022-07-24 19:20:04,8934.16,7075.02
2022-07-24 19:20:03,8944.29,7064.9
2022-07-24 19:20:02,8948.58,7060.61
2022-07-24 19:20:01,8949.57,7059.62
2022-07-24 19:20:00,8951.26,7057.93
2022-07-24 19:19:59,8952.94,7056.25
2022-07-24 19:19:58,8985.7,7023.48
2022-07-24 19:19:57,8988.44,7020.75
2022-07-24 19:19:56,9006.2,7002.99
2022-07-24 19:19:55,9027.95,6981.24
2022-07-24 19:19:54,9046.78,6962.41
2022-07-24 19:19:53,9047.18,6962.01
2022-07-24 19:19:52,9075.02,6934.17
2022-07-24 19:19:51,9104.8,6904.39
2022-07-24 19:19:50,9105.98,6903.21
2022-07-24 19:19:49,9107.8,6901.39
2022-07-24 19:19:48,9160.72,6848.46
2022-07-24 19:19:47,9195.87,6813.31
2022-07-24 19:19:46,9197.79,6811.4
2022-07-24 19:19:45,9307.36,6701.82
2022-07-24 19:19:44,9457.72,6551.47
2022-07-24 19:19:43,9546.2,6462.98
2022-07-24 19:19:42,9678.89,6330.29
2022-07-24 19:19:41,9978,6031.19
2022-07-24 19:19:40,10277,5732.18
2022-07-24 19:19:39,10873.8,5135.43
2022-07-24 19:19:38,11159.4,4849.79
2022-07-24 19:19:37,11355.7,4653.48
2022-07-24 19:19:36,11505.1,4504.06
2022-07-24 19:19:35,11586.7,4422.46
2022-07-24 19:19:34,11712.8,4296.39
2022-07-24 19:19:33,11828.4,4180.83
2022-07-24 19:19:32,12026.8,3982.38
2022-07-24 19:19:31,12199.5,3809.67
2022-07-24 19:19:30,11094.7,4914.51
2022-07-24 19:19:29,8878.03,7131.16
2022-07-24 19:19:28,8880.7,7128.49
2022-07-24 19:19:27,8886.79,7122.39
2022-07-24 19:19:26,8887.05,7122.14
2022-07-24 19:19:25,8886.84,7122.35
2022-07-24 19:19:24,8888.25,7120.94
2022-07-24 19:19:23,8894.17,7115.02
2022-07-24 19:19:22,8896.16,7113.02
2022-07-24 19:19:21,8895.6,7113.59
2022-07-24 19:19:20,8897.15,7112.03
2022-07-24 19:19:19,8902.67,7106.52
2022-07-24 19:19:18,8903.09,7106.1
2022-07-24 19:19:17,8904.93,7104.26
2022-07-24 19:19:16,8904.53,7104.65
2022-07-24 19:19:15,8914.22,7094.97
2022-07-24 19:19:14,8912.52,7096.66
2022-07-24 19:19:13,8913.68,7095.5
2022-07-24 19:19:12,8927.81,7081.38
2022-07-24 19:19:11,8927.1,7082.09
2022-07-24 19:19:10,8928.16,7081.03
2022-07-24 19:19:09,8941.53,7067.66
2022-07-24 19:19:08,8948.47,7060.72
2022-07-24 19:19:07,8949.36,7059.82
2022-07-24 19:19:06,8959.29,7049.9
2022-07-24 19:19:05,8960.47,7048.72
2022-07-24 19:19:04,8984.66,7024.53
2022-07-24 19:19:03,9035.29,6973.9
2022-07-24 19:19:02,9035.75,6973.43
2022-07-24 19:19:01,9037.27,6971.92
2022-07-24 19:19:00,9176.38,6832.81
2022-07-24 19:18:59,9276.26,6732.93
2022-07-24 19:18:58,9370.92,6638.27
2022-07-24 19:18:57,9671.58,6337.61
2022-07-24 19:18:56,10163.7,5845.53
2022-07-24 19:18:55,10396.5,5612.68
2022-07-24 19:18:54,10785,5224.21
2022-07-24 19:18:53,11162.4,4846.83
2022-07-24 19:18:52,11316.3,4692.89
2022-07-24 19:18:51,11493.5,4515.72
2022-07-24 19:18:50,11596.2,4412.95
2022-07-24 19:18:49,11772.1,4237.11
2022-07-24 19:18:48,11891.7,4117.53
2022-07-24 19:18:47,12057,3952.23
2022-07-24 19:18:46,11164.6,4844.64
2022-07-24 19:18:45,10228.3,5780.88
2022-07-24 19:18:44,9087.89,6921.29
2022-07-24 19:18:43,9089.74,6919.44
2022-07-24 19:18:42,9094.04,6915.15
2022-07-24 19:18:41,9093.14,6916.05
2022-07-24 19:18:40,9095.4,6913.78
2022-07-24 19:18:39,9098.57,6910.61
2022-07-24 19:18:38,9102.18,6907
2022-07-24 19:18:37,9103.84,6905.35
2022-07-24 19:18:36,9106.84,6902.35
2022-07-24 19:18:35,9108.24,6900.95
2022-07-24 19:18:34,9116.21,6892.97
2022-07-24 19:18:33,9125.89,6883.3
2022-07-24 19:18:32,9125.84,6883.35
2022-07-24 19:18:31,9128.8,6880.39
2022-07-24 19:18:30,9142.42,6866.77
2022-07-24 19:18:29,9144.93,6864.26
2022-07-24 19:18:28,9161.5,6847.69
2022-07-24 19:18:27,9166.28,6842.91
2022-07-24 19:18:26,9172.29,6836.9
2022-07-24 19:18:25,9214.12,6795.07
2022-07-24 19:18:24,9222.63,6786.55
2022-07-24 19:18:23,9246.09,6763.09
2022-07-24 19:18:22,9256.75,6752.44
2022-07-24 19:18:21,9307.41,6701.78
2022-07-24 19:18:20,9337.6,6671.59
2022-07-24 19:18:19,9365.74,6643.45
2022-07-24 19:18:18,9352.98,6656.2
2022-07-24 19:18:17,9399.6,6609.59
2022-07-24 19:18:16,9460.28,6548.91
2022-07-24 19:18:15,9564.46,6444.73
2022-07-24 19:18:14,9601.27,6407.92
2022-07-24 19:18:13,9822.47,6186.72
2022-07-24 19:18:12,10196.9,5812.3
2022-07-24 19:18:11,10469.8,5539.42
2022-07-24 19:18:10,10566.5,5442.66
2022-07-24 19:18:09,10790.3,5218.85
2022-07-24 19:18:08,11199.3,4809.87
2022-07-24 19:18:07,11438.3,4570.93
2022-07-24 19:18:06,11566.9,4442.31
2022-07-24 19:18:05,11713,4296.19
2022-07-24 19:18:04,11869.1,4140.13
2022-07-24 19:18:03,11491.2,4517.99
2022-07-24 19:18:02,11602.9,4406.3
2022-07-24 19:18:01,10633.9,5375.33
2022-07-24 19:18:00,10217.8,5791.41
2022-07-24 19:17:59,9207.94,6801.25
2022-07-24 19:17:58,9209.98,6799.21
2022-07-24 19:17:57,9218.61,6790.58
2022-07-24 19:17:56,9218.79,6790.39
2022-07-24 19:17:55,9226.48,6782.71
2022-07-24 19:17:54,9236.84,6772.35
2022-07-24 19:17:53,9242.32,6766.86
2022-07-24 19:17:52,9243.62,6765.57
2022-07-24 19:17:51,9255.34,6753.84
2022-07-24 19:17:50,9264.09,6745.1
2022-07-24 19:17:49,9281.88,6727.31
2022-07-24 19:17:48,9282.51,6726.68
2022-07-24 19:17:47,9287.84,6721.34
2022-07-24 19:17:46,9309.07,6700.12
2022-07-24 19:17:45,9366.56,6642.63
2022-07-24 19:17:44,9369.64,6639.55
2022-07-24 19:17:43,9367.27,6641.92
2022-07-24 19:17:42,9396.83,6612.36
2022-07-24 19:17:41,9460.31,6548.88
2022-07-24 19:17:40,9465.54,6543.65
2022-07-24 19:17:39,9484.59,6524.59
2022-07-24 19:17:38,9539.56,6469.63
2022-07-24 19:17:37,9565.96,6443.23
2022-07-24 19:17:36,9587.71,6421.48
2022-07-24 19:17:35,9605.61,6403.57
2022-07-24 19:17:34,9650.78,6358.41
2022-07-24 19:17:33,9650.37,6358.82
2022-07-24 19:17:32,9672.33,6336.86
2022-07-24 19:17:31,9798.93,6210.25
2022-07-24 19:17:30,9838.29,6170.89
2022-07-24 19:17:29,9952.88,6056.3
2022-07-24 19:17:28,10250.3,5758.91
2022-07-24 19:17:27,10667.6,5341.55
2022-07-24 19:17:26,10740.8,5268.43
2022-07-24 19:17:25,11011.9,4997.27
2022-07-24 19:17:24,11149.9,4859.28
2022-07-24 19:17:23,11329.7,4679.44
2022-07-24 19:17:22,11548.3,4460.9
2022-07-24 19:17:21,11683.2,4326.02
2022-07-24 19:17:20,11860.2,4148.98
2022-07-24 19:17:19,11498.2,4510.95
2022-07-24 19:17:18,11113.4,4895.74
2022-07-24 19:17:17,10698.9,5310.24
2022-07-24 19:17:16,10147.8,5861.43
2022-07-24 19:17:15,9700.07,6309.11
2022-07-24 19:17:14,9210.39,6798.8
2022-07-24 19:17:13,9220.98,6788.21
2022-07-24 19:17:12,9218.57,6790.62
2022-07-24 19:17:11,9220.43,6788.75
2022-07-24 19:17:10,9223.88,6785.31
2022-07-24 19:17:09,9235.71,6773.47
2022-07-24 19:17:08,9238.27,6770.92
2022-07-24 19:17:07,9241.45,6767.74
2022-07-24 19:17:06,9242.83,6766.36
2022-07-24 19:17:05,9259.36,6749.83
2022-07-24 19:17:04,9280.36,6728.83
2022-07-24 19:17:03,9282.58,6726.61
2022-07-24 19:17:02,9285.75,6723.44
2022-07-24 19:17:01,9312.04,6697.15
2022-07-24 19:17:00,9319.16,6690.03
2022-07-24 19:16:59,9330.54,6678.65
2022-07-24 19:16:58,9383.38,6625.81
2022-07-24 19:16:57,9407.71,6601.47
2022-07-24 19:16:56,9429.82,6579.37
2022-07-24 19:16:55,9430.79,6578.4
2022-07-24 19:16:54,9494.12,6515.06
2022-07-24 19:16:53,9524.24,6484.95
2022-07-24 19:16:52,9540.69,6468.5
2022-07-24 19:16:51,9576.81,6432.37
2022-07-24 19:16:50,9626.21,6382.98
2022-07-24 19:16:49,9668.7,6340.49
2022-07-24 19:16:48,9673.4,6335.78
2022-07-24 19:16:47,9768.69,6240.5
2022-07-24 19:16:46,9967.48,6041.71
2022-07-24 19:16:45,10036.9,5972.28
2022-07-24 19:16:44,10305.7,5703.5
2022-07-24 19:16:43,10500.3,5508.89
2022-07-24 19:16:42,10609.7,5399.45
2022-07-24 19:16:41,10825.4,5183.84
2022-07-24 19:16:40,11189.5,4819.67
2022-07-24 19:16:39,11305.4,4703.79
2022-07-24 19:16:38,11454.7,4554.44
2022-07-24 19:16:37,11727.2,4281.94
2022-07-24 19:16:36,11865.6,4143.54
2022-07-24 19:16:35,11395.5,4613.73
2022-07-24 19:16:34,10994.3,5014.89
2022-07-24 19:16:33,10590.7,5418.47
2022-07-24 19:16:32,10178.6,5830.54
2022-07-24 19:16:31,9726.72,6282.47
2022-07-24 19:16:30,9738.05,6271.13
2022-07-24 19:16:29,9111.87,6897.32
2022-07-24 19:16:28,9113.45,6895.73
2022-07-24 19:16:27,9117.39,6891.79
2022-07-24 19:16:26,9118.43,6890.76
2022-07-24 19:16:25,9120.01,6889.18
2022-07-24 19:16:24,9121.22,6887.96
2022-07-24 19:16:23,9125.03,6884.16
2022-07-24 19:16:22,9125.44,6883.75
2022-07-24 19:16:21,9128.77,6880.42
2022-07-24 19:16:20,9128.81,6880.38
2022-07-24 19:16:19,9132.43,6876.76
2022-07-24 19:16:18,9140.85,6868.34
2022-07-24 19:16:17,9162.99,6846.2
2022-07-24 19:16:16,9169.73,6839.45
2022-07-24 19:16:15,9170.2,6838.99
2022-07-24 19:16:14,9169.06,6840.13
2022-07-24 19:16:13,9207.77,6801.41
2022-07-24 19:16:12,9229.37,6779.82
2022-07-24 19:16:11,9234.34,6774.84
2022-07-24 19:16:10,9290.61,6718.57
2022-07-24 19:16:09,9295.11,6714.07
2022-07-24 19:16:08,9318.64,6690.55
2022-07-24 19:16:07,9360.67,6648.52
2022-07-24 19:16:06,9415.78,6593.41
2022-07-24 19:16:05,9449.94,6559.25
2022-07-24 19:16:04,9477,6532.19
2022-07-24 19:16:03,9771.41,6237.78
2022-07-24 19:16:02,9912.18,6097
2022-07-24 19:16:01,10121.9,5887.3
2022-07-24 19:16:00,10248,5761.21
2022-07-24 19:15:59,10395.3,5613.93
2022-07-24 19:15:58,10548.7,5460.48
2022-07-24 19:15:57,10762.2,5247.02
2022-07-24 19:15:56,10911.7,5097.48
2022-07-24 19:15:55,11013,4996.21
2022-07-24 19:15:54,11234.2,4775.03
2022-07-24 19:15:53,11371.7,4637.48
2022-07-24 19:15:52,11241.6,4767.54
2022-07-24 19:15:51,10874.2,5135.04
2022-07-24 19:15:50,11016.4,4992.82
2022-07-24 19:15:49,11141.8,4867.38
2022-07-24 19:15:48,10206.5,5802.71
2022-07-24 19:15:47,9648.21,6360.98
2022-07-24 19:15:46,9696.69,6312.5
2022-07-24 19:15:45,9724.56,6284.63
2022-07-24 19:15:44,9229.55,6779.64
2022-07-24 19:15:43,9243.65,6765.54
2022-07-24 19:15:42,9245.8,6763.39
2022-07-24 19:15:41,9247.09,6762.1
2022-07-24 19:15:40,9253.09,6756.09
2022-07-24 19:15:39,9270.32,6738.87
2022-07-24 19:15:38,9270.3,6738.89
2022-07-24 19:15:37,9272.34,6736.85
2022-07-24 19:15:36,9281.07,6728.12
2022-07-24 19:15:35,9301.19,6708
2022-07-24 19:15:34,9304.73,6704.46
2022-07-24 19:15:33,9306.63,6702.56
2022-07-24 19:15:32,9315.23,6693.96
2022-07-24 19:15:31,9336.51,6672.68
2022-07-24 19:15:30,9371.71,6637.47
2022-07-24 19:15:29,9384.11,6625.08
2022-07-24 19:15:28,9413.02,6596.17
2022-07-24 19:15:27,9427.91,6581.27
2022-07-24 19:15:26,9467.97,6541.21
2022-07-24 19:15:25,9492.96,6516.23
2022-07-24 19:15:24,9537.07,6472.12
2022-07-24 19:15:23,9540.6,6468.59
2022-07-24 19:15:22,9576.7,6432.49
2022-07-24 19:15:21,9629.99,6379.2
2022-07-24 19:15:20,9657.94,6351.25
2022-07-24 19:15:19,9694.69,6314.5
2022-07-24 19:15:18,9715.55,6293.64
2022-07-24 19:15:17,9842.05,6167.14
2022-07-24 19:15:16,10022.8,5986.4
2022-07-24 19:15:15,10258.4,5750.81
2022-07-24 19:15:14,10443.1,5566.14
2022-07-24 19:15:13,10662.3,5346.84
2022-07-24 19:15:12,10818.2,5190.95
2022-07-24 19:15:11,11136.1,4873.07
2022-07-24 19:15:10,11377.6,4631.59
2022-07-24 19:15:09,11539.7,4469.46
2022-07-24 19:15:08,11670,4339.18
2022-07-24 19:15:07,11812.1,4197.14
2022-07-24 19:15:06,11961.5,4047.71
2022-07-24 19:15:05,11619,4390.16
2022-07-24 19:15:04,11236.7,4772.52
2022-07-24 19:15:03,10317.8,5691.4
2022-07-24 19:15:02,9170.54,6838.65
2022-07-24 19:15:01,9174.46,6834.73
2022-07-24 19:15:00,9180.7,6828.49
2022-07-24 19:14:59,9180.71,6828.48
2022-07-24 19:14:58,9192.48,6816.71
2022-07-24 19:14:57,9195.48,6813.71
2022-07-24 19:14:56,9203.8,6805.39
2022-07-24 19:14:55,9205.85,6803.34
2022-07-24 19:14:54,9216.11,6793.08
2022-07-24 19:14:53,9224.84,6784.35
2022-07-24 19:14:52,9231.81,6777.38
2022-07-24 19:14:51,9230.89,6778.29
2022-07-24 19:14:50,9246.18,6763.01
2022-07-24 19:14:49,9260.74,6748.45
2022-07-24 19:14:48,9283.59,6725.59
2022-07-24 19:14:47,9283.66,6725.52
2022-07-24 19:14:46,9300.07,6709.11
2022-07-24 19:14:45,9315.88,6693.31
2022-07-24 19:14:44,9357.11,6652.07
2022-07-24 19:14:43,9356.86,6652.33
2022-07-24 19:14:42,9395.81,6613.38
2022-07-24 19:14:41,9396.55,6612.64
2022-07-24 19:14:40,9465.25,6543.94
2022-07-24 19:14:39,9487.31,6521.88
2022-07-24 19:14:38,9505.19,6504
2022-07-24 19:14:37,9524.16,6485.03
2022-07-24 19:14:36,9606.14,6403.05
2022-07-24 19:14:35,9605.46,6403.72
2022-07-24 19:14:34,9628.79,6380.39
2022-07-24 19:14:33,9746.68,6262.51
2022-07-24 19:14:32,9865.32,6143.86
2022-07-24 19:14:31,10108.7,5900.53
2022-07-24 19:14:30,10332.3,5676.89
2022-07-24 19:14:29,10674.6,5334.58
2022-07-24 19:14:28,10911.2,5097.98
2022-07-24 19:14:27,11036.2,4973.02
2022-07-24 19:14:26,11397.3,4611.86
2022-07-24 19:14:25,11484.1,4525.04
2022-07-24 19:14:24,11638.5,4370.71
2022-07-24 19:14:23,11750.9,4258.3
2022-07-24 19:14:22,11962.6,4046.59
2022-07-24 19:14:21,12125.5,3883.72
2022-07-24 19:14:20,11301.2,4707.95
2022-07-24 19:14:19,9710.03,6299.16
2022-07-24 19:14:18,9210.64,6798.55
2022-07-24 19:14:17,9213.91,6795.28
2022-07-24 19:14:16,9215.07,6794.12
2022-07-24 19:14:15,9225.46,6783.73
2022-07-24 19:14:14,9226.61,6782.57
2022-07-24 19:14:13,9234.3,6774.89
2022-07-24 19:14:12,9234.32,6774.87
2022-07-24 19:14:11,9245.97,6763.22
2022-07-24 19:14:10,9248.17,6761.02
2022-07-24 19:14:09,9258.71,6750.48
2022-07-24 19:14:08,9260.06,6749.13
2022-07-24 19:14:07,9261.64,6747.55
2022-07-24 19:14:06,9286.08,6723.11
2022-07-24 19:14:05,9288.52,6720.67
2022-07-24 19:14:04,9314.15,6695.03
2022-07-24 19:14:03,9313.92,6695.27
2022-07-24 19:14:02,9346.91,6662.28
2022-07-24 19:14:01,9347.37,6661.81
2022-07-24 19:14:00,9383.26,6625.93
2022-07-24 19:13:59,9398.26,6610.93
2022-07-24 19:13:58,9437.23,6571.96
2022-07-24 19:13:57,9443.08,6566.11
2022-07-24 19:13:56,9484.03,6525.16
2022-07-24 19:13:55,9514.4,6494.79
2022-07-24 19:13:54,9530.27,6478.92
2022-07-24 19:13:53,9579.83,6429.36
2022-07-24 19:13:52,9595.06,6414.13
2022-07-24 19:13:51,9633.86,6375.32
2022-07-24 19:13:50,9727.22,6281.97
2022-07-24 19:13:49,9828.25,6180.93
2022-07-24 19:13:48,10028.1,5981.08
2022-07-24 19:13:47,10213.3,5795.87
2022-07-24 19:13:46,10341.9,5667.3
2022-07-24 19:13:45,10639.3,5369.91
2022-07-24 19:13:44,10771.9,5237.25
2022-07-24 19:13:43,10895.6,5113.55
2022-07-24 19:13:42,11092.3,4916.91
2022-07-24 19:13:41,11193.1,4816.04
2022-07-24 19:13:40,11314.4,4694.82
2022-07-24 19:13:39,11696.5,4312.7
2022-07-24 19:13:38,11895.6,4113.54
2022-07-24 19:13:37,11083,4926.23
2022-07-24 19:13:36,11163,4846.2
2022-07-24 19:13:35,10111.5,5897.7
2022-07-24 19:13:34,10177.1,5832.05
2022-07-24 19:13:33,9720.3,6288.88
2022-07-24 19:13:32,9593.57,6415.61
2022-07-24 19:13:31,9102.69,6906.5
2022-07-24 19:13:30,9126.55,6882.64
2022-07-24 19:13:29,9127.54,6881.65
2022-07-24 19:13:28,9128.88,6880.31
2022-07-24 19:13:27,9130.55,6878.63
2022-07-24 19:13:26,9157.18,6852
2022-07-24 19:13:25,9157.56,6851.63
2022-07-24 19:13:24,9159,6850.19
2022-07-24 19:13:23,9159.72,6849.47
2022-07-24 19:13:22,9196.29,6812.9
2022-07-24 19:13:21,9198.61,6810.58
2022-07-24 19:13:20,9220.33,6788.86
2022-07-24 19:13:19,9236.11,6773.07
2022-07-24 19:13:18,9256.18,6753
2022-07-24 19:13:17,9256.46,6752.73
2022-07-24 19:13:16,9281.84,6727.35
2022-07-24 19:13:15,9295.25,6713.94
2022-07-24 19:13:14,9316.69,6692.5
2022-07-24 19:13:13,9318.66,6690.53
2022-07-24 19:13:12,9345.74,6663.45
2022-07-24 19:13:11,9380.89,6628.29
2022-07-24 19:13:10,9386.77,6622.41
2022-07-24 19:13:09,9416.52,6592.67
2022-07-24 19:13:08,9446.4,6562.79
2022-07-24 19:13:07,9469.35,6539.84
2022-07-24 19:13:06,9507.8,6501.39
2022-07-24 19:13:05,9602.75,6406.44
2022-07-24 19:13:04,9754.92,6254.27
2022-07-24 19:13:03,9889.75,6119.44
2022-07-24 19:13:02,10116,5893.15
2022-07-24 19:13:01,10366.9,5642.31
2022-07-24 19:13:00,10457.3,5551.87
2022-07-24 19:12:59,10627.7,5381.46
2022-07-24 19:12:58,11002.8,5006.43
2022-07-24 19:12:57,11107.4,4901.8
2022-07-24 19:12:56,11516.1,4493.04
2022-07-24 19:12:55,11693,4316.21
2022-07-24 19:12:54,11860.2,4148.98
2022-07-24 19:12:53,11511.9,4497.27
2022-07-24 19:12:52,11112.8,4896.4
2022-07-24 19:12:51,10715.3,5293.91
2022-07-24 19:12:50,10292.5,5716.7
2022-07-24 19:12:49,9811.13,6198.06
2022-07-24 19:12:48,9180.76,6828.43
2022-07-24 19:12:47,9189,6820.18
2022-07-24 19:12:46,9187.13,6822.06
2022-07-24 19:12:45,9190.28,6818.9
2022-07-24 19:12:44,9194.05,6815.14
2022-07-24 19:12:43,9201.68,6807.51
2022-07-24 19:12:42,9202.75,6806.44
2022-07-24 19:12:41,9206.34,6802.85
2022-07-24 19:12:40,9207.96,6801.23
2022-07-24 19:12:39,9225.8,6783.38
2022-07-24 19:12:38,9225.51,6783.68
2022-07-24 19:12:37,9246.41,6762.78
2022-07-24 19:12:36,9246.28,6762.91
2022-07-24 19:12:35,9291.05,6718.14
2022-07-24 19:12:34,9291.75,6717.44
2022-07-24 19:12:33,9294.57,6714.61
2022-07-24 19:12:32,9315.21,6693.98
2022-07-24 19:12:31,9367.43,6641.75
2022-07-24 19:12:30,9376.39,6632.8
2022-07-24 19:12:29,9390.81,6618.37
2022-07-24 19:12:28,9410.08,6599.11
2022-07-24 19:12:27,9470.94,6538.25
2022-07-24 19:12:26,9489.42,6519.77
2022-07-24 19:12:25,9523.27,6485.92
2022-07-24 19:12:24,9566.94,6442.25
2022-07-24 19:12:23,9636.06,6373.13
2022-07-24 19:12:22,9680.82,6328.37
2022-07-24 19:12:21,9734.39,6274.79
2022-07-24 19:12:20,9790.5,6218.68
2022-07-24 19:12:19,9976.36,6032.82
2022-07-24 19:12:18,10278.6,5730.59
2022-07-24 19:12:17,10471.7,5537.5
2022-07-24 19:12:16,10539.2,5470.02
2022-07-24 19:12:15,10797,5212.14
2022-07-24 19:12:14,11216,4793.14
2022-07-24 19:12:13,11404.6,4604.56
2022-07-24 19:12:12,11550.1,4459.05
2022-07-24 19:12:11,11696.1,4313.1
2022-07-24 19:12:10,11831.9,4177.25
2022-07-24 19:12:09,11968.6,4040.55
2022-07-24 19:12:08,11612.3,4396.87
2022-07-24 19:12:07,10743.9,5265.26
2022-07-24 19:12:06,9724.49,6284.7
2022-07-24 19:12:05,9108.77,6900.42
2022-07-24 19:12:04,9117.68,6891.51
2022-07-24 19:12:03,9116.67,6892.52
2022-07-24 19:12:02,9126,6883.18
2022-07-24 19:12:01,9134.75,6874.43
2022-07-24 19:12:00,9141.46,6867.72
2022-07-24 19:11:59,9142.79,6866.4
2022-07-24 19:11:58,9155.73,6853.46
2022-07-24 19:11:57,9169.3,6839.88
2022-07-24 19:11:56,9177.48,6831.7
2022-07-24 19:11:55,9178.89,6830.3
2022-07-24 19:11:54,9190.19,6819
2022-07-24 19:11:53,9203.48,6805.7
2022-07-24 19:11:52,9204.97,6804.22
2022-07-24 19:11:51,9223.92,6785.27
2022-07-24 19:11:50,9237.55,6771.64
2022-07-24 19:11:49,9267.39,6741.8
2022-07-24 19:11:48,9266.53,6742.65
2022-07-24 19:11:47,9297.32,6711.87
2022-07-24 19:11:46,9295.79,6713.4
2022-07-24 19:11:45,9328.52,6680.67
2022-07-24 19:11:44,9351.59,6657.6
2022-07-24 19:11:43,9348.12,6661.07
2022-07-24 19:11:42,9364.59,6644.59
2022-07-24 19:11:41,9403.34,6605.84
2022-07-24 19:11:40,9421.29,6587.89
2022-07-24 19:11:39,9436.2,6572.99
2022-07-24 19:11:38,9417.05,6592.14
2022-07-24 19:11:37,9479.69,6529.5
2022-07-24 19:11:36,9613.2,6395.99
2022-07-24 19:11:35,9744.31,6264.88
2022-07-24 19:11:34,9924.84,6084.35
2022-07-24 19:11:33,10494.9,5514.3
2022-07-24 19:11:32,10636.5,5372.72
2022-07-24 19:11:31,10780,5229.18
2022-07-24 19:11:30,11106.5,4902.71
2022-07-24 19:11:29,11235.6,4773.6
2022-07-24 19:11:28,11486.4,4522.82
2022-07-24 19:11:27,11628.1,4381.11
2022-07-24 19:11:26,11782.2,4227
2022-07-24 19:11:25,11949.7,4059.51
2022-07-24 19:11:24,11584.3,4424.88
2022-07-24 19:11:23,11210.4,4798.77
2022-07-24 19:11:22,10307.8,5701.39
2022-07-24 19:11:21,9096.21,6912.98
2022-07-24 19:11:20,9099.95,6909.24
2022-07-24 19:11:19,9114.64,6894.55
2022-07-24 19:11:18,9113.07,6896.12
2022-07-24 19:11:17,9116.62,6892.57
2022-07-24 19:11:16,9116.79,6892.4
2022-07-24 19:11:15,9130.68,6878.5
2022-07-24 19:11:14,9130.89,6878.29
2022-07-24 19:11:13,9132.75,6876.44
2022-07-24 19:11:12,9133.18,6876.01
2022-07-24 19:11:11,9151.53,6857.66
2022-07-24 19:11:10,9155.73,6853.45
2022-07-24 19:11:09,9155.72,6853.47
2022-07-24 19:11:08,9158.18,6851
2022-07-24 19:11:07,9182.01,6827.18
2022-07-24 19:11:06,9205.78,6803.41
2022-07-24 19:11:05,9208.29,6800.9
2022-07-24 19:11:04,9223.18,6786.01
2022-07-24 19:11:03,9238.37,6770.82
2022-07-24 19:11:02,9240.64,6768.54
2022-07-24 19:11:01,9275.25,6733.93
2022-07-24 19:11:00,9316.31,6692.88
2022-07-24 19:10:59,9318.16,6691.02
2022-07-24 19:10:58,9342.3,6666.89
2022-07-24 19:10:57,9373.7,6635.48
2022-07-24 19:10:56,9386.06,6623.13
2022-07-24 19:10:55,9446.82,6562.37
2022-07-24 19:10:54,9429.41,6579.78
2022-07-24 19:10:53,9429.99,6579.19
2022-07-24 19:10:52,9577.14,6432.05
2022-07-24 19:10:51,9648.47,6360.72
2022-07-24 19:10:50,9823.21,6185.98
2022-07-24 19:10:49,10162.1,5847.12
2022-07-24 19:10:48,10416.5,5592.71
2022-07-24 19:10:47,10596.8,5412.39
2022-07-24 19:10:46,11015.4,4993.8
2022-07-24 19:10:45,11307.6,4701.61
2022-07-24 19:10:44,11468.7,4540.5
2022-07-24 19:10:43,11589.2,4420.04
2022-07-24 19:10:42,11730.6,4278.61
2022-07-24 19:10:41,11872.2,4136.99
2022-07-24 19:10:40,12017.5,3991.73
2022-07-24 19:10:39,12228,3781.22
2022-07-24 19:10:38,10250.2,5758.98
2022-07-24 19:10:37,9091.21,6917.97
2022-07-24 19:10:36,9097.75,6911.43
2022-07-24 19:10:35,9098.9,6910.29
2022-07-24 19:10:34,9102.21,6906.98
2022-07-24 19:10:33,9101.84,6907.35
2022-07-24 19:10:32,9105.81,6903.38
2022-07-24 19:10:31,9109.45,6899.74
2022-07-24 19:10:30,9110.75,6898.43
2022-07-24 19:10:29,9111.84,6897.34
2022-07-24 19:10:28,9115.69,6893.5
2022-07-24 19:10:27,9118.9,6890.29
2022-07-24 19:10:26,9130.05,6879.14
2022-07-24 19:10:25,9136.79,6872.39
2022-07-24 19:10:24,9138.69,6870.49
2022-07-24 19:10:23,9153.41,6855.77
2022-07-24 19:10:22,9172.54,6836.65
2022-07-24 19:10:21,9166.51,6842.68
2022-07-24 19:10:20,9176.95,6832.23
2022-07-24 19:10:19,9208.14,6801.05
2022-07-24 19:10:18,9244.38,6764.81
2022-07-24 19:10:17,9245.16,6764.02
2022-07-24 19:10:16,9267.91,6741.28
2022-07-24 19:10:15,9298.36,6710.83
2022-07-24 19:10:14,9319.87,6689.32
2022-07-24 19:10:13,9302.63,6706.56
2022-07-24 19:10:12,9343.7,6665.49
2022-07-24 19:10:11,9388.25,6620.94
2022-07-24 19:10:10,9418.42,6590.77
2022-07-24 19:10:09,9439.19,6569.99
2022-07-24 19:10:08,9545,6464.18
2022-07-24 19:10:07,9635.05,6374.14
2022-07-24 19:10:06,9828.59,6180.6
2022-07-24 19:10:05,10140.1,5869.14
2022-07-24 19:10:04,10223.9,5785.26
2022-07-24 19:10:03,10655.9,5353.3
2022-07-24 19:10:02,10777,5232.18
2022-07-24 19:10:01,11176.1,4833.08
2022-07-24 19:10:00,11408.3,4600.93
2022-07-24 19:09:59,11532.5,4476.71
2022-07-24 19:09:58,11691.5,4317.73
2022-07-24 19:09:57,11804.3,4204.88
2022-07-24 19:09:56,11982.9,4026.26
2022-07-24 19:09:55,11603.2,4405.97
2022-07-24 19:09:54,11150.5,4858.73
2022-07-24 19:09:53,9574.29,6434.9
2022-07-24 19:09:52,9016.48,6992.71
2022-07-24 19:09:51,9019.51,6989.68
2022-07-24 19:09:50,9018.93,6990.25
2022-07-24 19:09:49,9026.97,6982.22
2022-07-24 19:09:48,9026.09,6983.1
2022-07-24 19:09:47,9026.75,6982.44
2022-07-24 19:09:46,9027.33,6981.86
2022-07-24 19:09:45,9036.31,6972.88
2022-07-24 19:09:44,9035,6974.19
2022-07-24 19:09:43,9040.68,6968.5
2022-07-24 19:09:42,9041.17,6968.02
2022-07-24 19:09:41,9053.91,6955.28
2022-07-24 19:09:40,9065.34,6943.85
2022-07-24 19:09:39,9076.89,6932.29
2022-07-24 19:09:38,9077.52,6931.67
2022-07-24 19:09:37,9078.69,6930.5
2022-07-24 19:09:36,9110.27,6898.92
2022-07-24 19:09:35,9125.92,6883.27
2022-07-24 19:09:34,9128.02,6881.16
2022-07-24 19:09:33,9145.34,6863.85
2022-07-24 19:09:32,9139.86,6869.32
2022-07-24 19:09:31,9143.94,6865.25
2022-07-24 19:09:30,9152.53,6856.66
2022-07-24 19:09:29,9187.12,6822.07
2022-07-24 19:09:28,9191.56,6817.63
2022-07-24 19:09:27,9215.08,6794.11
2022-07-24 19:09:26,9248.72,6760.47
2022-07-24 19:09:25,9299.87,6709.32
2022-07-24 19:09:24,9322.33,6686.86
2022-07-24 19:09:23,9408.34,6600.84
2022-07-24 19:09:22,9745.75,6263.44
2022-07-24 19:09:21,9861.57,6147.62
2022-07-24 19:09:20,10105.8,5903.4
2022-07-24 19:09:19,10505.6,5503.58
2022-07-24 19:09:18,10716,5293.2
2022-07-24 19:09:17,10993.2,5016
2022-07-24 19:09:16,11342.7,4666.52
2022-07-24 19:09:15,11483.4,4525.75
2022-07-24 19:09:14,11627,4382.14
2022-07-24 19:09:13,11740.2,4269
2022-07-24 19:09:12,11928.3,4080.93
2022-07-24 19:09:11,12054,3955.2
2022-07-24 19:09:10,11728.2,4281.01
2022-07-24 19:09:09,10713,5296.18
2022-07-24 19:09:08,9583,6426.18
2022-07-24 19:09:07,9093.83,6915.36
2022-07-24 19:09:06,9094.73,6914.46
2022-07-24 19:09:05,9097.26,6911.93
2022-07-24 19:09:04,9109.06,6900.13
2022-07-24 19:09:03,9107.25,6901.94
2022-07-24 19:09:02,9110.15,6899.04
2022-07-24 19:09:01,9110.49,6898.7
2022-07-24 19:09:00,9123.03,6886.16
2022-07-24 19:08:59,9129.36,6879.83
2022-07-24 19:08:58,9132.7,6876.49
2022-07-24 19:08:57,9135.05,6874.14
2022-07-24 19:08:56,9146.28,6862.9
2022-07-24 19:08:55,9163.27,6845.91
2022-07-24 19:08:54,9174.73,6834.45
2022-07-24 19:08:53,9175.77,6833.42
2022-07-24 19:08:52,9192.21,6816.98
2022-07-24 19:08:51,9197.36,6811.82
2022-07-24 19:08:50,9217.01,6792.18
2022-07-24 19:08:49,9243.9,6765.29
2022-07-24 19:08:48,9259.36,6749.82
2022-07-24 19:08:47,9275.27,6733.91
2022-07-24 19:08:46,9291.41,6717.78
2022-07-24 19:08:45,9316.27,6692.92
2022-07-24 19:08:44,9320.31,6688.88
2022-07-24 19:08:43,9386.44,6622.75
2022-07-24 19:08:42,9434.94,6574.24
2022-07-24 19:08:41,9396.94,6612.25
2022-07-24 19:08:40,9423.83,6585.36
2022-07-24 19:08:39,9597.87,6411.32
2022-07-24 19:08:38,9666.6,6342.58
2022-07-24 19:08:37,9785.68,6223.51
2022-07-24 19:08:36,10235.7,5773.46
2022-07-24 19:08:35,10443.4,5565.76
2022-07-24 19:08:34,10857.5,5151.64
2022-07-24 19:08:33,10997.9,5011.29
2022-07-24 19:08:32,11337.8,4671.41
2022-07-24 19:08:31,11510.1,4499.06
2022-07-24 19:08:30,11573,4436.17
2022-07-24 19:08:29,11724.2,4284.99
2022-07-24 19:08:28,11851.2,4158
2022-07-24 19:08:27,11998.9,4010.3
2022-07-24 19:08:26,11166.2,4842.94
2022-07-24 19:08:25,10254.9,5754.29
2022-07-24 19:08:24,10309,5700.18
2022-07-24 19:08:23,9302.59,6706.59
2022-07-24 19:08:22,9307.89,6701.3
2022-07-24 19:08:21,9308.77,6700.41
2022-07-24 19:08:20,9316.72,6692.47
2022-07-24 19:08:19,9322.58,6686.6
2022-07-24 19:08:18,9326.25,6682.94
2022-07-24 19:08:17,9331.29,6677.89
2022-07-24 19:08:16,9340.45,6668.73
2022-07-24 19:08:15,9358.72,6650.47
2022-07-24 19:08:14,9359.6,6649.59
2022-07-24 19:08:13,9388.8,6620.39
2022-07-24 19:08:12,9409.46,6599.73
2022-07-24 19:08:11,9421.75,6587.44
2022-07-24 19:08:10,9427.85,6581.34
2022-07-24 19:08:09,9460.03,6549.16
2022-07-24 19:08:08,9503.18,6506.01
2022-07-24 19:08:07,9519.51,6489.68
2022-07-24 19:08:06,9521.09,6488.1
2022-07-24 19:08:05,9574.08,6435.11
2022-07-24 19:08:04,9601.69,6407.5
2022-07-24 19:08:03,9628.02,6381.17
2022-07-24 19:08:02,9638.75,6370.44
2022-07-24 19:08:01,9690.57,6318.62
2022-07-24 19:08:00,9719.84,6289.35
2022-07-24 19:07:59,9743.94,6265.25
2022-07-24 19:07:58,9765.01,6244.18
2022-07-24 19:07:57,9806.24,6202.95
2022-07-24 19:07:56,9818.08,6191.11
2022-07-24 19:07:55,9940.47,6068.71
2022-07-24 19:07:54,10026.4,5982.81
2022-07-24 19:07:53,10194.3,5814.88
2022-07-24 19:07:52,10425,5584.22
2022-07-24 19:07:51,10667.4,5341.83
2022-07-24 19:07:50,10871.4,5137.76
2022-07-24 19:07:49,11100.3,4908.88
2022-07-24 19:07:48,11257.4,4751.78
2022-07-24 19:07:47,11318.5,4690.72
2022-07-24 19:07:46,11420.9,4588.24
2022-07-24 19:07:45,11536.9,4472.31
2022-07-24 19:07:44,11822.5,4186.64
2022-07-24 19:07:43,11991.4,4017.82
2022-07-24 19:07:42,12043.7,3965.53
2022-07-24 19:07:41,10615.7,5393.54
2022-07-24 19:07:40,10053.1,5956.08
2022-07-24 19:07:39,9492.86,6516.33
2022-07-24 19:07:38,9004.37,7004.82
2022-07-24 19:07:37,9005.45,7003.74
2022-07-24 19:07:36,9008.32,7000.87
2022-07-24 19:07:35,9015.87,6993.32
2022-07-24 19:07:34,9017.58,6991.61
2022-07-24 19:07:33,9017.41,6991.77
2022-07-24 19:07:32,9027.15,6982.04
2022-07-24 19:07:31,9028.19,6981
2022-07-24 19:07:30,9039.28,6969.91
2022-07-24 19:07:29,9040.21,6968.98
2022-07-24 19:07:28,9050.52,6958.67
2022-07-24 19:07:27,9053.96,6955.23
2022-07-24 19:07:26,9080.11,6929.08
2022-07-24 19:07:25,9081.03,6928.16
2022-07-24 19:07:24,9094.47,6914.72
2022-07-24 19:07:23,9109.38,6899.81
2022-07-24 19:07:22,9110.91,6898.28
2022-07-24 19:07:21,9131.48,6877.7
2022-07-24 19:07:20,9143.29,6865.89
2022-07-24 19:07:19,9156.96,6852.23
2022-07-24 19:07:18,9181.36,6827.83
2022-07-24 19:07:17,9196.86,6812.33
2022-07-24 19:07:16,9214.52,6794.67
2022-07-24 19:07:15,9208.38,6800.81
2022-07-24 19:07:14,9238.5,6770.69
2022-07-24 19:07:13,9258.73,6750.46
2022-07-24 19:07:12,9275.71,6733.48
2022-07-24 19:07:11,9315,6694.18
2022-07-24 19:07:10,9435.6,6573.59
2022-07-24 19:07:09,9653.33,6355.86
2022-07-24 19:07:08,9861.78,6147.41
2022-07-24 19:07:07,10332.7,5676.5
2022-07-24 19:07:06,10588.6,5420.61
2022-07-24 19:07:05,10735.8,5273.4
2022-07-24 19:07:04,11000.5,5008.73
2022-07-24 19:07:03,11201.8,4807.41
2022-07-24 19:07:02,11429.2,4580.02
2022-07-24 19:07:01,11592.2,4417
2022-07-24 19:07:00,11726.2,4283
2022-07-24 19:06:59,11876.9,4132.3
2022-07-24 19:06:58,12032.7,3976.47
2022-07-24 19:06:57,11570.3,4438.89
2022-07-24 19:06:56,10177.5,5831.65
2022-07-24 19:06:55,10079.5,5929.67
2022-07-24 19:06:54,9122.07,6887.11
2022-07-24 19:06:53,9123.02,6886.16
2022-07-24 19:06:52,9123.2,6885.98
2022-07-24 19:06:51,9124.99,6884.2
2022-07-24 19:06:50,9135.09,6874.1
2022-07-24 19:06:49,9136.21,6872.98
2022-07-24 19:06:48,9137.04,6872.15
2022-07-24 19:06:47,9151.66,6857.53
2022-07-24 19:06:46,9156.27,6852.92
2022-07-24 19:06:45,9158.31,6850.88
2022-07-24 19:06:44,9159.91,6849.28
2022-07-24 19:06:43,9177.22,6831.96
2022-07-24 19:06:42,9189.15,6820.04
2022-07-24 19:06:41,9190.16,6819.02
2022-07-24 19:06:40,9192.13,6817.05
2022-07-24 19:06:39,9225.43,6783.75
2022-07-24 19:06:38,9239.43,6769.76
2022-07-24 19:06:37,9232.5,6776.69
2022-07-24 19:06:36,9254.01,6755.18
2022-07-24 19:06:35,9274.23,6734.96
2022-07-24 19:06:34,9286.72,6722.47
2022-07-24 19:06:33,9303.65,6705.54
2022-07-24 19:06:32,9353.4,6655.79
2022-07-24 19:06:31,9371.14,6638.05
2022-07-24 19:06:30,9374.41,6634.77
2022-07-24 19:06:29,9427.47,6581.72
2022-07-24 19:06:28,9475.77,6533.42
2022-07-24 19:06:27,9490.23,6518.95
2022-07-24 19:06:26,9574.99,6434.19
2022-07-24 19:06:25,9721.31,6287.88
2022-07-24 19:06:24,9888,6121.19
2022-07-24 19:06:23,10119.1,5890.07
2022-07-24 19:06:22,10606.2,5402.97
2022-07-24 19:06:21,10888.8,5120.36
2022-07-24 19:06:20,11102.5,4906.71
2022-07-24 19:06:19,11233.1,4776.07
2022-07-24 19:06:18,11330.8,4678.37
2022-07-24 19:06:17,11576.7,4432.48
2022-07-24 19:06:16,11675.7,4333.46
2022-07-24 19:06:15,11820.1,4189.1
2022-07-24 19:06:14,11989.8,4019.35
2022-07-24 19:06:13,12144.9,3864.32
2022-07-24 19:06:12,11170.3,4838.85
2022-07-24 19:06:11,9398.28,6610.91
2022-07-24 19:06:10,8805.75,7203.43
2022-07-24 19:06:09,8804.58,7204.61
2022-07-24 19:06:08,8803.93,7205.26
2022-07-24 19:06:07,8803.89,7205.3
2022-07-24 19:06:06,8803.32,7205.87
2022-07-24 19:06:05,8804.31,7204.88
2022-07-24 19:06:04,8803.49,7205.7
2022-07-24 19:06:03,8802.45,7206.73
2022-07-24 19:06:02,8802.67,7206.52
2022-07-24 19:06:01,8801.52,7207.67
2022-07-24 19:06:00,8803.17,7206.02
2022-07-24 19:05:59,8802.87,7206.32
2022-07-24 19:05:58,8804.5,7204.69
2022-07-24 19:05:57,8803.75,7205.43
2022-07-24 19:05:56,8802.76,7206.43
2022-07-24 19:05:55,8803.53,7205.65
2022-07-24 19:05:54,8801.9,7207.29
2022-07-24 19:05:53,8801.57,7207.61
2022-07-24 19:05:52,8800.88,7208.31
2022-07-24 19:05:51,8800.89,7208.3
2022-07-24 19:05:50,8801.48,7207.71
2022-07-24 19:05:49,8769.62,7239.56
2022-07-24 19:05:48,8769.55,7239.63
2022-07-24 19:05:47,8754.21,7254.98
2022-07-24 19:05:46,8754.67,7254.52
2022-07-24 19:05:45,8756.26,7252.93
2022-07-24 19:05:44,8728.44,7280.74
2022-07-24 19:05:43,8812.71,7196.48
2022-07-24 19:05:42,8977.67,7031.52
2022-07-24 19:05:41,9008.08,7001.11
2022-07-24 19:05:40,9205.3,6803.89
2022-07-24 19:05:39,9585.42,6423.77
2022-07-24 19:05:38,10188.1,5821.06
2022-07-24 19:05:37,10385.5,5623.68
2022-07-24 19:05:36,10585.4,5423.75
2022-07-24 19:05:35,10968.6,5040.54
2022-07-24 19:05:34,11077.3,4931.87
2022-07-24 19:05:33,11421.2,4587.96
2022-07-24 19:05:32,11588.9,4420.28
2022-07-24 19:05:31,11805.9,4203.32
2022-07-24 19:05:30,11953,4056.21
2022-07-24 19:05:29,11605.6,4403.56
2022-07-24 19:05:28,11676,4333.22
2022-07-24 19:05:27,9704.04,6305.15
2022-07-24 19:05:26,9718.82,6290.36
2022-07-24 19:05:25,9214.52,6794.66
2022-07-24 19:05:24,9226.12,6783.06
2022-07-24 19:05:23,9229.16,6780.02
2022-07-24 19:05:22,9230.27,6778.91
2022-07-24 19:05:21,9232.98,6776.21
2022-07-24 19:05:20,9244.6,6764.59
2022-07-24 19:05:19,9246.94,6762.25
2022-07-24 19:05:18,9251.01,6758.18
2022-07-24 19:05:17,9251.55,6757.64
2022-07-24 19:05:16,9262.61,6746.58
2022-07-24 19:05:15,9263.23,6745.96
2022-07-24 19:05:14,9277.06,6732.13
2022-07-24 19:05:13,9277.7,6731.48
2022-07-24 19:05:12,9293.52,6715.67
2022-07-24 19:05:11,9296.25,6712.94
2022-07-24 19:05:10,9313.05,6696.14
2022-07-24 19:05:09,9326.61,6682.57
2022-07-24 19:05:08,9339.29,6669.9
2022-07-24 19:05:07,9341.84,6667.35
2022-07-24 19:05:06,9360.68,6648.5
2022-07-24 19:05:05,9418.32,6590.86
2022-07-24 19:05:04,9428.5,6580.69
2022-07-24 19:05:03,9450.3,6558.88
2022-07-24 19:05:02,9468.45,6540.73
2022-07-24 19:05:01,9525.15,6484.04
2022-07-24 19:05:00,9600.74,6408.45
2022-07-24 19:04:59,9603.7,6405.48
2022-07-24 19:04:58,9693.56,6315.63
2022-07-24 19:04:57,9778.73,6230.46
2022-07-24 19:04:56,9883.35,6125.84
2022-07-24 19:04:55,10091.6,5917.62
2022-07-24 19:04:54,10303.4,5705.75
2022-07-24 19:04:53,10790.4,5218.76
2022-07-24 19:04:52,11023.7,4985.46
2022-07-24 19:04:51,11213,4796.23
2022-07-24 19:04:50,11295.1,4714.05
2022-07-24 19:04:49,11385.4,4623.74
2022-07-24 19:04:48,11614.2,4394.99
2022-07-24 19:04:47,11736.9,4272.25
2022-07-24 19:04:46,11936.1,4073.12
2022-07-24 19:04:45,12097.8,3911.42
2022-07-24 19:04:44,11105.4,4903.79
2022-07-24 19:04:43,10033.8,5975.38
2022-07-24 19:04:42,9461.95,6547.23
2022-07-24 19:04:41,8958.63,7050.56
2022-07-24 19:04:40,8966.6,7042.59
2022-07-24 19:04:39,8966.01,7043.18
2022-07-24 19:04:38,8977.42,7031.77
2022-07-24 19:04:37,8977.85,7031.34
2022-07-24 19:04:36,8994.48,7014.71
2022-07-24 19:04:35,8994.15,7015.03
2022-07-24 19:04:34,9008.2,7000.99
2022-07-24 19:04:33,9008.38,7000.81
2022-07-24 19:04:32,9029.17,6980.02
2022-07-24 19:04:31,9027.74,6981.45
2022-07-24 19:04:30,9031.38,6977.81
2022-07-24 19:04:29,9047.15,6962.04
2022-07-24 19:04:28,9061.01,6948.18
2022-07-24 19:04:27,9081.34,6927.84
2022-07-24 19:04:26,9098.31,6910.88
2022-07-24 19:04:25,9100.08,6909.11
2022-07-24 19:04:24,9137.11,6872.08
2022-07-24 19:04:23,9140.37,6868.82
2022-07-24 19:04:22,9157.09,6852.1
2022-07-24 19:04:21,9187.26,6821.93
2022-07-24 19:04:20,9189.32,6819.86
2022-07-24 19:04:19,9212.69,6796.5
2022-07-24 19:04:18,9243.13,6766.05
2022-07-24 19:04:17,9247.57,6761.62
2022-07-24 19:04:16,9261,6748.19
2022-07-24 19:04:15,9274.12,6735.06
2022-07-24 19:04:14,9329.04,6680.15
2022-07-24 19:04:13,9394,6615.19
2022-07-24 19:04:12,9555.54,6453.65
2022-07-24 19:04:11,9786.8,6222.38
2022-07-24 19:04:10,10178.7,5830.53
2022-07-24 19:04:09,10338.2,5670.99
2022-07-24 19:04:08,10799.2,5209.97
2022-07-24 19:04:07,11054.4,4954.82
2022-07-24 19:04:06,11239.5,4769.71
2022-07-24 19:04:05,11481.7,4527.5
2022-07-24 19:04:04,11601.9,4407.24
2022-07-24 19:04:03,11744.7,4264.45
2022-07-24 19:04:02,11855.5,4153.66
2022-07-24 19:04:01,12053,3956.16
2022-07-24 19:04:00,11534.1,4475.11
2022-07-24 19:03:59,10172.5,5836.66
2022-07-24 19:03:58,9676.1,6333.09
2022-07-24 19:03:57,9061.74,6947.45
2022-07-24 19:03:56,9064.83,6944.36
2022-07-24 19:03:55,9063.73,6945.45
2022-07-24 19:03:54,9066.9,6942.29
2022-07-24 19:03:53,9065.46,6943.73
2022-07-24 19:03:52,9069.75,6939.44
2022-07-24 19:03:51,9070.08,6939.11
2022-07-24 19:03:50,9070.24,6938.95
2022-07-24 19:03:49,9072.03,6937.16
2022-07-24 19:03:48,9073.55,6935.64
2022-07-24 19:03:47,9085.5,6923.68
2022-07-24 19:03:46,9085.37,6923.81
2022-07-24 19:03:45,9086.16,6923.03
2022-07-24 19:03:44,9093.52,6915.67
2022-07-24 19:03:43,9108.86,6900.33
2022-07-24 19:03:42,9109.12,6900.06
2022-07-24 19:03:41,9110.54,6898.65
2022-07-24 19:03:40,9110.46,6898.73
2022-07-24 19:03:39,9143.57,6865.62
2022-07-24 19:03:38,9144.96,6864.23
2022-07-24 19:03:37,9145.07,6864.12
2022-07-24 19:03:36,9170.36,6838.83
2022-07-24 19:03:35,9204.41,6804.78
2022-07-24 19:03:34,9209.96,6799.23
2022-07-24 19:03:33,9210.53,6798.65
2022-07-24 19:03:32,9281.23,6727.96
2022-07-24 19:03:31,9285.66,6723.52
2022-07-24 19:03:30,9298.56,6710.63
2022-07-24 19:03:29,9344.06,6665.12
2022-07-24 19:03:28,9602.75,6406.44
2022-07-24 19:03:27,9663.3,6345.89
2022-07-24 19:03:26,9768.74,6240.45
2022-07-24 19:03:25,10040.4,5968.74
2022-07-24 19:03:24,10420,5589.16
2022-07-24 19:03:23,11048.5,4960.69
2022-07-24 19:03:22,11199.4,4809.76
2022-07-24 19:03:21,11406.1,4603.05
2022-07-24 19:03:20,11503.9,4505.27
2022-07-24 19:03:19,11638.8,4370.37
2022-07-24 19:03:18,11752.2,4257.02
2022-07-24 19:03:17,11904.2,4105.01
2022-07-24 19:03:16,12085.8,3923.41
2022-07-24 19:03:15,11779.7,4229.45
2022-07-24 19:03:14,10290.4,5718.84
2022-07-24 19:03:13,9270.82,6738.37
2022-07-24 19:03:12,9271.93,6737.26
2022-07-24 19:03:11,9274.02,6735.17
2022-07-24 19:03:10,9279.37,6729.82
2022-07-24 19:03:09,9279.96,6729.22
2022-07-24 19:03:08,9287.24,6721.95
2022-07-24 19:03:07,9291.65,6717.54
2022-07-24 19:03:06,9299.36,6709.82
2022-07-24 19:03:05,9307.44,6701.75
2022-07-24 19:03:04,9312.81,6696.38
2022-07-24 19:03:03,9314.95,6694.24
2022-07-24 19:03:02,9329.31,6679.88
2022-07-24 19:03:01,9348.78,6660.4
2022-07-24 19:03:00,9350.57,6658.61
2022-07-24 19:02:59,9371.08,6638.11
2022-07-24 19:02:58,9394.57,6614.62
2022-07-24 19:02:57,9425.46,6583.73
2022-07-24 19:02:56,9433.58,6575.61
2022-07-24 19:02:55,9466.2,6542.99
2022-07-24 19:02:54,9504.7,6504.49
2022-07-24 19:02:53,9525.23,6483.96
2022-07-24 19:02:52,9535.79,6473.4
2022-07-24 19:02:51,9603.67,6405.52
2022-07-24 19:02:50,9648.11,6361.08
2022-07-24 19:02:49,9653.25,6355.94
2022-07-24 19:02:48,9694.65,6314.54
2022-07-24 19:02:47,9763.55,6245.64
2022-07-24 19:02:46,9789.98,6219.2
2022-07-24 19:02:45,9826.44,6182.75
2022-07-24 19:02:44,9958.03,6051.16
2022-07-24 19:02:43,10015.9,5993.33
2022-07-24 19:02:42,10238.5,5770.73
2022-07-24 19:02:41,10562.3,5446.89
2022-07-24 19:02:40,10702.8,5306.36
2022-07-24 19:02:39,10792,5217.22
2022-07-24 19:02:38,11012.9,4996.29
2022-07-24 19:02:37,11142.4,4866.78
2022-07-24 19:02:36,11332.2,4677.04
2022-07-24 19:02:35,11496.9,4512.25
2022-07-24 19:02:34,11721.7,4287.52
2022-07-24 19:02:33,11893.2,4115.95
2022-07-24 19:02:32,11121.2,4887.95
2022-07-24 19:02:31,10635.5,5373.66
2022-07-24 19:02:30,10236.7,5772.48
2022-07-24 19:02:29,10299.3,5709.85
2022-07-24 19:02:28,9854.64,6154.55
2022-07-24 19:02:27,9887.88,6121.31
2022-07-24 19:02:26,9269.54,6739.64
2022-07-24 19:02:25,9274.86,6734.33
2022-07-24 19:02:24,9280.77,6728.42
2022-07-24 19:02:23,9287.93,6721.26
2022-07-24 19:02:22,9288.71,6720.47
2022-07-24 19:02:21,9294.28,6714.91
2022-07-24 19:02:20,9301.38,6707.81
2022-07-24 19:02:19,9308.75,6700.44
2022-07-24 19:02:18,9309.73,6699.46
2022-07-24 19:02:17,9320.58,6688.61
2022-07-24 19:02:16,9325.05,6684.14
2022-07-24 19:02:15,9332.58,6676.61
2022-07-24 19:02:14,9333.06,6676.13
2022-07-24 19:02:13,9349.31,6659.88
2022-07-24 19:02:12,9376.77,6632.41
2022-07-24 19:02:11,9377.64,6631.55
2022-07-24 19:02:10,9380.58,6628.61
2022-07-24 19:02:09,9405.07,6604.11
2022-07-24 19:02:08,9451.33,6557.86
2022-07-24 19:02:07,9452,6557.19
2022-07-24 19:02:06,9467.23,6541.95
2022-07-24 19:02:05,9532.02,6477.17
2022-07-24 19:02:04,9546.5,6462.69
2022-07-24 19:02:03,9560.38,6448.81
2022-07-24 19:02:02,9598.73,6410.46
2022-07-24 19:02:01,9696.75,6312.43
2022-07-24 19:02:00,9791.18,6218.01
2022-07-24 19:01:59,9967.78,6041.41
2022-07-24 19:01:58,10219.2,5789.96
2022-07-24 19:01:57,10381.8,5627.38
2022-07-24 19:01:56,10494.9,5514.33
2022-07-24 19:01:55,10721.4,5287.81
2022-07-24 19:01:54,10848.1,5161.12
2022-07-24 19:01:53,10952.6,5056.59
2022-07-24 19:01:52,11106.6,4902.61
2022-07-24 19:01:51,11306.7,4702.45
2022-07-24 19:01:50,11643.4,4365.76
2022-07-24 19:01:49,11385.3,4623.86
2022-07-24 19:01:48,11035.4,4973.83
2022-07-24 19:01:47,10642.3,5366.87
2022-07-24 19:01:46,10215.6,5793.59
2022-07-24 19:01:45,10287.1,5722.07
2022-07-24 19:01:44,10331.8,5677.36
2022-07-24 19:01:43,9870.98,6138.2
2022-07-24 19:01:42,9389.18,6620.01
2022-07-24 19:01:41,9406.45,6602.73
2022-07-24 19:01:40,9407.26,6601.93
2022-07-24 19:01:39,9415.43,6593.76
2022-07-24 19:01:38,9430.52,6578.67
2022-07-24 19:01:37,9447.38,6561.81
2022-07-24 19:01:36,9448.79,6560.4
2022-07-24 19:01:35,9456.32,6552.87
2022-07-24 19:01:34,9474.03,6535.16
2022-07-24 19:01:33,9501.41,6507.78
2022-07-24 19:01:32,9501.47,6507.72
2022-07-24 19:01:31,9516.23,6492.96
2022-07-24 19:01:30,9524.45,6484.74
2022-07-24 19:01:29,9561.43,6447.75
2022-07-24 19:01:28,9589.02,6420.17
2022-07-24 19:01:27,9578.98,6430.21
2022-07-24 19:01:26,9606.49,6402.7
2022-07-24 19:01:25,9632.48,6376.7
2022-07-24 19:01:24,9672.32,6336.86
2022-07-24 19:01:23,9673.36,6335.83
2022-07-24 19:01:22,9711.15,6298.04
2022-07-24 19:01:21,9769.79,6239.4
2022-07-24 19:01:20,9760.97,6248.22
2022-07-24 19:01:19,9815.42,6193.77
2022-07-24 19:01:18,9842.64,6166.54
2022-07-24 19:01:17,9853.9,6155.29
2022-07-24 19:01:16,9934.25,6074.94
2022-07-24 19:01:15,9957.87,6051.32
2022-07-24 19:01:14,10135.9,5873.31
2022-07-24 19:01:13,10405.2,5604.02
2022-07-24 19:01:12,10502.6,5506.57
2022-07-24 19:01:11,10808.7,5200.5
2022-07-24 19:01:10,10928.8,5080.42
2022-07-24 19:01:09,11027.1,4982.11
2022-07-24 19:01:08,11224.2,4785
2022-07-24 19:01:07,11383.4,4625.76
2022-07-24 19:01:06,11495.4,4513.79
2022-07-24 19:01:05,11631.1,4378.06
2022-07-24 19:01:04,11911.7,4097.48
2022-07-24 19:01:03,10903.1,5106.14
2022-07-24 19:01:02,11018.6,4990.6
2022-07-24 19:01:01,10077.7,5931.49
2022-07-24 19:01:00,10163,5846.23
2022-07-24 19:00:59,9687.25,6321.94
2022-07-24 19:00:58,9065.43,6943.76
2022-07-24 19:00:57,9073.44,6935.75
2022-07-24 19:00:56,9075.41,6933.77
2022-07-24 19:00:55,9099.69,6909.5
2022-07-24 19:00:54,9101.35,6907.84
2022-07-24 19:00:53,9111.39,6897.8
2022-07-24 19:00:52,9111.68,6897.51
2022-07-24 19:00:51,9129.04,6880.14
2022-07-24 19:00:50,9142.27,6866.92
2022-07-24 19:00:49,9144.72,6864.47
2022-07-24 19:00:48,9159.5,6849.69
2022-07-24 19:00:47,9187.25,6821.93
2022-07-24 19:00:46,9203.25,6805.93
2022-07-24 19:00:45,9203.3,6805.88
2022-07-24 19:00:44,9225.77,6783.42
2022-07-24 19:00:43,9260.61,6748.58
2022-07-24 19:00:42,9262.61,6746.57
2022-07-24 19:00:41,9299.3,6709.89
2022-07-24 19:00:40,9333.64,6675.55
2022-07-24 19:00:39,9320.16,6689.03
2022-07-24 19:00:38,9347.41,6661.78
2022-07-24 19:00:37,9382.18,6627.01
2022-07-24 19:00:36,9391.53,6617.66
2022-07-24 19:00:35,9419.92,6589.27
2022-07-24 19:00:34,9448.92,6560.27
2022-07-24 19:00:33,9475.06,6534.13
2022-07-24 19:00:32,9468.36,6540.82
2022-07-24 19:00:31,9539.97,6469.21
2022-07-24 19:00:30,9639.48,6369.71
2022-07-24 19:00:29,9668.18,6341
2022-07-24 19:00:28,9883.76,6125.43
2022-07-24 19:00:27,10279.8,5729.39
2022-07-24 19:00:26,10763.2,5246
2022-07-24 19:00:25,10907.3,5101.92
2022-07-24 19:00:24,11022.2,4987.03
2022-07-24 19:00:23,11387.3,4621.93
2022-07-24 19:00:22,11506.4,4502.8
2022-07-24 19:00:21,11642.1,4367.07
2022-07-24 19:00:20,11803.3,4205.88
2022-07-24 19:00:19,11956.2,4052.96
2022-07-24 19:00:18,12126.2,3883.02
2022-07-24 19:00:17,10672.5,5336.71
2022-07-24 19:00:16,9581.2,6427.98
2022-07-24 19:00:15,8977.52,7031.67
2022-07-24 19:00:14,8980.05,7029.14
2022-07-24 19:00:13,8980.1,7029.09
2022-07-24 19:00:12,8983.34,7025.84
2022-07-24 19:00:11,8984.6,7024.59
2022-07-24 19:00:10,8985.3,7023.89
2022-07-24 19:00:09,8985.92,7023.27
2022-07-24 19:00:08,8995.39,7013.79
2022-07-24 19:00:07,8994.81,7014.37
2022-07-24 19:00:06,8999.69,7009.5
2022-07-24 19:00:05,8999.16,7010.03
2022-07-24 19:00:04,9001.85,7007.34
2022-07-24 19:00:03,9041.48,6967.71
2022-07-24 19:00:02,9060.47,6948.71
2022-07-24 19:00:01,9062.08,6947.11
2022-07-24 19:00:00,9063.12,6946.07
2022-07-24 18:59:59,9104.31,6904.88
2022-07-24 18:59:58,9126.04,6883.15
2022-07-24 18:59:57,9128.04,6881.15
2022-07-24 18:59:56,9141.31,6867.88
2022-07-24 18:59:55,9161.4,6847.79
2022-07-24 18:59:54,9174.8,6834.38
2022-07-24 18:59:53,9174.93,6834.26
2022-07-24 18:59:52,9212.26,6796.93
2022-07-24 18:59:51,9233.56,6775.62
2022-07-24 18:59:50,9234.35,6774.84
2022-07-24 18:59:49,9254.71,6754.47
2022-07-24 18:59:48,9264.65,6744.54
2022-07-24 18:59:47,9297.69,6711.5
2022-07-24 18:59:46,9368.45,6640.74
2022-07-24 18:59:45,9674.82,6334.37
2022-07-24 18:59:44,9912.2,6096.98
2022-07-24 18:59:43,10252.7,5756.5
2022-07-24 18:59:42,10385.9,5623.24
2022-07-24 18:59:41,10851.3,5157.87
2022-07-24 18:59:40,10983.2,5025.98
2022-07-24 18:59:39,11354.9,4654.24
2022-07-24 18:59:38,11466.1,4543.09
2022-07-24 18:59:37,11638.7,4370.51
2022-07-24 18:59:36,11763.2,4245.99
2022-07-24 18:59:35,11902.7,4106.44
2022-07-24 18:59:34,12102.6,3906.6
2022-07-24 18:59:33,10754.7,5254.46
2022-07-24 18:59:32,10199.9,5809.29
2022-07-24 18:59:31,9707.04,6302.15
2022-07-24 18:59:30,9188.78,6820.4
2022-07-24 18:59:29,9190.94,6818.25
2022-07-24 18:59:28,9193.41,6815.78
2022-07-24 18:59:27,9202.48,6806.71
2022-07-24 18:59:26,9205.23,6803.95
2022-07-24 18:59:25,9206.73,6802.45
2022-07-24 18:59:24,9209.55,6799.63
2022-07-24 18:59:23,9221.39,6787.8
2022-07-24 18:59:22,9224.79,6784.4
2022-07-24 18:59:21,9225.87,6783.32
2022-07-24 18:59:20,9241.36,6767.82
2022-07-24 18:59:19,9254.61,6754.58
2022-07-24 18:59:18,9257.2,6751.99
2022-07-24 18:59:17,9273.73,6735.46
2022-07-24 18:59:16,9300.16,6709.03
2022-07-24 18:59:15,9300.94,6708.25
2022-07-24 18:59:14,9316.63,6692.56
2022-07-24 18:59:13,9351.17,6658.02
2022-07-24 18:59:12,9362.58,6646.61
2022-07-24 18:59:11,9381.19,6627.99
2022-07-24 18:59:10,9403.81,6605.38
2022-07-24 18:59:09,9415.13,6594.06
2022-07-24 18:59:08,9428.2,6580.99
2022-07-24 18:59:07,9441.96,6567.23
2022-07-24 18:59:06,9480.03,6529.16
2022-07-24 18:59:05,9526.84,6482.34
2022-07-24 18:59:04,9505.55,6503.64
2022-07-24 18:59:03,9551.05,6458.14
2022-07-24 18:59:02,9705.68,6303.51
2022-07-24 18:59:01,9760.2,6248.98
2022-07-24 18:59:00,9868.08,6141.11
2022-07-24 18:58:59,10243.1,5766.09
2022-07-24 18:58:58,10852.8,5156.41
2022-07-24 18:58:57,11029.8,4979.38
2022-07-24 18:58:56,11154,4855.21
2022-07-24 18:58:55,11237.8,4771.41
2022-07-24 18:58:54,11470.2,4539.01
2022-07-24 18:58:53,11551.7,4457.45
2022-07-24 18:58:52,11730,4279.18
2022-07-24 18:58:51,11876,4133.18
2022-07-24 18:58:50,12057,3952.17
2022-07-24 18:58:49,12252.9,3756.26
2022-07-24 18:58:48,9781.06,6228.13
2022-07-24 18:58:47,8848.48,7160.7
2022-07-24 18:58:46,8849.29,7159.9
2022-07-24 18:58:45,8849.94,7159.25
2022-07-24 18:58:44,8850.48,7158.71
2022-07-24 18:58:43,8849.74,7159.45
2022-07-24 18:58:42,8849.02,7160.17
2022-07-24 18:58:41,8851.18,7158.01
2022-07-24 18:58:40,8852.92,7156.27
2022-07-24 18:58:39,8853.38,7155.81
2022-07-24 18:58:38,8855.09,7154.1
2022-07-24 18:58:37,8854.55,7154.64
2022-07-24 18:58:36,8860.92,7148.27
2022-07-24 18:58:35,8860.16,7149.03
2022-07-24 18:58:34,8860.56,7148.63
2022-07-24 18:58:33,8870.43,7138.76
2022-07-24 18:58:32,8871.52,7137.67
2022-07-24 18:58:31,8890.52,7118.67
2022-07-24 18:58:30,8891.36,7117.83
2022-07-24 18:58:29,8879.24,7129.95
2022-07-24 18:58:28,8901.47,7107.72
2022-07-24 18:58:27,8921.8,7087.39
2022-07-24 18:58:26,8925.66,7083.53
2022-07-24 18:58:25,8925.78,7083.41
2022-07-24 18:58:24,8964.48,7044.71
2022-07-24 18:58:23,8972.89,7036.3
2022-07-24 18:58:22,8975.78,7033.41
2022-07-24 18:58:21,9000.29,7008.89
2022-07-24 18:58:20,9025.81,6983.37
2022-07-24 18:58:19,8988.25,7020.94
2022-07-24 18:58:18,9092.07,6917.12
2022-07-24 18:58:17,9305,6704.18
2022-07-24 18:58:16,9425.28,6583.91
2022-07-24 18:58:15,9598.14,6411.05
2022-07-24 18:58:14,10179.3,5829.92
2022-07-24 18:58:13,10383.2,5625.97
2022-07-24 18:58:12,10796.6,5212.57
2022-07-24 18:58:11,11203.8,4805.35
2022-07-24 18:58:10,11385.6,4623.55
2022-07-24 18:58:09,11537.6,4471.61
2022-07-24 18:58:08,11636.1,4373.09
2022-07-24 18:58:07,11762.6,4246.58
2022-07-24 18:58:06,11914.4,4094.81
2022-07-24 18:58:05,12088,3921.22
2022-07-24 18:58:04,11237,4772.22
2022-07-24 18:58:03,9576.21,6432.97
2022-07-24 18:58:02,9090.1,6919.09
2022-07-24 18:58:01,9088.97,6920.22
2022-07-24 18:58:00,9091.07,6918.12
2022-07-24 18:57:59,9091.7,6917.49
2022-07-24 18:57:58,9104.98,6904.21
2022-07-24 18:57:57,9118.28,6890.91
2022-07-24 18:57:56,9119.54,6889.64
2022-07-24 18:57:55,9119.05,6890.14
2022-07-24 18:57:54,9136.6,6872.59
2022-07-24 18:57:53,9149.32,6859.86
2022-07-24 18:57:52,9156.91,6852.28
2022-07-24 18:57:51,9161.89,6847.3
2022-07-24 18:57:50,9182.87,6826.32
2022-07-24 18:57:49,9200.94,6808.25
2022-07-24 18:57:48,9203.25,6805.94
2022-07-24 18:57:47,9230.08,6779.11
2022-07-24 18:57:46,9256.45,6752.73
2022-07-24 18:57:45,9273.39,6735.8
2022-07-24 18:57:44,9275.65,6733.54
2022-07-24 18:57:43,9327.7,6681.48
2022-07-24 18:57:42,9341.64,6667.55
2022-07-24 18:57:41,9339.14,6670.05
2022-07-24 18:57:40,9363.72,6645.47
2022-07-24 18:57:39,9409.79,6599.4
2022-07-24 18:57:38,9412.78,6596.41
2022-07-24 18:57:37,9428.38,6580.81
2022-07-24 18:57:36,9464.78,6544.41
2022-07-24 18:57:35,9468.2,6540.98
2022-07-24 18:57:34,9514.19,6495
2022-07-24 18:57:33,9634.6,6374.59
2022-07-24 18:57:32,9803.03,6206.16
2022-07-24 18:57:31,9945.33,6063.86
2022-07-24 18:57:30,10294,5715.16
2022-07-24 18:57:29,10412.8,5596.37
2022-07-24 18:57:28,10731.9,5277.31
2022-07-24 18:57:27,11063.2,4946.03
2022-07-24 18:57:26,11342.5,4666.73
2022-07-24 18:57:25,11528.2,4481.01
2022-07-24 18:57:24,11616.7,4392.52
2022-07-24 18:57:23,11785.9,4223.29
2022-07-24 18:57:22,11908.3,4100.91
2022-07-24 18:57:21,12090.5,3918.68
2022-07-24 18:57:20,11745.8,4263.36
2022-07-24 18:57:19,9597.93,6411.26
2022-07-24 18:57:18,9100.78,6908.41
2022-07-24 18:57:17,9107.52,6901.66
2022-07-24 18:57:16,9110.74,6898.45
2022-07-24 18:57:15,9124.45,6884.73
2022-07-24 18:57:14,9128.3,6880.88
2022-07-24 18:57:13,9129.4,6879.79
2022-07-24 18:57:12,9138.59,6870.59
2022-07-24 18:57:11,9155.46,6853.72
2022-07-24 18:57:10,9165.24,6843.95
2022-07-24 18:57:09,9170.54,6838.65
2022-07-24 18:57:08,9180.39,6828.8
2022-07-24 18:57:07,9205.87,6803.31
2022-07-24 18:57:06,9216.25,6792.94
2022-07-24 18:57:05,9232.52,6776.67
2022-07-24 18:57:04,9233.03,6776.16
2022-07-24 18:57:03,9258.02,6751.17
2022-07-24 18:57:02,9272.71,6736.48
2022-07-24 18:57:01,9288.3,6720.88
2022-07-24 18:57:00,9288.84,6720.35
2022-07-24 18:56:59,9326.36,6682.83
2022-07-24 18:56:58,9327.72,6681.46
2022-07-24 18:56:57,9353.87,6655.32
2022-07-24 18:56:56,9362.16,6647.02
2022-07-24 18:56:55,9384.68,6624.5
2022-07-24 18:56:54,9417.11,6592.07
2022-07-24 18:56:53,9418.36,6590.82
2022-07-24 18:56:52,9443.59,6565.6
2022-07-24 18:56:51,9444.61,6564.58
2022-07-24 18:56:50,9495.29,6513.9
2022-07-24 18:56:49,9577.68,6431.51
2022-07-24 18:56:48,9726.65,6282.53
2022-07-24 18:56:47,10046.8,5962.42
2022-07-24 18:56:46,10245.5,5763.7
2022-07-24 18:56:45,10390.9,5618.34
2022-07-24 18:56:44,10893.9,5115.29
2022-07-24 18:56:43,11110.4,4898.74
2022-07-24 18:56:42,11252.3,4756.9
2022-07-24 18:56:41,11445.5,4563.7
2022-07-24 18:56:40,11592.8,4416.42
2022-07-24 18:56:39,11717.9,4291.25
2022-07-24 18:56:38,11873.4,4135.77
2022-07-24 18:56:37,12048.7,3960.45
2022-07-24 18:56:36,11199.7,4809.45
2022-07-24 18:56:35,10268.4,5740.77
2022-07-24 18:56:34,9803.47,6205.72
2022-07-24 18:56:33,9816.95,6192.23
2022-07-24 18:56:32,9311.28,6697.91
2022-07-24 18:56:31,9309.57,6699.61
2022-07-24 18:56:30,9318.67,6690.52
2022-07-24 18:56:29,9334.71,6674.48
2022-07-24 18:56:28,9335.09,6674.1
2022-07-24 18:56:27,9339.33,6669.86
2022-07-24 18:56:26,9346.68,6662.51
2022-07-24 18:56:25,9358.84,6650.35
2022-07-24 18:56:24,9366.97,6642.21
2022-07-24 18:56:23,9381.21,6627.98
2022-07-24 18:56:22,9382.38,6626.8
2022-07-24 18:56:21,9400.19,6608.99
2022-07-24 18:56:20,9415.14,6594.05
2022-07-24 18:56:19,9430.42,6578.77
2022-07-24 18:56:18,9451.19,6558
2022-07-24 18:56:17,9463.58,6545.61
2022-07-24 18:56:16,9482.75,6526.43
2022-07-24 18:56:15,9489.12,6520.07
2022-07-24 18:56:14,9536.57,6472.62
2022-07-24 18:56:13,9554.06,6455.12
2022-07-24 18:56:12,9590.6,6418.59
2022-07-24 18:56:11,9608.86,6400.33
2022-07-24 18:56:10,9594.69,6414.49
2022-07-24 18:56:09,9647.45,6361.73
2022-07-24 18:56:08,9682.64,6326.54
2022-07-24 18:56:07,9731.82,6277.36
2022-07-24 18:56:06,9785.14,6224.04
2022-07-24 18:56:05,9881.55,6127.64
2022-07-24 18:56:04,10085.1,5924.09
2022-07-24 18:56:03,10291.7,5717.47
2022-07-24 18:56:02,10601.4,5407.82
2022-07-24 18:56:01,10720.9,5288.32
2022-07-24 18:56:00,10905.2,5104
2022-07-24 18:55:59,11132.6,4876.59
2022-07-24 18:55:58,11236.4,4772.81
2022-07-24 18:55:57,11385.4,4623.84
2022-07-24 18:55:56,11525.9,4483.28
2022-07-24 18:55:55,11725.6,4283.57
2022-07-24 18:55:54,11415,4594.2
2022-07-24 18:55:53,11040.3,4968.86
2022-07-24 18:55:52,10644.4,5364.82
2022-07-24 18:55:51,10721.4,5287.76
2022-07-24 18:55:50,10305.2,5704.04
2022-07-24 18:55:49,9846.61,6162.58
2022-07-24 18:55:48,9882.87,6126.32
2022-07-24 18:55:47,9534.55,6474.64
2022-07-24 18:55:46,9270.21,6738.98
2022-07-24 18:55:45,9271.68,6737.51
2022-07-24 18:55:44,9279.87,6729.32
2022-07-24 18:55:43,9296.09,6713.09
2022-07-24 18:55:42,9310.59,6698.59
2022-07-24 18:55:41,9311.69,6697.5
2022-07-24 18:55:40,9319,6690.18
2022-07-24 18:55:39,9342.03,6667.16
2022-07-24 18:55:38,9361.93,6647.25
2022-07-24 18:55:37,9385.51,6623.68
2022-07-24 18:55:36,9406.27,6602.92
2022-07-24 18:55:35,9421.99,6587.2
2022-07-24 18:55:34,9436.79,6572.39
2022-07-24 18:55:33,9478.82,6530.36
2022-07-24 18:55:32,9508.02,6501.16
2022-07-24 18:55:31,9510.64,6498.54
2022-07-24 18:55:30,9562.5,6446.69
2022-07-24 18:55:29,9588.52,6420.67
2022-07-24 18:55:28,9606.34,6402.85
2022-07-24 18:55:27,9611.29,6397.9
2022-07-24 18:55:26,9669.5,6339.68
2022-07-24 18:55:25,9684.6,6324.59
2022-07-24 18:55:24,9691.04,6318.14
2022-07-24 18:55:23,9718.48,6290.71
2022-07-24 18:55:22,9714.95,6294.24
2022-07-24 18:55:21,9751.21,6257.98
2022-07-24 18:55:20,9824.36,6184.82
2022-07-24 18:55:19,9982.98,6026.21
2022-07-24 18:55:18,10109.5,5899.72
2022-07-24 18:55:17,10386.3,5622.9
2022-07-24 18:55:16,10541.8,5467.43
2022-07-24 18:55:15,10780.4,5228.74
2022-07-24 18:55:14,11010.1,4999.05
2022-07-24 18:55:13,11101,4908.19
2022-07-24 18:55:12,11178.2,4831.03
2022-07-24 18:55:11,11399.2,4609.96
2022-07-24 18:55:10,11697.5,4311.64
2022-07-24 18:55:09,11838.1,4171.05
2022-07-24 18:55:08,12032,3977.14
2022-07-24 18:55:07,10672.6,5336.54
2022-07-24 18:55:06,10724.2,5285
2022-07-24 18:55:05,9801.25,6207.94
2022-07-24 18:55:04,9850.48,6158.71
2022-07-24 18:55:03,9873.54,6135.65
2022-07-24 18:55:02,9366.6,6642.59
2022-07-24 18:55:01,9369.94,6639.25
2022-07-24 18:55:00,9377.77,6631.42
2022-07-24 18:54:59,9379.05,6630.13
2022-07-24 18:54:58,9389.56,6619.63
2022-07-24 18:54:57,9394.13,6615.06
2022-07-24 18:54:56,9400.16,6609.03
2022-07-24 18:54:55,9403.2,6605.98
2022-07-24 18:54:54,9416.31,6592.88
2022-07-24 18:54:53,9429.52,6579.67
2022-07-24 18:54:52,9432.07,6577.11
2022-07-24 18:54:51,9450.37,6558.82
2022-07-24 18:54:50,9478.85,6530.34
2022-07-24 18:54:49,9492.68,6516.51
2022-07-24 18:54:48,9497.72,6511.46
2022-07-24 18:54:47,9503.41,6505.78
2022-07-24 18:54:46,9571.02,6438.16
2022-07-24 18:54:45,9572.16,6437.03
2022-07-24 18:54:44,9573.79,6435.4
2022-07-24 18:54:43,9637.93,6371.25
2022-07-24 18:54:42,9688.34,6320.84
2022-07-24 18:54:41,9691.58,6317.61
2022-07-24 18:54:40,9735.55,6273.64
2022-07-24 18:54:39,9807.9,6201.28
2022-07-24 18:54:38,9824.24,6184.94
2022-07-24 18:54:37,9844.54,6164.64
2022-07-24 18:54:36,9922.91,6086.28
2022-07-24 18:54:35,10054,5955.14
2022-07-24 18:54:34,10214.7,5794.44
2022-07-24 18:54:33,10356.6,5652.62
2022-07-24 18:54:32,10663.5,5345.68
2022-07-24 18:54:31,10927.2,5082
2022-07-24 18:54:30,11166.8,4842.42
2022-07-24 18:54:29,11255.7,4753.49
2022-07-24 18:54:28,11345.7,4663.45
2022-07-24 18:54:27,11446.1,4563.13
2022-07-24 18:54:26,11662.2,4347.03
2022-07-24 18:54:25,11856.4,4152.77
2022-07-24 18:54:24,12000.4,4008.81
2022-07-24 18:54:23,11667.8,4341.39
2022-07-24 18:54:22,10236,5773.23
2022-07-24 18:54:21,9767.96,6241.23
2022-07-24 18:54:20,9816.3,6192.88
2022-07-24 18:54:19,9213.81,6795.38
2022-07-24 18:54:18,9214.54,6794.64
2022-07-24 18:54:17,9216.57,6792.62
2022-07-24 18:54:16,9217.34,6791.84
2022-07-24 18:54:15,9235.2,6773.98
2022-07-24 18:54:14,9244.46,6764.73
2022-07-24 18:54:13,9244.27,6764.91
2022-07-24 18:54:12,9246.02,6763.17
2022-07-24 18:54:11,9246.68,6762.51
2022-07-24 18:54:10,9268.67,6740.52
2022-07-24 18:54:09,9282.84,6726.35
2022-07-24 18:54:08,9282.79,6726.4
2022-07-24 18:54:07,9283.94,6725.25
2022-07-24 18:54:06,9315.72,6693.47
2022-07-24 18:54:05,9344,6665.19
2022-07-24 18:54:04,9347.89,6661.3
2022-07-24 18:54:03,9351.45,6657.74
2022-07-24 18:54:02,9396.82,6612.37
2022-07-24 18:54:01,9440.79,6568.39
2022-07-24 18:54:00,9444.14,6565.05
2022-07-24 18:53:59,9475.32,6533.86
2022-07-24 18:53:58,9503.57,6505.62
2022-07-24 18:53:57,9544.47,6464.72
2022-07-24 18:53:56,9574.71,6434.47
2022-07-24 18:53:55,9603.08,6406.11
2022-07-24 18:53:54,9644.94,6364.25
2022-07-24 18:53:53,9684.59,6324.6
2022-07-24 18:53:52,9716.89,6292.29
2022-07-24 18:53:51,9756.52,6252.67
2022-07-24 18:53:50,9864.71,6144.48
2022-07-24 18:53:49,10056.8,5952.43
2022-07-24 18:53:48,10219.4,5789.82
2022-07-24 18:53:47,10430.6,5578.64
2022-07-24 18:53:46,10734.2,5274.94
2022-07-24 18:53:45,10992.5,5016.67
2022-07-24 18:53:44,11251,4758.14
2022-07-24 18:53:43,11430.9,4578.28
2022-07-24 18:53:42,11575.9,4433.33
2022-07-24 18:53:41,11700,4309.16
2022-07-24 18:53:40,11841.1,4168.1
2022-07-24 18:53:39,11484.2,4524.96
2022-07-24 18:53:38,11627.8,4381.35
2022-07-24 18:53:37,11300.2,4708.95
2022-07-24 18:53:36,9899.15,6110.04
2022-07-24 18:53:35,9437.79,6571.4
2022-07-24 18:53:34,9442.33,6566.86
2022-07-24 18:53:33,9449.97,6559.22
2022-07-24 18:53:32,9459.81,6549.38
2022-07-24 18:53:31,9460.18,6549.01
2022-07-24 18:53:30,9467.21,6541.98
2022-07-24 18:53:29,9467.63,6541.55
2022-07-24 18:53:28,9485.15,6524.03
2022-07-24 18:53:27,9493.12,6516.07
2022-07-24 18:53:26,9495.83,6513.36
2022-07-24 18:53:25,9502.97,6506.22
2022-07-24 18:53:24,9523.66,6485.53
2022-07-24 18:53:23,9524.32,6484.87
2022-07-24 18:53:22,9526.9,6482.29
2022-07-24 18:53:21,9543.88,6465.31
2022-07-24 18:53:20,9581.57,6427.61
2022-07-24 18:53:19,9586.15,6423.04
2022-07-24 18:53:18,9637.33,6371.86
2022-07-24 18:53:17,9649.71,6359.48
2022-07-24 18:53:16,9691.91,6317.28
2022-07-24 18:53:15,9701.07,6308.11
2022-07-24 18:53:14,9763.37,6245.82
2022-07-24 18:53:13,9783.13,6226.05
2022-07-24 18:53:12,9811.65,6197.53
2022-07-24 18:53:11,9839.99,6169.19
2022-07-24 18:53:10,9906.75,6102.43
2022-07-24 18:53:09,9925.8,6083.38
2022-07-24 18:53:08,9938.25,6070.94
2022-07-24 18:53:07,10019.9,5989.25
2022-07-24 18:53:06,10103.2,5906.02
2022-07-24 18:53:05,10253.3,5755.93
2022-07-24 18:53:04,10447.5,5561.72
2022-07-24 18:53:03,10568,5441.18
2022-07-24 18:53:02,10773.1,5236.05
2022-07-24 18:53:01,11134.5,4874.69
2022-07-24 18:53:00,11210.2,4798.96
2022-07-24 18:52:59,11308.7,4700.46
2022-07-24 18:52:58,11536.6,4472.58
2022-07-24 18:52:57,11646.8,4362.41
2022-07-24 18:52:56,11824.6,4184.61
2022-07-24 18:52:55,11935.1,4074.12
2022-07-24 18:52:54,11591.2,4418.01
2022-07-24 18:52:53,11216.9,4792.31
2022-07-24 18:52:52,10791.1,5218.07
2022-07-24 18:52:51,9704.04,6305.15
2022-07-24 18:52:50,9238.65,6770.54
2022-07-24 18:52:49,9244.92,6764.27
2022-07-24 18:52:48,9244.14,6765.04
2022-07-24 18:52:47,9246.12,6763.07
2022-07-24 18:52:46,9254.41,6754.78
2022-07-24 18:52:45,9277.71,6731.48
2022-07-24 18:52:44,9284.21,6724.97
2022-07-24 18:52:43,9286.41,6722.78
2022-07-24 18:52:42,9295.61,6713.58
2022-07-24 18:52:41,9331.52,6677.66
2022-07-24 18:52:40,9332.86,6676.33
2022-07-24 18:52:39,9336.65,6672.54
2022-07-24 18:52:38,9356.52,6652.67
2022-07-24 18:52:37,9408.64,6600.55
2022-07-24 18:52:36,9411.94,6597.24
2022-07-24 18:52:35,9417.43,6591.76
2022-07-24 18:52:34,9444.12,6565.07
2022-07-24 18:52:33,9490.64,6518.55
2022-07-24 18:52:32,9494.75,6514.44
2022-07-24 18:52:31,9513.23,6495.96
2022-07-24 18:52:30,9525.83,6483.36
2022-07-24 18:52:29,9562.02,6447.17
2022-07-24 18:52:28,9559.89,6449.29
2022-07-24 18:52:27,9584.18,6425.01
2022-07-24 18:52:26,9607.55,6401.63
2022-07-24 18:52:25,9642.8,6366.39
2022-07-24 18:52:24,9651.27,6357.92
2022-07-24 18:52:23,9674,6335.19
2022-07-24 18:52:22,9735.45,6273.73
2022-07-24 18:52:21,9886.51,6122.68
2022-07-24 18:52:20,10080.1,5929.14
2022-07-24 18:52:19,10193.4,5815.76
2022-07-24 18:52:18,10479.5,5529.71
2022-07-24 18:52:17,10836.5,5172.65
2022-07-24 18:52:16,11079.3,4929.9
2022-07-24 18:52:15,11207.1,4802.09
2022-07-24 18:52:14,11332,4677.16
2022-07-24 18:52:13,11543.8,4465.39
2022-07-24 18:52:12,11677.4,4331.83
2022-07-24 18:52:11,11809.4,4199.76
2022-07-24 18:52:10,11968.6,4040.59
2022-07-24 18:52:09,11628.1,4381.08
2022-07-24 18:52:08,10722.9,5286.32
2022-07-24 18:52:07,10266,5743.2
2022-07-24 18:52:06,9692.95,6316.24
2022-07-24 18:52:05,9698.84,6310.34
2022-07-24 18:52:04,9196.65,6812.54
2022-07-24 18:52:03,9196.91,6812.28
2022-07-24 18:52:02,9200.48,6808.71
2022-07-24 18:52:01,9203.95,6805.24
2022-07-24 18:52:00,9203.17,6806.02
2022-07-24 18:51:59,9207.45,6801.74
2022-07-24 18:51:58,9211.7,6797.49
2022-07-24 18:51:57,9213.7,6795.49
2022-07-24 18:51:56,9211.85,6797.34
2022-07-24 18:51:55,9251.8,6757.39
2022-07-24 18:51:54,9255,6754.19
2022-07-24 18:51:53,9270.15,6739.04
2022-07-24 18:51:52,9270.18,6739.01
2022-07-24 18:51:51,9283.47,6725.72
2022-07-24 18:51:50,9307.81,6701.38
2022-07-24 18:51:49,9334,6675.19
2022-07-24 18:51:48,9352.84,6656.35
2022-07-24 18:51:47,9373.57,6635.62
2022-07-24 18:51:46,9411.37,6597.81
2022-07-24 18:51:45,9459.39,6549.8
2022-07-24 18:51:44,9490.85,6518.33
2022-07-24 18:51:43,9508.62,6500.57
2022-07-24 18:51:42,9538.34,6470.85
2022-07-24 18:51:41,9618.78,6390.41
2022-07-24 18:51:40,9615.84,6393.35
2022-07-24 18:51:39,9617.81,6391.38
2022-07-24 18:51:38,9760.32,6248.87
2022-07-24 18:51:37,9794.92,6214.27
2022-07-24 18:51:36,9936.47,6072.71
2022-07-24 18:51:35,10327.2,5681.96
2022-07-24 18:51:34,10495,5514.21
2022-07-24 18:51:33,10573.2,5435.94
2022-07-24 18:51:32,10875.9,5133.3
2022-07-24 18:51:31,11124.9,4884.27
2022-07-24 18:51:30,11264.1,4745.12
2022-07-24 18:51:29,11481,4528.15
2022-07-24 18:51:28,11669.8,4339.38
2022-07-24 18:51:27,11810.4,4198.8
2022-07-24 18:51:26,11944.7,4064.49
2022-07-24 18:51:25,11601.9,4407.27
2022-07-24 18:51:24,10680.4,5328.78
2022-07-24 18:51:23,10805.8,5203.42
2022-07-24 18:51:22,9736.77,6272.42
2022-07-24 18:51:21,9225.89,6783.3
2022-07-24 18:51:20,9226.48,6782.71
2022-07-24 18:51:19,9240.87,6768.31
2022-07-24 18:51:18,9249.94,6759.25
2022-07-24 18:51:17,9253.24,6755.95
2022-07-24 18:51:16,9254.5,6754.69
2022-07-24 18:51:15,9266.83,6742.36
2022-07-24 18:51:14,9276.81,6732.38
2022-07-24 18:51:13,9290.89,6718.3
2022-07-24 18:51:12,9290.52,6718.67
2022-07-24 18:51:11,9306.48,6702.7
2022-07-24 18:51:10,9320.47,6688.72
2022-07-24 18:51:09,9338.1,6671.09
2022-07-24 18:51:08,9357.34,6651.84
2022-07-24 18:51:07,9374.82,6634.37
2022-07-24 18:51:06,9391.27,6617.91
2022-07-24 18:51:05,9422.88,6586.31
2022-07-24 18:51:04,9461.32,6547.86
2022-07-24 18:51:03,9480.19,6529
2022-07-24 18:51:02,9481.81,6527.38
2022-07-24 18:51:01,9530.01,6479.18
2022-07-24 18:51:00,9570.06,6439.13
2022-07-24 18:50:59,9573.21,6435.98
2022-07-24 18:50:58,9598.77,6410.42
2022-07-24 18:50:57,9659.89,6349.3
2022-07-24 18:50:56,9668.12,6341.07
2022-07-24 18:50:55,9704.88,6304.3
2022-07-24 18:50:54,9767.62,6241.57
2022-07-24 18:50:53,9827,6182.18
2022-07-24 18:50:52,10022.6,5986.63
2022-07-24 18:50:51,10234,5775.14
2022-07-24 18:50:50,10381,5628.15
2022-07-24 18:50:49,10600.1,5409.13
2022-07-24 18:50:48,10765.2,5243.98
2022-07-24 18:50:47,11024.4,4984.75
2022-07-24 18:50:46,11354,4655.16
2022-07-24 18:50:45,11470.6,4538.63
2022-07-24 18:50:44,11658.6,4350.62
2022-07-24 18:50:43,11798.3,4210.84
2022-07-24 18:50:42,11944.2,4064.96
2022-07-24 18:50:41,11546.7,4462.53
2022-07-24 18:50:40,11181.6,4827.63
2022-07-24 18:50:39,10782,5227.22
2022-07-24 18:50:38,10235.2,5774
2022-07-24 18:50:37,9240.86,6768.33
2022-07-24 18:50:36,9246.39,6762.79
2022-07-24 18:50:35,9248.52,6760.67
2022-07-24 18:50:34,9247.59,6761.59
2022-07-24 18:50:33,9249.34,6759.84
2022-07-24 18:50:32,9252.07,6757.12
2022-07-24 18:50:31,9264.92,6744.27
2022-07-24 18:50:30,9265.98,6743.2
2022-07-24 18:50:29,9268.31,6740.88
2022-07-24 18:50:28,9271.31,6737.88
2022-07-24 18:50:27,9301.76,6707.43
2022-07-24 18:50:26,9304.98,6704.21
2022-07-24 18:50:25,9308.01,6701.18
2022-07-24 18:50:24,9309.2,6699.99
2022-07-24 18:50:23,9328.71,6680.47
2022-07-24 18:50:22,9347.83,6661.36
2022-07-24 18:50:21,9354.31,6654.88
2022-07-24 18:50:20,9356.6,6652.59
2022-07-24 18:50:19,9384.96,6624.23
2022-07-24 18:50:18,9414.74,6594.45
2022-07-24 18:50:17,9447.3,6561.89
2022-07-24 18:50:16,9471.35,6537.84
2022-07-24 18:50:15,9499.61,6509.58
2022-07-24 18:50:14,9526.03,6483.16
2022-07-24 18:50:13,9580.48,6428.71
2022-07-24 18:50:12,9560.01,6449.18
2022-07-24 18:50:11,9642.14,6367.04
2022-07-24 18:50:10,9692,6317.19
2022-07-24 18:50:09,9786.06,6223.13
2022-07-24 18:50:08,10005,6004.14
2022-07-24 18:50:07,10219.9,5789.32
2022-07-24 18:50:06,10373.8,5635.38
2022-07-24 18:50:05,10510.9,5498.28
2022-07-24 18:50:04,10600.1,5409.09
2022-07-24 18:50:03,11052.3,4956.92
2022-07-24 18:50:02,11210.3,4798.85
2022-07-24 18:50:01,11369.4,4639.78
2022-07-24 18:50:00,11499,4510.15
2022-07-24 18:49:59,11747.2,4262
2022-07-24 18:49:58,11923.3,4085.93
2022-07-24 18:49:57,11034,4975.17
2022-07-24 18:49:56,11151.7,4857.45
2022-07-24 18:49:55,10769.3,5239.85
2022-07-24 18:49:54,10224.8,5784.4
2022-07-24 18:49:53,9781.12,6228.07
2022-07-24 18:49:52,9792.8,6216.39
2022-07-24 18:49:51,9284.17,6725.02
2022-07-24 18:49:50,9293.92,6715.27
2022-07-24 18:49:49,9301.98,6707.21
2022-07-24 18:49:48,9301.99,6707.2
2022-07-24 18:49:47,9311.35,6697.83
2022-07-24 18:49:46,9325.65,6683.54
2022-07-24 18:49:45,9327.65,6681.54
2022-07-24 18:49:44,9335.62,6673.57
2022-07-24 18:49:43,9346.61,6662.58
2022-07-24 18:49:42,9355.99,6653.2
2022-07-24 18:49:41,9358.47,6650.72
2022-07-24 18:49:40,9358.42,6650.77
2022-07-24 18:49:39,9390.83,6618.36
2022-07-24 18:49:38,9399.35,6609.84
2022-07-24 18:49:37,9400.97,6608.22
2022-07-24 18:49:36,9421.84,6587.35
2022-07-24 18:49:35,9433.98,6575.21
2022-07-24 18:49:34,9460.42,6548.77
2022-07-24 18:49:33,9483.64,6525.55
2022-07-24 18:49:32,9488.89,6520.3
2022-07-24 18:49:31,9534.84,6474.35
2022-07-24 18:49:30,9559.44,6449.75
2022-07-24 18:49:29,9540.67,6468.52
2022-07-24 18:49:28,9579.96,6429.23
2022-07-24 18:49:27,9626.94,6382.25
2022-07-24 18:49:26,9684.11,6325.07
2022-07-24 18:49:25,9755.93,6253.25
2022-07-24 18:49:24,10005.4,6003.76
2022-07-24 18:49:23,10335.8,5673.41
2022-07-24 18:49:22,10462.5,5546.64
2022-07-24 18:49:21,10686.6,5322.63
2022-07-24 18:49:20,10908.8,5100.39
2022-07-24 18:49:19,11006.4,5002.74
2022-07-24 18:49:18,11125.1,4884.04
2022-07-24 18:49:17,11393.1,4616.13
2022-07-24 18:49:16,11547.4,4461.75
2022-07-24 18:49:15,11682.3,4326.84
2022-07-24 18:49:14,11428.6,4580.64
2022-07-24 18:49:13,10411.6,5597.59
2022-07-24 18:49:12,10488.5,5520.66
2022-07-24 18:49:11,10035.4,5973.82
2022-07-24 18:49:10,10100,5909.22
2022-07-24 18:49:09,9536.67,6472.52
2022-07-24 18:49:08,9583.44,6425.75
2022-07-24 18:49:07,9081,6928.19
2022-07-24 18:49:06,9083.11,6926.08
2022-07-24 18:49:05,9084.47,6924.72
2022-07-24 18:49:04,9096.73,6912.45
2022-07-24 18:49:03,9095.97,6913.22
2022-07-24 18:49:02,9098.83,6910.36
2022-07-24 18:49:01,9099.34,6909.84
2022-07-24 18:49:00,9109.88,6899.31
2022-07-24 18:48:59,9121.04,6888.15
2022-07-24 18:48:58,9121.25,6887.94
2022-07-24 18:48:57,9122.05,6887.13
2022-07-24 18:48:56,9124.2,6884.98
2022-07-24 18:48:55,9143.12,6866.06
2022-07-24 18:48:54,9142.27,6866.92
2022-07-24 18:48:53,9152.15,6857.03
2022-07-24 18:48:52,9178.63,6830.56
2022-07-24 18:48:51,9193.99,6815.2
2022-07-24 18:48:50,9196.49,6812.7
2022-07-24 18:48:49,9222.21,6786.97
2022-07-24 18:48:48,9258.75,6750.44
2022-07-24 18:48:47,9283.66,6725.53
2022-07-24 18:48:46,9285.01,6724.18
2022-07-24 18:48:45,9336.98,6672.21
2022-07-24 18:48:44,9371.59,6637.6
2022-07-24 18:48:43,9394.63,6614.55
2022-07-24 18:48:42,9501.64,6507.55
2022-07-24 18:48:41,9580.39,6428.8
2022-07-24 18:48:40,9662.68,6346.5
2022-07-24 18:48:39,9914.28,6094.91
2022-07-24 18:48:38,10329.4,5679.78
2022-07-24 18:48:37,10610.1,5399.09
2022-07-24 18:48:36,10767.8,5241.39
2022-07-24 18:48:35,11112.4,4896.75
2022-07-24 18:48:34,11258.2,4750.99
2022-07-24 18:48:33,11377.8,4631.43
2022-07-24 18:48:32,11461.8,4547.43
2022-07-24 18:48:31,11631.2,4377.97
2022-07-24 18:48:30,11870.5,4138.68
2022-07-24 18:48:29,11570.2,4438.96
2022-07-24 18:48:28,11098.7,4910.5
2022-07-24 18:48:27,10123.9,5885.3
2022-07-24 18:48:26,9660.16,6349.03
2022-07-24 18:48:25,9701.05,6308.14
2022-07-24 18:48:24,9736.5,6272.69
2022-07-24 18:48:23,9586.77,6422.42
2022-07-24 18:48:22,9249.3,6759.89
2022-07-24 18:48:21,9250.36,6758.83
2022-07-24 18:48:20,9255.13,6754.06
2022-07-24 18:48:19,9256.36,6752.82
2022-07-24 18:48:18,9259.62,6749.56
2022-07-24 18:48:17,9261.97,6747.21
2022-07-24 18:48:16,9263.56,6745.63
2022-07-24 18:48:15,9279.44,6729.75
2022-07-24 18:48:14,9280.59,6728.6
2022-07-24 18:48:13,9296.57,6712.62
2022-07-24 18:48:12,9297.89,6711.3
2022-07-24 18:48:11,9302.08,6707.11
2022-07-24 18:48:10,9315.11,6694.08
2022-07-24 18:48:09,9334.46,6674.73
2022-07-24 18:48:08,9345.04,6664.15
2022-07-24 18:48:07,9370.3,6638.88
2022-07-24 18:48:06,9419.14,6590.04
2022-07-24 18:48:05,9413.82,6595.37
2022-07-24 18:48:04,9439.88,6569.3
2022-07-24 18:48:03,9450.86,6558.33
2022-07-24 18:48:02,9545.29,6463.9
2022-07-24 18:48:01,9547.04,6462.14
2022-07-24 18:48:00,9570.56,6438.63
2022-07-24 18:47:59,9625.85,6383.34
2022-07-24 18:47:58,9731.73,6277.46
2022-07-24 18:47:57,9771.79,6237.39
2022-07-24 18:47:56,9960.48,6048.71
2022-07-24 18:47:55,10175.3,5833.88
2022-07-24 18:47:54,10439.9,5569.27
2022-07-24 18:47:53,10655.5,5353.66
2022-07-24 18:47:52,10893.3,5115.93
2022-07-24 18:47:51,11045.4,4963.81
2022-07-24 18:47:50,11242.8,4766.44
2022-07-24 18:47:49,11366.2,4643.03
2022-07-24 18:47:48,11458.5,4550.66
2022-07-24 18:47:47,11712.2,4296.94
2022-07-24 18:47:46,11891.4,4117.77
2022-07-24 18:47:45,11505.5,4503.64
2022-07-24 18:47:44,11658.8,4350.37
2022-07-24 18:47:43,10112.6,5896.56
2022-07-24 18:47:42,9663.58,6345.61
2022-07-24 18:47:41,9717.1,6292.09
2022-07-24 18:47:40,9591.56,6417.63
2022-07-24 18:47:39,9104.56,6904.63
2022-07-24 18:47:38,9107.48,6901.7
2022-07-24 18:47:37,9108.98,6900.2
2022-07-24 18:47:36,9109.68,6899.5
2022-07-24 18:47:35,9120.48,6888.71
2022-07-24 18:47:34,9127.48,6881.7
2022-07-24 18:47:33,9129.13,6880.06
2022-07-24 18:47:32,9131.94,6877.25
2022-07-24 18:47:31,9137.81,6871.38
2022-07-24 18:47:30,9152.99,6856.2
2022-07-24 18:47:29,9157.22,6851.96
2022-07-24 18:47:28,9157,6852.19
2022-07-24 18:47:27,9164.1,6845.09
2022-07-24 18:47:26,9184.29,6824.9
2022-07-24 18:47:25,9186.84,6822.35
2022-07-24 18:47:24,9208.89,6800.3
2022-07-24 18:47:23,9236.25,6772.94
2022-07-24 18:47:22,9237.06,6772.13
2022-07-24 18:47:21,9238.17,6771.02
2022-07-24 18:47:20,9281.53,6727.65
2022-07-24 18:47:19,9315.25,6693.94
2022-07-24 18:47:18,9316.02,6693.17
2022-07-24 18:47:17,9333.15,6676.04
2022-07-24 18:47:16,9416.1,6593.09
2022-07-24 18:47:15,9397.11,6612.08
2022-07-24 18:47:14,9417.69,6591.5
2022-07-24 18:47:13,9471.37,6537.82
2022-07-24 18:47:12,9620.3,6388.88
2022-07-24 18:47:11,9801.78,6207.4
2022-07-24 18:47:10,9907.28,6101.91
2022-07-24 18:47:09,10252.8,5756.37
2022-07-24 18:47:08,10623.2,5385.97
2022-07-24 18:47:07,10884.7,5124.44
2022-07-24 18:47:06,11020.9,4988.26
2022-07-24 18:47:05,11121.9,4887.26
2022-07-24 18:47:04,11498.1,4511.07
2022-07-24 18:47:03,11635,4374.15
2022-07-24 18:47:02,11803.2,4206.02
2022-07-24 18:47:01,11970.3,4038.86
2022-07-24 18:47:00,11522.9,4486.33
2022-07-24 18:46:59,11174,4835.23
2022-07-24 18:46:58,9629.47,6379.71
2022-07-24 18:46:57,9635.32,6373.87
2022-07-24 18:46:56,9145.32,6863.87
2022-07-24 18:46:55,9146.56,6862.63
2022-07-24 18:46:54,9156.62,6852.57
2022-07-24 18:46:53,9157.38,6851.81
2022-07-24 18:46:52,9160.68,6848.51
2022-07-24 18:46:51,9171.86,6837.32
2022-07-24 18:46:50,9183.32,6825.87
2022-07-24 18:46:49,9186.11,6823.08
2022-07-24 18:46:48,9188,6821.18
2022-07-24 18:46:47,9197.74,6811.45
2022-07-24 18:46:46,9211.81,6797.38
2022-07-24 18:46:45,9213.28,6795.91
2022-07-24 18:46:44,9217.18,6792.01
2022-07-24 18:46:43,9228.4,6780.79
2022-07-24 18:46:42,9242.51,6766.68
2022-07-24 18:46:41,9243.52,6765.66
2022-07-24 18:46:40,9244.83,6764.36
2022-07-24 18:46:39,9280.25,6728.94
2022-07-24 18:46:38,9291.03,6718.16
2022-07-24 18:46:37,9308.86,6700.33
2022-07-24 18:46:36,9308.09,6701.1
2022-07-24 18:46:35,9357.62,6651.56
2022-07-24 18:46:34,9361.7,6647.48
2022-07-24 18:46:33,9387.4,6621.79
2022-07-24 18:46:32,9428.93,6580.26
2022-07-24 18:46:31,9436.83,6572.36
2022-07-24 18:46:30,9449.84,6559.35
2022-07-24 18:46:29,9568.58,6440.61
2022-07-24 18:46:28,9693.48,6315.71
2022-07-24 18:46:27,9881.19,6128
2022-07-24 18:46:26,9987.36,6021.83
2022-07-24 18:46:25,10420.8,5588.34
2022-07-24 18:46:24,10794.4,5214.8
2022-07-24 18:46:23,10940.5,5068.69
2022-07-24 18:46:22,11057.2,4951.97
2022-07-24 18:46:21,11302.7,4706.53
2022-07-24 18:46:20,11548.4,4460.79
2022-07-24 18:46:19,11713.5,4295.71
2022-07-24 18:46:18,11843.1,4166.07
2022-07-24 18:46:17,12001.3,4007.86
2022-07-24 18:46:16,11633.8,4375.4
2022-07-24 18:46:15,10635,5374.16
2022-07-24 18:46:14,10196.1,5813.05
2022-07-24 18:46:13,9707.08,6302.11
2022-07-24 18:46:12,9219.57,6789.62
2022-07-24 18:46:11,9224.41,6784.77
2022-07-24 18:46:10,9231.78,6777.41
2022-07-24 18:46:09,9233.38,6775.81
2022-07-24 18:46:08,9243.46,6765.73
2022-07-24 18:46:07,9248.91,6760.27
2022-07-24 18:46:06,9250.14,6759.05
2022-07-24 18:46:05,9257.48,6751.71
2022-07-24 18:46:04,9258.34,6750.85
2022-07-24 18:46:03,9280.62,6728.57
2022-07-24 18:46:02,9282.8,6726.39
2022-07-24 18:46:01,9297.03,6712.16
2022-07-24 18:46:00,9307.23,6701.96
2022-07-24 18:45:59,9317.58,6691.61
2022-07-24 18:45:58,9334.33,6674.86
2022-07-24 18:45:57,9350.04,6659.15
2022-07-24 18:45:56,9373.69,6635.5
2022-07-24 18:45:55,9373.36,6635.82
2022-07-24 18:45:54,9409.72,6599.46
2022-07-24 18:45:53,9413.76,6595.43
2022-07-24 18:45:52,9418.82,6590.36
2022-07-24 18:45:51,9420.19,6589
2022-07-24 18:45:50,9457.04,6552.15
2022-07-24 18:45:49,9461.19,6548
2022-07-24 18:45:48,9497.5,6511.68
2022-07-24 18:45:47,9506.03,6503.16
2022-07-24 18:45:46,9542.05,6467.14
2022-07-24 18:45:45,9617.37,6391.82
2022-07-24 18:45:44,9710.51,6298.68
2022-07-24 18:45:43,9786.77,6222.41
2022-07-24 18:45:42,9991.36,6017.82
2022-07-24 18:45:41,10513,5496.16
2022-07-24 18:45:40,10685.4,5323.76
2022-07-24 18:45:39,10906.7,5102.46
2022-07-24 18:45:38,11095.9,4913.32
2022-07-24 18:45:37,11246.8,4762.37
2022-07-24 18:45:36,11463.9,4545.26
2022-07-24 18:45:35,11583.4,4425.8
2022-07-24 18:45:34,11749.4,4259.77
2022-07-24 18:45:33,11926.9,4082.28
2022-07-24 18:45:32,12102.5,3906.73
2022-07-24 18:45:31,10618.2,5391.03
2022-07-24 18:45:30,10702.9,5306.3
2022-07-24 18:45:29,9540.86,6468.33
2022-07-24 18:45:28,9544.73,6464.45
2022-07-24 18:45:27,9022.95,6986.24
2022-07-24 18:45:26,9024.2,6984.99
2022-07-24 18:45:25,9031.48,6977.71
2022-07-24 18:45:24,9032.19,6977
2022-07-24 18:45:23,9034.14,6975.04
2022-07-24 18:45:22,9046.14,6963.05
2022-07-24 18:45:21,9054.77,6954.41
2022-07-24 18:45:20,9055.66,6953.52
2022-07-24 18:45:19,9055.81,6953.38
2022-07-24 18:45:18,9066.52,6942.66
2022-07-24 18:45:17,9092.58,6916.61
2022-07-24 18:45:16,9094.7,6914.48
2022-07-24 18:45:15,9095.76,6913.43
2022-07-24 18:45:14,9122.09,6887.09
2022-07-24 18:45:13,9135.65,6873.54
2022-07-24 18:45:12,9136.96,6872.23
2022-07-24 18:45:11,9138.22,6870.97
2022-07-24 18:45:10,9177.67,6831.52
2022-07-24 18:45:09,9182.81,6826.37
2022-07-24 18:45:08,9182.25,6826.93
2022-07-24 18:45:07,9217.11,6792.07
2022-07-24 18:45:06,9233.72,6775.47
2022-07-24 18:45:05,9221.12,6788.07
2022-07-24 18:45:04,9227.46,6781.73
2022-07-24 18:45:03,9244.79,6764.4
2022-07-24 18:45:02,9265.69,6743.5
2022-07-24 18:45:01,9379.37,6629.82
2022-07-24 18:45:00,9396.29,6612.9
2022-07-24 18:44:59,9622.64,6386.54
2022-07-24 18:44:58,9847.01,6162.18
2022-07-24 18:44:57,10203.1,5806.05
2022-07-24 18:44:56,10336.8,5672.43
2022-07-24 18:44:55,10690,5319.21
2022-07-24 18:44:54,10777.4,5231.8
2022-07-24 18:44:53,10987.7,5021.53
2022-07-24 18:44:52,11339.7,4669.5
2022-07-24 18:44:51,11475.4,4533.77
2022-07-24 18:44:50,11657.4,4351.82
2022-07-24 18:44:49,11912.9,4096.32
2022-07-24 18:44:48,11013.7,4995.5
2022-07-24 18:44:47,10620,5389.2
2022-07-24 18:44:46,10709.6,5299.62
2022-07-24 18:44:45,10270.5,5738.66
2022-07-24 18:44:44,9797.96,6211.22
2022-07-24 18:44:43,9832.88,6176.31
2022-07-24 18:44:42,9313.81,6695.38
2022-07-24 18:44:41,9314.92,6694.27
2022-07-24 18:44:40,9326.12,6683.07
2022-07-24 18:44:39,9330.54,6678.65
2022-07-24 18:44:38,9343.63,6665.56
2022-07-24 18:44:37,9343.68,6665.5
2022-07-24 18:44:36,9367.25,6641.94
2022-07-24 18:44:35,9377.46,6631.73
2022-07-24 18:44:34,9395.31,6613.88
2022-07-24 18:44:33,9396.49,6612.7
2022-07-24 18:44:32,9428.2,6580.99
2022-07-24 18:44:31,9431.24,6577.95
2022-07-24 18:44:30,9469.89,6539.29
2022-07-24 18:44:29,9469.96,6539.23
2022-07-24 18:44:28,9508.95,6500.23
2022-07-24 18:44:27,9533.12,6476.07
2022-07-24 18:44:26,9564.32,6444.87
2022-07-24 18:44:25,9564.66,6444.52
2022-07-24 18:44:24,9622.14,6387.05
2022-07-24 18:44:23,9652.46,6356.73
2022-07-24 18:44:22,9686.72,6322.47
2022-07-24 18:44:21,9725.55,6283.64
2022-07-24 18:44:20,9747.03,6262.16
2022-07-24 18:44:19,9814.92,6194.27
2022-07-24 18:44:18,9878.72,6130.47
2022-07-24 18:44:17,9931.77,6077.41
2022-07-24 18:44:16,10090.6,5918.62
2022-07-24 18:44:15,10201.6,5807.54
2022-07-24 18:44:14,10238.1,5771.11
2022-07-24 18:44:13,10383,5626.2
2022-07-24 18:44:12,10677.1,5332.14
2022-07-24 18:44:11,10907.6,5101.62
2022-07-24 18:44:10,11045.9,4963.25
2022-07-24 18:44:09,11248,4761.16
2022-07-24 18:44:08,11389.9,4619.25
2022-07-24 18:44:07,11500,4509.14
2022-07-24 18:44:06,11088.7,4920.54
2022-07-24 18:44:05,11282.4,4726.74
2022-07-24 18:44:04,11482.9,4526.32
2022-07-24 18:44:03,11635.3,4373.85
2022-07-24 18:44:02,10066.9,5942.3
2022-07-24 18:44:01,10103,5906.15
2022-07-24 18:44:00,9698.99,6310.2
2022-07-24 18:43:59,9749.06,6260.13
2022-07-24 18:43:58,9758.47,6250.71
2022-07-24 18:43:57,9253.76,6755.43
2022-07-24 18:43:56,9262.19,6747
2022-07-24 18:43:55,9263.04,6746.14
2022-07-24 18:43:54,9269.97,6739.21
2022-07-24 18:43:53,9282.82,6726.37
2022-07-24 18:43:52,9284.35,6724.84
2022-07-24 18:43:51,9292.69,6716.5
2022-07-24 18:43:50,9299.25,6709.93
2022-07-24 18:43:49,9301.52,6707.66
2022-07-24 18:43:48,9319.8,6689.38
2022-07-24 18:43:47,9333.82,6675.37
2022-07-24 18:43:46,9347.03,6662.16
2022-07-24 18:43:45,9348.5,6660.69
2022-07-24 18:43:44,9389.34,6619.85
2022-07-24 18:43:43,9390.97,6618.22
2022-07-24 18:43:42,9416.68,6592.51
2022-07-24 18:43:41,9424.76,6584.43
2022-07-24 18:43:40,9458.53,6550.66
2022-07-24 18:43:39,9461.59,6547.59
2022-07-24 18:43:38,9498.69,6510.5
2022-07-24 18:43:37,9530.83,6478.36
2022-07-24 18:43:36,9555.97,6453.22
2022-07-24 18:43:35,9580.91,6428.28
2022-07-24 18:43:34,9627.21,6381.98
2022-07-24 18:43:33,9691.16,6318.03
2022-07-24 18:43:32,9742.49,6266.7
2022-07-24 18:43:31,9898.2,6110.99
2022-07-24 18:43:30,10061.5,5947.69
2022-07-24 18:43:29,10255,5754.15
2022-07-24 18:43:28,10419.1,5590.07
2022-07-24 18:43:27,10740.9,5268.3
2022-07-24 18:43:26,10899.1,5110.12
2022-07-24 18:43:25,11131,4878.16
2022-07-24 18:43:24,11309.2,4699.97
2022-07-24 18:43:23,11426.3,4582.93
2022-07-24 18:43:22,11561.2,4447.99
2022-07-24 18:43:21,11686.4,4322.79
2022-07-24 18:43:20,11438.8,4570.44
2022-07-24 18:43:19,10896,5113.16
2022-07-24 18:43:18,10662.3,5346.92
2022-07-24 18:43:17,10238.4,5770.83
2022-07-24 18:43:16,9773.55,6235.64
2022-07-24 18:43:15,9819.39,6189.8
2022-07-24 18:43:14,9864.32,6144.87
2022-07-24 18:43:13,9375.66,6633.53
2022-07-24 18:43:12,9384.66,6624.53
2022-07-24 18:43:11,9392.39,6616.8
2022-07-24 18:43:10,9396.23,6612.96
2022-07-24 18:43:09,9398.39,6610.79
2022-07-24 18:43:08,9414.27,6594.92
2022-07-24 18:43:07,9434.66,6574.53
2022-07-24 18:43:06,9438.54,6570.64
2022-07-24 18:43:05,9453.33,6555.86
2022-07-24 18:43:04,9477.67,6531.52
2022-07-24 18:43:03,9492.51,6516.68
2022-07-24 18:43:02,9504.74,6504.45
2022-07-24 18:43:01,9532.82,6476.36
2022-07-24 18:43:00,9540.17,6469.02
2022-07-24 18:42:59,9579.09,6430.09
2022-07-24 18:42:58,9596.69,6412.5
2022-07-24 18:42:57,9635.41,6373.78
2022-07-24 18:42:56,9652.48,6356.71
2022-07-24 18:42:55,9694.02,6315.17
2022-07-24 18:42:54,9716.09,6293.1
2022-07-24 18:42:53,9759.1,6250.09
2022-07-24 18:42:52,9778.09,6231.1
2022-07-24 18:42:51,9825.45,6183.74
2022-07-24 18:42:50,9838.75,6170.44
2022-07-24 18:42:49,9915.57,6093.62
2022-07-24 18:42:48,9952.78,6056.41
2022-07-24 18:42:47,10158.7,5850.47
2022-07-24 18:42:46,10248.4,5760.77
2022-07-24 18:42:45,10368.8,5640.36
2022-07-24 18:42:44,10647.1,5362.08
2022-07-24 18:42:43,10807.7,5201.45
2022-07-24 18:42:42,11116.9,4892.24
2022-07-24 18:42:41,11255,4754.14
2022-07-24 18:42:40,11345.5,4663.66
2022-07-24 18:42:39,11429.5,4579.69
2022-07-24 18:42:38,11596.4,4412.79
2022-07-24 18:42:37,11433.7,4575.44
2022-07-24 18:42:36,11354.4,4654.75
2022-07-24 18:42:35,11111.2,4898.02
2022-07-24 18:42:34,10543.5,5465.67
2022-07-24 18:42:33,9609.17,6400.02
2022-07-24 18:42:32,9633.27,6375.92
2022-07-24 18:42:31,9676.83,6332.36
2022-07-24 18:42:30,9730.97,6278.22
2022-07-24 18:42:29,9762.34,6246.85
2022-07-24 18:42:28,9249.55,6759.64
2022-07-24 18:42:27,9258.19,6750.99
2022-07-24 18:42:26,9266.03,6743.16
2022-07-24 18:42:25,9279.86,6729.33
2022-07-24 18:42:24,9283.57,6725.61
2022-07-24 18:42:23,9291.57,6717.61
2022-07-24 18:42:22,9311.47,6697.72
2022-07-24 18:42:21,9337.38,6671.81
2022-07-24 18:42:20,9339.06,6670.12
2022-07-24 18:42:19,9353.45,6655.73
2022-07-24 18:42:18,9366.7,6642.49
2022-07-24 18:42:17,9386.31,6622.88
2022-07-24 18:42:16,9394.86,6614.33
2022-07-24 18:42:15,9419.4,6589.78
2022-07-24 18:42:14,9433.59,6575.6
2022-07-24 18:42:13,9470.23,6538.96
2022-07-24 18:42:12,9486.9,6522.29
2022-07-24 18:42:11,9493.24,6515.95
2022-07-24 18:42:10,9530.94,6478.25
2022-07-24 18:42:09,9559.68,6449.51
2022-07-24 18:42:08,9577.22,6431.97
2022-07-24 18:42:07,9611.49,6397.7
2022-07-24 18:42:06,9652.04,6357.15
2022-07-24 18:42:05,9666.45,6342.73
2022-07-24 18:42:04,9693.7,6315.49
2022-07-24 18:42:03,9784.18,6225.01
2022-07-24 18:42:02,9967.14,6042.05
2022-07-24 18:42:01,10110.3,5898.84
2022-07-24 18:42:00,10328.4,5680.78
2022-07-24 18:41:59,10660.2,5348.98
2022-07-24 18:41:58,10911.7,5097.46
2022-07-24 18:41:57,11148.1,4861.12
2022-07-24 18:41:56,11264,4745.18
2022-07-24 18:41:55,11381.5,4627.64
2022-07-24 18:41:54,11551.8,4457.36
2022-07-24 18:41:53,11780,4229.17
2022-07-24 18:41:52,11940.2,4069.02
2022-07-24 18:41:51,12102.3,3906.93
2022-07-24 18:41:50,11231.1,4778.11
2022-07-24 18:41:49,10152.4,5856.77
2022-07-24 18:41:48,9706.33,6302.86
2022-07-24 18:41:47,9722.91,6286.27
2022-07-24 18:41:46,9213.51,6795.68
2022-07-24 18:41:45,9232.14,6777.05
2022-07-24 18:41:44,9234.27,6774.91
2022-07-24 18:41:43,9235.52,6773.66
2022-07-24 18:41:42,9236.47,6772.72
2022-07-24 18:41:41,9265.5,6743.69
2022-07-24 18:41:40,9266.6,6742.59
2022-07-24 18:41:39,9270.22,6738.97
2022-07-24 18:41:38,9271.86,6737.33
2022-07-24 18:41:37,9287.31,6721.87
2022-07-24 18:41:36,9302.79,6706.39
2022-07-24 18:41:35,9305.06,6704.13
2022-07-24 18:41:34,9308.05,6701.14
2022-07-24 18:41:33,9320.35,6688.84
2022-07-24 18:41:32,9370.9,6638.28
2022-07-24 18:41:31,9370.84,6638.35
2022-07-24 18:41:30,9407.23,6601.96
2022-07-24 18:41:29,9419.41,6589.78
2022-07-24 18:41:28,9461.72,6547.47
2022-07-24 18:41:27,9461.68,6547.51
2022-07-24 18:41:26,9502.51,6506.68
2022-07-24 18:41:25,9558.39,6450.8
2022-07-24 18:41:24,9560.14,6449.05
2022-07-24 18:41:23,9580.74,6428.45
2022-07-24 18:41:22,9650.78,6358.41
2022-07-24 18:41:21,9658.59,6350.6
2022-07-24 18:41:20,9681.2,6327.99
2022-07-24 18:41:19,9771.62,6237.57
2022-07-24 18:41:18,9924.75,6084.43
2022-07-24 18:41:17,10086.7,5922.5
2022-07-24 18:41:16,10283,5726.2
2022-07-24 18:41:15,10614.8,5394.41
2022-07-24 18:41:14,10973.5,5035.69
2022-07-24 18:41:13,11127.6,4881.58
2022-07-24 18:41:12,11230.7,4778.53
2022-07-24 18:41:11,11353.7,4655.53
2022-07-24 18:41:10,11588.1,4421.07
2022-07-24 18:41:09,11747.3,4261.92
2022-07-24 18:41:08,11887.1,4122.12
2022-07-24 18:41:07,12046.2,3962.95
2022-07-24 18:41:06,11694.3,4314.88
2022-07-24 18:41:05,10146,5863.22
2022-07-24 18:41:04,9579.16,6430.03
2022-07-24 18:41:03,9582.32,6426.87
2022-07-24 18:41:02,8960.18,7049.01
2022-07-24 18:41:01,8959.86,7049.33
2022-07-24 18:41:00,8960.46,7048.72
2022-07-24 18:40:59,8961.15,7048.04
2022-07-24 18:40:58,8962.81,7046.37
2022-07-24 18:40:57,8961.55,7047.63
2022-07-24 18:40:56,8962.13,7047.06
2022-07-24 18:40:55,8964.49,7044.7
2022-07-24 18:40:54,8964.09,7045.09
2022-07-24 18:40:53,8964.67,7044.52
2022-07-24 18:40:52,8966.87,7042.32
2022-07-24 18:40:51,8966.25,7042.93
2022-07-24 18:40:50,8984.45,7024.74
2022-07-24 18:40:49,8984.82,7024.36
2022-07-24 18:40:48,8984.28,7024.9
2022-07-24 18:40:47,8984.44,7024.75
2022-07-24 18:40:46,9007.89,7001.3
2022-07-24 18:40:45,9009.21,6999.98
2022-07-24 18:40:44,9012.67,6996.52
2022-07-24 18:40:43,9019.73,6989.46
2022-07-24 18:40:42,9061.99,6947.2
2022-07-24 18:40:41,9062.26,6946.93
2022-07-24 18:40:40,9064.19,6945
2022-07-24 18:40:39,9100.5,6908.69
2022-07-24 18:40:38,9135.58,6873.6
2022-07-24 18:40:37,9128.66,6880.52
2022-07-24 18:40:36,9118.59,6890.6
2022-07-24 18:40:35,9325.11,6684.07
2022-07-24 18:40:34,9448.21,6560.98
2022-07-24 18:40:33,9607.7,6401.49
2022-07-24 18:40:32,10073.8,5935.42
2022-07-24 18:40:31,10231.9,5777.27
2022-07-24 18:40:30,10684.1,5325.13
2022-07-24 18:40:29,10859.1,5150.07
2022-07-24 18:40:28,11043.4,4965.75
2022-07-24 18:40:27,11133.8,4875.43
2022-07-24 18:40:26,11473.8,4535.41
2022-07-24 18:40:25,11634.8,4374.37
2022-07-24 18:40:24,11804.9,4204.31
2022-07-24 18:40:23,12014.6,3994.59
2022-07-24 18:40:22,12188.7,3820.48
2022-07-24 18:40:21,10786,5223.18
2022-07-24 18:40:20,9588.01,6421.18
2022-07-24 18:40:19,9612.67,6396.52
2022-07-24 18:40:18,8995.49,7013.7
2022-07-24 18:40:17,8999.42,7009.77
2022-07-24 18:40:16,8998.59,7010.6
2022-07-24 18:40:15,8999.27,7009.92
2022-07-24 18:40:14,9000.22,7008.97
2022-07-24 18:40:13,9021.15,6988.04
2022-07-24 18:40:12,9022.48,6986.71
2022-07-24 18:40:11,9025.5,6983.69
2022-07-24 18:40:10,9024.36,6984.83
2022-07-24 18:40:09,9033.78,6975.41
2022-07-24 18:40:08,9046.27,6962.92
2022-07-24 18:40:07,9045.87,6963.32
2022-07-24 18:40:06,9049.73,6959.46
2022-07-24 18:40:05,9062.68,6946.51
2022-07-24 18:40:04,9079.66,6929.53
2022-07-24 18:40:03,9082.04,6927.14
2022-07-24 18:40:02,9113.86,6895.33
2022-07-24 18:40:01,9128.88,6880.31
2022-07-24 18:40:00,9129.73,6879.46
2022-07-24 18:39:59,9142.55,6866.64
2022-07-24 18:39:58,9172.14,6837.05
2022-07-24 18:39:57,9184.75,6824.43
2022-07-24 18:39:56,9198.14,6811.05
2022-07-24 18:39:55,9226.23,6782.96
2022-07-24 18:39:54,9243.89,6765.29
2022-07-24 18:39:53,9244.71,6764.47
2022-07-24 18:39:52,9257.52,6751.67
2022-07-24 18:39:51,9326.55,6682.63
2022-07-24 18:39:50,9462.95,6546.23
2022-07-24 18:39:49,9667.12,6342.06
2022-07-24 18:39:48,9929.23,6079.96
2022-07-24 18:39:47,10197.4,5811.81
2022-07-24 18:39:46,10519.8,5489.41
2022-07-24 18:39:45,10763.7,5245.45
2022-07-24 18:39:44,11236.7,4772.52
2022-07-24 18:39:43,11395.1,4614.12
2022-07-24 18:39:42,11556.1,4453.12
2022-07-24 18:39:41,11694.7,4314.44
2022-07-24 18:39:40,11808,4201.18
2022-07-24 18:39:39,11946.6,4062.61
2022-07-24 18:39:38,11627.7,4381.49
2022-07-24 18:39:37,10751.8,5257.43
2022-07-24 18:39:36,10223.6,5785.62
2022-07-24 18:39:35,9106.79,6902.4
2022-07-24 18:39:34,9106.46,6902.72
2022-07-24 18:39:33,9107.56,6901.62
2022-07-24 18:39:32,9112.18,6897.01
2022-07-24 18:39:31,9122.27,6886.92
2022-07-24 18:39:30,9132.65,6876.54
2022-07-24 18:39:29,9133.51,6875.68
2022-07-24 18:39:28,9135.37,6873.82
2022-07-24 18:39:27,9158.53,6850.65
2022-07-24 18:39:26,9167.68,6841.51
2022-07-24 18:39:25,9169.68,6839.51
2022-07-24 18:39:24,9171.96,6837.22
2022-07-24 18:39:23,9183.27,6825.92
2022-07-24 18:39:22,9216.95,6792.24
2022-07-24 18:39:21,9217.41,6791.77
2022-07-24 18:39:20,9234.24,6774.95
2022-07-24 18:39:19,9235.47,6773.71
2022-07-24 18:39:18,9286.34,6722.85
2022-07-24 18:39:17,9299.87,6709.32
2022-07-24 18:39:16,9300.92,6708.27
2022-07-24 18:39:15,9338.86,6670.32
2022-07-24 18:39:14,9360.58,6648.61
2022-07-24 18:39:13,9373.57,6635.62
2022-07-24 18:39:12,9391.95,6617.24
2022-07-24 18:39:11,9411.77,6597.42
2022-07-24 18:39:10,9463.66,6545.53
2022-07-24 18:39:09,9460.13,6549.06
2022-07-24 18:39:08,9472.08,6537.11
2022-07-24 18:39:07,9534.73,6474.46
2022-07-24 18:39:06,9627.07,6382.12
2022-07-24 18:39:05,9723.1,6286.09
2022-07-24 18:39:04,9996.48,6012.7
2022-07-24 18:39:03,10175.9,5833.28
2022-07-24 18:39:02,10410,5599.14
2022-07-24 18:39:01,10859.7,5149.5
2022-07-24 18:39:00,10969.2,5039.98
2022-07-24 18:38:59,11327.5,4681.68
2022-07-24 18:38:58,11471.1,4538.05
2022-07-24 18:38:57,11632.3,4376.93
2022-07-24 18:38:56,11780.5,4228.65
2022-07-24 18:38:55,11927.6,4081.63
2022-07-24 18:38:54,12112.7,3896.47
2022-07-24 18:38:53,11208.8,4800.42
2022-07-24 18:38:52,9746.82,6262.36
2022-07-24 18:38:51,9091.02,6918.17
2022-07-24 18:38:50,9094.69,6914.5
2022-07-24 18:38:49,9099.29,6909.9
2022-07-24 18:38:48,9097.92,6911.27
2022-07-24 18:38:47,9097.51,6911.68
2022-07-24 18:38:46,9102.49,6906.7
2022-07-24 18:38:45,9105.2,6903.98
2022-07-24 18:38:44,9105.72,6903.47
2022-07-24 18:38:43,9107.44,6901.75
2022-07-24 18:38:42,9121.29,6887.9
2022-07-24 18:38:41,9120.04,6889.14
2022-07-24 18:38:40,9121.71,6887.48
2022-07-24 18:38:39,9122.79,6886.4
2022-07-24 18:38:38,9140.08,6869.11
2022-07-24 18:38:37,9145.87,6863.32
2022-07-24 18:38:36,9166.24,6842.95
2022-07-24 18:38:35,9167.41,6841.78
2022-07-24 18:38:34,9188.33,6820.86
2022-07-24 18:38:33,9188.78,6820.4
2022-07-24 18:38:32,9216.89,6792.3
2022-07-24 18:38:31,9215.95,6793.24
2022-07-24 18:38:30,9235.22,6773.97
2022-07-24 18:38:29,9279.61,6729.58
2022-07-24 18:38:28,9281.81,6727.38
2022-07-24 18:38:27,9296.65,6712.53
2022-07-24 18:38:26,9340.55,6668.64
2022-07-24 18:38:25,9367.89,6641.29
2022-07-24 18:38:24,9347.49,6661.7
2022-07-24 18:38:23,9395,6614.19
2022-07-24 18:38:22,9583.34,6425.84
2022-07-24 18:38:21,9652.59,6356.59
2022-07-24 18:38:20,9848.46,6160.73
2022-07-24 18:38:19,10106.3,5902.89
2022-07-24 18:38:18,10760.9,5248.28
2022-07-24 18:38:17,10932.3,5076.84
2022-07-24 18:38:16,11112,4897.23
2022-07-24 18:38:15,11371.5,4637.71
2022-07-24 18:38:14,11474.5,4534.73
2022-07-24 18:38:13,11613.2,4395.98
2022-07-24 18:38:12,11721,4288.21
2022-07-24 18:38:11,11920.4,4088.81
2022-07-24 18:38:10,12085.1,3924.07
2022-07-24 18:38:09,11780.3,4228.88
2022-07-24 18:38:08,9575.87,6433.32
2022-07-24 18:38:07,9081.55,6927.63
2022-07-24 18:38:06,9089.5,6919.69
2022-07-24 18:38:05,9089.26,6919.93
2022-07-24 18:38:04,9100.3,6908.89
2022-07-24 18:38:03,9101.56,6907.63
2022-07-24 18:38:02,9107.45,6901.74
2022-07-24 18:38:01,9108.71,6900.48
2022-07-24 18:38:00,9119.68,6889.5
2022-07-24 18:37:59,9121.95,6887.24
2022-07-24 18:37:58,9129.11,6880.08
2022-07-24 18:37:57,9136.32,6872.86
2022-07-24 18:37:56,9152.45,6856.74
2022-07-24 18:37:55,9153.83,6855.36
2022-07-24 18:37:54,9158.82,6850.37
2022-07-24 18:37:53,9170.79,6838.4
2022-07-24 18:37:52,9172.66,6836.53
2022-07-24 18:37:51,9194.17,6815.02
2022-07-24 18:37:50,9210.36,6798.82
2022-07-24 18:37:49,9225.6,6783.59
2022-07-24 18:37:48,9228.35,6780.84
2022-07-24 18:37:47,9245.67,6763.52
2022-07-24 18:37:46,9246.57,6762.62
2022-07-24 18:37:45,9292.42,6716.77
2022-07-24 18:37:44,9331.88,6677.31
2022-07-24 18:37:43,9329.5,6679.68
2022-07-24 18:37:42,9350.3,6658.89
2022-07-24 18:37:41,9430.65,6578.54
2022-07-24 18:37:40,9430.63,6578.56
2022-07-24 18:37:39,9431.52,6577.67
2022-07-24 18:37:38,9560.74,6448.44
2022-07-24 18:37:37,9679.2,6329.98
2022-07-24 18:37:36,9844.79,6164.4
2022-07-24 18:37:35,9974.02,6035.16
2022-07-24 18:37:34,10465.5,5543.67
2022-07-24 18:37:33,10915.5,5093.68
2022-07-24 18:37:32,11076.7,4932.52
2022-07-24 18:37:31,11357.4,4651.79
2022-07-24 18:37:30,11492.6,4516.61
2022-07-24 18:37:29,11612.8,4396.35
2022-07-24 18:37:28,11727.9,4281.3
2022-07-24 18:37:27,11857.9,4151.33
2022-07-24 18:37:26,12033.6,3975.57
2022-07-24 18:37:25,11695.3,4313.93
2022-07-24 18:37:24,10800,5209.21
2022-07-24 18:37:23,9690.93,6318.26
2022-07-24 18:37:22,9068.49,6940.7
2022-07-24 18:37:21,9069.18,6940.01
2022-07-24 18:37:20,9070.82,6938.36
2022-07-24 18:37:19,9081.43,6927.76
2022-07-24 18:37:18,9086.64,6922.55
2022-07-24 18:37:17,9086.94,6922.24
2022-07-24 18:37:16,9090.43,6918.76
2022-07-24 18:37:15,9100.49,6908.7
2022-07-24 18:37:14,9123.97,6885.22
2022-07-24 18:37:13,9134.87,6874.31
2022-07-24 18:37:12,9125.18,6884.01
2022-07-24 18:37:11,9135.55,6873.64
2022-07-24 18:37:10,9149.46,6859.73
2022-07-24 18:37:09,9187.78,6821.41
2022-07-24 18:37:08,9190.63,6818.55
2022-07-24 18:37:07,9207.63,6801.56
2022-07-24 18:37:06,9230.01,6779.18
2022-07-24 18:37:05,9268.29,6740.9
2022-07-24 18:37:04,9285.63,6723.56
2022-07-24 18:37:03,9288.4,6720.78
2022-07-24 18:37:02,9305.18,6704.01
2022-07-24 18:37:01,9360.24,6648.95
2022-07-24 18:37:00,9372.44,6636.74
2022-07-24 18:36:59,9382.38,6626.81
2022-07-24 18:36:58,9424.49,6584.7
2022-07-24 18:36:57,9447.07,6562.12
2022-07-24 18:36:56,9455.71,6553.48
2022-07-24 18:36:55,9479.27,6529.92
2022-07-24 18:36:54,9544.55,6464.64
2022-07-24 18:36:53,9614.75,6394.43
2022-07-24 18:36:52,9962.91,6046.28
2022-07-24 18:36:51,10117.9,5891.28
2022-07-24 18:36:50,10314,5695.18
2022-07-24 18:36:49,10498.1,5511.08
2022-07-24 18:36:48,10872.8,5136.39
2022-07-24 18:36:47,11003.1,5006.14
2022-07-24 18:36:46,11292.9,4716.28
2022-07-24 18:36:45,11508.7,4500.48
2022-07-24 18:36:44,11657.8,4351.35
2022-07-24 18:36:43,11842.6,4166.57
2022-07-24 18:36:42,11991.3,4017.88
2022-07-24 18:36:41,12150.9,3858.27
2022-07-24 18:36:40,10776.6,5232.6
2022-07-24 18:36:39,9590.36,6418.82
2022-07-24 18:36:38,9091.18,6918.01
2022-07-24 18:36:37,9092.01,6917.18
2022-07-24 18:36:36,9092.66,6916.53
2022-07-24 18:36:35,9091.22,6917.97
2022-07-24 18:36:34,9093.36,6915.83
2022-07-24 18:36:33,9094.82,6914.36
2022-07-24 18:36:32,9096.7,6912.48
2022-07-24 18:36:31,9097.91,6911.28
2022-07-24 18:36:30,9100.86,6908.32
2022-07-24 18:36:29,9104.73,6904.46
2022-07-24 18:36:28,9106.11,6903.08
2022-07-24 18:36:27,9115.52,6893.67
2022-07-24 18:36:26,9117.25,6891.93
2022-07-24 18:36:25,9118.39,6890.8
2022-07-24 18:36:24,9142.16,6867.03
2022-07-24 18:36:23,9148.03,6861.16
2022-07-24 18:36:22,9166.8,6842.39
2022-07-24 18:36:21,9186.14,6823.05
2022-07-24 18:36:20,9208.23,6800.96
2022-07-24 18:36:19,9212.88,6796.3
2022-07-24 18:36:18,9222.99,6786.2
2022-07-24 18:36:17,9273.22,6735.97
2022-07-24 18:36:16,9300.87,6708.32
2022-07-24 18:36:15,9316.32,6692.87
2022-07-24 18:36:14,9337.65,6671.54
2022-07-24 18:36:13,9397.97,6611.22
2022-07-24 18:36:12,9425.25,6583.94
2022-07-24 18:36:11,9464.06,6545.13
2022-07-24 18:36:10,9519.02,6490.17
2022-07-24 18:36:09,9640.92,6368.27
2022-07-24 18:36:08,9820.23,6188.96
2022-07-24 18:36:07,10075.2,5934
2022-07-24 18:36:06,10308,5701.21
2022-07-24 18:36:05,10422.5,5586.7
2022-07-24 18:36:04,10741.3,5267.87
2022-07-24 18:36:03,11121.9,4887.28
2022-07-24 18:36:02,11325.4,4683.78
2022-07-24 18:36:01,11538.2,4471.02
2022-07-24 18:36:00,11683.9,4325.3
2022-07-24 18:35:59,11840.3,4168.93
2022-07-24 18:35:58,11454.9,4554.34
2022-07-24 18:35:57,11454.8,4554.41
2022-07-24 18:35:56,11213,4796.17
2022-07-24 18:35:55,10200.3,5808.93
2022-07-24 18:35:54,9231.47,6777.72
2022-07-24 18:35:53,9234.74,6774.45
2022-07-24 18:35:52,9241.84,6767.35
2022-07-24 18:35:51,9244.36,6764.83
2022-07-24 18:35:50,9252,6757.19
2022-07-24 18:35:49,9253.04,6756.14
2022-07-24 18:35:48,9261.02,6748.16
2022-07-24 18:35:47,9262.73,6746.46
2022-07-24 18:35:46,9270.46,6738.73
2022-07-24 18:35:45,9270.4,6738.78
2022-07-24 18:35:44,9290.04,6719.15
2022-07-24 18:35:43,9292.5,6716.69
2022-07-24 18:35:42,9300.63,6708.56
2022-07-24 18:35:41,9301.98,6707.2
2022-07-24 18:35:40,9334.36,6674.83
2022-07-24 18:35:39,9345.98,6663.21
2022-07-24 18:35:38,9355.87,6653.32
2022-07-24 18:35:37,9385.93,6623.26
2022-07-24 18:35:36,9408.02,6601.17
2022-07-24 18:35:35,9422.22,6586.97
2022-07-24 18:35:34,9440.7,6568.49
2022-07-24 18:35:33,9475.04,6534.14
2022-07-24 18:35:32,9497.87,6511.32
2022-07-24 18:35:31,9524.48,6484.71
2022-07-24 18:35:30,9550.3,6458.88
2022-07-24 18:35:29,9605.6,6403.59
2022-07-24 18:35:28,9614.13,6395.06
2022-07-24 18:35:27,9617.04,6392.15
2022-07-24 18:35:26,9693.96,6315.23
2022-07-24 18:35:25,9774.75,6234.44
2022-07-24 18:35:24,9813.3,6195.88
2022-07-24 18:35:23,10102.7,5906.51
2022-07-24 18:35:22,10438.8,5570.38
2022-07-24 18:35:21,10555.9,5453.27
2022-07-24 18:35:20,10581.4,5427.79
2022-07-24 18:35:19,10794.1,5215.09
2022-07-24 18:35:18,11144.9,4864.34
2022-07-24 18:35:17,11398.2,4610.97
2022-07-24 18:35:16,11544.2,4465.04
2022-07-24 18:35:15,11695.1,4314.13
2022-07-24 18:35:14,11853.2,4156.03
2022-07-24 18:35:13,12038.5,3970.73
2022-07-24 18:35:12,10499.6,5509.56
2022-07-24 18:35:11,10600,5409.18
2022-07-24 18:35:10,10089.3,5919.86
2022-07-24 18:35:09,9413.32,6595.86
2022-07-24 18:35:08,9003.52,7005.67
2022-07-24 18:35:07,9012.59,6996.59
2022-07-24 18:35:06,9012.84,6996.35
2022-07-24 18:35:05,9014.14,6995.05
2022-07-24 18:35:04,9018.13,6991.05
2022-07-24 18:35:03,9021.05,6988.13
2022-07-24 18:35:02,9029.17,6980.02
2022-07-24 18:35:01,9029.89,6979.3
2022-07-24 18:35:00,9037.56,6971.63
2022-07-24 18:34:59,9038.37,6970.81
2022-07-24 18:34:58,9067.12,6942.07
2022-07-24 18:34:57,9076.35,6932.84
2022-07-24 18:34:56,9079.74,6929.45
2022-07-24 18:34:55,9081.38,6927.8
2022-07-24 18:34:54,9113.83,6895.36
2022-07-24 18:34:53,9127.72,6881.46
2022-07-24 18:34:52,9130.01,6879.18
2022-07-24 18:34:51,9144.07,6865.11
2022-07-24 18:34:50,9178.35,6830.84
2022-07-24 18:34:49,9169.37,6839.82
2022-07-24 18:34:48,9170.16,6839.03
2022-07-24 18:34:47,9220.65,6788.54
2022-07-24 18:34:46,9223.99,6785.2
2022-07-24 18:34:45,9225.94,6783.25
2022-07-24 18:34:44,9263.45,6745.73
2022-07-24 18:34:43,9265.4,6743.79
2022-07-24 18:34:42,9256.16,6753.03
2022-07-24 18:34:41,9359.14,6650.05
2022-07-24 18:34:40,9448.95,6560.23
2022-07-24 18:34:39,9735.89,6273.3
2022-07-24 18:34:38,9930.91,6078.27
2022-07-24 18:34:37,10287.2,5721.96
2022-07-24 18:34:36,10542.1,5467.09
2022-07-24 18:34:35,10818.7,5190.52
2022-07-24 18:34:34,11271.9,4737.24
2022-07-24 18:34:33,11405.8,4603.38
2022-07-24 18:34:32,11561.7,4447.5
2022-07-24 18:34:31,11683.4,4325.79
2022-07-24 18:34:30,11827.4,4181.76
2022-07-24 18:34:29,11992,4017.14
2022-07-24 18:34:28,12162,3847.14
2022-07-24 18:34:27,11258.3,4750.89
2022-07-24 18:34:26,9050.46,6958.73
2022-07-24 18:34:25,9049.85,6959.34
2022-07-24 18:34:24,9054.88,6954.3
2022-07-24 18:34:23,9056.67,6952.52
2022-07-24 18:34:22,9066.99,6942.2
2022-07-24 18:34:21,9066.26,6942.93
2022-07-24 18:34:20,9067.7,6941.49
2022-07-24 18:34:19,9079.47,6929.72
2022-07-24 18:34:18,9091.16,6918.02
2022-07-24 18:34:17,9093.25,6915.94
2022-07-24 18:34:16,9093.27,6915.92
2022-07-24 18:34:15,9108.33,6900.86
2022-07-24 18:34:14,9119.53,6889.65
2022-07-24 18:34:13,9134.77,6874.42
2022-07-24 18:34:12,9136.09,6873.1
2022-07-24 18:34:11,9151.09,6858.09
2022-07-24 18:34:10,9154.78,6854.41
2022-07-24 18:34:09,9182.59,6826.6
2022-07-24 18:34:08,9202.49,6806.7
2022-07-24 18:34:07,9203.45,6805.74
2022-07-24 18:34:06,9214.22,6794.97
2022-07-24 18:34:05,9235.54,6773.65
2022-07-24 18:34:04,9277.66,6731.53
2022-07-24 18:34:03,9280.69,6728.5
2022-07-24 18:34:02,9305.77,6703.41
2022-07-24 18:34:01,9332.75,6676.44
2022-07-24 18:34:00,9376.13,6633.06
2022-07-24 18:33:59,9383.48,6625.7
2022-07-24 18:33:58,9392.46,6616.72
2022-07-24 18:33:57,9449.63,6559.56
2022-07-24 18:33:56,9547.83,6461.35
2022-07-24 18:33:55,9671.5,6337.69
2022-07-24 18:33:54,10017.2,5992.02
2022-07-24 18:33:53,10144.3,5864.88
2022-07-24 18:33:52,10505.9,5503.27
2022-07-24 18:33:51,10813.7,5195.45
2022-07-24 18:33:50,10994.6,5014.62
2022-07-24 18:33:49,11370.4,4638.8
2022-07-24 18:33:48,11461.3,4547.85
2022-07-24 18:33:47,11621.4,4387.8
2022-07-24 18:33:46,11743,4266.14
2022-07-24 18:33:45,11917.6,4091.62
2022-07-24 18:33:44,12088.1,3921.12
2022-07-24 18:33:43,11250.8,4758.39
2022-07-24 18:33:42,9796.52,6212.67
2022-07-24 18:33:41,9573.86,6435.33
2022-07-24 18:33:40,9106.95,6902.23
2022-07-24 18:33:39,9110.17,6899.02
2022-07-24 18:33:38,9113.52,6895.66
2022-07-24 18:33:37,9113.82,6895.37
2022-07-24 18:33:36,9121.42,6887.77
2022-07-24 18:33:35,9122.48,6886.71
2022-07-24 18:33:34,9127.9,6881.29
2022-07-24 18:33:33,9128.02,6881.17
2022-07-24 18:33:32,9139.2,6869.99
2022-07-24 18:33:31,9140.05,6869.14
2022-07-24 18:33:30,9157.11,6852.08
2022-07-24 18:33:29,9158.79,6850.39
2022-07-24 18:33:28,9175.67,6833.52
2022-07-24 18:33:27,9176.89,6832.3
2022-07-24 18:33:26,9191.89,6817.3
2022-07-24 18:33:25,9192.29,6816.9
2022-07-24 18:33:24,9230.38,6778.8
2022-07-24 18:33:23,9242.32,6766.87
2022-07-24 18:33:22,9267.64,6741.55
2022-07-24 18:33:21,9268.15,6741.04
2022-07-24 18:33:20,9305.35,6703.84
2022-07-24 18:33:19,9314.91,6694.28
2022-07-24 18:33:18,9313.36,6695.83
2022-07-24 18:33:17,9330.35,6678.84
2022-07-24 18:33:16,9381.5,6627.69
2022-07-24 18:33:15,9382.88,6626.31
2022-07-24 18:33:14,9420.78,6588.41
2022-07-24 18:33:13,9501.77,6507.42
2022-07-24 18:33:12,9520.37,6488.82
2022-07-24 18:33:11,9664.71,6344.47
2022-07-24 18:33:10,9965.17,6044.02
2022-07-24 18:33:09,10126.8,5882.38
2022-07-24 18:33:08,10359.1,5650.07
2022-07-24 18:33:07,10650.9,5358.24
2022-07-24 18:33:06,10921.3,5087.91
2022-07-24 18:33:05,11186.7,4822.44
2022-07-24 18:33:04,11434.3,4574.85
2022-07-24 18:33:03,11524.5,4484.73
2022-07-24 18:33:02,11725.7,4283.49
2022-07-24 18:33:01,11842.6,4166.56
2022-07-24 18:33:00,12032.7,3976.47
2022-07-24 18:32:59,12175.1,3834.1
2022-07-24 18:32:58,10680.7,5328.5
2022-07-24 18:32:57,9574.94,6434.25
2022-07-24 18:32:56,8962.1,7047.09
2022-07-24 18:32:55,8964.29,7044.9
2022-07-24 18:32:54,8966.15,7043.04
2022-07-24 18:32:53,8966.21,7042.98
2022-07-24 18:32:52,8965.83,7043.36
2022-07-24 18:32:51,8969.8,7039.38
2022-07-24 18:32:50,8970.44,7038.75
2022-07-24 18:32:49,8973.48,7035.71
2022-07-24 18:32:48,8973.14,7036.04
2022-07-24 18:32:47,8976.63,7032.56
2022-07-24 18:32:46,8976,7033.19
2022-07-24 18:32:45,9002.84,7006.35
2022-07-24 18:32:44,9003.02,7006.17
2022-07-24 18:32:43,9004.67,7004.52
2022-07-24 18:32:42,9005.3,7003.89
2022-07-24 18:32:41,9030.06,6979.13
2022-07-24 18:32:40,9030.37,6978.82
2022-07-24 18:32:39,9040.54,6968.65
2022-07-24 18:32:38,9039.05,6970.14
2022-07-24 18:32:37,9059.35,6949.84
2022-07-24 18:32:36,9059.31,6949.88
2022-07-24 18:32:35,9085.06,6924.13
2022-07-24 18:32:34,9105.77,6903.42
2022-07-24 18:32:33,9105.48,6903.71
2022-07-24 18:32:32,9108.96,6900.22
2022-07-24 18:32:31,9165.38,6843.81
2022-07-24 18:32:30,9151.84,6857.34
2022-07-24 18:32:29,9140.34,6868.85
2022-07-24 18:32:28,9218.1,6791.09
2022-07-24 18:32:27,9391.61,6617.58
2022-07-24 18:32:26,9629.82,6379.37
2022-07-24 18:32:25,9777.34,6231.85
2022-07-24 18:32:24,10190,5819.16
2022-07-24 18:32:23,10310.7,5698.51
2022-07-24 18:32:22,10676.5,5332.72
2022-07-24 18:32:21,10902.8,5106.37
2022-07-24 18:32:20,11152.3,4856.85
2022-07-24 18:32:19,11471.5,4537.73
2022-07-24 18:32:18,11590.4,4418.83
2022-07-24 18:32:17,11767.2,4241.99
2022-07-24 18:32:16,11900.4,4108.78
2022-07-24 18:32:15,12089.6,3919.54
2022-07-24 18:32:14,10822,5187.19
2022-07-24 18:32:13,10778.7,5230.53
2022-07-24 18:32:12,9798.21,6210.97
2022-07-24 18:32:11,9178.91,6830.27
2022-07-24 18:32:10,9183.97,6825.22
2022-07-24 18:32:09,9192.83,6816.36
2022-07-24 18:32:08,9196.05,6813.14
2022-07-24 18:32:07,9197.89,6811.3
2022-07-24 18:32:06,9199.65,6809.54
2022-07-24 18:32:05,9205.53,6803.66
2022-07-24 18:32:04,9206.27,6802.92
2022-07-24 18:32:03,9219.75,6789.44
2022-07-24 18:32:02,9219.91,6789.28
2022-07-24 18:32:01,9228.34,6780.85
2022-07-24 18:32:00,9227.1,6782.09
2022-07-24 18:31:59,9251.91,6757.28
2022-07-24 18:31:58,9252.42,6756.77
2022-07-24 18:31:57,9287.38,6721.81
2022-07-24 18:31:56,9288.71,6720.48
2022-07-24 18:31:55,9330.72,6678.47
2022-07-24 18:31:54,9331.44,6677.75
2022-07-24 18:31:53,9366.38,6642.8
2022-07-24 18:31:52,9373.33,6635.86
2022-07-24 18:31:51,9410.84,6598.35
2022-07-24 18:31:50,9430.98,6578.21
2022-07-24 18:31:49,9453.71,6555.48
2022-07-24 18:31:48,9474.54,6534.65
2022-07-24 18:31:47,9524.16,6485.03
2022-07-24 18:31:46,9556.83,6452.36
2022-07-24 18:31:45,9554.36,6454.83
2022-07-24 18:31:44,9607.02,6402.17
2022-07-24 18:31:43,9691.39,6317.8
2022-07-24 18:31:42,9755.57,6253.61
2022-07-24 18:31:41,9964.02,6045.17
2022-07-24 18:31:40,10359.4,5649.78
2022-07-24 18:31:39,10493.1,5516.12
2022-07-24 18:31:38,10585.9,5423.29
2022-07-24 18:31:37,10719.3,5289.85
2022-07-24 18:31:36,11031.4,4977.82
2022-07-24 18:31:35,11321.3,4687.85
2022-07-24 18:31:34,11431,4578.14
2022-07-24 18:31:33,11606.6,4402.56
2022-07-24 18:31:32,11744.8,4264.39
2022-07-24 18:31:31,11880.7,4128.5
2022-07-24 18:31:30,12043.1,3966.05
2022-07-24 18:31:29,11194.3,4814.89
2022-07-24 18:31:28,10170,5839.14
2022-07-24 18:31:27,9578.89,6430.3
2022-07-24 18:31:26,9068.68,6940.51
2022-07-24 18:31:25,9071.05,6938.14
2022-07-24 18:31:24,9073.19,6936
2022-07-24 18:31:23,9075.16,6934.02
2022-07-24 18:31:22,9076.2,6932.98
2022-07-24 18:31:21,9077.8,6931.38
2022-07-24 18:31:20,9083.43,6925.76
2022-07-24 18:31:19,9084.31,6924.88
2022-07-24 18:31:18,9084.72,6924.46
2022-07-24 18:31:17,9087.34,6921.85
2022-07-24 18:31:16,9099.52,6909.67
2022-07-24 18:31:15,9101.5,6907.69
2022-07-24 18:31:14,9102.45,6906.74
2022-07-24 18:31:13,9113.47,6895.72
2022-07-24 18:31:12,9124.48,6884.71
2022-07-24 18:31:11,9133.74,6875.45
2022-07-24 18:31:10,9135.5,6873.69
2022-07-24 18:31:09,9161.54,6847.64
2022-07-24 18:31:08,9193.13,6816.05
2022-07-24 18:31:07,9200.86,6808.32
2022-07-24 18:31:06,9203.96,6805.23
2022-07-24 18:31:05,9245.8,6763.39
2022-07-24 18:31:04,9283.01,6726.18
2022-07-24 18:31:03,9286.64,6722.54
2022-07-24 18:31:02,9285.94,6723.24
2022-07-24 18:31:01,9377.42,6631.77
2022-07-24 18:31:00,9375.65,6633.54
2022-07-24 18:30:59,9410.91,6598.28
2022-07-24 18:30:58,9536.55,6472.64
2022-07-24 18:30:57,9621.82,6387.36
2022-07-24 18:30:56,9706.88,6302.31
2022-07-24 18:30:55,10105.4,5903.83
2022-07-24 18:30:54,10495.9,5513.29
2022-07-24 18:30:53,10693.2,5315.99
2022-07-24 18:30:52,10867.9,5141.28
2022-07-24 18:30:51,11158.5,4850.72
2022-07-24 18:30:50,11278.1,4731.11
2022-07-24 18:30:49,11513.8,4495.36
2022-07-24 18:30:48,11663.8,4345.34
2022-07-24 18:30:47,11803.2,4205.98
2022-07-24 18:30:46,11945.7,4063.45
2022-07-24 18:30:45,12143.2,3865.94
2022-07-24 18:30:44,11272.9,4736.33
2022-07-24 18:30:43,10204.1,5805.07
2022-07-24 18:30:42,9082.01,6927.18
2022-07-24 18:30:41,9084.08,6925.11
2022-07-24 18:30:40,9085.85,6923.34
2022-07-24 18:30:39,9087.48,6921.71
2022-07-24 18:30:38,9097.15,6912.04
2022-07-24 18:30:37,9096.88,6912.3
2022-07-24 18:30:36,9099.62,6909.56
2022-07-24 18:30:35,9098.18,6911
2022-07-24 18:30:34,9112.83,6896.35
2022-07-24 18:30:33,9111.81,6897.38
2022-07-24 18:30:32,9115.78,6893.41
2022-07-24 18:30:31,9115.53,6893.66
2022-07-24 18:30:30,9116.85,6892.33
2022-07-24 18:30:29,9134.59,6874.6
2022-07-24 18:30:28,9133.63,6875.56
2022-07-24 18:30:27,9135.05,6874.14
2022-07-24 18:30:26,9139.71,6869.48
2022-07-24 18:30:25,9169,6840.18
2022-07-24 18:30:24,9169.16,6840.03
2022-07-24 18:30:23,9170.82,6838.37
2022-07-24 18:30:22,9190.76,6818.43
2022-07-24 18:30:21,9233.27,6775.91
2022-07-24 18:30:20,9233.66,6775.53
2022-07-24 18:30:19,9254.75,6754.44
2022-07-24 18:30:18,9285.29,6723.89
2022-07-24 18:30:17,9325.68,6683.51
2022-07-24 18:30:16,9327.59,6681.6
2022-07-24 18:30:15,9294.35,6714.84
2022-07-24 18:30:14,9470.63,6538.56
2022-07-24 18:30:13,9612.96,6396.23
2022-07-24 18:30:12,9658.06,6351.13
2022-07-24 18:30:11,9969.05,6040.14
2022-07-24 18:30:10,10191,5818.14
2022-07-24 18:30:09,10811.1,5198.05
2022-07-24 18:30:08,10970.1,5039.1
2022-07-24 18:30:07,11138.6,4870.59
2022-07-24 18:30:06,11302.5,4706.69
2022-07-24 18:30:05,11354.6,4654.62
2022-07-24 18:30:04,11520.7,4488.46
2022-07-24 18:30:03,11694.3,4314.85
2022-07-24 18:30:02,11934.6,4074.54
2022-07-24 18:30:01,12114.9,3894.24
2022-07-24 18:30:00,10626.5,5382.65
2022-07-24 18:29:59,9420.55,6588.64
2022-07-24 18:29:58,9463.47,6545.72
2022-07-24 18:29:57,9500.02,6509.16
2022-07-24 18:29:56,8984.26,7024.93
2022-07-24 18:29:55,8984.64,7024.54
2022-07-24 18:29:54,8992.66,7016.53
2022-07-24 18:29:53,8994.15,7015.04
2022-07-24 18:29:52,9007.15,7002.04
2022-07-24 18:29:51,9006.37,7002.82
2022-07-24 18:29:50,9019.13,6990.05
2022-07-24 18:29:49,9022.19,6987
2022-07-24 18:29:48,9035.16,6974.03
2022-07-24 18:29:47,9036.55,6972.64
2022-07-24 18:29:46,9038.48,6970.71
2022-07-24 18:29:45,9057.61,6951.58
2022-07-24 18:29:44,9074.7,6934.49
2022-07-24 18:29:43,9077.86,6931.33
2022-07-24 18:29:42,9082.53,6926.65
2022-07-24 18:29:41,9092.98,6916.21
2022-07-24 18:29:40,9123.32,6885.87
2022-07-24 18:29:39,9124,6885.19
2022-07-24 18:29:38,9141.45,6867.73
2022-07-24 18:29:37,9159.32,6849.86
2022-07-24 18:29:36,9182.87,6826.31
2022-07-24 18:29:35,9147.82,6861.36
2022-07-24 18:29:34,9181.84,6827.35
2022-07-24 18:29:33,9185.16,6824.02
2022-07-24 18:29:32,9202.68,6806.5
2022-07-24 18:29:31,9213.65,6795.54
2022-07-24 18:29:30,9203.62,6805.57
2022-07-24 18:29:29,9442.43,6566.76
2022-07-24 18:29:28,9475.13,6534.05
2022-07-24 18:29:27,9531.27,6477.92
2022-07-24 18:29:26,9791.36,6217.82
2022-07-24 18:29:25,10375.1,5634.13
2022-07-24 18:29:24,10840.2,5168.96
2022-07-24 18:29:23,10988.3,5020.89
2022-07-24 18:29:22,11188.9,4820.24
2022-07-24 18:29:21,11385.3,4623.87
2022-07-24 18:29:20,11545.4,4463.77
2022-07-24 18:29:19,11688.5,4320.68
2022-07-24 18:29:18,11788.8,4220.36
2022-07-24 18:29:17,11983.1,4026.04
2022-07-24 18:29:16,12141.7,3867.48
2022-07-24 18:29:15,11169,4840.21
2022-07-24 18:29:14,9606.96,6402.23
2022-07-24 18:29:13,9628.71,6380.48
2022-07-24 18:29:12,9002.28,7006.91
2022-07-24 18:29:11,9010.43,6998.76
2022-07-24 18:29:10,9010.05,6999.14
2022-07-24 18:29:09,9014.82,6994.37
2022-07-24 18:29:08,9023.99,6985.2
2022-07-24 18:29:07,9024.51,6984.68
2022-07-24 18:29:06,9025.24,6983.95
2022-07-24 18:29:05,9033.6,6975.59
2022-07-24 18:29:04,9039.91,6969.27
2022-07-24 18:29:03,9042.3,6966.89
2022-07-24 18:29:02,9042.26,6966.93
2022-07-24 18:29:01,9064.12,6945.07
2022-07-24 18:29:00,9064.49,6944.7
2022-07-24 18:28:59,9080.12,6929.07
2022-07-24 18:28:58,9086.59,6922.6
2022-07-24 18:28:57,9104.61,6904.58
2022-07-24 18:28:56,9105.64,6903.54
2022-07-24 18:28:55,9113.63,6895.55
2022-07-24 18:28:54,9154.35,6854.84
2022-07-24 18:28:53,9156.38,6852.81
2022-07-24 18:28:52,9166,6843.18
2022-07-24 18:28:51,9189.34,6819.85
2022-07-24 18:28:50,9209.44,6799.75
2022-07-24 18:28:49,9222.53,6786.66
2022-07-24 18:28:48,9225.8,6783.38
2022-07-24 18:28:47,9262.81,6746.38
2022-07-24 18:28:46,9253.73,6755.45
2022-07-24 18:28:45,9301.98,6707.21
2022-07-24 18:28:44,9378.07,6631.12
2022-07-24 18:28:43,9499.89,6509.29
2022-07-24 18:28:42,9772.86,6236.33
2022-07-24 18:28:41,10189.7,5819.45
2022-07-24 18:28:40,10377,5632.16
2022-07-24 18:28:39,10677.9,5331.32
2022-07-24 18:28:38,10956.9,5052.26
2022-07-24 18:28:37,11077.4,4931.75
2022-07-24 18:28:36,11394.9,4614.3
2022-07-24 18:28:35,11566.6,4442.56
2022-07-24 18:28:34,11738.2,4270.94
2022-07-24 18:28:33,11895.9,4113.33
2022-07-24 18:28:32,12103.1,3906.05
2022-07-24 18:28:31,11236.3,4772.89
2022-07-24 18:28:30,10541.4,5467.77
2022-07-24 18:28:29,9703.04,6306.14
2022-07-24 18:28:28,9192.16,6817.02
2022-07-24 18:28:27,9194.65,6814.54
2022-07-24 18:28:26,9199.69,6809.5
2022-07-24 18:28:25,9210.34,6798.84
2022-07-24 18:28:24,9211.86,6797.33
2022-07-24 18:28:23,9213.26,6795.93
2022-07-24 18:28:22,9221.09,6788.1
2022-07-24 18:28:21,9232.15,6777.04
2022-07-24 18:28:20,9232.91,6776.27
2022-07-24 18:28:19,9236.06,6773.13
2022-07-24 18:28:18,9242.99,6766.2
2022-07-24 18:28:17,9257.48,6751.71
2022-07-24 18:28:16,9259.48,6749.71
2022-07-24 18:28:15,9261.89,6747.29
2022-07-24 18:28:14,9274.06,6735.13
2022-07-24 18:28:13,9290.85,6718.34
2022-07-24 18:28:12,9302.61,6706.58
2022-07-24 18:28:11,9334.01,6675.18
2022-07-24 18:28:10,9336.49,6672.7
2022-07-24 18:28:09,9356.45,6652.74
2022-07-24 18:28:08,9396.2,6612.98
2022-07-24 18:28:07,9428.68,6580.5
2022-07-24 18:28:06,9448.98,6560.21
2022-07-24 18:28:05,9466,6543.18
2022-07-24 18:28:04,9496.75,6512.43
2022-07-24 18:28:03,9587.72,6421.47
2022-07-24 18:28:02,9590.41,6418.78
2022-07-24 18:28:01,9603.73,6405.46
2022-07-24 18:28:00,9753.48,6255.71
2022-07-24 18:27:59,9846.66,6162.53
2022-07-24 18:27:58,9981.76,6027.43
2022-07-24 18:27:57,10144.5,5864.66
2022-07-24 18:27:56,10592.6,5416.58
2022-07-24 18:27:55,10800.1,5209.05
2022-07-24 18:27:54,11120.1,4889.08
2022-07-24 18:27:53,11206,4803.16
2022-07-24 18:27:52,11369.2,4639.95
2022-07-24 18:27:51,11558.5,4450.64
2022-07-24 18:27:50,11711.9,4297.32
2022-07-24 18:27:49,11859.1,4150.11
2022-07-24 18:27:48,12025.7,3983.44
2022-07-24 18:27:47,12224,3785.15
2022-07-24 18:27:46,10352.5,5656.68
2022-07-24 18:27:45,9883.55,6125.63
2022-07-24 18:27:44,9718.5,6290.69
2022-07-24 18:27:43,9383.82,6625.37
2022-07-24 18:27:42,9390.45,6618.73
2022-07-24 18:27:41,9390.43,6618.75
2022-07-24 18:27:40,9403.73,6605.46
2022-07-24 18:27:39,9410.45,6598.74
2022-07-24 18:27:38,9418.95,6590.23
2022-07-24 18:27:37,9421.97,6587.22
2022-07-24 18:27:36,9438.73,6570.46
2022-07-24 18:27:35,9437.59,6571.6
2022-07-24 18:27:34,9445.73,6563.46
2022-07-24 18:27:33,9446.19,6563
2022-07-24 18:27:32,9464.99,6544.19
2022-07-24 18:27:31,9466.43,6542.76
2022-07-24 18:27:30,9481.31,6527.88
2022-07-24 18:27:29,9496.46,6512.73
2022-07-24 18:27:28,9519.33,6489.86
2022-07-24 18:27:27,9556.66,6452.53
2022-07-24 18:27:26,9568.17,6441.02
2022-07-24 18:27:25,9607.32,6401.86
2022-07-24 18:27:24,9609.45,6399.74
2022-07-24 18:27:23,9662.91,6346.28
2022-07-24 18:27:22,9689.7,6319.48
2022-07-24 18:27:21,9708.8,6300.39
2022-07-24 18:27:20,9751.36,6257.83
2022-07-24 18:27:19,9795.72,6213.46
2022-07-24 18:27:18,9829.67,6179.52
2022-07-24 18:27:17,9844.67,6164.52
2022-07-24 18:27:16,9932.02,6077.17
2022-07-24 18:27:15,10018.6,5990.64
2022-07-24 18:27:14,10216.4,5792.77
2022-07-24 18:27:13,10453.2,5556.02
2022-07-24 18:27:12,10539.9,5469.27
2022-07-24 18:27:11,10760.9,5248.29
2022-07-24 18:27:10,11080.9,4928.26
2022-07-24 18:27:09,11260.3,4748.84
2022-07-24 18:27:08,11327.5,4681.64
2022-07-24 18:27:07,11440.3,4568.9
2022-07-24 18:27:06,11672.4,4336.77
2022-07-24 18:27:05,11817.4,4191.8
2022-07-24 18:27:04,12010.2,3999
2022-07-24 18:27:03,12170.3,3838.86
2022-07-24 18:27:02,10767.8,5241.37
2022-07-24 18:27:01,9707.05,6302.14
2022-07-24 18:27:00,9723.12,6286.06
2022-07-24 18:26:59,9215.74,6793.45
2022-07-24 18:26:58,9219.53,6789.66
2022-07-24 18:26:57,9219.78,6789.41
2022-07-24 18:26:56,9223.56,6785.63
2022-07-24 18:26:55,9224.46,6784.73
2022-07-24 18:26:54,9228.3,6780.89
2022-07-24 18:26:53,9230.39,6778.8
2022-07-24 18:26:52,9229.12,6780.07
2022-07-24 18:26:51,9232.08,6777.11
2022-07-24 18:26:50,9240.69,6768.5
2022-07-24 18:26:49,9266.05,6743.14
2022-07-24 18:26:48,9271.99,6737.2
2022-07-24 18:26:47,9274.32,6734.87
2022-07-24 18:26:46,9277.84,6731.35
2022-07-24 18:26:45,9337.68,6671.51
2022-07-24 18:26:44,9375.16,6634.03
2022-07-24 18:26:43,9375.65,6633.54
2022-07-24 18:26:42,9378.62,6630.56
2022-07-24 18:26:41,9460.18,6549
2022-07-24 18:26:40,9484.86,6524.33
2022-07-24 18:26:39,9476.36,6532.83
2022-07-24 18:26:38,9491.2,6517.98
2022-07-24 18:26:37,9563.28,6445.91
2022-07-24 18:26:36,9588.49,6420.7
2022-07-24 18:26:35,9589.7,6419.49
2022-07-24 18:26:34,9661.21,6347.98
2022-07-24 18:26:33,9682.58,6326.61
2022-07-24 18:26:32,9687.98,6321.21
2022-07-24 18:26:31,9864.97,6144.22
2022-07-24 18:26:30,9957.44,6051.75
2022-07-24 18:26:29,10056.4,5952.84
2022-07-24 18:26:28,10461.3,5547.87
2022-07-24 18:26:27,10683.6,5325.57
2022-07-24 18:26:26,10842.3,5166.84
2022-07-24 18:26:25,11176.1,4833.06
2022-07-24 18:26:24,11294.6,4714.56
2022-07-24 18:26:23,11539,4470.18
2022-07-24 18:26:22,11624.4,4384.75
2022-07-24 18:26:21,11798,4211.21
2022-07-24 18:26:20,11941.8,4067.41
2022-07-24 18:26:19,12112.2,3896.96
2022-07-24 18:26:18,11243.4,4765.78
2022-07-24 18:26:17,10226.6,5782.54
2022-07-24 18:26:16,9622.72,6386.46
2022-07-24 18:26:15,9130.9,6878.28
2022-07-24 18:26:14,9133.46,6875.73
2022-07-24 18:26:13,9132.04,6877.15
2022-07-24 18:26:12,9141.28,6867.91
2022-07-24 18:26:11,9143.09,6866.1
2022-07-24 18:26:10,9144.23,6864.96
2022-07-24 18:26:09,9145.83,6863.36
2022-07-24 18:26:08,9155.34,6853.85
2022-07-24 18:26:07,9157.23,6851.95
2022-07-24 18:26:06,9164.96,6844.23
2022-07-24 18:26:05,9163.57,6845.62
2022-07-24 18:26:04,9173.48,6835.71
2022-07-24 18:26:03,9173.06,6836.13
2022-07-24 18:26:02,9180.57,6828.61
2022-07-24 18:26:01,9181.05,6828.14
2022-07-24 18:26:00,9192.23,6816.96
2022-07-24 18:25:59,9204.45,6804.73
2022-07-24 18:25:58,9233.15,6776.04
2022-07-24 18:25:57,9245.04,6764.14
2022-07-24 18:25:56,9247.57,6761.62
2022-07-24 18:25:55,9273.05,6736.14
2022-07-24 18:25:54,9311.2,6697.99
2022-07-24 18:25:53,9322.8,6686.38
2022-07-24 18:25:52,9331.2,6677.99
2022-07-24 18:25:51,9376.39,6632.8
2022-07-24 18:25:50,9425.22,6583.97
2022-07-24 18:25:49,9411.92,6597.27
2022-07-24 18:25:48,9490.04,6519.15
2022-07-24 18:25:47,9605.92,6403.27
2022-07-24 18:25:46,9745.37,6263.82
2022-07-24 18:25:45,10042.5,5966.71
2022-07-24 18:25:44,10183.5,5825.64
2022-07-24 18:25:43,10587.3,5421.92
2022-07-24 18:25:42,10737.9,5271.32
2022-07-24 18:25:41,11128.2,4881
2022-07-24 18:25:40,11234.5,4774.66
2022-07-24 18:25:39,11368.7,4640.45
2022-07-24 18:25:38,11515.6,4493.54
2022-07-24 18:25:37,11763,4246.18
2022-07-24 18:25:36,11944.4,4064.81
2022-07-24 18:25:35,12108.7,3900.46
2022-07-24 18:25:34,10735.5,5273.71
2022-07-24 18:25:33,10185.6,5823.55
2022-07-24 18:25:32,9734.03,6275.15
2022-07-24 18:25:31,9756.06,6253.13
2022-07-24 18:25:30,9166.55,6842.64
2022-07-24 18:25:29,9167.88,6841.31
2022-07-24 18:25:28,9176.73,6832.46
2022-07-24 18:25:27,9178.17,6831.02
2022-07-24 18:25:26,9188.96,6820.23
2022-07-24 18:25:25,9195.33,6813.86
2022-07-24 18:25:24,9205.87,6803.32
2022-07-24 18:25:23,9204.58,6804.61
2022-07-24 18:25:22,9216.3,6792.89
2022-07-24 18:25:21,9216.18,6793.01
2022-07-24 18:25:20,9245.89,6763.3
2022-07-24 18:25:19,9246.25,6762.94
2022-07-24 18:25:18,9272.44,6736.75
2022-07-24 18:25:17,9274.23,6734.95
2022-07-24 18:25:16,9307.1,6702.09
2022-07-24 18:25:15,9308.64,6700.54
2022-07-24 18:25:14,9333.3,6675.89
2022-07-24 18:25:13,9351.87,6657.32
2022-07-24 18:25:12,9373.56,6635.63
2022-07-24 18:25:11,9374.36,6634.82
2022-07-24 18:25:10,9425.15,6584.04
2022-07-24 18:25:09,9446.16,6563.03
2022-07-24 18:25:08,9447.85,6561.34
2022-07-24 18:25:07,9495.41,6513.78
2022-07-24 18:25:06,9522.15,6487.04
2022-07-24 18:25:05,9522.04,6487.15
2022-07-24 18:25:04,9536.06,6473.13
2022-07-24 18:25:03,9592.16,6417.03
2022-07-24 18:25:02,9686.11,6323.08
2022-07-24 18:25:01,9887.55,6121.64
2022-07-24 18:25:00,10128.9,5880.32
2022-07-24 18:24:59,10254.2,5755.02
2022-07-24 18:24:58,10801.4,5207.75
2022-07-24 18:24:57,10912,5097.2
2022-07-24 18:24:56,11056.2,4953.01
2022-07-24 18:24:55,11440.6,4568.6
2022-07-24 18:24:54,11550.8,4458.38
2022-07-24 18:24:53,11702,4307.18
2022-07-24 18:24:52,11874.1,4135.1
2022-07-24 18:24:51,12021.2,3987.95
2022-07-24 18:24:50,11653.8,4355.43
2022-07-24 18:24:49,9965.94,6043.25
2022-07-24 18:24:48,9675.38,6333.81
2022-07-24 18:24:47,9697.56,6311.63
2022-07-24 18:24:46,9091.33,6917.86
2022-07-24 18:24:45,9094.32,6914.87
2022-07-24 18:24:44,9092.76,6916.43
2022-07-24 18:24:43,9096.5,6912.69
2022-07-24 18:24:42,9104.4,6904.79
2022-07-24 18:24:41,9105.61,6903.57
2022-07-24 18:24:40,9108.84,6900.35
2022-07-24 18:24:39,9109.32,6899.87
2022-07-24 18:24:38,9117.8,6891.39
2022-07-24 18:24:37,9124.66,6884.53
2022-07-24 18:24:36,9125.91,6883.28
2022-07-24 18:24:35,9126.21,6882.97
2022-07-24 18:24:34,9139.56,6869.63
2022-07-24 18:24:33,9153.59,6855.6
2022-07-24 18:24:32,9155.5,6853.69
2022-07-24 18:24:31,9163.82,6845.37
2022-07-24 18:24:30,9171.68,6837.51
2022-07-24 18:24:29,9187.14,6822.04
2022-07-24 18:24:28,9191.75,6817.44
2022-07-24 18:24:27,9208.52,6800.67
2022-07-24 18:24:26,9210.43,6798.76
2022-07-24 18:24:25,9262.54,6746.65
2022-07-24 18:24:24,9280.92,6728.27
2022-07-24 18:24:23,9296.79,6712.4
2022-07-24 18:24:22,9374.16,6635.03
2022-07-24 18:24:21,9409.21,6599.97
2022-07-24 18:24:20,9406.77,6602.42
2022-07-24 18:24:19,9412.02,6597.16
2022-07-24 18:24:18,9627.89,6381.3
2022-07-24 18:24:17,9742.46,6266.73
2022-07-24 18:24:16,9844.61,6164.58
2022-07-24 18:24:15,10335.6,5673.6
2022-07-24 18:24:14,10536.8,5472.41
2022-07-24 18:24:13,11007.2,5001.95
2022-07-24 18:24:12,11252.6,4756.55
2022-07-24 18:24:11,11400.4,4608.83
2022-07-24 18:24:10,11558.9,4450.25
2022-07-24 18:24:09,11631.9,4377.31
2022-07-24 18:24:08,11802.1,4207.06
2022-07-24 18:24:07,11938.2,4070.96
2022-07-24 18:24:06,12123.5,3885.68
2022-07-24 18:24:05,10806.8,5202.39
2022-07-24 18:24:04,9584.16,6425.03
2022-07-24 18:24:03,9075.44,6933.75
2022-07-24 18:24:02,9073.8,6935.39
2022-07-24 18:24:01,9079.48,6929.7
2022-07-24 18:24:00,9077.39,6931.8
2022-07-24 18:23:59,9078.43,6930.76
2022-07-24 18:23:58,9080.2,6928.99
2022-07-24 18:23:57,9081.61,6927.57
2022-07-24 18:23:56,9099.55,6909.64
2022-07-24 18:23:55,9101.76,6907.43
2022-07-24 18:23:54,9101.58,6907.61
2022-07-24 18:23:53,9104.02,6905.16
2022-07-24 18:23:52,9118.45,6890.73
2022-07-24 18:23:51,9146.91,6862.28
2022-07-24 18:23:50,9147.22,6861.97
2022-07-24 18:23:49,9150.49,6858.7
2022-07-24 18:23:48,9172.64,6836.55
2022-07-24 18:23:47,9189.05,6820.14
2022-07-24 18:23:46,9207.11,6802.08
2022-07-24 18:23:45,9208.81,6800.38
2022-07-24 18:23:44,9231.09,6778.1
2022-07-24 18:23:43,9265.63,6743.56
2022-07-24 18:23:42,9258.32,6750.87
2022-07-24 18:23:41,9280.39,6728.8
2022-07-24 18:23:40,9299.1,6710.09
2022-07-24 18:23:39,9317.19,6692
2022-07-24 18:23:38,9336.48,6672.71
2022-07-24 18:23:37,9360.75,6648.44
2022-07-24 18:23:36,9361.95,6647.24
2022-07-24 18:23:35,9389.65,6619.54
2022-07-24 18:23:34,9490.95,6518.24
2022-07-24 18:23:33,9562.34,6446.84
2022-07-24 18:23:32,9763.12,6246.07
2022-07-24 18:23:31,10108.6,5900.55
2022-07-24 18:23:30,10590.9,5418.25
2022-07-24 18:23:29,10821.5,5187.64
2022-07-24 18:23:28,11102.1,4907.05
2022-07-24 18:23:27,11227.7,4781.46
2022-07-24 18:23:26,11324.1,4685.06
2022-07-24 18:23:25,11551.7,4457.46
2022-07-24 18:23:24,11675.9,4333.3
2022-07-24 18:23:23,11868.3,4140.93
2022-07-24 18:23:22,12031.8,3977.35
2022-07-24 18:23:21,11708.6,4300.54
2022-07-24 18:23:20,10162.6,5846.6
2022-07-24 18:23:19,10221.3,5787.93
2022-07-24 18:23:18,8992.48,7016.7
2022-07-24 18:23:17,8994.17,7015.02
2022-07-24 18:23:16,9006.53,7002.65
2022-07-24 18:23:15,9009.68,6999.51
2022-07-24 18:23:14,9009.64,6999.55
2022-07-24 18:23:13,9009.82,6999.36
2022-07-24 18:23:12,9022.58,6986.61
2022-07-24 18:23:11,9024.84,6984.34
2022-07-24 18:23:10,9026.02,6983.17
2022-07-24 18:23:09,9027.48,6981.71
2022-07-24 18:23:08,9036.34,6972.85
2022-07-24 18:23:07,9036.34,6972.85
2022-07-24 18:23:06,9053.69,6955.5
2022-07-24 18:23:05,9054.98,6954.21
2022-07-24 18:23:04,9077.39,6931.79
2022-07-24 18:23:03,9078.39,6930.8
2022-07-24 18:23:02,9097.02,6912.17
2022-07-24 18:23:01,9112.28,6896.91
2022-07-24 18:23:00,9114.22,6894.97
2022-07-24 18:22:59,9115.23,6893.95
2022-07-24 18:22:58,9146.47,6862.72
2022-07-24 18:22:57,9163.64,6845.54
2022-07-24 18:22:56,9163.59,6845.6
2022-07-24 18:22:55,9186.33,6822.86
2022-07-24 18:22:54,9237.92,6771.27
2022-07-24 18:22:53,9250.2,6758.98
2022-07-24 18:22:52,9249.76,6759.43
2022-07-24 18:22:51,9254.15,6755.04
2022-07-24 18:22:50,9368.2,6640.99
2022-07-24 18:22:49,9486.96,6522.22
2022-07-24 18:22:48,9574.18,6435
2022-07-24 18:22:47,9901.29,6107.9
2022-07-24 18:22:46,10190.5,5818.69
2022-07-24 18:22:45,10632.2,5377.04
2022-07-24 18:22:44,10884,5125.14
2022-07-24 18:22:43,11046.6,4962.59
2022-07-24 18:22:42,11370.6,4638.56
2022-07-24 18:22:41,11513.2,4495.95
2022-07-24 18:22:40,11683.9,4325.33
2022-07-24 18:22:39,11848,4161.23
2022-07-24 18:22:38,12042.3,3966.84
2022-07-24 18:22:37,11674.4,4334.78
2022-07-24 18:22:36,10025.3,5983.91
2022-07-24 18:22:35,9695.62,6313.57
2022-07-24 18:22:34,9715.39,6293.79
2022-07-24 18:22:33,9217.28,6791.91
2022-07-24 18:22:32,9218.76,6790.43
2022-07-24 18:22:31,9223.32,6785.87
2022-07-24 18:22:30,9223,6786.18
2022-07-24 18:22:29,9232.55,6776.63
2022-07-24 18:22:28,9234.93,6774.25
2022-07-24 18:22:27,9237.17,6772.02
2022-07-24 18:22:26,9246.97,6762.22
2022-07-24 18:22:25,9255.16,6754.03
2022-07-24 18:22:24,9255.22,6753.97
2022-07-24 18:22:23,9258.66,6750.52
2022-07-24 18:22:22,9294.23,6714.96
2022-07-24 18:22:21,9305.86,6703.32
2022-07-24 18:22:20,9324.63,6684.56
2022-07-24 18:22:19,9326.61,6682.58
2022-07-24 18:22:18,9345.79,6663.39
2022-07-24 18:22:17,9378.13,6631.06
2022-07-24 18:22:16,9406.51,6602.68
2022-07-24 18:22:15,9408.61,6600.58
2022-07-24 18:22:14,9458.13,6551.06
2022-07-24 18:22:13,9481.09,6528.1
2022-07-24 18:22:12,9483.65,6525.53
2022-07-24 18:22:11,9509.15,6500.04
2022-07-24 18:22:10,9562.5,6446.68
2022-07-24 18:22:09,9621.89,6387.29
2022-07-24 18:22:08,9626.38,6382.81
2022-07-24 18:22:07,9685.62,6323.57
2022-07-24 18:22:06,9709.9,6299.29
2022-07-24 18:22:05,9892.77,6116.42
2022-07-24 18:22:04,10072.9,5936.32
2022-07-24 18:22:03,10175.3,5833.93
2022-07-24 18:22:02,10462.2,5546.99
2022-07-24 18:22:01,10820.6,5188.57
2022-07-24 18:22:00,10987.4,5021.77
2022-07-24 18:21:59,11194.5,4814.72
2022-07-24 18:21:58,11372.3,4636.89
2022-07-24 18:21:57,11576.5,4432.64
2022-07-24 18:21:56,11734.9,4274.25
2022-07-24 18:21:55,11853.9,4155.27
2022-07-24 18:21:54,11477.8,4531.42
2022-07-24 18:21:53,11624.9,4384.3
2022-07-24 18:21:52,10706.6,5302.56
2022-07-24 18:21:51,10188.1,5821.1
2022-07-24 18:21:50,9618.03,6391.15
2022-07-24 18:21:49,9001.52,7007.66
2022-07-24 18:21:48,9002.96,7006.23
2022-07-24 18:21:47,9001.88,7007.3
2022-07-24 18:21:46,9003.99,7005.2
2022-07-24 18:21:45,9005.55,7003.64
2022-07-24 18:21:44,9005.12,7004.06
2022-07-24 18:21:43,9006.26,7002.93
2022-07-24 18:21:42,9010,6999.19
2022-07-24 18:21:41,9010.02,6999.17
2022-07-24 18:21:40,9020.61,6988.57
2022-07-24 18:21:39,9022.33,6986.86
2022-07-24 18:21:38,9041.01,6968.18
2022-07-24 18:21:37,9040.4,6968.78
2022-07-24 18:21:36,9060.94,6948.24
2022-07-24 18:21:35,9061.57,6947.61
2022-07-24 18:21:34,9084.32,6924.87
2022-07-24 18:21:33,9102.75,6906.44
2022-07-24 18:21:32,9125.83,6883.36
2022-07-24 18:21:31,9144.4,6864.79
2022-07-24 18:21:30,9138.48,6870.71
2022-07-24 18:21:29,9160.68,6848.5
2022-07-24 18:21:28,9185.06,6824.13
2022-07-24 18:21:27,9202.34,6806.85
2022-07-24 18:21:26,9204.87,6804.32
2022-07-24 18:21:25,9264.55,6744.64
2022-07-24 18:21:24,9263.15,6746.03
2022-07-24 18:21:23,9266.03,6743.16
2022-07-24 18:21:22,9410.69,6598.5
2022-07-24 18:21:21,9513.36,6495.83
2022-07-24 18:21:20,9575.98,6433.21
2022-07-24 18:21:19,9868.07,6141.12
2022-07-24 18:21:18,10348.8,5660.34
2022-07-24 18:21:17,10608.7,5400.46
2022-07-24 18:21:16,10892.1,5117.07
2022-07-24 18:21:15,11031.6,4977.54
2022-07-24 18:21:14,11122.2,4886.97
2022-07-24 18:21:13,11253.6,4755.63
2022-07-24 18:21:12,11616,4393.22
2022-07-24 18:21:11,11801.8,4207.42
2022-07-24 18:21:10,12036.5,3972.72
2022-07-24 18:21:09,11592,4417.14
2022-07-24 18:21:08,9547.3,6461.89
2022-07-24 18:21:07,9597.3,6411.89
2022-07-24 18:21:06,9648.64,6360.55
2022-07-24 18:21:05,9663.24,6345.95
2022-07-24 18:21:04,9148.61,6860.58
2022-07-24 18:21:03,9158.42,6850.77
2022-07-24 18:21:02,9165.38,6843.81
2022-07-24 18:21:01,9165.13,6844.06
2022-07-24 18:21:00,9178.57,6830.61
2022-07-24 18:20:59,9181.59,6827.59
2022-07-24 18:20:58,9187.96,6821.23
2022-07-24 18:20:57,9190.25,6818.94
2022-07-24 18:20:56,9205.11,6804.07
2022-07-24 18:20:55,9220.28,6788.91
2022-07-24 18:20:54,9224.79,6784.4
2022-07-24 18:20:53,9227.1,6782.09
2022-07-24 18:20:52,9233.86,6775.32
2022-07-24 18:20:51,9265.88,6743.31
2022-07-24 18:20:50,9272.96,6736.23
2022-07-24 18:20:49,9272.22,6736.96
2022-07-24 18:20:48,9299.11,6710.08
2022-07-24 18:20:47,9328.64,6680.55
2022-07-24 18:20:46,9329.63,6679.56
2022-07-24 18:20:45,9334.94,6674.25
2022-07-24 18:20:44,9367.29,6641.89
2022-07-24 18:20:43,9397.66,6611.52
2022-07-24 18:20:42,9399.3,6609.89
2022-07-24 18:20:41,9401.61,6607.58
2022-07-24 18:20:40,9421.56,6587.63
2022-07-24 18:20:39,9485.53,6523.65
2022-07-24 18:20:38,9499.2,6509.98
2022-07-24 18:20:37,9647.63,6361.55
2022-07-24 18:20:36,9960.45,6048.73
2022-07-24 18:20:35,10065.9,5943.24
2022-07-24 18:20:34,10509.2,5499.96
2022-07-24 18:20:33,10725.5,5283.67
2022-07-24 18:20:32,10804.4,5204.82
2022-07-24 18:20:31,10908.9,5100.26
2022-07-24 18:20:30,11255.9,4753.26
2022-07-24 18:20:29,11343.5,4665.68
2022-07-24 18:20:28,11617.9,4391.24
2022-07-24 18:20:27,11824,4185.2
2022-07-24 18:20:26,11978.4,4030.79
2022-07-24 18:20:25,12141,3868.19
2022-07-24 18:20:24,10346.5,5662.68
2022-07-24 18:20:23,10088.8,5920.41
2022-07-24 18:20:22,9518.09,6491.1
2022-07-24 18:20:21,9520.25,6488.94
2022-07-24 18:20:20,8895.96,7113.23
2022-07-24 18:20:19,8895.96,7113.23
2022-07-24 18:20:18,8900.45,7108.73
2022-07-24 18:20:17,8900.01,7109.18
2022-07-24 18:20:16,8906.48,7102.71
2022-07-24 18:20:15,8906.2,7102.99
2022-07-24 18:20:14,8908.97,7100.22
2022-07-24 18:20:13,8927.78,7081.41
2022-07-24 18:20:12,8928.51,7080.68
2022-07-24 18:20:11,8929.35,7079.84
2022-07-24 18:20:10,8928.68,7080.51
2022-07-24 18:20:09,8960.23,7048.96
2022-07-24 18:20:08,8959.55,7049.64
2022-07-24 18:20:07,8960.95,7048.24
2022-07-24 18:20:06,8961.17,7048.02
2022-07-24 18:20:05,8974.73,7034.45
2022-07-24 18:20:04,8974.77,7034.41
2022-07-24 18:20:03,8976.47,7032.72
2022-07-24 18:20:02,8991.19,7018
2022-07-24 18:20:01,9011.58,6997.61
2022-07-24 18:20:00,9013.23,6995.95
2022-07-24 18:19:59,9028.82,6980.36
2022-07-24 18:19:58,9048.62,6960.56
2022-07-24 18:19:57,9036.6,6972.59
2022-07-24 18:19:56,9052.76,6956.43
2022-07-24 18:19:55,9086.66,6922.52
2022-07-24 18:19:54,9106.55,6902.64
2022-07-24 18:19:53,9194.52,6814.67
2022-07-24 18:19:52,9493.02,6516.17
2022-07-24 18:19:51,9672.65,6336.54
2022-07-24 18:19:50,9985.59,6023.59
2022-07-24 18:19:49,10333.2,5676.02
2022-07-24 18:19:48,10534.4,5474.75
2022-07-24 18:19:47,10815.4,5193.75
2022-07-24 18:19:46,11210.7,4798.48
2022-07-24 18:19:45,11432.7,4576.45
2022-07-24 18:19:44,11590.4,4418.79
2022-07-24 18:19:43,11743.8,4265.44
2022-07-24 18:19:42,11881.5,4127.66
2022-07-24 18:19:41,12038.4,3970.79
2022-07-24 18:19:40,11417.1,4592.08
2022-07-24 18:19:39,10673,5336.2
2022-07-24 18:19:38,9023.9,6985.29
2022-07-24 18:19:37,9030.84,6978.34
2022-07-24 18:19:36,9032.43,6976.76
2022-07-24 18:19:35,9032.51,6976.68
2022-07-24 18:19:34,9040.11,6969.07
2022-07-24 18:19:33,9054.47,6954.72
2022-07-24 18:19:32,9056.6,6952.59
2022-07-24 18:19:31,9056.29,6952.89
2022-07-24 18:19:30,9074.07,6935.11
2022-07-24 18:19:29,9083.27,6925.91
2022-07-24 18:19:28,9084.48,6924.7
2022-07-24 18:19:27,9084.89,6924.3
2022-07-24 18:19:26,9122.97,6886.22
2022-07-24 18:19:25,9123.34,6885.85
2022-07-24 18:19:24,9125.72,6883.47
2022-07-24 18:19:23,9126.39,6882.8
2022-07-24 18:19:22,9144.78,6864.41
2022-07-24 18:19:21,9159.74,6849.45
2022-07-24 18:19:20,9160.66,6848.53
2022-07-24 18:19:19,9179.01,6830.18
2022-07-24 18:19:18,9205.82,6803.37
2022-07-24 18:19:17,9205.59,6803.59
2022-07-24 18:19:16,9209.29,6799.9
2022-07-24 18:19:15,9261.73,6747.46
2022-07-24 18:19:14,9263.68,6745.5
2022-07-24 18:19:13,9265.16,6744.03
2022-07-24 18:19:12,9294.86,6714.33
2022-07-24 18:19:11,9297.02,6712.16
2022-07-24 18:19:10,9327.54,6681.65
2022-07-24 18:19:09,9403.88,6605.31
2022-07-24 18:19:08,9460.8,6548.39
2022-07-24 18:19:07,9746.77,6262.41
2022-07-24 18:19:06,10162,5847.15
2022-07-24 18:19:05,10324.6,5684.59
2022-07-24 18:19:04,10451.9,5557.29
2022-07-24 18:19:03,10914.2,5094.98
2022-07-24 18:19:02,11045.6,4963.59
2022-07-24 18:19:01,11365.9,4643.33
2022-07-24 18:19:00,11529.6,4479.57
2022-07-24 18:18:59,11714,4295.16
2022-07-24 18:18:58,11868.5,4140.72
2022-07-24 18:18:57,12042.9,3966.25
2022-07-24 18:18:56,11474.6,4534.6
2022-07-24 18:18:55,10677.4,5331.76
2022-07-24 18:18:54,9594.68,6414.5
2022-07-24 18:18:53,9079.23,6929.95
2022-07-24 18:18:52,9081.29,6927.89
2022-07-24 18:18:51,9083.66,6925.53
2022-07-24 18:18:50,9085,6924.19
2022-07-24 18:18:49,9085.48,6923.71
2022-07-24 18:18:48,9089.8,6919.39
2022-07-24 18:18:47,9091.62,6917.56
2022-07-24 18:18:46,9092.75,6916.44
2022-07-24 18:18:45,9093.95,6915.24
2022-07-24 18:18:44,9104.21,6904.98
2022-07-24 18:18:43,9104.25,6904.94
2022-07-24 18:18:42,9115.28,6893.91
2022-07-24 18:18:41,9113.67,6895.52
2022-07-24 18:18:40,9131.59,6877.59
2022-07-24 18:18:39,9149.52,6859.66
2022-07-24 18:18:38,9151.61,6857.58
2022-07-24 18:18:37,9167.41,6841.77
2022-07-24 18:18:36,9189.9,6819.29
2022-07-24 18:18:35,9207.29,6801.89
2022-07-24 18:18:34,9225.95,6783.24
2022-07-24 18:18:33,9226.01,6783.18
2022-07-24 18:18:32,9252.13,6757.06
2022-07-24 18:18:31,9267.96,6741.22
2022-07-24 18:18:30,9302.19,6707
2022-07-24 18:18:29,9316.97,6692.22
2022-07-24 18:18:28,9350.1,6659.08
2022-07-24 18:18:27,9380.34,6628.85
2022-07-24 18:18:26,9395.7,6613.49
2022-07-24 18:18:25,9521.74,6487.45
2022-07-24 18:18:24,9703.14,6306.05
2022-07-24 18:18:23,9873.54,6135.64
2022-07-24 18:18:22,10072.3,5936.87
2022-07-24 18:18:21,10412,5597.23
2022-07-24 18:18:20,10834.4,5174.75
2022-07-24 18:18:19,11039.2,4970.02
2022-07-24 18:18:18,11213.2,4796.01
2022-07-24 18:18:17,11325.2,4683.95
2022-07-24 18:18:16,11453.6,4555.61
2022-07-24 18:18:15,11687.3,4321.88
2022-07-24 18:18:14,11841,4168.16
2022-07-24 18:18:13,12028.8,3980.38
2022-07-24 18:18:12,11703.4,4305.76
2022-07-24 18:18:11,10796.6,5212.54
2022-07-24 18:18:10,9887.43,6121.76
2022-07-24 18:18:09,9928.52,6080.67
2022-07-24 18:18:08,9700.47,6308.71
2022-07-24 18:18:07,9325.11,6684.08
2022-07-24 18:18:06,9344.13,6665.06
2022-07-24 18:18:05,9342.91,6666.28
2022-07-24 18:18:04,9350.38,6658.81
2022-07-24 18:18:03,9352.24,6656.95
2022-07-24 18:18:02,9369.51,6639.68
2022-07-24 18:18:01,9371.93,6637.25
2022-07-24 18:18:00,9382.69,6626.5
2022-07-24 18:17:59,9391.58,6617.61
2022-07-24 18:17:58,9399.07,6610.11
2022-07-24 18:17:57,9405.46,6603.72
2022-07-24 18:17:56,9420.7,6588.48
2022-07-24 18:17:55,9433.29,6575.9
2022-07-24 18:17:54,9465.84,6543.35
2022-07-24 18:17:53,9491.33,6517.86
2022-07-24 18:17:52,9518.54,6490.65
2022-07-24 18:17:51,9518.47,6490.72
2022-07-24 18:17:50,9580.28,6428.91
2022-07-24 18:17:49,9606.33,6402.85
2022-07-24 18:17:48,9613.62,6395.57
2022-07-24 18:17:47,9626.12,6383.07
2022-07-24 18:17:46,9690.1,6319.09
2022-07-24 18:17:45,9694.55,6314.64
2022-07-24 18:17:44,9708,6301.19
2022-07-24 18:17:43,9781.81,6227.38
2022-07-24 18:17:42,9749.24,6259.95
2022-07-24 18:17:41,9751.93,6257.25
2022-07-24 18:17:40,9865.29,6143.9
2022-07-24 18:17:39,9898.12,6111.07
2022-07-24 18:17:38,10066.8,5942.39
2022-07-24 18:17:37,10467.9,5541.28
2022-07-24 18:17:36,10712.8,5296.41
2022-07-24 18:17:35,10839.2,5170.03
2022-07-24 18:17:34,11207.1,4802.12
2022-07-24 18:17:33,11409,4600.18
2022-07-24 18:17:32,11549.2,4460.03
2022-07-24 18:17:31,11637.4,4371.75
2022-07-24 18:17:30,11801,4208.2
2022-07-24 18:17:29,11938.8,4070.43
2022-07-24 18:17:28,12123,3886.2
2022-07-24 18:17:27,11799.6,4209.58
2022-07-24 18:17:26,9716.59,6292.59
2022-07-24 18:17:25,9197.84,6811.35
2022-07-24 18:17:24,9205.73,6803.46
2022-07-24 18:17:23,9206.21,6802.97
2022-07-24 18:17:22,9212.61,6796.58
2022-07-24 18:17:21,9212.91,6796.28
2022-07-24 18:17:20,9220.22,6788.97
2022-07-24 18:17:19,9220.81,6788.38
2022-07-24 18:17:18,9227.98,6781.21
2022-07-24 18:17:17,9229.98,6779.21
2022-07-24 18:17:16,9240.39,6768.8
2022-07-24 18:17:15,9242.04,6767.14
2022-07-24 18:17:14,9245.84,6763.35
2022-07-24 18:17:13,9256.24,6752.95
2022-07-24 18:17:12,9286.84,6722.34
2022-07-24 18:17:11,9287.24,6721.95
2022-07-24 18:17:10,9295.17,6714.02
2022-07-24 18:17:09,9328.46,6680.73
2022-07-24 18:17:08,9358.93,6650.25
2022-07-24 18:17:07,9360.5,6648.69
2022-07-24 18:17:06,9399.13,6610.06
2022-07-24 18:17:05,9424.91,6584.28
2022-07-24 18:17:04,9457.9,6551.29
2022-07-24 18:17:03,9482.51,6526.68
2022-07-24 18:17:02,9518.71,6490.48
2022-07-24 18:17:01,9556.39,6452.8
2022-07-24 18:17:00,9574.25,6434.94
2022-07-24 18:16:59,9614.53,6394.66
2022-07-24 18:16:58,9641.42,6367.77
2022-07-24 18:16:57,9642.55,6366.64
2022-07-24 18:16:56,9756.16,6253.03
2022-07-24 18:16:55,9855.32,6153.87
2022-07-24 18:16:54,10075.2,5933.95
2022-07-24 18:16:53,10156.4,5852.82
2022-07-24 18:16:52,10584.6,5424.59
2022-07-24 18:16:51,10866.1,5143.11
2022-07-24 18:16:50,11235.5,4773.71
2022-07-24 18:16:49,11419.1,4590.08
2022-07-24 18:16:48,11509.8,4499.43
2022-07-24 18:16:47,11629.7,4379.49
2022-07-24 18:16:46,11751.1,4258.09
2022-07-24 18:16:45,11864.5,4144.7
2022-07-24 18:16:44,12044.3,3964.9
2022-07-24 18:16:43,11726.9,4282.28
2022-07-24 18:16:42,11350,4659.22
2022-07-24 18:16:41,9083.45,6925.73
2022-07-24 18:16:40,9090.71,6918.48
2022-07-24 18:16:39,9092.74,6916.44
2022-07-24 18:16:38,9092.79,6916.39
2022-07-24 18:16:37,9098.62,6910.57
2022-07-24 18:16:36,9097.87,6911.32
2022-07-24 18:16:35,9117.77,6891.42
2022-07-24 18:16:34,9116.34,6892.85
2022-07-24 18:16:33,9119.72,6889.47
2022-07-24 18:16:32,9138.22,6870.96
2022-07-24 18:16:31,9140.78,6868.41
2022-07-24 18:16:30,9152.87,6856.32
2022-07-24 18:16:29,9153.48,6855.71
2022-07-24 18:16:28,9185.85,6823.34
2022-07-24 18:16:27,9186.25,6822.94
2022-07-24 18:16:26,9204.47,6804.72
2022-07-24 18:16:25,9205.98,6803.2
2022-07-24 18:16:24,9238,6771.19
2022-07-24 18:16:23,9255.5,6753.69
2022-07-24 18:16:22,9272.45,6736.74
2022-07-24 18:16:21,9289.74,6719.45
2022-07-24 18:16:20,9308.95,6700.24
2022-07-24 18:16:19,9324.21,6684.97
2022-07-24 18:16:18,9338.24,6670.95
2022-07-24 18:16:17,9380.17,6629.02
2022-07-24 18:16:16,9391.88,6617.3
2022-07-24 18:16:15,9400.47,6608.71
2022-07-24 18:16:14,9442.67,6566.52
2022-07-24 18:16:13,9467.13,6542.06
2022-07-24 18:16:12,9545.29,6463.89
2022-07-24 18:16:11,9605.53,6403.66
2022-07-24 18:16:10,9826.7,6182.48
2022-07-24 18:16:09,10199.5,5809.67
2022-07-24 18:16:08,10430.1,5579.06
2022-07-24 18:16:07,10552.4,5456.82
2022-07-24 18:16:06,11000.4,5008.81
2022-07-24 18:16:05,11298.8,4710.34
2022-07-24 18:16:04,11463.5,4545.68
2022-07-24 18:16:03,11586.6,4422.55
2022-07-24 18:16:02,11704.4,4304.81
2022-07-24 18:16:01,11872.2,4136.97
2022-07-24 18:16:00,11982.8,4026.42
2022-07-24 18:15:59,11139.1,4870.12
2022-07-24 18:15:58,10734.8,5274.4
2022-07-24 18:15:57,9799.16,6210.02
2022-07-24 18:15:56,9287.48,6721.7
2022-07-24 18:15:55,9290.36,6718.83
2022-07-24 18:15:54,9293.8,6715.39
2022-07-24 18:15:53,9297.48,6711.71
2022-07-24 18:15:52,9300.74,6708.45
2022-07-24 18:15:51,9303.25,6705.93
2022-07-24 18:15:50,9305.68,6703.5
2022-07-24 18:15:49,9320.95,6688.24
2022-07-24 18:15:48,9326.19,6683
2022-07-24 18:15:47,9336.76,6672.43
2022-07-24 18:15:46,9351.01,6658.18
2022-07-24 18:15:45,9351.79,6657.39
2022-07-24 18:15:44,9379.36,6629.83
2022-07-24 18:15:43,9416.78,6592.4
2022-07-24 18:15:42,9440.06,6569.12
2022-07-24 18:15:41,9440.87,6568.32
2022-07-24 18:15:40,9464.65,6544.53
2022-07-24 18:15:39,9516.57,6492.62
2022-07-24 18:15:38,9532.85,6476.34
2022-07-24 18:15:37,9534.62,6474.57
2022-07-24 18:15:36,9559.12,6450.06
2022-07-24 18:15:35,9610.54,6398.65
2022-07-24 18:15:34,9633.44,6375.75
2022-07-24 18:15:33,9665.34,6343.84
2022-07-24 18:15:32,9708.12,6301.07
2022-07-24 18:15:31,9738.21,6270.98
2022-07-24 18:15:30,9754.67,6254.52
2022-07-24 18:15:29,9771.77,6237.41
2022-07-24 18:15:28,9837.23,6171.95
2022-07-24 18:15:27,9914.4,6094.78
2022-07-24 18:15:26,10024,5985.14
2022-07-24 18:15:25,10252,5757.23
2022-07-24 18:15:24,10615.4,5393.74
2022-07-24 18:15:23,10859.3,5149.87
2022-07-24 18:15:22,10954,5055.2
2022-07-24 18:15:21,11051.3,4957.86
2022-07-24 18:15:20,11268.5,4740.67
2022-07-24 18:15:19,11467.4,4541.82
2022-07-24 18:15:18,11649.3,4359.89
2022-07-24 18:15:17,11800.3,4208.86
2022-07-24 18:15:16,11943.1,4066.1
2022-07-24 18:15:15,12144.5,3864.7
2022-07-24 18:15:14,11083.9,4925.27
2022-07-24 18:15:13,10145.4,5863.74
2022-07-24 18:15:12,9673.55,6335.64
2022-07-24 18:15:11,9157.08,6852.11
2022-07-24 18:15:10,9157.97,6851.22
2022-07-24 18:15:09,9159.82,6849.36
2022-07-24 18:15:08,9160.96,6848.22
2022-07-24 18:15:07,9165.98,6843.2
2022-07-24 18:15:06,9167.28,6841.91
2022-07-24 18:15:05,9167.73,6841.46
2022-07-24 18:15:04,9167.26,6841.93
2022-07-24 18:15:03,9170.57,6838.62
2022-07-24 18:15:02,9175.45,6833.73
2022-07-24 18:15:01,9175.02,6834.17
2022-07-24 18:15:00,9177.1,6832.09
2022-07-24 18:14:59,9177.65,6831.54
2022-07-24 18:14:58,9189.69,6819.5
2022-07-24 18:14:57,9191.29,6817.89
2022-07-24 18:14:56,9192.47,6816.72
2022-07-24 18:14:55,9192.81,6816.38
2022-07-24 18:14:54,9235.48,6773.71
2022-07-24 18:14:53,9236.73,6772.46
2022-07-24 18:14:52,9230.58,6778.61
2022-07-24 18:14:51,9234.1,6775.09
2022-07-24 18:14:50,9330.48,6678.71
2022-07-24 18:14:49,9331.98,6677.21
2022-07-24 18:14:48,9334.04,6675.14
2022-07-24 18:14:47,9385.87,6623.32
2022-07-24 18:14:46,9462.16,6547.03
2022-07-24 18:14:45,9456.39,6552.8
2022-07-24 18:14:44,9502.65,6506.54
2022-07-24 18:14:43,9693.77,6315.42
2022-07-24 18:14:42,9919.86,6089.33
2022-07-24 18:14:41,10053.7,5955.46
2022-07-24 18:14:40,10405.9,5603.28
2022-07-24 18:14:39,10704,5305.23
2022-07-24 18:14:38,10875.3,5133.93
2022-07-24 18:14:37,11148.1,4861.07
2022-07-24 18:14:36,11206.6,4802.63
2022-07-24 18:14:35,11388.8,4620.36
2022-07-24 18:14:34,11528.7,4480.51
2022-07-24 18:14:33,11743.7,4265.46
2022-07-24 18:14:32,11902.9,4106.28
2022-07-24 18:14:31,11535.4,4473.82
2022-07-24 18:14:30,11677.8,4331.36
2022-07-24 18:14:29,10126.6,5882.56
2022-07-24 18:14:28,9555.03,6454.16
2022-07-24 18:14:27,9587.25,6421.93
2022-07-24 18:14:26,8971.15,7038.04
2022-07-24 18:14:25,8973.78,7035.4
2022-07-24 18:14:24,8984.07,7025.11
2022-07-24 18:14:23,8984.26,7024.93
2022-07-24 18:14:22,8987.1,7022.09
2022-07-24 18:14:21,8987,7022.19
2022-07-24 18:14:20,8996.41,7012.78
2022-07-24 18:14:19,8997.41,7011.77
2022-07-24 18:14:18,8999.55,7009.63
2022-07-24 18:14:17,9006.02,7003.17
2022-07-24 18:14:16,9005.5,7003.69
2022-07-24 18:14:15,9021.44,6987.75
2022-07-24 18:14:14,9022.45,6986.74
2022-07-24 18:14:13,9034.7,6974.48
2022-07-24 18:14:12,9034.38,6974.81
2022-07-24 18:14:11,9047.72,6961.47
2022-07-24 18:14:10,9071.45,6937.74
2022-07-24 18:14:09,9085.13,6924.06
2022-07-24 18:14:08,9086.45,6922.74
2022-07-24 18:14:07,9089.61,6919.58
2022-07-24 18:14:06,9106.42,6902.77
2022-07-24 18:14:05,9132.98,6876.2
2022-07-24 18:14:04,9146.73,6862.45
2022-07-24 18:14:03,9182.17,6827.02
2022-07-24 18:14:02,9181.39,6827.8
2022-07-24 18:14:01,9218.64,6790.55
2022-07-24 18:14:00,9261.09,6748.1
2022-07-24 18:13:59,9326.79,6682.39
2022-07-24 18:13:58,9434.19,6575
2022-07-24 18:13:57,9680.26,6328.93
2022-07-24 18:13:56,9901.8,6107.39
2022-07-24 18:13:55,10158.7,5850.52
2022-07-24 18:13:54,10422.1,5587.07
2022-07-24 18:13:53,10775.7,5233.47
2022-07-24 18:13:52,11204.9,4804.32
2022-07-24 18:13:51,11381.1,4628.14
2022-07-24 18:13:50,11568.1,4441.11
2022-07-24 18:13:49,11691.8,4317.42
2022-07-24 18:13:48,11834,4175.21
2022-07-24 18:13:47,11984,4025.14
2022-07-24 18:13:46,11668.9,4340.27
2022-07-24 18:13:45,11293.4,4715.77
2022-07-24 18:13:44,10225.8,5783.36
2022-07-24 18:13:43,9010.9,6998.29
2022-07-24 18:13:42,9013.69,6995.5
2022-07-24 18:13:41,9015.63,6993.55
2022-07-24 18:13:40,9015.58,6993.61
2022-07-24 18:13:39,9018.64,6990.55
2022-07-24 18:13:38,9018.32,6990.87
2022-07-24 18:13:37,9020.81,6988.38
2022-07-24 18:13:36,9021.09,6988.1
2022-07-24 18:13:35,9022.68,6986.51
2022-07-24 18:13:34,9023.43,6985.76
2022-07-24 18:13:33,9040.34,6968.85
2022-07-24 18:13:32,9041.56,6967.63
2022-07-24 18:13:31,9041.73,6967.46
2022-07-24 18:13:30,9043.29,6965.9
2022-07-24 18:13:29,9061.51,6947.68
2022-07-24 18:13:28,9063.06,6946.13
2022-07-24 18:13:27,9080.3,6928.89
2022-07-24 18:13:26,9079.74,6929.45
2022-07-24 18:13:25,9098.5,6910.68
2022-07-24 18:13:24,9113.71,6895.47
2022-07-24 18:13:23,9114.69,6894.5
2022-07-24 18:13:22,9151.55,6857.64
2022-07-24 18:13:21,9159.58,6849.61
2022-07-24 18:13:20,9191.18,6818.01
2022-07-24 18:13:19,9192.84,6816.34
2022-07-24 18:13:18,9236.65,6772.54
2022-07-24 18:13:17,9281.21,6727.98
2022-07-24 18:13:16,9281.46,6727.73
2022-07-24 18:13:15,9370.47,6638.71
2022-07-24 18:13:14,9442.6,6566.59
2022-07-24 18:13:13,9672.86,6336.33
2022-07-24 18:13:12,9893.54,6115.65
2022-07-24 18:13:11,10183.7,5825.47
2022-07-24 18:13:10,10500.8,5508.39
2022-07-24 18:13:09,10867.9,5141.29
2022-07-24 18:13:08,11023.1,4986.13
2022-07-24 18:13:07,11215.6,4793.61
2022-07-24 18:13:06,11513.9,4495.29
2022-07-24 18:13:05,11665.9,4343.25
2022-07-24 18:13:04,11806,4203.15
2022-07-24 18:13:03,11997.1,4012.08
2022-07-24 18:13:02,11107,4902.16
2022-07-24 18:13:01,11253,4756.21
2022-07-24 18:13:00,9832.32,6176.86
2022-07-24 18:12:59,9109.8,6899.39
2022-07-24 18:12:58,9116.75,6892.44
2022-07-24 18:12:57,9117.18,6892
2022-07-24 18:12:56,9124.29,6884.9
2022-07-24 18:12:55,9129.38,6879.81
2022-07-24 18:12:54,9131.6,6877.59
2022-07-24 18:12:53,9133.33,6875.86
2022-07-24 18:12:52,9139.41,6869.78
2022-07-24 18:12:51,9150.86,6858.33
2022-07-24 18:12:50,9151.66,6857.53
2022-07-24 18:12:49,9177.54,6831.65
2022-07-24 18:12:48,9183.3,6825.89
2022-07-24 18:12:47,9185.76,6823.43
2022-07-24 18:12:46,9186.52,6822.67
2022-07-24 18:12:45,9210.36,6798.82
2022-07-24 18:12:44,9227.73,6781.46
2022-07-24 18:12:43,9230.47,6778.72
2022-07-24 18:12:42,9234.06,6775.13
2022-07-24 18:12:41,9269.86,6739.33
2022-07-24 18:12:40,9280.61,6728.58
2022-07-24 18:12:39,9284.55,6724.63
2022-07-24 18:12:38,9319.82,6689.36
2022-07-24 18:12:37,9370.13,6639.06
2022-07-24 18:12:36,9372.13,6637.06
2022-07-24 18:12:35,9396.8,6612.38
2022-07-24 18:12:34,9457.02,6552.17
2022-07-24 18:12:33,9462.35,6546.84
2022-07-24 18:12:32,9444.58,6564.61
2022-07-24 18:12:31,9529.42,6479.77
2022-07-24 18:12:30,9616.19,6393
2022-07-24 18:12:29,9742.95,6266.24
2022-07-24 18:12:28,9952.19,6056.99
2022-07-24 18:12:27,10287,5722.2
2022-07-24 18:12:26,10642.1,5367.08
2022-07-24 18:12:25,10874.5,5134.72
2022-07-24 18:12:24,11245.5,4763.65
2022-07-24 18:12:23,11379.4,4629.82
2022-07-24 18:12:22,11510.8,4498.36
2022-07-24 18:12:21,11645.1,4364.12
2022-07-24 18:12:20,11737,4272.19
2022-07-24 18:12:19,11929.6,4079.57
2022-07-24 18:12:18,12078.6,3930.57
2022-07-24 18:12:17,11767.7,4241.5
2022-07-24 18:12:16,10083,5926.19
2022-07-24 18:12:15,8944.29,7064.9
2022-07-24 18:12:14,8944.38,7064.81
2022-07-24 18:12:13,8944.92,7064.27
2022-07-24 18:12:12,8946.5,7062.69
2022-07-24 18:12:11,8957.93,7051.26
2022-07-24 18:12:10,8958.91,7050.27
2022-07-24 18:12:09,8962.46,7046.73
2022-07-24 18:12:08,8964.82,7044.36
2022-07-24 18:12:07,8972.13,7037.06
2022-07-24 18:12:06,8980.28,7028.9
2022-07-24 18:12:05,8990.78,7018.41
2022-07-24 18:12:04,8990.9,7018.29
2022-07-24 18:12:03,9019.29,6989.9
2022-07-24 18:12:02,9020.32,6988.87
2022-07-24 18:12:01,9038.12,6971.07
2022-07-24 18:12:00,9039.04,6970.15
2022-07-24 18:11:59,9065.17,6944.02
2022-07-24 18:11:58,9072.3,6936.88
2022-07-24 18:11:57,9089.46,6919.73
2022-07-24 18:11:56,9092.96,6916.23
2022-07-24 18:11:55,9120.56,6888.63
2022-07-24 18:11:54,9121.96,6887.23
2022-07-24 18:11:53,9140.23,6868.96
2022-07-24 18:11:52,9167.26,6841.93
2022-07-24 18:11:51,9169.37,6839.82
2022-07-24 18:11:50,9193.69,6815.5
2022-07-24 18:11:49,9235.42,6773.77
2022-07-24 18:11:48,9234.27,6774.91
2022-07-24 18:11:47,9223.37,6785.82
2022-07-24 18:11:46,9365.91,6643.28
2022-07-24 18:11:45,9433.16,6576.03
2022-07-24 18:11:44,9530.22,6478.97
2022-07-24 18:11:43,9764.17,6245.02
2022-07-24 18:11:42,10331.6,5677.62
2022-07-24 18:11:41,10621.6,5387.59
2022-07-24 18:11:40,10868.3,5140.92
2022-07-24 18:11:39,11235.6,4773.57
2022-07-24 18:11:38,11383.4,4625.82
2022-07-24 18:11:37,11513.3,4495.88
2022-07-24 18:11:36,11635.9,4373.24
2022-07-24 18:11:35,11751.5,4257.65
2022-07-24 18:11:34,11942.3,4066.85
2022-07-24 18:11:33,12101.1,3908.11
2022-07-24 18:11:32,11682.2,4327.03
2022-07-24 18:11:31,9803.7,6205.49
2022-07-24 18:11:30,9291.33,6717.86
2022-07-24 18:11:29,9293.62,6715.57
2022-07-24 18:11:28,9306.08,6703.11
2022-07-24 18:11:27,9319.01,6690.18
2022-07-24 18:11:26,9326.28,6682.91
2022-07-24 18:11:25,9329.37,6679.82
2022-07-24 18:11:24,9342.29,6666.89
2022-07-24 18:11:23,9343.26,6665.93
2022-07-24 18:11:22,9364.78,6644.41
2022-07-24 18:11:21,9368.98,6640.21
2022-07-24 18:11:20,9380.36,6628.83
2022-07-24 18:11:19,9397.17,6612.02
2022-07-24 18:11:18,9397.87,6611.32
2022-07-24 18:11:17,9415.51,6593.68
2022-07-24 18:11:16,9422.1,6587.09
2022-07-24 18:11:15,9465.53,6543.66
2022-07-24 18:11:14,9479.28,6529.91
2022-07-24 18:11:13,9496.3,6512.88
2022-07-24 18:11:12,9511.58,6497.61
2022-07-24 18:11:11,9577.53,6431.66
2022-07-24 18:11:10,9592.98,6416.2
2022-07-24 18:11:09,9616.57,6392.62
2022-07-24 18:11:08,9629.07,6380.11
2022-07-24 18:11:07,9673.42,6335.77
2022-07-24 18:11:06,9724.99,6284.2
2022-07-24 18:11:05,9741.43,6267.75
2022-07-24 18:11:04,9776.38,6232.8
2022-07-24 18:11:03,9826.84,6182.35
2022-07-24 18:11:02,9873.91,6135.28
2022-07-24 18:11:01,9944.33,6064.86
2022-07-24 18:11:00,10000.2,6008.97
2022-07-24 18:10:59,10188.1,5821.1
2022-07-24 18:10:58,10470.4,5538.74
2022-07-24 18:10:57,10715.8,5293.41
2022-07-24 18:10:56,10908.7,5100.51
2022-07-24 18:10:55,11032.3,4976.84
2022-07-24 18:10:54,11371.9,4637.3
2022-07-24 18:10:53,11514.7,4494.52
2022-07-24 18:10:52,11579.1,4430.1
2022-07-24 18:10:51,11727.1,4282.11
2022-07-24 18:10:50,11868.3,4140.9
2022-07-24 18:10:49,12029,3980.16
2022-07-24 18:10:48,11694.3,4314.87
2022-07-24 18:10:47,10196.7,5812.47
2022-07-24 18:10:46,10242.9,5766.32
2022-07-24 18:10:45,9242.89,6766.29
2022-07-24 18:10:44,9244.69,6764.5
2022-07-24 18:10:43,9247.42,6761.77
2022-07-24 18:10:42,9254.85,6754.34
2022-07-24 18:10:41,9257.04,6752.14
2022-07-24 18:10:40,9269.06,6740.12
2022-07-24 18:10:39,9274.55,6734.63
2022-07-24 18:10:38,9276.61,6732.57
2022-07-24 18:10:37,9280.27,6728.91
2022-07-24 18:10:36,9284.55,6724.63
2022-07-24 18:10:35,9302.82,6706.37
2022-07-24 18:10:34,9304.86,6704.33
2022-07-24 18:10:33,9305.59,6703.59
2022-07-24 18:10:32,9319.04,6690.15
2022-07-24 18:10:31,9348.6,6660.59
2022-07-24 18:10:30,9349.55,6659.64
2022-07-24 18:10:29,9351.61,6657.58
2022-07-24 18:10:28,9387.26,6621.93
2022-07-24 18:10:27,9415.37,6593.81
2022-07-24 18:10:26,9417.22,6591.97
2022-07-24 18:10:25,9425.58,6583.61
2022-07-24 18:10:24,9453.28,6555.91
2022-07-24 18:10:23,9485,6524.18
2022-07-24 18:10:22,9500.17,6509.02
2022-07-24 18:10:21,9503.9,6505.29
2022-07-24 18:10:20,9560.08,6449.11
2022-07-24 18:10:19,9566.18,6443.01
2022-07-24 18:10:18,9580.62,6428.57
2022-07-24 18:10:17,9706.64,6302.55
2022-07-24 18:10:16,9786.67,6222.52
2022-07-24 18:10:15,9883,6126.18
2022-07-24 18:10:14,10121.7,5887.52
2022-07-24 18:10:13,10692.7,5316.46
2022-07-24 18:10:12,10842.9,5166.32
2022-07-24 18:10:11,10944.4,5064.82
2022-07-24 18:10:10,11048.2,4960.95
2022-07-24 18:10:09,11318.2,4690.99
2022-07-24 18:10:08,11495.6,4513.6
2022-07-24 18:10:07,11622.4,4386.78
2022-07-24 18:10:06,11793.8,4215.43
2022-07-24 18:10:05,11951.2,4058
2022-07-24 18:10:04,12114.6,3894.57
2022-07-24 18:10:03,10776.9,5232.3
2022-07-24 18:10:02,10362.9,5646.32
2022-07-24 18:10:01,9857.38,6151.81
2022-07-24 18:10:00,9354.78,6654.41
2022-07-24 18:09:59,9364.18,6645
2022-07-24 18:09:58,9371.93,6637.25
2022-07-24 18:09:57,9375.55,6633.64
2022-07-24 18:09:56,9378.1,6631.09
2022-07-24 18:09:55,9397.78,6611.41
2022-07-24 18:09:54,9400.91,6608.28
2022-07-24 18:09:53,9403.19,6606
2022-07-24 18:09:52,9406.41,6602.78
2022-07-24 18:09:51,9425.5,6583.69
2022-07-24 18:09:50,9424.88,6584.31
2022-07-24 18:09:49,9430.4,6578.78
2022-07-24 18:09:48,9437.22,6571.97
2022-07-24 18:09:47,9466.11,6543.08
2022-07-24 18:09:46,9468.49,6540.7
2022-07-24 18:09:45,9479.96,6529.23
2022-07-24 18:09:44,9500.99,6508.2
2022-07-24 18:09:43,9529.13,6480.05
2022-07-24 18:09:42,9530.88,6478.31
2022-07-24 18:09:41,9544.35,6464.84
2022-07-24 18:09:40,9620.61,6388.57
2022-07-24 18:09:39,9638.46,6370.73
2022-07-24 18:09:38,9643.46,6365.73
2022-07-24 18:09:37,9645.9,6363.29
2022-07-24 18:09:36,9777.35,6231.84
2022-07-24 18:09:35,9767.49,6241.7
2022-07-24 18:09:34,9799.29,6209.9
2022-07-24 18:09:33,9876.8,6132.39
2022-07-24 18:09:32,9988.94,6020.25
2022-07-24 18:09:31,10159.6,5849.63
2022-07-24 18:09:30,10314.2,5694.99
2022-07-24 18:09:29,10604.8,5404.34
2022-07-24 18:09:28,10747,5262.21
2022-07-24 18:09:27,10900.7,5108.46
2022-07-24 18:09:26,11165,4844.18
2022-07-24 18:09:25,11318.3,4690.86
2022-07-24 18:09:24,11392.2,4616.97
2022-07-24 18:09:23,11524.2,4485
2022-07-24 18:09:22,11758.3,4250.86
2022-07-24 18:09:21,11937.1,4072.11
2022-07-24 18:09:20,11549.8,4459.35
2022-07-24 18:09:19,10674.1,5335.11
2022-07-24 18:09:18,10733.1,5276.07
2022-07-24 18:09:17,9808,6201.19
2022-07-24 18:09:16,9850.47,6158.71
2022-07-24 18:09:15,9347.62,6661.56
2022-07-24 18:09:14,9348.56,6660.63
2022-07-24 18:09:13,9362.6,6646.59
2022-07-24 18:09:12,9378.6,6630.59
2022-07-24 18:09:11,9387.4,6621.79
2022-07-24 18:09:10,9390.31,6618.87
2022-07-24 18:09:09,9402.32,6606.87
2022-07-24 18:09:08,9414.52,6594.66
2022-07-24 18:09:07,9447.34,6561.85
2022-07-24 18:09:06,9448.02,6561.16
2022-07-24 18:09:05,9456.62,6552.56
2022-07-24 18:09:04,9478.98,6530.2
2022-07-24 18:09:03,9514.12,6495.07
2022-07-24 18:09:02,9525.42,6483.77
2022-07-24 18:09:01,9551.38,6457.81
2022-07-24 18:09:00,9549.62,6459.57
2022-07-24 18:08:59,9590.27,6418.91
2022-07-24 18:08:58,9618.77,6390.42
2022-07-24 18:08:57,9642.62,6366.57
2022-07-24 18:08:56,9664.15,6345.04
2022-07-24 18:08:55,9706.13,6303.06
2022-07-24 18:08:54,9738.82,6270.37
2022-07-24 18:08:53,9771.01,6238.18
2022-07-24 18:08:52,9811.48,6197.71
2022-07-24 18:08:51,9844.16,6165.02
2022-07-24 18:08:50,9864.52,6144.66
2022-07-24 18:08:49,9948.3,6060.89
2022-07-24 18:08:48,10035.9,5973.27
2022-07-24 18:08:47,10089.2,5920.02
2022-07-24 18:08:46,10406.8,5602.34
2022-07-24 18:08:45,10563.7,5445.45
2022-07-24 18:08:44,10729.9,5279.28
2022-07-24 18:08:43,10965.1,5044.14
2022-07-24 18:08:42,11205.9,4803.34
2022-07-24 18:08:41,11285.5,4723.66
2022-07-24 18:08:40,11389.7,4619.44
2022-07-24 18:08:39,11607.8,4401.39
2022-07-24 18:08:38,11767.5,4241.64
2022-07-24 18:08:37,11912.4,4096.8
2022-07-24 18:08:36,11576.9,4432.3
2022-07-24 18:08:35,11080.5,4928.64
2022-07-24 18:08:34,10656.8,5352.39
2022-07-24 18:08:33,9700.07,6309.12
2022-07-24 18:08:32,9717.94,6291.24
2022-07-24 18:08:31,9223.03,6786.16
2022-07-24 18:08:30,9226.71,6782.48
2022-07-24 18:08:29,9236.39,6772.79
2022-07-24 18:08:28,9246.3,6762.88
2022-07-24 18:08:27,9247.86,6761.33
2022-07-24 18:08:26,9247.79,6761.39
2022-07-24 18:08:25,9259.71,6749.48
2022-07-24 18:08:24,9261.12,6748.07
2022-07-24 18:08:23,9275.83,6733.36
2022-07-24 18:08:22,9276.65,6732.54
2022-07-24 18:08:21,9292.94,6716.25
2022-07-24 18:08:20,9293.84,6715.35
2022-07-24 18:08:19,9316.39,6692.79
2022-07-24 18:08:18,9317.41,6691.77
2022-07-24 18:08:17,9347.93,6661.26
2022-07-24 18:08:16,9387.93,6621.25
2022-07-24 18:08:15,9390.2,6618.98
2022-07-24 18:08:14,9391.85,6617.34
2022-07-24 18:08:13,9419.75,6589.44
2022-07-24 18:08:12,9468.58,6540.61
2022-07-24 18:08:11,9470.55,6538.63
2022-07-24 18:08:10,9482.68,6526.5
2022-07-24 18:08:09,9535.88,6473.31
2022-07-24 18:08:08,9563.88,6445.31
2022-07-24 18:08:07,9589.98,6419.21
2022-07-24 18:08:06,9593.78,6415.4
2022-07-24 18:08:05,9705.08,6304.11
2022-07-24 18:08:04,9801.57,6207.61
2022-07-24 18:08:03,9817.63,6191.56
2022-07-24 18:08:02,9953.95,6055.24
2022-07-24 18:08:01,10526.6,5482.6
2022-07-24 18:08:00,10641.3,5367.89
2022-07-24 18:07:59,10896,5113.21
2022-07-24 18:07:58,11009.8,4999.37
2022-07-24 18:07:57,11208.3,4800.91
2022-07-24 18:07:56,11318.7,4690.51
2022-07-24 18:07:55,11485.5,4523.69
2022-07-24 18:07:54,11623.4,4385.81
2022-07-24 18:07:53,11751.3,4257.89
2022-07-24 18:07:52,11905.6,4103.63
2022-07-24 18:07:51,12069.9,3939.27
2022-07-24 18:07:50,11191.7,4817.49
2022-07-24 18:07:49,10278.8,5730.35
2022-07-24 18:07:48,10332.7,5676.52
2022-07-24 18:07:47,9719.26,6289.93
2022-07-24 18:07:46,9101.91,6907.28
2022-07-24 18:07:45,9103.3,6905.88
2022-07-24 18:07:44,9103.53,6905.66
2022-07-24 18:07:43,9104.49,6904.69
2022-07-24 18:07:42,9112.41,6896.77
2022-07-24 18:07:41,9112.69,6896.5
2022-07-24 18:07:40,9115.83,6893.36
2022-07-24 18:07:39,9114.14,6895.05
2022-07-24 18:07:38,9129.38,6879.8
2022-07-24 18:07:37,9152.31,6856.87
2022-07-24 18:07:36,9152.84,6856.34
2022-07-24 18:07:35,9154.53,6854.66
2022-07-24 18:07:34,9156.98,6852.21
2022-07-24 18:07:33,9198.14,6811.04
2022-07-24 18:07:32,9205.26,6803.93
2022-07-24 18:07:31,9207.33,6801.86
2022-07-24 18:07:30,9228.56,6780.62
2022-07-24 18:07:29,9263.17,6746.02
2022-07-24 18:07:28,9282.33,6726.86
2022-07-24 18:07:27,9282.99,6726.2
2022-07-24 18:07:26,9325.66,6683.53
2022-07-24 18:07:25,9352.48,6656.71
2022-07-24 18:07:24,9357.78,6651.41
2022-07-24 18:07:23,9349.41,6659.78
2022-07-24 18:07:22,9419.09,6590.1
2022-07-24 18:07:21,9452.43,6556.76
2022-07-24 18:07:20,9435.68,6573.51
2022-07-24 18:07:19,9533.02,6476.17
2022-07-24 18:07:18,9631.26,6377.93
2022-07-24 18:07:17,9793.78,6215.41
2022-07-24 18:07:16,10015.8,5993.41
2022-07-24 18:07:15,10268.8,5740.43
2022-07-24 18:07:14,10648.2,5361.04
2022-07-24 18:07:13,10928.4,5080.79
2022-07-24 18:07:12,11043.4,4965.8
2022-07-24 18:07:11,11153.8,4855.38
2022-07-24 18:07:10,11471.6,4537.56
2022-07-24 18:07:09,11657.1,4352.06
2022-07-24 18:07:08,11811.7,4197.51
2022-07-24 18:07:07,12017.3,3991.84
2022-07-24 18:07:06,11660.1,4349.12
2022-07-24 18:07:05,10640.2,5369.01
2022-07-24 18:07:04,9762.64,6246.55
2022-07-24 18:07:03,9741.64,6267.55
2022-07-24 18:07:02,9221.46,6787.73
2022-07-24 18:07:01,9220.41,6788.77
2022-07-24 18:07:00,9223.11,6786.08
2022-07-24 18:06:59,9226.69,6782.5
2022-07-24 18:06:58,9228.97,6780.21
2022-07-24 18:06:57,9231.51,6777.68
2022-07-24 18:06:56,9235.46,6773.73
2022-07-24 18:06:55,9253.17,6756.02
2022-07-24 18:06:54,9256.43,6752.75
2022-07-24 18:06:53,9260.56,6748.62
2022-07-24 18:06:52,9274.57,6734.62
2022-07-24 18:06:51,9299.07,6710.12
2022-07-24 18:06:50,9300.96,6708.23
2022-07-24 18:06:49,9309.73,6699.46
2022-07-24 18:06:48,9324.89,6684.3
2022-07-24 18:06:47,9361.23,6647.96
2022-07-24 18:06:46,9405.83,6603.36
2022-07-24 18:06:45,9407.1,6602.09
2022-07-24 18:06:44,9425.85,6583.34
2022-07-24 18:06:43,9465.69,6543.5
2022-07-24 18:06:42,9533.82,6475.37
2022-07-24 18:06:41,9535.18,6474
2022-07-24 18:06:40,9573.73,6435.46
2022-07-24 18:06:39,9615.46,6393.73
2022-07-24 18:06:38,9636.88,6372.31
2022-07-24 18:06:37,9667.05,6342.14
2022-07-24 18:06:36,9719.23,6289.96
2022-07-24 18:06:35,9772.09,6237.09
2022-07-24 18:06:34,9865.98,6143.2
2022-07-24 18:06:33,10063.2,5946.03
2022-07-24 18:06:32,10279.1,5730.13
2022-07-24 18:06:31,10627.1,5382.04
2022-07-24 18:06:30,10709.6,5299.55
2022-07-24 18:06:29,10955.8,5053.37
2022-07-24 18:06:28,11212.6,4796.56
2022-07-24 18:06:27,11332.5,4676.69
2022-07-24 18:06:26,11412.9,4596.29
2022-07-24 18:06:25,11601,4408.17
2022-07-24 18:06:24,11812.8,4196.43
2022-07-24 18:06:23,11966.3,4042.9
2022-07-24 18:06:22,11595.1,4414.14
2022-07-24 18:06:21,10574.8,5434.41
2022-07-24 18:06:20,10145.7,5863.48
2022-07-24 18:06:19,9575.2,6433.99
2022-07-24 18:06:18,9596.88,6412.31
2022-07-24 18:06:17,9086.97,6922.22
2022-07-24 18:06:16,9087.27,6921.92
2022-07-24 18:06:15,9089.7,6919.49
2022-07-24 18:06:14,9105.88,6903.3
2022-07-24 18:06:13,9108.73,6900.46
2022-07-24 18:06:12,9110.78,6898.41
2022-07-24 18:06:11,9113.44,6895.75
2022-07-24 18:06:10,9133.44,6875.75
2022-07-24 18:06:09,9134.68,6874.51
2022-07-24 18:06:08,9136.02,6873.17
2022-07-24 18:06:07,9136.16,6873.03
2022-07-24 18:06:06,9166.4,6842.78
2022-07-24 18:06:05,9166.89,6842.3
2022-07-24 18:06:04,9169.13,6840.06
2022-07-24 18:06:03,9171,6838.19
2022-07-24 18:06:02,9207.67,6801.52
2022-07-24 18:06:01,9207.51,6801.68
2022-07-24 18:06:00,9217.88,6791.3
2022-07-24 18:05:59,9230.08,6779.11
2022-07-24 18:05:58,9246.61,6762.57
2022-07-24 18:05:57,9242.56,6766.63
2022-07-24 18:05:56,9270.07,6739.11
2022-07-24 18:05:55,9327.88,6681.31
2022-07-24 18:05:54,9357.41,6651.77
2022-07-24 18:05:53,9374.45,6634.73
2022-07-24 18:05:52,9503.55,6505.64
2022-07-24 18:05:51,9512.59,6496.59
2022-07-24 18:05:50,9561.54,6447.64
2022-07-24 18:05:49,10035.1,5974.07
2022-07-24 18:05:48,10192.5,5816.67
2022-07-24 18:05:47,10295.1,5714.06
2022-07-24 18:05:46,10494.7,5514.53
2022-07-24 18:05:45,10868.5,5140.65
2022-07-24 18:05:44,11009.9,4999.29
2022-07-24 18:05:43,11257.4,4751.78
2022-07-24 18:05:42,11402.3,4606.91
2022-07-24 18:05:41,11517.7,4491.47
2022-07-24 18:05:40,11782.8,4226.36
2022-07-24 18:05:39,11309.6,4699.64
2022-07-24 18:05:38,11280.3,4728.93
2022-07-24 18:05:37,10900.3,5108.87
2022-07-24 18:05:36,10618.6,5390.54
2022-07-24 18:05:35,9527.71,6481.48
2022-07-24 18:05:34,9574.43,6434.76
2022-07-24 18:05:33,9597.41,6411.78
2022-07-24 18:05:32,9109.39,6899.8
2022-07-24 18:05:31,9112.1,6897.09
2022-07-24 18:05:30,9111.07,6898.12
2022-07-24 18:05:29,9112.37,6896.82
2022-07-24 18:05:28,9114.77,6894.41
2022-07-24 18:05:27,9121.09,6888.1
2022-07-24 18:05:26,9123.13,6886.05
2022-07-24 18:05:25,9123.35,6885.84
2022-07-24 18:05:24,9126.34,6882.85
2022-07-24 18:05:23,9149.49,6859.7
2022-07-24 18:05:22,9149.33,6859.86
2022-07-24 18:05:21,9152.06,6857.13
2022-07-24 18:05:20,9153.12,6856.07
2022-07-24 18:05:19,9198.93,6810.26
2022-07-24 18:05:18,9216.32,6792.87
2022-07-24 18:05:17,9218.66,6790.52
2022-07-24 18:05:16,9220.16,6789.02
2022-07-24 18:05:15,9287.69,6721.5
2022-07-24 18:05:14,9296.79,6712.39
2022-07-24 18:05:13,9300.4,6708.79
2022-07-24 18:05:12,9324.93,6684.26
2022-07-24 18:05:11,9388.97,6620.22
2022-07-24 18:05:10,9384.86,6624.33
2022-07-24 18:05:09,9389.57,6619.62
2022-07-24 18:05:08,9551.43,6457.75
2022-07-24 18:05:07,9578.19,6431
2022-07-24 18:05:06,9704.92,6304.27
2022-07-24 18:05:05,10046.1,5963.09
2022-07-24 18:05:04,10189.9,5819.25
2022-07-24 18:05:03,10349.4,5659.83
2022-07-24 18:05:02,10559.3,5449.86
2022-07-24 18:05:01,10645.2,5364.02
2022-07-24 18:05:00,10840.5,5168.64
2022-07-24 18:04:59,11246.9,4762.26
2022-07-24 18:04:58,11357.4,4651.77
2022-07-24 18:04:57,11525.8,4483.44
2022-07-24 18:04:56,11795.1,4214.09
2022-07-24 18:04:55,11406.7,4602.48
2022-07-24 18:04:54,11008.4,5000.84
2022-07-24 18:04:53,11070.5,4938.69
2022-07-24 18:04:52,10721,5288.16
2022-07-24 18:04:51,10201.1,5808.07
2022-07-24 18:04:50,9746.66,6262.53
2022-07-24 18:04:49,9250.41,6758.77
2022-07-24 18:04:48,9253.95,6755.23
2022-07-24 18:04:47,9264.12,6745.07
2022-07-24 18:04:46,9266.95,6742.24
2022-07-24 18:04:45,9268.96,6740.23
2022-07-24 18:04:44,9270,6739.18
2022-07-24 18:04:43,9277.72,6731.47
2022-07-24 18:04:42,9287.85,6721.34
2022-07-24 18:04:41,9288.81,6720.38
2022-07-24 18:04:40,9290.31,6718.88
2022-07-24 18:04:39,9303.8,6705.39
2022-07-24 18:04:38,9320.55,6688.64
2022-07-24 18:04:37,9322.67,6686.52
2022-07-24 18:04:36,9325.96,6683.23
2022-07-24 18:04:35,9342.65,6666.53
2022-07-24 18:04:34,9386.79,6622.39
2022-07-24 18:04:33,9395.95,6613.24
2022-07-24 18:04:32,9398.55,6610.63
2022-07-24 18:04:31,9418.06,6591.12
2022-07-24 18:04:30,9493.32,6515.87
2022-07-24 18:04:29,9494.43,6514.76
2022-07-24 18:04:28,9515.98,6493.2
2022-07-24 18:04:27,9543.71,6465.48
2022-07-24 18:04:26,9608.55,6400.64
2022-07-24 18:04:25,9627.18,6382.01
2022-07-24 18:04:24,9629.73,6379.45
2022-07-24 18:04:23,9756.97,6252.22
2022-07-24 18:04:22,9846.31,6162.88
2022-07-24 18:04:21,9946.47,6062.72
2022-07-24 18:04:20,10185.9,5823.31
2022-07-24 18:04:19,10425.3,5583.93
2022-07-24 18:04:18,10793.2,5215.99
2022-07-24 18:04:17,10910,5099.24
2022-07-24 18:04:16,11041.7,4967.53
2022-07-24 18:04:15,11224.4,4784.84
2022-07-24 18:04:14,11388,4621.19
2022-07-24 18:04:13,11536.5,4472.64
2022-07-24 18:04:12,11654.4,4354.79
2022-07-24 18:04:11,11934.8,4074.37
2022-07-24 18:04:10,11460.9,4548.3
2022-07-24 18:04:09,10533.6,5475.55
2022-07-24 18:04:08,10092.3,5916.88
2022-07-24 18:04:07,9544.84,6464.35
2022-07-24 18:04:06,9588.75,6420.43
2022-07-24 18:04:05,9612.05,6397.14
2022-07-24 18:04:04,8992.28,7016.91
2022-07-24 18:04:03,8994.61,7014.58
2022-07-24 18:04:02,8996.39,7012.8
2022-07-24 18:04:01,8997.05,7012.13
2022-07-24 18:04:00,8997.1,7012.09
2022-07-24 18:03:59,9005.02,7004.16
2022-07-24 18:03:58,9008.08,7001.11
2022-07-24 18:03:57,9007.94,7001.25
2022-07-24 18:03:56,9009.02,7000.17
2022-07-24 18:03:55,9024.41,6984.77
2022-07-24 18:03:54,9025.61,6983.58
2022-07-24 18:03:53,9027.88,6981.31
2022-07-24 18:03:52,9027.02,6982.17
2022-07-24 18:03:51,9032.82,6976.37
2022-07-24 18:03:50,9050.56,6958.63
2022-07-24 18:03:49,9088.98,6920.21
2022-07-24 18:03:48,9094.7,6914.49
2022-07-24 18:03:47,9116.44,6892.75
2022-07-24 18:03:46,9107.45,6901.73
2022-07-24 18:03:45,9151.49,6857.7
2022-07-24 18:03:44,9150.9,6858.29
2022-07-24 18:03:43,9173.98,6835.2
2022-07-24 18:03:42,9174.5,6834.68
2022-07-24 18:03:41,9230.59,6778.6
2022-07-24 18:03:40,9252.22,6756.96
2022-07-24 18:03:39,9227.39,6781.8
2022-07-24 18:03:38,9309.05,6700.13
2022-07-24 18:03:37,9470.92,6538.27
2022-07-24 18:03:36,9540.08,6469.11
2022-07-24 18:03:35,9726.75,6282.44
2022-07-24 18:03:34,10201.8,5807.35
2022-07-24 18:03:33,10425,5584.15
2022-07-24 18:03:32,10859.1,5150.1
2022-07-24 18:03:31,11022,4987.17
2022-07-24 18:03:30,11117.3,4891.87
2022-07-24 18:03:29,11230,4779.23
2022-07-24 18:03:28,11516.4,4492.82
2022-07-24 18:03:27,11721.8,4287.4
2022-07-24 18:03:26,11922.3,4086.85
2022-07-24 18:03:25,12021.8,3987.42
2022-07-24 18:03:24,9996,6013.19
2022-07-24 18:03:23,9422.39,6586.8
2022-07-24 18:03:22,9471.89,6537.29
2022-07-24 18:03:21,9494.73,6514.46
2022-07-24 18:03:20,8988.25,7020.94
2022-07-24 18:03:19,8992.87,7016.31
2022-07-24 18:03:18,8993.75,7015.44
2022-07-24 18:03:17,8992.97,7016.21
2022-07-24 18:03:16,8993.55,7015.63
2022-07-24 18:03:15,8996.57,7012.62
2022-07-24 18:03:14,8998.42,7010.77
2022-07-24 18:03:13,8999.36,7009.82
2022-07-24 18:03:12,8998.63,7010.56
2022-07-24 18:03:11,9015.49,6993.7
2022-07-24 18:03:10,9017.22,6991.97
2022-07-24 18:03:09,9017.23,6991.96
2022-07-24 18:03:08,9018.43,6990.75
2022-07-24 18:03:07,9037.43,6971.76
2022-07-24 18:03:06,9031.16,6978.02
2022-07-24 18:03:05,9034.91,6974.28
2022-07-24 18:03:04,9035.24,6973.95
2022-07-24 18:03:03,9050.43,6958.76
2022-07-24 18:03:02,9050.25,6958.94
2022-07-24 18:03:01,9080.3,6928.89
2022-07-24 18:03:00,9079.91,6929.28
2022-07-24 18:02:59,9100.97,6908.21
2022-07-24 18:02:58,9112.91,6896.28
2022-07-24 18:02:57,9152.98,6856.21
2022-07-24 18:02:56,9159.71,6849.48
2022-07-24 18:02:55,9159.19,6850
2022-07-24 18:02:54,9295.07,6714.12
2022-07-24 18:02:53,9429.72,6579.47
2022-07-24 18:02:52,9493.34,6515.84
2022-07-24 18:02:51,9723.73,6285.46
2022-07-24 18:02:50,10357.7,5651.48
2022-07-24 18:02:49,10531.6,5477.55
2022-07-24 18:02:48,10725.9,5283.25
2022-07-24 18:02:47,11115.3,4893.93
2022-07-24 18:02:46,11259.3,4749.86
2022-07-24 18:02:45,11374.3,4634.87
2022-07-24 18:02:44,11489.8,4519.36
2022-07-24 18:02:43,11643.5,4365.67
2022-07-24 18:02:42,11908.1,4101.12
2022-07-24 18:02:41,12136.8,3872.41
2022-07-24 18:02:40,10619.3,5389.9
2022-07-24 18:02:39,10144.9,5864.32
2022-07-24 18:02:38,9679.39,6329.8
2022-07-24 18:02:37,9727.18,6282
2022-07-24 18:02:36,9091.28,6917.91
2022-07-24 18:02:35,9104.04,6905.15
2022-07-24 18:02:34,9107.13,6902.05
2022-07-24 18:02:33,9107.83,6901.36
2022-07-24 18:02:32,9109.41,6899.78
2022-07-24 18:02:31,9123.92,6885.27
2022-07-24 18:02:30,9125.2,6883.98
2022-07-24 18:02:29,9127.76,6881.43
2022-07-24 18:02:28,9128.45,6880.74
2022-07-24 18:02:27,9146.33,6862.86
2022-07-24 18:02:26,9147.3,6861.88
2022-07-24 18:02:25,9149.3,6859.89
2022-07-24 18:02:24,9163.29,6845.9
2022-07-24 18:02:23,9178.04,6831.15
2022-07-24 18:02:22,9179.98,6829.21
2022-07-24 18:02:21,9190.07,6819.12
2022-07-24 18:02:20,9201.88,6807.31
2022-07-24 18:02:19,9220.04,6789.15
2022-07-24 18:02:18,9218.75,6790.44
2022-07-24 18:02:17,9265.07,6744.12
2022-07-24 18:02:16,9279.19,6730
2022-07-24 18:02:15,9302.29,6706.89
2022-07-24 18:02:14,9314.64,6694.54
2022-07-24 18:02:13,9392.68,6616.51
2022-07-24 18:02:12,9416.78,6592.41
2022-07-24 18:02:11,9434.36,6574.82
2022-07-24 18:02:10,9441.02,6568.16
2022-07-24 18:02:09,9619.53,6389.66
2022-07-24 18:02:08,9701.48,6307.71
2022-07-24 18:02:07,9796.18,6213
2022-07-24 18:02:06,10054.1,5955.05
2022-07-24 18:02:05,10461.7,5547.47
2022-07-24 18:02:04,10820.7,5188.52
2022-07-24 18:02:03,10944.3,5064.89
2022-07-24 18:02:02,11050.6,4958.61
2022-07-24 18:02:01,11160.7,4848.44
2022-07-24 18:02:00,11483.1,4526.13
2022-07-24 18:01:59,11707,4302.19
2022-07-24 18:01:58,11864.8,4144.39
2022-07-24 18:01:57,12091.4,3917.83
2022-07-24 18:01:56,10371.9,5637.28
2022-07-24 18:01:55,10027.9,5981.26
2022-07-24 18:01:54,9549.21,6459.98
2022-07-24 18:01:53,9591.29,6417.89
2022-07-24 18:01:52,9089.12,6920.06
2022-07-24 18:01:51,9091.46,6917.73
2022-07-24 18:01:50,9092.68,6916.51
2022-07-24 18:01:49,9093.95,6915.23
2022-07-24 18:01:48,9096.2,6912.98
2022-07-24 18:01:47,9097.87,6911.32
2022-07-24 18:01:46,9100.1,6909.09
2022-07-24 18:01:45,9101.85,6907.34
2022-07-24 18:01:44,9102.52,6906.67
2022-07-24 18:01:43,9104.03,6905.16
2022-07-24 18:01:42,9104.85,6904.34
2022-07-24 18:01:41,9111.37,6897.82
2022-07-24 18:01:40,9112.33,6896.86
2022-07-24 18:01:39,9113.84,6895.35
2022-07-24 18:01:38,9115.24,6893.95
2022-07-24 18:01:37,9170.18,6839.01
2022-07-24 18:01:36,9169.28,6839.91
2022-07-24 18:01:35,9173.77,6835.42
2022-07-24 18:01:34,9172.92,6836.27
2022-07-24 18:01:33,9240.64,6768.54
2022-07-24 18:01:32,9240.56,6768.63
2022-07-24 18:01:31,9243.56,6765.63
2022-07-24 18:01:30,9272.56,6736.62
2022-07-24 18:01:29,9350.93,6658.26
2022-07-24 18:01:28,9364.95,6644.23
2022-07-24 18:01:27,9346.86,6662.33
2022-07-24 18:01:26,9415.64,6593.54
2022-07-24 18:01:25,9582.69,6426.5
2022-07-24 18:01:24,9651.67,6357.52
2022-07-24 18:01:23,9694.77,6314.41
2022-07-24 18:01:22,9969.43,6039.75
2022-07-24 18:01:21,10754.3,5254.87
2022-07-24 18:01:20,10924.8,5084.34
2022-07-24 18:01:19,11143.3,4865.87
2022-07-24 18:01:18,11247.5,4761.74
2022-07-24 18:01:17,11355.2,4653.98
2022-07-24 18:01:16,11569.1,4440.04
2022-07-24 18:01:15,11690.8,4318.38
2022-07-24 18:01:14,11878.4,4130.76
2022-07-24 18:01:13,12035.2,3973.97
2022-07-24 18:01:12,12255.7,3753.46
2022-07-24 18:01:11,10664.5,5344.71
2022-07-24 18:01:10,9713.57,6295.61
2022-07-24 18:01:09,9713.31,6295.88
2022-07-24 18:01:08,9200.78,6808.41
2022-07-24 18:01:07,9209.44,6799.74
2022-07-24 18:01:06,9226.21,6782.98
2022-07-24 18:01:05,9226.86,6782.33
2022-07-24 18:01:04,9230.21,6778.97
2022-07-24 18:01:03,9238.47,6770.72
2022-07-24 18:01:02,9270.74,6738.45
2022-07-24 18:01:01,9270.32,6738.87
2022-07-24 18:01:00,9279.45,6729.74
2022-07-24 18:00:59,9290.3,6718.89
2022-07-24 18:00:58,9318.19,6691
2022-07-24 18:00:57,9322.45,6686.73
2022-07-24 18:00:56,9325.41,6683.77
2022-07-24 18:00:55,9348.19,6660.99
2022-07-24 18:00:54,9390.07,6619.11
2022-07-24 18:00:53,9406.72,6602.46
2022-07-24 18:00:52,9411.66,6597.53
2022-07-24 18:00:51,9445.05,6564.14
2022-07-24 18:00:50,9483.95,6525.23
2022-07-24 18:00:49,9492.77,6516.41
2022-07-24 18:00:48,9523.03,6486.16
2022-07-24 18:00:47,9554.59,6454.6
2022-07-24 18:00:46,9580.8,6428.39
2022-07-24 18:00:45,9625.03,6384.16
2022-07-24 18:00:44,9627.77,6381.42
2022-07-24 18:00:43,9662.85,6346.34
2022-07-24 18:00:42,9686.47,6322.71
2022-07-24 18:00:41,9692.74,6316.45
2022-07-24 18:00:40,9883.51,6125.68
2022-07-24 18:00:39,9905.07,6104.12
2022-07-24 18:00:38,9994.88,6014.31
2022-07-24 18:00:37,10461,5548.17
2022-07-24 18:00:36,10900.8,5108.35
2022-07-24 18:00:35,11099.1,4910.09
2022-07-24 18:00:34,11219,4790.21
2022-07-24 18:00:33,11312.4,4696.8
2022-07-24 18:00:32,11440.6,4568.57
2022-07-24 18:00:31,11610,4399.21
2022-07-24 18:00:30,11762.7,4246.45
2022-07-24 18:00:29,11912.4,4096.75
2022-07-24 18:00:28,12110.2,3898.99
2022-07-24 18:00:27,11952,4057.21
2022-07-24 18:00:26,9453.48,6555.71
2022-07-24 18:00:25,9476.62,6532.57
2022-07-24 18:00:24,8972.43,7036.75
2022-07-24 18:00:23,8970.78,7038.4
2022-07-24 18:00:22,8974.07,7035.11
2022-07-24 18:00:21,8974.34,7034.84
2022-07-24 18:00:20,8981.65,7027.54
2022-07-24 18:00:19,8984.44,7024.75
2022-07-24 18:00:18,8991.93,7017.26
2022-07-24 18:00:17,8992.44,7016.75
2022-07-24 18:00:16,8994.04,7015.15
2022-07-24 18:00:15,9003.27,7005.91
2022-07-24 18:00:14,9006.59,7002.59
2022-07-24 18:00:13,9020.16,6989.02
2022-07-24 18:00:12,9019.7,6989.49
2022-07-24 18:00:11,9039.25,6969.94
2022-07-24 18:00:10,9038.98,6970.21
2022-07-24 18:00:09,9056.33,6952.86
2022-07-24 18:00:08,9057.6,6951.59
2022-07-24 18:00:07,9075.87,6933.32
2022-07-24 18:00:06,9076.64,6932.55
2022-07-24 18:00:05,9098.24,6910.95
2022-07-24 18:00:04,9116.52,6892.66
2022-07-24 18:00:03,9117.17,6892.02
2022-07-24 18:00:02,9138.43,6870.76
2022-07-24 18:00:01,9156.79,6852.39
2022-07-24 18:00:00,9184.05,6825.13
2022-07-24 17:59:59,9192.25,6816.93
2022-07-24 17:59:58,9195.55,6813.64
2022-07-24 17:59:57,9277.94,6731.25
2022-07-24 17:59:56,9365.21,6643.97
2022-07-24 17:59:55,9458.96,6550.23
2022-07-24 17:59:54,9968.83,6040.36
2022-07-24 17:59:53,10210.9,5798.31
2022-07-24 17:59:52,10499,5510.21
2022-07-24 17:59:51,10928.9,5080.29
2022-07-24 17:59:50,11125.9,4883.27
2022-07-24 17:59:49,11245.5,4763.64
2022-07-24 17:59:48,11382.8,4626.36
2022-07-24 17:59:47,11544.6,4464.58
2022-07-24 17:59:46,11768.3,4240.9
2022-07-24 17:59:45,11907.8,4101.43
2022-07-24 17:59:44,12090.7,3918.53
2022-07-24 17:59:43,11100.8,4908.39
2022-07-24 17:59:42,10149.1,5860.11
2022-07-24 17:59:41,9716.41,6292.77
2022-07-24 17:59:40,9734.91,6274.28
2022-07-24 17:59:39,9116.77,6892.41
2022-07-24 17:59:38,9116.37,6892.82
2022-07-24 17:59:37,9128.17,6881.02
2022-07-24 17:59:36,9128.61,6880.58
2022-07-24 17:59:35,9128.32,6880.87
2022-07-24 17:59:34,9129.92,6879.27
2022-07-24 17:59:33,9137.18,6872.01
2022-07-24 17:59:32,9141.99,6867.2
2022-07-24 17:59:31,9144.81,6864.38
2022-07-24 17:59:30,9152.41,6856.77
2022-07-24 17:59:29,9154.23,6854.96
2022-07-24 17:59:28,9158.01,6851.18
2022-07-24 17:59:27,9175.96,6833.23
2022-07-24 17:59:26,9197.98,6811.21
2022-07-24 17:59:25,9197.74,6811.44
2022-07-24 17:59:24,9199.61,6809.58
2022-07-24 17:59:23,9214.59,6794.6
2022-07-24 17:59:22,9254.25,6754.94
2022-07-24 17:59:21,9255.47,6753.71
2022-07-24 17:59:20,9268.07,6741.11
2022-07-24 17:59:19,9303.76,6705.43
2022-07-24 17:59:18,9327.4,6681.79
2022-07-24 17:59:17,9329.64,6679.55
2022-07-24 17:59:16,9410.63,6598.55
2022-07-24 17:59:15,9402.97,6606.21
2022-07-24 17:59:14,9409.46,6599.73
2022-07-24 17:59:13,9482.34,6526.85
2022-07-24 17:59:12,9568.87,6440.32
2022-07-24 17:59:11,9653.75,6355.43
2022-07-24 17:59:10,9797.45,6211.74
2022-07-24 17:59:09,9938.21,6070.98
2022-07-24 17:59:08,10417.5,5591.73
2022-07-24 17:59:07,10646.5,5362.64
2022-07-24 17:59:06,10823.3,5185.9
2022-07-24 17:59:05,11037.4,4971.8
2022-07-24 17:59:04,11149.8,4859.4
2022-07-24 17:59:03,11240.1,4769.06
2022-07-24 17:59:02,11587.4,4421.83
2022-07-24 17:59:01,11787.3,4221.87
2022-07-24 17:59:00,11955.4,4053.75
2022-07-24 17:58:59,11641.4,4367.74
2022-07-24 17:58:58,10601.6,5407.63
2022-07-24 17:58:57,10179.9,5829.24
2022-07-24 17:58:56,9727.91,6281.28
2022-07-24 17:58:55,9263.85,6745.34
2022-07-24 17:58:54,9269.62,6739.56
2022-07-24 17:58:53,9279.72,6729.47
2022-07-24 17:58:52,9291.54,6717.65
2022-07-24 17:58:51,9299.46,6709.72
2022-07-24 17:58:50,9309.8,6699.38
2022-07-24 17:58:49,9319.33,6689.86
2022-07-24 17:58:48,9332.71,6676.48
2022-07-24 17:58:47,9341.67,6667.52
2022-07-24 17:58:46,9354.5,6654.68
2022-07-24 17:58:45,9364.73,6644.46
2022-07-24 17:58:44,9376.65,6632.54
2022-07-24 17:58:43,9391.04,6618.15
2022-07-24 17:58:42,9399.55,6609.63
2022-07-24 17:58:41,9404.23,6604.95
2022-07-24 17:58:40,9435.84,6573.35
2022-07-24 17:58:39,9460.09,6549.09
2022-07-24 17:58:38,9478.13,6531.06
2022-07-24 17:58:37,9512.97,6496.22
2022-07-24 17:58:36,9516.66,6492.53
2022-07-24 17:58:35,9544.2,6464.98
2022-07-24 17:58:34,9595.07,6414.12
2022-07-24 17:58:33,9598.93,6410.26
2022-07-24 17:58:32,9625.62,6383.56
2022-07-24 17:58:31,9682.41,6326.77
2022-07-24 17:58:30,9696.39,6312.79
2022-07-24 17:58:29,9697.95,6311.23
2022-07-24 17:58:28,9761.34,6247.85
2022-07-24 17:58:27,9842.92,6166.27
2022-07-24 17:58:26,10029.3,5979.86
2022-07-24 17:58:25,10153.9,5855.32
2022-07-24 17:58:24,10557.8,5451.42
2022-07-24 17:58:23,10827.1,5182.05
2022-07-24 17:58:22,10944.4,5064.8
2022-07-24 17:58:21,11205.1,4804.13
2022-07-24 17:58:20,11316.8,4692.39
2022-07-24 17:58:19,11545,4464.18
2022-07-24 17:58:18,11684.3,4324.92
2022-07-24 17:58:17,11788.2,4221.02
2022-07-24 17:58:16,11950.5,4058.72
2022-07-24 17:58:15,11583,4426.15
2022-07-24 17:58:14,11390.7,4618.48
2022-07-24 17:58:13,10207.1,5802.13
2022-07-24 17:58:12,9736.2,6272.99
2022-07-24 17:58:11,9228.05,6781.14
2022-07-24 17:58:10,9229.22,6779.97
2022-07-24 17:58:09,9248.59,6760.59
2022-07-24 17:58:08,9253.76,6755.43
2022-07-24 17:58:07,9256.82,6752.36
2022-07-24 17:58:06,9258.52,6750.67
2022-07-24 17:58:05,9280.14,6729.04
2022-07-24 17:58:04,9295.48,6713.71
2022-07-24 17:58:03,9308.95,6700.24
2022-07-24 17:58:02,9318.58,6690.61
2022-07-24 17:58:01,9335.56,6673.63
2022-07-24 17:58:00,9350.03,6659.16
2022-07-24 17:57:59,9378.16,6631.02
2022-07-24 17:57:58,9393.79,6615.39
2022-07-24 17:57:57,9408.77,6600.41
2022-07-24 17:57:56,9425.99,6583.2
2022-07-24 17:57:55,9474.52,6534.67
2022-07-24 17:57:54,9476.2,6532.99
2022-07-24 17:57:53,9490.57,6518.62
2022-07-24 17:57:52,9526.81,6482.38
2022-07-24 17:57:51,9562.93,6446.26
2022-07-24 17:57:50,9565.02,6444.17
2022-07-24 17:57:49,9595.9,6413.28
2022-07-24 17:57:48,9648.8,6360.39
2022-07-24 17:57:47,9641.56,6367.63
2022-07-24 17:57:46,9688,6321.19
2022-07-24 17:57:45,9712.55,6296.63
2022-07-24 17:57:44,9718.23,6290.96
2022-07-24 17:57:43,9816.03,6193.16
2022-07-24 17:57:42,9912.59,6096.59
2022-07-24 17:57:41,10123.3,5885.92
2022-07-24 17:57:40,10405.8,5603.41
2022-07-24 17:57:39,10691,5318.22
2022-07-24 17:57:38,10826.8,5182.42
2022-07-24 17:57:37,11099.1,4910.09
2022-07-24 17:57:36,11255,4754.23
2022-07-24 17:57:35,11486.4,4522.78
2022-07-24 17:57:34,11621.1,4388.05
2022-07-24 17:57:33,11776,4233.16
2022-07-24 17:57:32,11934.6,4074.57
2022-07-24 17:57:31,12094.9,3914.31
2022-07-24 17:57:30,11247.8,4761.43
2022-07-24 17:57:29,10332.3,5676.92
2022-07-24 17:57:28,9853.04,6156.15
2022-07-24 17:57:27,9363.07,6646.12
2022-07-24 17:57:26,9367.47,6641.72
2022-07-24 17:57:25,9369.43,6639.76
2022-07-24 17:57:24,9374.03,6635.15
2022-07-24 17:57:23,9379.93,6629.25
2022-07-24 17:57:22,9383.93,6625.26
2022-07-24 17:57:21,9385.03,6624.16
2022-07-24 17:57:20,9394.41,6614.78
2022-07-24 17:57:19,9403.41,6605.78
2022-07-24 17:57:18,9406.77,6602.41
2022-07-24 17:57:17,9422.66,6586.53
2022-07-24 17:57:16,9466.4,6542.79
2022-07-24 17:57:15,9479.5,6529.68
2022-07-24 17:57:14,9495.82,6513.37
2022-07-24 17:57:13,9504.25,6504.94
2022-07-24 17:57:12,9545.42,6463.77
2022-07-24 17:57:11,9572.02,6437.17
2022-07-24 17:57:10,9590.74,6418.45
2022-07-24 17:57:09,9611.48,6397.71
2022-07-24 17:57:08,9649.88,6359.31
2022-07-24 17:57:07,9666.37,6342.82
2022-07-24 17:57:06,9688.7,6320.49
2022-07-24 17:57:05,9738.02,6271.17
2022-07-24 17:57:04,9757.13,6252.06
2022-07-24 17:57:03,9794.93,6214.26
2022-07-24 17:57:02,9832.6,6176.59
2022-07-24 17:57:01,9855.85,6153.34
2022-07-24 17:57:00,9892.87,6116.32
2022-07-24 17:56:59,10004.7,6004.5
2022-07-24 17:56:58,10071,5938.18
2022-07-24 17:56:57,10204.2,5804.95
2022-07-24 17:56:56,10602.8,5406.37
2022-07-24 17:56:55,10775.7,5233.5
2022-07-24 17:56:54,10895.4,5113.75
2022-07-24 17:56:53,11219.3,4789.88
2022-07-24 17:56:52,11351.2,4657.97
2022-07-24 17:56:51,11536.1,4473.11
2022-07-24 17:56:50,11640.4,4368.8
2022-07-24 17:56:49,11780.5,4228.69
2022-07-24 17:56:48,11913.6,4095.57
2022-07-24 17:56:47,12099.6,3909.6
2022-07-24 17:56:46,11342.2,4667.02
2022-07-24 17:56:45,10130.3,5878.9
2022-07-24 17:56:44,9650.29,6358.9
2022-07-24 17:56:43,9058.03,6951.15
2022-07-24 17:56:42,9075.25,6933.94
2022-07-24 17:56:41,9076.39,6932.8
2022-07-24 17:56:40,9077.51,6931.68
2022-07-24 17:56:39,9076.9,6932.29
2022-07-24 17:56:38,9097.44,6911.75
2022-07-24 17:56:37,9097.99,6911.2
2022-07-24 17:56:36,9098.78,6910.41
2022-07-24 17:56:35,9099.66,6909.53
2022-07-24 17:56:34,9116.79,6892.39
2022-07-24 17:56:33,9119.06,6890.12
2022-07-24 17:56:32,9118.77,6890.42
2022-07-24 17:56:31,9125.7,6883.49
2022-07-24 17:56:30,9148.57,6860.61
2022-07-24 17:56:29,9150.52,6858.66
2022-07-24 17:56:28,9151.71,6857.48
2022-07-24 17:56:27,9171.89,6837.3
2022-07-24 17:56:26,9184.27,6824.92
2022-07-24 17:56:25,9199.56,6809.63
2022-07-24 17:56:24,9213.84,6795.34
2022-07-24 17:56:23,9214.99,6794.2
2022-07-24 17:56:22,9217.62,6791.57
2022-07-24 17:56:21,9259.25,6749.93
2022-07-24 17:56:20,9276.45,6732.73
2022-07-24 17:56:19,9291.36,6717.83
2022-07-24 17:56:18,9296.52,6712.67
2022-07-24 17:56:17,9367.86,6641.32
2022-07-24 17:56:16,9368.82,6640.36
2022-07-24 17:56:15,9442.45,6566.74
2022-07-24 17:56:14,9680.69,6328.49
2022-07-24 17:56:13,9827.6,6181.59
2022-07-24 17:56:12,9973.94,6035.25
2022-07-24 17:56:11,10335.8,5673.43
2022-07-24 17:56:10,10571.7,5437.52
2022-07-24 17:56:09,10947,5062.18
2022-07-24 17:56:08,11105.1,4904.12
2022-07-24 17:56:07,11448.3,4560.84
2022-07-24 17:56:06,11633.9,4375.29
2022-07-24 17:56:05,11772.2,4236.96
2022-07-24 17:56:04,11425.7,4583.52
2022-07-24 17:56:03,11559.7,4449.47
2022-07-24 17:56:02,11702.8,4306.43
2022-07-24 17:56:01,10294.2,5715
2022-07-24 17:56:00,9811.32,6197.86
2022-07-24 17:55:59,9215.5,6793.68
2022-07-24 17:55:58,9214.9,6794.29
2022-07-24 17:55:57,9228.35,6780.83
2022-07-24 17:55:56,9230.02,6779.17
2022-07-24 17:55:55,9238.99,6770.2
2022-07-24 17:55:54,9238.04,6771.15
2022-07-24 17:55:53,9253.73,6755.46
2022-07-24 17:55:52,9254.32,6754.87
2022-07-24 17:55:51,9271.18,6738
2022-07-24 17:55:50,9271.73,6737.46
2022-07-24 17:55:49,9276.95,6732.24
2022-07-24 17:55:48,9285.49,6723.7
2022-07-24 17:55:47,9302.04,6707.15
2022-07-24 17:55:46,9303.04,6706.15
2022-07-24 17:55:45,9312.01,6697.18
2022-07-24 17:55:44,9325.22,6683.97
2022-07-24 17:55:43,9329.33,6679.86
2022-07-24 17:55:42,9345.49,6663.7
2022-07-24 17:55:41,9362.82,6646.37
2022-07-24 17:55:40,9363.28,6645.91
2022-07-24 17:55:39,9393,6616.18
2022-07-24 17:55:38,9438.38,6570.81
2022-07-24 17:55:37,9467,6542.18
2022-07-24 17:55:36,9469.48,6539.71
2022-07-24 17:55:35,9569.54,6439.64
2022-07-24 17:55:34,9606.46,6402.72
2022-07-24 17:55:33,9629.83,6379.36
2022-07-24 17:55:32,9668.05,6341.13
2022-07-24 17:55:31,9756.94,6252.25
2022-07-24 17:55:30,9873.18,6136.01
2022-07-24 17:55:29,10095.8,5913.38
2022-07-24 17:55:28,10228.8,5780.41
2022-07-24 17:55:27,10527.4,5481.74
2022-07-24 17:55:26,10796.3,5212.85
2022-07-24 17:55:25,11024.6,4984.59
2022-07-24 17:55:24,11354.5,4654.68
2022-07-24 17:55:23,11492.3,4516.88
2022-07-24 17:55:22,11629.9,4379.33
2022-07-24 17:55:21,11775.3,4233.86
2022-07-24 17:55:20,11905.3,4103.9
2022-07-24 17:55:19,11601.9,4407.32
2022-07-24 17:55:18,11755,4254.18
2022-07-24 17:55:17,10238.5,5770.71
2022-07-24 17:55:16,9239.15,6770.04
2022-07-24 17:55:15,9247.98,6761.2
2022-07-24 17:55:14,9249.82,6759.36
2022-07-24 17:55:13,9256.57,6752.62
2022-07-24 17:55:12,9265.08,6744.11
2022-07-24 17:55:11,9280.25,6728.94
2022-07-24 17:55:10,9283.62,6725.57
2022-07-24 17:55:09,9290.86,6718.33
2022-07-24 17:55:08,9302.8,6706.39
2022-07-24 17:55:07,9314.27,6694.92
2022-07-24 17:55:06,9318.33,6690.86
2022-07-24 17:55:05,9328.04,6681.14
2022-07-24 17:55:04,9350.55,6658.64
2022-07-24 17:55:03,9379.53,6629.66
2022-07-24 17:55:02,9379.52,6629.66
2022-07-24 17:55:01,9391.18,6618.01
2022-07-24 17:55:00,9420.31,6588.87
2022-07-24 17:54:59,9438.75,6570.43
2022-07-24 17:54:58,9463.67,6545.52
2022-07-24 17:54:57,9493.39,6515.79
2022-07-24 17:54:56,9492.64,6516.54
2022-07-24 17:54:55,9508.37,6500.82
2022-07-24 17:54:54,9555.73,6453.45
2022-07-24 17:54:53,9572.52,6436.67
2022-07-24 17:54:52,9586.46,6422.73
2022-07-24 17:54:51,9648.01,6361.18
2022-07-24 17:54:50,9659.06,6350.13
2022-07-24 17:54:49,9673.98,6335.2
2022-07-24 17:54:48,9763.96,6245.23
2022-07-24 17:54:47,9811.73,6197.46
2022-07-24 17:54:46,10037.2,5972.02
2022-07-24 17:54:45,10302.2,5706.95
2022-07-24 17:54:44,10344.1,5665.07
2022-07-24 17:54:43,10438.6,5570.59
2022-07-24 17:54:42,10874.1,5135.11
2022-07-24 17:54:41,11130.2,4878.94
2022-07-24 17:54:40,11268.4,4740.81
2022-07-24 17:54:39,11535.5,4473.7
2022-07-24 17:54:38,11699.1,4310.14
2022-07-24 17:54:37,11819.2,4190
2022-07-24 17:54:36,11419.5,4589.73
2022-07-24 17:54:35,11055.6,4953.62
2022-07-24 17:54:34,11163.4,4845.75
2022-07-24 17:54:33,10757.6,5251.64
2022-07-24 17:54:32,9863.73,6145.46
2022-07-24 17:54:31,9882.39,6126.79
2022-07-24 17:54:30,9386.94,6622.25
2022-07-24 17:54:29,9387.54,6621.64
2022-07-24 17:54:28,9397.65,6611.53
2022-07-24 17:54:27,9426.99,6582.2
2022-07-24 17:54:26,9425.48,6583.71
2022-07-24 17:54:25,9432.43,6576.76
2022-07-24 17:54:24,9432.95,6576.23
2022-07-24 17:54:23,9480.97,6528.22
2022-07-24 17:54:22,9484.84,6524.35
2022-07-24 17:54:21,9505.66,6503.52
2022-07-24 17:54:20,9510.94,6498.25
2022-07-24 17:54:19,9549.89,6459.29
2022-07-24 17:54:18,9566.36,6442.83
2022-07-24 17:54:17,9587.84,6421.35
2022-07-24 17:54:16,9601.2,6407.99
2022-07-24 17:54:15,9646.39,6362.8
2022-07-24 17:54:14,9666.18,6343.01
2022-07-24 17:54:13,9695.64,6313.55
2022-07-24 17:54:12,9715.58,6293.61
2022-07-24 17:54:11,9743.75,6265.43
2022-07-24 17:54:10,9778.12,6231.07
2022-07-24 17:54:09,9816.53,6192.66
2022-07-24 17:54:08,9851.71,6157.47
2022-07-24 17:54:07,9884.75,6124.43
2022-07-24 17:54:06,9936.12,6073.06
2022-07-24 17:54:05,9985.01,6024.18
2022-07-24 17:54:04,10062.5,5946.66
2022-07-24 17:54:03,10210.2,5799.02
2022-07-24 17:54:02,10275,5734.18
2022-07-24 17:54:01,10457.3,5551.85
2022-07-24 17:54:00,10564.9,5444.33
2022-07-24 17:53:59,10785.2,5224
2022-07-24 17:53:58,10981,5028.2
2022-07-24 17:53:57,11140.3,4868.91
2022-07-24 17:53:56,11338,4671.21
2022-07-24 17:53:55,11479.7,4529.48
2022-07-24 17:53:54,11702.6,4306.61
2022-07-24 17:53:53,11331.5,4677.71
2022-07-24 17:53:52,11447.1,4562.1
2022-07-24 17:53:51,11562.1,4447.04
2022-07-24 17:53:50,11169.9,4839.25
2022-07-24 17:53:49,10750,5259.16
2022-07-24 17:53:48,9801.2,6207.99
2022-07-24 17:53:47,9317.5,6691.69
2022-07-24 17:53:46,9325.32,6683.86
2022-07-24 17:53:45,9340.03,6669.16
2022-07-24 17:53:44,9340.73,6668.46
2022-07-24 17:53:43,9342.74,6666.45
2022-07-24 17:53:42,9351.08,6658.11
2022-07-24 17:53:41,9354.55,6654.64
2022-07-24 17:53:40,9362.98,6646.21
2022-07-24 17:53:39,9365.79,6643.4
2022-07-24 17:53:38,9376.68,6632.5
2022-07-24 17:53:37,9378.48,6630.7
2022-07-24 17:53:36,9393.52,6615.67
2022-07-24 17:53:35,9399.66,6609.53
2022-07-24 17:53:34,9416.98,6592.2
2022-07-24 17:53:33,9417.48,6591.7
2022-07-24 17:53:32,9437.32,6571.87
2022-07-24 17:53:31,9454.77,6554.42
2022-07-24 17:53:30,9493.08,6516.11
2022-07-24 17:53:29,9525.64,6483.55
2022-07-24 17:53:28,9536.64,6472.55
2022-07-24 17:53:27,9570.71,6438.47
2022-07-24 17:53:26,9593.18,6416
2022-07-24 17:53:25,9650.91,6358.28
2022-07-24 17:53:24,9665.59,6343.6
2022-07-24 17:53:23,9722.98,6286.2
2022-07-24 17:53:22,9753.02,6256.16
2022-07-24 17:53:21,9816.5,6192.68
2022-07-24 17:53:20,9917.18,6092.01
2022-07-24 17:53:19,10080.8,5928.39
2022-07-24 17:53:18,10209.1,5800.13
2022-07-24 17:53:17,10421.7,5587.5
2022-07-24 17:53:16,10673.2,5336.03
2022-07-24 17:53:15,10760.9,5248.31
2022-07-24 17:53:14,10955.5,5053.72
2022-07-24 17:53:13,11181.1,4828.13
2022-07-24 17:53:12,11328.5,4680.71
2022-07-24 17:53:11,11444.4,4564.79
2022-07-24 17:53:10,11574.8,4434.42
2022-07-24 17:53:09,11806.9,4202.29
2022-07-24 17:53:08,11460.2,4548.95
2022-07-24 17:53:07,11066.2,4943.02
2022-07-24 17:53:06,11174.2,4835.02
2022-07-24 17:53:05,10018.2,5990.94
2022-07-24 17:53:04,9972.21,6036.98
2022-07-24 17:53:03,9497.52,6511.66
2022-07-24 17:53:02,9002.06,7007.13
2022-07-24 17:53:01,9001.21,7007.98
2022-07-24 17:53:00,9002.11,7007.08
2022-07-24 17:52:59,9002.34,7006.85
2022-07-24 17:52:58,9010.36,6998.83
2022-07-24 17:52:57,9011.8,6997.39
2022-07-24 17:52:56,9012.25,6996.94
2022-07-24 17:52:55,9016.31,6992.88
2022-07-24 17:52:54,9025.15,6984.04
2022-07-24 17:52:53,9025.06,6984.12
2022-07-24 17:52:52,9027.05,6982.14
2022-07-24 17:52:51,9028.25,6980.94
2022-07-24 17:52:50,9052.15,6957.04
2022-07-24 17:52:49,9053.03,6956.16
2022-07-24 17:52:48,9055.39,6953.8
2022-07-24 17:52:47,9056.74,6952.45
2022-07-24 17:52:46,9069.68,6939.5
2022-07-24 17:52:45,9070.99,6938.2
2022-07-24 17:52:44,9101.61,6907.58
2022-07-24 17:52:43,9113.72,6895.47
2022-07-24 17:52:42,9134.18,6875.01
2022-07-24 17:52:41,9134.15,6875.04
2022-07-24 17:52:40,9176.98,6832.2
2022-07-24 17:52:39,9206.73,6802.46
2022-07-24 17:52:38,9204.82,6804.37
2022-07-24 17:52:37,9237.84,6771.35
2022-07-24 17:52:36,9308.94,6700.25
2022-07-24 17:52:35,9392.57,6616.62
2022-07-24 17:52:34,9619.36,6389.83
2022-07-24 17:52:33,9859.57,6149.61
2022-07-24 17:52:32,10201.8,5807.41
2022-07-24 17:52:31,10345.7,5663.46
2022-07-24 17:52:30,10667.2,5341.97
2022-07-24 17:52:29,11069.5,4939.7
2022-07-24 17:52:28,11220.3,4788.91
2022-07-24 17:52:27,11384.5,4624.71
2022-07-24 17:52:26,11523.9,4485.29
2022-07-24 17:52:25,11762,4247.2
2022-07-24 17:52:24,11431,4578.23
2022-07-24 17:52:23,11539.5,4469.73
2022-07-24 17:52:22,11160.5,4848.64
2022-07-24 17:52:21,10769.6,5239.58
2022-07-24 17:52:20,9594.95,6414.24
2022-07-24 17:52:19,9623.75,6385.44
2022-07-24 17:52:18,9023.3,6985.89
2022-07-24 17:52:17,9023.69,6985.5
2022-07-24 17:52:16,9026.03,6983.15
2022-07-24 17:52:15,9024.88,6984.31
2022-07-24 17:52:14,9027.73,6981.46
2022-07-24 17:52:13,9029.08,6980.11
2022-07-24 17:52:12,9029.8,6979.39
2022-07-24 17:52:11,9032.2,6976.99
2022-07-24 17:52:10,9033.59,6975.6
2022-07-24 17:52:09,9032.71,6976.48
2022-07-24 17:52:08,9034.22,6974.97
2022-07-24 17:52:07,9046.78,6962.4
2022-07-24 17:52:06,9046.02,6963.17
2022-07-24 17:52:05,9051.06,6958.12
2022-07-24 17:52:04,9050.92,6958.27
2022-07-24 17:52:03,9087.4,6921.79
2022-07-24 17:52:02,9089,6920.18
2022-07-24 17:52:01,9110.78,6898.41
2022-07-24 17:52:00,9112.39,6896.8
2022-07-24 17:51:59,9166.07,6843.12
2022-07-24 17:51:58,9165.11,6844.07
2022-07-24 17:51:57,9190.67,6818.52
2022-07-24 17:51:56,9196.49,6812.7
2022-07-24 17:51:55,9255.54,6753.65
2022-07-24 17:51:54,9249.5,6759.69
2022-07-24 17:51:53,9282,6727.19
2022-07-24 17:51:52,9382.41,6626.78
2022-07-24 17:51:51,9421.59,6587.59
2022-07-24 17:51:50,9581.83,6427.36
2022-07-24 17:51:49,9739.78,6269.41
2022-07-24 17:51:48,10181.8,5827.42
2022-07-24 17:51:47,10301,5708.17
2022-07-24 17:51:46,10540.5,5468.71
2022-07-24 17:51:45,10923.3,5085.85
2022-07-24 17:51:44,11027.9,4981.24
2022-07-24 17:51:43,11148.6,4860.59
2022-07-24 17:51:42,11452.8,4556.37
2022-07-24 17:51:41,11681.5,4327.66
2022-07-24 17:51:40,11815.3,4193.88
2022-07-24 17:51:39,12027.7,3981.51
2022-07-24 17:51:38,11181.2,4827.99
2022-07-24 17:51:37,10268.7,5740.53
2022-07-24 17:51:36,10333.8,5675.35
2022-07-24 17:51:35,9767.89,6241.3
2022-07-24 17:51:34,9785.12,6224.07
2022-07-24 17:51:33,9155.91,6853.27
2022-07-24 17:51:32,9159.3,6849.89
2022-07-24 17:51:31,9165.39,6843.8
2022-07-24 17:51:30,9166.98,6842.2
2022-07-24 17:51:29,9173.58,6835.61
2022-07-24 17:51:28,9175.25,6833.94
2022-07-24 17:51:27,9183.31,6825.88
2022-07-24 17:51:26,9186.59,6822.6
2022-07-24 17:51:25,9192.68,6816.51
2022-07-24 17:51:24,9214.76,6794.43
2022-07-24 17:51:23,9215.32,6793.87
2022-07-24 17:51:22,9217.02,6792.16
2022-07-24 17:51:21,9248.85,6760.34
2022-07-24 17:51:20,9267.18,6742.01
2022-07-24 17:51:19,9284.45,6724.73
2022-07-24 17:51:18,9295.44,6713.75
2022-07-24 17:51:17,9327.53,6681.66
2022-07-24 17:51:16,9350.34,6658.85
2022-07-24 17:51:15,9363.7,6645.48
2022-07-24 17:51:14,9371.93,6637.26
2022-07-24 17:51:13,9396.39,6612.8
2022-07-24 17:51:12,9391.93,6617.26
2022-07-24 17:51:11,9410.92,6598.27
2022-07-24 17:51:10,9439.16,6570.03
2022-07-24 17:51:09,9457.09,6552.1
2022-07-24 17:51:08,9460.67,6548.52
2022-07-24 17:51:07,9514.92,6494.27
2022-07-24 17:51:06,9623.73,6385.46
2022-07-24 17:51:05,9811.18,6198.01
2022-07-24 17:51:04,10048.8,5960.38
2022-07-24 17:51:03,10207.4,5801.74
2022-07-24 17:51:02,10508.7,5500.46
2022-07-24 17:51:01,10621.3,5387.84
2022-07-24 17:51:00,10954.7,5054.46
2022-07-24 17:50:59,11046,4963.14
2022-07-24 17:50:58,11381.9,4627.31
2022-07-24 17:50:57,11570.8,4438.38
2022-07-24 17:50:56,11764.6,4244.57
2022-07-24 17:50:55,11956.1,4053.09
2022-07-24 17:50:54,12108.6,3900.56
2022-07-24 17:50:53,10206.8,5802.38
2022-07-24 17:50:52,10288.1,5721.05
2022-07-24 17:50:51,9846.08,6163.11
2022-07-24 17:50:50,9239.09,6770.1
2022-07-24 17:50:49,9251.66,6757.52
2022-07-24 17:50:48,9252.29,6756.9
2022-07-24 17:50:47,9268.54,6740.64
2022-07-24 17:50:46,9269.66,6739.53
2022-07-24 17:50:45,9273.09,6736.1
2022-07-24 17:50:44,9277.15,6732.04
2022-07-24 17:50:43,9292.78,6716.41
2022-07-24 17:50:42,9302.53,6706.66
2022-07-24 17:50:41,9310.05,6699.14
2022-07-24 17:50:40,9323.31,6685.87
2022-07-24 17:50:39,9324.76,6684.43
2022-07-24 17:50:38,9369.38,6639.8
2022-07-24 17:50:37,9381.79,6627.4
2022-07-24 17:50:36,9397.54,6611.65
2022-07-24 17:50:35,9399.96,6609.23
2022-07-24 17:50:34,9455.45,6553.73
2022-07-24 17:50:33,9473.25,6535.94
2022-07-24 17:50:32,9475.83,6533.36
2022-07-24 17:50:31,9492.39,6516.79
2022-07-24 17:50:30,9532.56,6476.63
2022-07-24 17:50:29,9532.51,6476.68
2022-07-24 17:50:28,9562.8,6446.39
2022-07-24 17:50:27,9593.01,6416.18
2022-07-24 17:50:26,9596.44,6412.75
2022-07-24 17:50:25,9646.08,6363.11
2022-07-24 17:50:24,9659.98,6349.21
2022-07-24 17:50:23,9668.66,6340.53
2022-07-24 17:50:22,9777.04,6232.15
2022-07-24 17:50:21,9837.31,6171.87
2022-07-24 17:50:20,9971.41,6037.78
2022-07-24 17:50:19,10403.6,5605.55
2022-07-24 17:50:18,10556.9,5452.33
2022-07-24 17:50:17,10656.1,5353.12
2022-07-24 17:50:16,10937,5072.15
2022-07-24 17:50:15,11128.7,4880.5
2022-07-24 17:50:14,11438.6,4570.56
2022-07-24 17:50:13,11551.3,4457.89
2022-07-24 17:50:12,11733.1,4276.11
2022-07-24 17:50:11,11831,4178.21
2022-07-24 17:50:10,12016.1,3993.04
2022-07-24 17:50:09,12163.3,3845.89
2022-07-24 17:50:08,10784.9,5224.27
2022-07-24 17:50:07,9811.84,6197.34
2022-07-24 17:50:06,9190.95,6818.23
2022-07-24 17:50:05,9194.54,6814.65
2022-07-24 17:50:04,9205.68,6803.51
2022-07-24 17:50:03,9205.35,6803.84
2022-07-24 17:50:02,9210.03,6799.16
2022-07-24 17:50:01,9210.34,6798.84
2022-07-24 17:50:00,9225.46,6783.73
2022-07-24 17:49:59,9226.41,6782.78
2022-07-24 17:49:58,9230.94,6778.25
2022-07-24 17:49:57,9246.04,6763.15
2022-07-24 17:49:56,9247.57,6761.62
2022-07-24 17:49:55,9247.86,6761.33
2022-07-24 17:49:54,9265.56,6743.63
2022-07-24 17:49:53,9272.06,6737.13
2022-07-24 17:49:52,9290.81,6718.37
2022-07-24 17:49:51,9306.04,6703.15
2022-07-24 17:49:50,9323.23,6685.95
2022-07-24 17:49:49,9340.04,6669.15
2022-07-24 17:49:48,9384.56,6624.63
2022-07-24 17:49:47,9402.6,6606.59
2022-07-24 17:49:46,9435.47,6573.71
2022-07-24 17:49:45,9441.71,6567.48
2022-07-24 17:49:44,9493.17,6516.02
2022-07-24 17:49:43,9534.07,6475.12
2022-07-24 17:49:42,9552.52,6456.67
2022-07-24 17:49:41,9583.36,6425.83
2022-07-24 17:49:40,9664.44,6344.75
2022-07-24 17:49:39,9645.55,6363.64
2022-07-24 17:49:38,9667.29,6341.9
2022-07-24 17:49:37,9825.34,6183.85
2022-07-24 17:49:36,10050.4,5958.79
2022-07-24 17:49:35,10159.6,5849.55
2022-07-24 17:49:34,10360.6,5648.57
2022-07-24 17:49:33,10688.2,5320.95
2022-07-24 17:49:32,10847.2,5162.01
2022-07-24 17:49:31,11296.5,4712.67
2022-07-24 17:49:30,11425,4584.23
2022-07-24 17:49:29,11537.9,4471.25
2022-07-24 17:49:28,11651.5,4357.72
2022-07-24 17:49:27,11802.7,4206.54
2022-07-24 17:49:26,11945,4064.21
2022-07-24 17:49:25,11601.8,4407.36
2022-07-24 17:49:24,11474.5,4534.65
2022-07-24 17:49:23,9667.87,6341.32
2022-07-24 17:49:22,9049.36,6959.83
2022-07-24 17:49:21,9052.89,6956.3
2022-07-24 17:49:20,9055.47,6953.72
2022-07-24 17:49:19,9058.55,6950.64
2022-07-24 17:49:18,9057.52,6951.66
2022-07-24 17:49:17,9061.92,6947.27
2022-07-24 17:49:16,9062.17,6947.02
2022-07-24 17:49:15,9063.36,6945.82
2022-07-24 17:49:14,9061.5,6947.69
2022-07-24 17:49:13,9067.09,6942.1
2022-07-24 17:49:12,9070.78,6938.41
2022-07-24 17:49:11,9072.94,6936.25
2022-07-24 17:49:10,9075.09,6934.09
2022-07-24 17:49:09,9102.6,6906.59
2022-07-24 17:49:08,9125.19,6884
2022-07-24 17:49:07,9127.82,6881.36
2022-07-24 17:49:06,9156.11,6853.08
2022-07-24 17:49:05,9171.66,6837.52
2022-07-24 17:49:04,9193.32,6815.87
2022-07-24 17:49:03,9224.65,6784.54
2022-07-24 17:49:02,9235.6,6773.59
2022-07-24 17:49:01,9246.87,6762.32
2022-07-24 17:49:00,9272.14,6737.05
2022-07-24 17:48:59,9280.12,6729.07
2022-07-24 17:48:58,9305.37,6703.81
2022-07-24 17:48:57,9329.52,6679.67
2022-07-24 17:48:56,9352.77,6656.41
2022-07-24 17:48:55,9356.18,6653.01
2022-07-24 17:48:54,9383.06,6626.13
2022-07-24 17:48:53,9471.99,6537.2
2022-07-24 17:48:52,9636.09,6373.09
2022-07-24 17:48:51,9867.35,6141.84
2022-07-24 17:48:50,10171.7,5837.45
2022-07-24 17:48:49,10300.6,5708.56
2022-07-24 17:48:48,10800.1,5209.05
2022-07-24 17:48:47,11023.5,4985.69
2022-07-24 17:48:46,11248.4,4760.82
2022-07-24 17:48:45,11426,4583.14
2022-07-24 17:48:44,11595.1,4414.11
2022-07-24 17:48:43,11751.2,4257.95
2022-07-24 17:48:42,11880.2,4128.94
2022-07-24 17:48:41,12022.9,3986.3
2022-07-24 17:48:40,11719.3,4289.88
2022-07-24 17:48:39,10908.2,5101
2022-07-24 17:48:38,9062.69,6946.5
2022-07-24 17:48:37,9063.1,6946.09
2022-07-24 17:48:36,9070.23,6938.96
2022-07-24 17:48:35,9070.63,6938.56
2022-07-24 17:48:34,9069.21,6939.98
2022-07-24 17:48:33,9071.35,6937.84
2022-07-24 17:48:32,9076.48,6932.7
2022-07-24 17:48:31,9077.59,6931.59
2022-07-24 17:48:30,9076.41,6932.78
2022-07-24 17:48:29,9080.16,6929.02
2022-07-24 17:48:28,9086.09,6923.1
2022-07-24 17:48:27,9085.14,6924.05
2022-07-24 17:48:26,9086.03,6923.15
2022-07-24 17:48:25,9088.04,6921.14
2022-07-24 17:48:24,9095.38,6913.8
2022-07-24 17:48:23,9094.22,6914.97
2022-07-24 17:48:22,9096.93,6912.26
2022-07-24 17:48:21,9097.05,6912.14
2022-07-24 17:48:20,9107.44,6901.75
2022-07-24 17:48:19,9110.05,6899.13
2022-07-24 17:48:18,9132.28,6876.91
2022-07-24 17:48:17,9145.63,6863.55
2022-07-24 17:48:16,9171.55,6837.63
2022-07-24 17:48:15,9171.52,6837.67
2022-07-24 17:48:14,9198.53,6810.66
2022-07-24 17:48:13,9263.68,6745.51
2022-07-24 17:48:12,9265.52,6743.67
2022-07-24 17:48:11,9267.56,6741.62
2022-07-24 17:48:10,9311.28,6697.91
2022-07-24 17:48:09,9420.09,6589.1
2022-07-24 17:48:08,9503.53,6505.66
2022-07-24 17:48:07,9677.25,6331.93
2022-07-24 17:48:06,10096.5,5912.7
2022-07-24 17:48:05,10359.4,5649.83
2022-07-24 17:48:04,10712.7,5296.46
2022-07-24 17:48:03,10796.4,5212.84
2022-07-24 17:48:02,11102.1,4907.12
2022-07-24 17:48:01,11399.2,4610.02
2022-07-24 17:48:00,11525,4484.22
2022-07-24 17:47:59,11712.9,4296.27
2022-07-24 17:47:58,11857.8,4151.36
2022-07-24 17:47:57,12030.7,3978.5
2022-07-24 17:47:56,10611.4,5397.81
2022-07-24 17:47:55,10096.7,5912.45
2022-07-24 17:47:54,10180.3,5828.9
2022-07-24 17:47:53,10220.8,5788.37
2022-07-24 17:47:52,9206.5,6802.69
2022-07-24 17:47:51,9214.67,6794.52
2022-07-24 17:47:50,9214.12,6795.07
2022-07-24 17:47:49,9228.09,6781.09
2022-07-24 17:47:48,9228.6,6780.58
2022-07-24 17:47:47,9236.79,6772.4
2022-07-24 17:47:46,9238.91,6770.27
2022-07-24 17:47:45,9252.57,6756.62
2022-07-24 17:47:44,9254.02,6755.16
2022-07-24 17:47:43,9263.05,6746.14
2022-07-24 17:47:42,9264.95,6744.24
2022-07-24 17:47:41,9284.29,6724.9
2022-07-24 17:47:40,9302.6,6706.59
2022-07-24 17:47:39,9319.66,6689.53
2022-07-24 17:47:38,9336.58,6672.61
2022-07-24 17:47:37,9336.63,6672.55
2022-07-24 17:47:36,9359.51,6649.68
2022-07-24 17:47:35,9407.86,6601.33
2022-07-24 17:47:34,9422.47,6586.72
2022-07-24 17:47:33,9426.63,6582.56
2022-07-24 17:47:32,9466.32,6542.87
2022-07-24 17:47:31,9502.36,6506.83
2022-07-24 17:47:30,9504.73,6504.46
2022-07-24 17:47:29,9543.65,6465.54
2022-07-24 17:47:28,9596.64,6412.55
2022-07-24 17:47:27,9600.06,6409.13
2022-07-24 17:47:26,9620.75,6388.44
2022-07-24 17:47:25,9810.68,6198.51
2022-07-24 17:47:24,9843.46,6165.73
2022-07-24 17:47:23,10039.5,5969.65
2022-07-24 17:47:22,10355.9,5653.24
2022-07-24 17:47:21,10746.9,5262.32
2022-07-24 17:47:20,10883.5,5125.71
2022-07-24 17:47:19,10978.9,5030.33
2022-07-24 17:47:18,11183.3,4825.87
2022-07-24 17:47:17,11318.7,4690.45
2022-07-24 17:47:16,11450.4,4558.75
2022-07-24 17:47:15,11583.6,4425.6
2022-07-24 17:47:14,11842.5,4166.74
2022-07-24 17:47:13,12024.2,3984.98
2022-07-24 17:47:12,11155.5,4853.65
2022-07-24 17:47:11,10719.5,5289.68
2022-07-24 17:47:10,9653.15,6356.03
2022-07-24 17:47:09,9702.68,6306.5
2022-07-24 17:47:08,9211.72,6797.47
2022-07-24 17:47:07,9215.37,6793.82
2022-07-24 17:47:06,9225.39,6783.79
2022-07-24 17:47:05,9225.27,6783.92
2022-07-24 17:47:04,9244.48,6764.71
2022-07-24 17:47:03,9244,6765.19
2022-07-24 17:47:02,9255.82,6753.36
2022-07-24 17:47:01,9254.6,6754.59
2022-07-24 17:47:00,9285.61,6723.57
2022-07-24 17:46:59,9287.1,6722.09
2022-07-24 17:46:58,9304.36,6704.82
2022-07-24 17:46:57,9305.33,6703.86
2022-07-24 17:46:56,9355.39,6653.8
2022-07-24 17:46:55,9356.99,6652.19
2022-07-24 17:46:54,9372.88,6636.31
2022-07-24 17:46:53,9357.22,6651.97
2022-07-24 17:46:52,9418.73,6590.45
2022-07-24 17:46:51,9421.76,6587.43
2022-07-24 17:46:50,9440.62,6568.57
2022-07-24 17:46:49,9476.87,6532.32
2022-07-24 17:46:48,9510.09,6499.1
2022-07-24 17:46:47,9528.32,6480.87
2022-07-24 17:46:46,9561.24,6447.94
2022-07-24 17:46:45,9585.28,6423.91
2022-07-24 17:46:44,9627.64,6381.55
2022-07-24 17:46:43,9641.07,6368.12
2022-07-24 17:46:42,9660.16,6349.02
2022-07-24 17:46:41,9724.76,6284.43
2022-07-24 17:46:40,9785.78,6223.4
2022-07-24 17:46:39,10016.2,5992.95
2022-07-24 17:46:38,10196.5,5812.73
2022-07-24 17:46:37,10437.1,5572.1
2022-07-24 17:46:36,10574.2,5434.97
2022-07-24 17:46:35,10891.2,5117.97
2022-07-24 17:46:34,11160.8,4848.38
2022-07-24 17:46:33,11283.3,4725.89
2022-07-24 17:46:32,11501.4,4507.83
2022-07-24 17:46:31,11659.8,4349.4
2022-07-24 17:46:30,11802.5,4206.66
2022-07-24 17:46:29,11937,4072.23
2022-07-24 17:46:28,11598.1,4411.04
2022-07-24 17:46:27,11243.8,4765.39
2022-07-24 17:46:26,10295.1,5714.11
2022-07-24 17:46:25,9196.75,6812.44
2022-07-24 17:46:24,9204.71,6804.47
2022-07-24 17:46:23,9210.38,6798.8
2022-07-24 17:46:22,9213.4,6795.79
2022-07-24 17:46:21,9214.37,6794.82
2022-07-24 17:46:20,9224.24,6784.95
2022-07-24 17:46:19,9234.7,6774.48
2022-07-24 17:46:18,9235.6,6773.59
2022-07-24 17:46:17,9236.5,6772.69
2022-07-24 17:46:16,9249.75,6759.44
2022-07-24 17:46:15,9263.63,6745.56
2022-07-24 17:46:14,9264.71,6744.47
2022-07-24 17:46:13,9267.3,6741.88
2022-07-24 17:46:12,9282.9,6726.28
2022-07-24 17:46:11,9284.01,6725.18
2022-07-24 17:46:10,9282.6,6726.59
2022-07-24 17:46:09,9283.54,6725.65
2022-07-24 17:46:08,9301.04,6708.14
2022-07-24 17:46:07,9315.28,6693.91
2022-07-24 17:46:06,9320.45,6688.73
2022-07-24 17:46:05,9344.19,6664.99
2022-07-24 17:46:04,9362.55,6646.64
2022-07-24 17:46:03,9374.62,6634.56
2022-07-24 17:46:02,9401.88,6607.31
2022-07-24 17:46:01,9415.38,6593.81
2022-07-24 17:46:00,9447.22,6561.97
2022-07-24 17:45:59,9484.13,6525.06
2022-07-24 17:45:58,9501.62,6507.56
2022-07-24 17:45:57,9545.38,6463.8
2022-07-24 17:45:56,9685.96,6323.22
2022-07-24 17:45:55,9877.19,6132
2022-07-24 17:45:54,10086.1,5923.07
2022-07-24 17:45:53,10291.2,5717.94
2022-07-24 17:45:52,10465,5544.21
2022-07-24 17:45:51,10702.6,5306.62
2022-07-24 17:45:50,11034.6,4974.64
2022-07-24 17:45:49,11341.8,4667.44
2022-07-24 17:45:48,11484.3,4524.84
2022-07-24 17:45:47,11620.8,4388.42
2022-07-24 17:45:46,11740.7,4268.5
2022-07-24 17:45:45,11915.2,4093.95
2022-07-24 17:45:44,12046.5,3962.65
2022-07-24 17:45:43,11103.7,4905.49
2022-07-24 17:45:42,10190.5,5818.68
2022-07-24 17:45:41,9708.03,6301.16
2022-07-24 17:45:40,9102.81,6906.37
2022-07-24 17:45:39,9104.39,6904.79
2022-07-24 17:45:38,9103.42,6905.77
2022-07-24 17:45:37,9104.33,6904.86
2022-07-24 17:45:36,9105.96,6903.23
2022-07-24 17:45:35,9108.89,6900.3
2022-07-24 17:45:34,9108.8,6900.39
2022-07-24 17:45:33,9110.53,6898.66
2022-07-24 17:45:32,9110.61,6898.57
2022-07-24 17:45:31,9112.31,6896.88
2022-07-24 17:45:30,9126,6883.18
2022-07-24 17:45:29,9125.57,6883.62
2022-07-24 17:45:28,9125.96,6883.23
2022-07-24 17:45:27,9128.58,6880.61
2022-07-24 17:45:26,9144.09,6865.1
2022-07-24 17:45:25,9154.85,6854.34
2022-07-24 17:45:24,9159.23,6849.96
2022-07-24 17:45:23,9159.44,6849.75
2022-07-24 17:45:22,9197.59,6811.59
2022-07-24 17:45:21,9212.3,6796.88
2022-07-24 17:45:20,9214.64,6794.54
2022-07-24 17:45:19,9206.58,6802.61
2022-07-24 17:45:18,9245.96,6763.22
2022-07-24 17:45:17,9267.61,6741.58
2022-07-24 17:45:16,9269.9,6739.29
2022-07-24 17:45:15,9299.72,6709.47
2022-07-24 17:45:14,9353.37,6655.82
2022-07-24 17:45:13,9352.81,6656.38
2022-07-24 17:45:12,9447.08,6562.11
2022-07-24 17:45:11,9627.97,6381.22
2022-07-24 17:45:10,9726.96,6282.23
2022-07-24 17:45:09,9904.62,6104.57
2022-07-24 17:45:08,10219.5,5789.68
2022-07-24 17:45:07,10573,5436.16
2022-07-24 17:45:06,10917.4,5091.82
2022-07-24 17:45:05,11249.7,4759.48
2022-07-24 17:45:04,11369.9,4639.26
2022-07-24 17:45:03,11523.7,4485.5
2022-07-24 17:45:02,11624.2,4385.04
2022-07-24 17:45:01,11804.4,4204.76
2022-07-24 17:45:00,11937.1,4072.1
2022-07-24 17:44:59,12122.1,3887.13
2022-07-24 17:44:58,11399.3,4609.88
2022-07-24 17:44:57,10341.6,5667.57
2022-07-24 17:44:56,9338.85,6670.34
2022-07-24 17:44:55,9339.03,6670.15
2022-07-24 17:44:54,9342.34,6666.85
2022-07-24 17:44:53,9356.23,6652.95
2022-07-24 17:44:52,9357.09,6652.09
2022-07-24 17:44:51,9361.13,6648.06
2022-07-24 17:44:50,9363.1,6646.09
2022-07-24 17:44:49,9373.15,6636.04
2022-07-24 17:44:48,9381.75,6627.43
2022-07-24 17:44:47,9383.32,6625.87
2022-07-24 17:44:46,9389.7,6619.48
2022-07-24 17:44:45,9412.82,6596.36
2022-07-24 17:44:44,9412.8,6596.39
2022-07-24 17:44:43,9432.44,6576.75
2022-07-24 17:44:42,9448.72,6560.47
2022-07-24 17:44:41,9472.17,6537.02
2022-07-24 17:44:40,9472.9,6536.29
2022-07-24 17:44:39,9472.72,6536.46
2022-07-24 17:44:38,9521.36,6487.83
2022-07-24 17:44:37,9535.2,6473.98
2022-07-24 17:44:36,9548.01,6461.18
2022-07-24 17:44:35,9564.32,6444.87
2022-07-24 17:44:34,9622.66,6386.53
2022-07-24 17:44:33,9623.55,6385.64
2022-07-24 17:44:32,9662.76,6346.43
2022-07-24 17:44:31,9777.29,6231.9
2022-07-24 17:44:30,9758.19,6250.99
2022-07-24 17:44:29,9767.13,6242.05
2022-07-24 17:44:28,9860.71,6148.48
2022-07-24 17:44:27,10010,5999.18
2022-07-24 17:44:26,10031.7,5977.46
2022-07-24 17:44:25,10205.7,5803.47
2022-07-24 17:44:24,10595.1,5414.13
2022-07-24 17:44:23,10841.5,5167.7
2022-07-24 17:44:22,10986.4,5022.83
2022-07-24 17:44:21,11085.5,4923.72
2022-07-24 17:44:20,11297.3,4711.92
2022-07-24 17:44:19,11406.6,4602.63
2022-07-24 17:44:18,11606.9,4402.28
2022-07-24 17:44:17,11810.5,4198.73
2022-07-24 17:44:16,11966,4043.23
2022-07-24 17:44:15,11625.5,4383.73
2022-07-24 17:44:14,11107.6,4901.6
2022-07-24 17:44:13,10189.7,5819.52
2022-07-24 17:44:12,9637.34,6371.85
2022-07-24 17:44:11,9145.46,6863.73
2022-07-24 17:44:10,9146.2,6862.99
2022-07-24 17:44:09,9147.31,6861.88
2022-07-24 17:44:08,9147.41,6861.78
2022-07-24 17:44:07,9162.98,6846.21
2022-07-24 17:44:06,9162.46,6846.73
2022-07-24 17:44:05,9165.56,6843.63
2022-07-24 17:44:04,9165.92,6843.27
2022-07-24 17:44:03,9186.36,6822.83
2022-07-24 17:44:02,9189.25,6819.94
2022-07-24 17:44:01,9171.74,6837.45
2022-07-24 17:44:00,9183.48,6825.71
2022-07-24 17:43:59,9196.36,6812.83
2022-07-24 17:43:58,9218.07,6791.12
2022-07-24 17:43:57,9228.07,6781.12
2022-07-24 17:43:56,9234.09,6775.09
2022-07-24 17:43:55,9262.7,6746.49
2022-07-24 17:43:54,9285.19,6724
2022-07-24 17:43:53,9298.22,6710.97
2022-07-24 17:43:52,9315.32,6693.87
2022-07-24 17:43:51,9348.27,6660.91
2022-07-24 17:43:50,9368.87,6640.31
2022-07-24 17:43:49,9384.7,6624.49
2022-07-24 17:43:48,9394.34,6614.84
2022-07-24 17:43:47,9430.65,6578.54
2022-07-24 17:43:46,9442.69,6566.5
2022-07-24 17:43:45,9479.74,6529.45
2022-07-24 17:43:44,9564.15,6445.04
2022-07-24 17:43:43,9629.17,6380.02
2022-07-24 17:43:42,9805.28,6203.91
2022-07-24 17:43:41,9929.07,6080.12
2022-07-24 17:43:40,10266.4,5742.74
2022-07-24 17:43:39,10389.2,5619.97
2022-07-24 17:43:38,10723.6,5285.64
2022-07-24 17:43:37,11078.4,4930.75
2022-07-24 17:43:36,11211.6,4797.6
2022-07-24 17:43:35,11347.6,4661.63
2022-07-24 17:43:34,11481.9,4527.26
2022-07-24 17:43:33,11686.4,4322.76
2022-07-24 17:43:32,11907.2,4101.99
2022-07-24 17:43:31,11987.4,4021.79
2022-07-24 17:43:30,11714.4,4294.78
2022-07-24 17:43:29,10170.7,5838.47
2022-07-24 17:43:28,9594.56,6414.63
2022-07-24 17:43:27,9641.74,6367.45
2022-07-24 17:43:26,9158.02,6851.17
2022-07-24 17:43:25,9166.96,6842.22
2022-07-24 17:43:24,9168.59,6840.59
2022-07-24 17:43:23,9182.7,6826.49
2022-07-24 17:43:22,9181.25,6827.94
2022-07-24 17:43:21,9188.8,6820.38
2022-07-24 17:43:20,9190.82,6818.37
2022-07-24 17:43:19,9201.37,6807.82
2022-07-24 17:43:18,9216.52,6792.67
2022-07-24 17:43:17,9213.98,6795.21
2022-07-24 17:43:16,9218.48,6790.71
2022-07-24 17:43:15,9241.87,6767.32
2022-07-24 17:43:14,9274.13,6735.05
2022-07-24 17:43:13,9277.04,6732.15
2022-07-24 17:43:12,9293.66,6715.52
2022-07-24 17:43:11,9304.76,6704.43
2022-07-24 17:43:10,9346.19,6662.99
2022-07-24 17:43:09,9360.63,6648.56
2022-07-24 17:43:08,9371.3,6637.89
2022-07-24 17:43:07,9387.17,6622.02
2022-07-24 17:43:06,9414.09,6595.1
2022-07-24 17:43:05,9423.69,6585.5
2022-07-24 17:43:04,9439.93,6569.26
2022-07-24 17:43:03,9483.78,6525.41
2022-07-24 17:43:02,9499.17,6510.02
2022-07-24 17:43:01,9527.52,6481.67
2022-07-24 17:43:00,9506.49,6502.7
2022-07-24 17:42:59,9587.35,6421.84
2022-07-24 17:42:58,9662.79,6346.4
2022-07-24 17:42:57,9732.16,6277.02
2022-07-24 17:42:56,9905.24,6103.95
2022-07-24 17:42:55,10332.3,5676.88
2022-07-24 17:42:54,10674.1,5335.05
2022-07-24 17:42:53,10909.4,5099.82
2022-07-24 17:42:52,11039.6,4969.6
2022-07-24 17:42:51,11385.5,4623.7
2022-07-24 17:42:50,11491.7,4517.53
2022-07-24 17:42:49,11638.3,4370.88
2022-07-24 17:42:48,11761.8,4247.37
2022-07-24 17:42:47,11943.6,4065.55
2022-07-24 17:42:46,12113.6,3895.63
2022-07-24 17:42:45,11770.2,4239.01
2022-07-24 17:42:44,9967.03,6042.16
2022-07-24 17:42:43,9042.53,6966.66
2022-07-24 17:42:42,9048.73,6960.46
2022-07-24 17:42:41,9050.23,6958.95
2022-07-24 17:42:40,9050.07,6959.12
2022-07-24 17:42:39,9050.43,6958.76
2022-07-24 17:42:38,9056.71,6952.48
2022-07-24 17:42:37,9057.39,6951.79
2022-07-24 17:42:36,9059.89,6949.29
2022-07-24 17:42:35,9059.79,6949.4
2022-07-24 17:42:34,9071.12,6938.06
2022-07-24 17:42:33,9069.79,6939.39
2022-07-24 17:42:32,9081.4,6927.78
2022-07-24 17:42:31,9081.97,6927.21
2022-07-24 17:42:30,9109.12,6900.07
2022-07-24 17:42:29,9109.32,6899.86
2022-07-24 17:42:28,9127.46,6881.73
2022-07-24 17:42:27,9155.04,6854.15
2022-07-24 17:42:26,9157.51,6851.68
2022-07-24 17:42:25,9175.85,6833.34
2022-07-24 17:42:24,9204.66,6804.53
2022-07-24 17:42:23,9209.71,6799.48
2022-07-24 17:42:22,9212.09,6797.1
2022-07-24 17:42:21,9268.57,6740.62
2022-07-24 17:42:20,9273.4,6735.79
2022-07-24 17:42:19,9264.39,6744.8
2022-07-24 17:42:18,9312.82,6696.37
2022-07-24 17:42:17,9316.88,6692.31
2022-07-24 17:42:16,9305.59,6703.59
2022-07-24 17:42:15,9391.48,6617.7
2022-07-24 17:42:14,9415.32,6593.87
2022-07-24 17:42:13,9512.51,6496.68
2022-07-24 17:42:12,9900.74,6108.45
2022-07-24 17:42:11,10211.5,5797.66
2022-07-24 17:42:10,10373.2,5635.94
2022-07-24 17:42:09,10599.8,5409.42
2022-07-24 17:42:08,10955.8,5053.34
2022-07-24 17:42:07,11241.4,4767.77
2022-07-24 17:42:06,11455.5,4553.64
2022-07-24 17:42:05,11580.1,4429.05
2022-07-24 17:42:04,11749.7,4259.48
2022-07-24 17:42:03,11876.6,4132.59
2022-07-24 17:42:02,12067.6,3941.55
2022-07-24 17:42:01,11712.9,4296.32
2022-07-24 17:42:00,10570.3,5438.93
2022-07-24 17:41:59,9468.95,6540.24
2022-07-24 17:41:58,8990.11,7019.07
2022-07-24 17:41:57,8992.3,7016.89
2022-07-24 17:41:56,8992.41,7016.78
2022-07-24 17:41:55,8992.5,7016.68
2022-07-24 17:41:54,9006.25,7002.94
2022-07-24 17:41:53,9007.09,7002.1
2022-07-24 17:41:52,9009.53,6999.66
2022-07-24 17:41:51,9010.34,6998.84
2022-07-24 17:41:50,9026.18,6983.01
2022-07-24 17:41:49,9024.96,6984.22
2022-07-24 17:41:48,9027.81,6981.38
2022-07-24 17:41:47,9027.83,6981.36
2022-07-24 17:41:46,9052.53,6956.65
2022-07-24 17:41:45,9054.17,6955.02
2022-07-24 17:41:44,9054.39,6954.79
2022-07-24 17:41:43,9056.72,6952.47
2022-07-24 17:41:42,9083.83,6925.36
2022-07-24 17:41:41,9083.32,6925.87
2022-07-24 17:41:40,9085.7,6923.49
2022-07-24 17:41:39,9114.59,6894.6
2022-07-24 17:41:38,9115.75,6893.44
2022-07-24 17:41:37,9115.12,6894.07
2022-07-24 17:41:36,9156.29,6852.9
2022-07-24 17:41:35,9172.16,6837.02
2022-07-24 17:41:34,9178.24,6830.95
2022-07-24 17:41:33,9183.79,6825.39
2022-07-24 17:41:32,9198.69,6810.5
2022-07-24 17:41:31,9276.05,6733.14
2022-07-24 17:41:30,9316.87,6692.32
2022-07-24 17:41:29,9476.61,6532.58
2022-07-24 17:41:28,9839.41,6169.77
2022-07-24 17:41:27,10048.7,5960.46
2022-07-24 17:41:26,10268.4,5740.75
2022-07-24 17:41:25,10770.1,5239.12
2022-07-24 17:41:24,11043.3,4965.88
2022-07-24 17:41:23,11176.3,4832.91
2022-07-24 17:41:22,11453.4,4555.79
2022-07-24 17:41:21,11596.8,4412.41
2022-07-24 17:41:20,11711,4298.19
2022-07-24 17:41:19,11853.7,4155.53
2022-07-24 17:41:18,12000.9,4008.32
2022-07-24 17:41:17,11650.8,4358.36
2022-07-24 17:41:16,11283.5,4725.7
2022-07-24 17:41:15,9734.23,6274.96
2022-07-24 17:41:14,9239.72,6769.47
2022-07-24 17:41:13,9242.56,6766.63
2022-07-24 17:41:12,9254.21,6754.98
2022-07-24 17:41:11,9264.94,6744.25
2022-07-24 17:41:10,9267.5,6741.68
2022-07-24 17:41:09,9279.54,6729.65
2022-07-24 17:41:08,9283.39,6725.79
2022-07-24 17:41:07,9290.79,6718.4
2022-07-24 17:41:06,9299.39,6709.79
2022-07-24 17:41:05,9300.56,6708.62
2022-07-24 17:41:04,9312.35,6696.84
2022-07-24 17:41:03,9313.42,6695.77
2022-07-24 17:41:02,9329.33,6679.86
2022-07-24 17:41:01,9353.3,6655.88
2022-07-24 17:41:00,9360.18,6649.01
2022-07-24 17:40:59,9362.77,6646.42
2022-07-24 17:40:58,9398.55,6610.63
2022-07-24 17:40:57,9448.21,6560.98
2022-07-24 17:40:56,9451.71,6557.48
2022-07-24 17:40:55,9478.41,6530.77
2022-07-24 17:40:54,9539.04,6470.15
2022-07-24 17:40:53,9572.38,6436.81
2022-07-24 17:40:52,9593.12,6416.06
2022-07-24 17:40:51,9603.25,6405.94
2022-07-24 17:40:50,9664.29,6344.89
2022-07-24 17:40:49,9664.28,6344.91
2022-07-24 17:40:48,9723.6,6285.59
2022-07-24 17:40:47,9737.82,6271.37
2022-07-24 17:40:46,9756.9,6252.29
2022-07-24 17:40:45,9846.3,6162.89
2022-07-24 17:40:44,9936.44,6072.75
2022-07-24 17:40:43,10083.8,5925.38
2022-07-24 17:40:42,10248.3,5760.9
2022-07-24 17:40:41,10657.1,5352.05
2022-07-24 17:40:40,10816.6,5192.62
2022-07-24 17:40:39,11165.2,4843.98
2022-07-24 17:40:38,11384.2,4625.02
2022-07-24 17:40:37,11528.3,4480.84
2022-07-24 17:40:36,11643.5,4365.72
2022-07-24 17:40:35,11765.3,4243.86
2022-07-24 17:40:34,11920.4,4088.74
2022-07-24 17:40:33,12066.8,3942.35
2022-07-24 17:40:32,11761.2,4248.01
2022-07-24 17:40:31,10362.1,5647.08
2022-07-24 17:40:30,9626.73,6382.46
2022-07-24 17:40:29,9219.21,6789.97
2022-07-24 17:40:28,9230.16,6779.02
2022-07-24 17:40:27,9238.61,6770.58
2022-07-24 17:40:26,9241.65,6767.53
2022-07-24 17:40:25,9242.58,6766.61
2022-07-24 17:40:24,9251.87,6757.32
2022-07-24 17:40:23,9264.61,6744.58
2022-07-24 17:40:22,9272.63,6736.56
2022-07-24 17:40:21,9272.07,6737.11
2022-07-24 17:40:20,9281.35,6727.84
2022-07-24 17:40:19,9310.89,6698.3
2022-07-24 17:40:18,9326.92,6682.27
2022-07-24 17:40:17,9328.65,6680.54
2022-07-24 17:40:16,9340.6,6668.58
2022-07-24 17:40:15,9359.76,6649.43
2022-07-24 17:40:14,9375.5,6633.68
2022-07-24 17:40:13,9409.21,6599.98
2022-07-24 17:40:12,9400.17,6609.02
2022-07-24 17:40:11,9431.63,6577.56
2022-07-24 17:40:10,9449.72,6559.47
2022-07-24 17:40:09,9465.44,6543.75
2022-07-24 17:40:08,9511.28,6497.91
2022-07-24 17:40:07,9530.75,6478.43
2022-07-24 17:40:06,9557.3,6451.89
2022-07-24 17:40:05,9562,6447.19
2022-07-24 17:40:04,9647.5,6361.69
2022-07-24 17:40:03,9643.4,6365.79
2022-07-24 17:40:02,9676.19,6333
2022-07-24 17:40:01,9832.21,6176.98
2022-07-24 17:40:00,9864.02,6145.17
2022-07-24 17:39:59,9971.09,6038.1
2022-07-24 17:39:58,10282.7,5726.51
2022-07-24 17:39:57,10736.9,5272.26
2022-07-24 17:39:56,10951.7,5057.48
2022-07-24 17:39:55,11156.5,4852.72
2022-07-24 17:39:54,11334,4675.15
2022-07-24 17:39:53,11513,4496.22
2022-07-24 17:39:52,11611.4,4397.8
2022-07-24 17:39:51,11741.3,4267.87
2022-07-24 17:39:50,11875.7,4133.5
2022-07-24 17:39:49,12067.1,3942.08
2022-07-24 17:39:48,11215.2,4793.96
2022-07-24 17:39:47,10205.8,5803.42
2022-07-24 17:39:46,9752.16,6257.02
2022-07-24 17:39:45,9134.17,6875.02
2022-07-24 17:39:44,9145.82,6863.36
2022-07-24 17:39:43,9146.7,6862.48
2022-07-24 17:39:42,9147.66,6861.53
2022-07-24 17:39:41,9155.37,6853.81
2022-07-24 17:39:40,9169.98,6839.21
2022-07-24 17:39:39,9171.71,6837.48
2022-07-24 17:39:38,9172.46,6836.72
2022-07-24 17:39:37,9181.39,6827.8
2022-07-24 17:39:36,9204.88,6804.3
2022-07-24 17:39:35,9204.35,6804.84
2022-07-24 17:39:34,9207.95,6801.23
2022-07-24 17:39:33,9213.36,6795.83
2022-07-24 17:39:32,9227.39,6781.8
2022-07-24 17:39:31,9251.61,6757.58
2022-07-24 17:39:30,9262.34,6746.84
2022-07-24 17:39:29,9264.68,6744.51
2022-07-24 17:39:28,9286.06,6723.12
2022-07-24 17:39:27,9336.55,6672.64
2022-07-24 17:39:26,9327.46,6681.73
2022-07-24 17:39:25,9344.17,6665.02
2022-07-24 17:39:24,9364.42,6644.77
2022-07-24 17:39:23,9399.04,6610.14
2022-07-24 17:39:22,9416.14,6593.04
2022-07-24 17:39:21,9426.69,6582.5
2022-07-24 17:39:20,9469.7,6539.49
2022-07-24 17:39:19,9464.99,6544.2
2022-07-24 17:39:18,9523.62,6485.57
2022-07-24 17:39:17,9602.07,6407.11
2022-07-24 17:39:16,9698.53,6310.66
2022-07-24 17:39:15,9923.67,6085.52
2022-07-24 17:39:14,10180.6,5828.56
2022-07-24 17:39:13,10357.1,5652.12
2022-07-24 17:39:12,10784.2,5225.01
2022-07-24 17:39:11,10929.7,5079.48
2022-07-24 17:39:10,11058.2,4951.02
2022-07-24 17:39:09,11171.6,4837.57
2022-07-24 17:39:08,11541.5,4467.68
2022-07-24 17:39:07,11706.5,4302.71
2022-07-24 17:39:06,11881.8,4127.4
2022-07-24 17:39:05,12063.5,3945.71
2022-07-24 17:39:04,11076.9,4932.29
2022-07-24 17:39:03,9645.79,6363.39
2022-07-24 17:39:02,9689.73,6319.46
2022-07-24 17:39:01,9381.5,6627.69
2022-07-24 17:39:00,9194.88,6814.31
2022-07-24 17:38:59,9203.21,6805.97
2022-07-24 17:38:58,9208.11,6801.08
2022-07-24 17:38:57,9208.32,6800.87
2022-07-24 17:38:56,9211.3,6797.89
2022-07-24 17:38:55,9223.82,6785.37
2022-07-24 17:38:54,9229.51,6779.68
2022-07-24 17:38:53,9230.93,6778.25
2022-07-24 17:38:52,9241.46,6767.73
2022-07-24 17:38:51,9242.34,6766.85
2022-07-24 17:38:50,9251.02,6758.16
2022-07-24 17:38:49,9253.08,6756.1
2022-07-24 17:38:48,9264.17,6745.02
2022-07-24 17:38:47,9284.93,6724.26
2022-07-24 17:38:46,9285.64,6723.55
2022-07-24 17:38:45,9329.5,6679.68
2022-07-24 17:38:44,9344.34,6664.84
2022-07-24 17:38:43,9367.39,6641.8
2022-07-24 17:38:42,9351.75,6657.44
2022-07-24 17:38:41,9410.74,6598.45
2022-07-24 17:38:40,9421.41,6587.78
2022-07-24 17:38:39,9449.99,6559.2
2022-07-24 17:38:38,9470.47,6538.72
2022-07-24 17:38:37,9539.02,6470.17
2022-07-24 17:38:36,9550.81,6458.37
2022-07-24 17:38:35,9598.15,6411.04
2022-07-24 17:38:34,9646.64,6362.55
2022-07-24 17:38:33,9747.48,6261.7
2022-07-24 17:38:32,9858.18,6151.01
2022-07-24 17:38:31,10073.7,5935.52
2022-07-24 17:38:30,10337.9,5671.3
2022-07-24 17:38:29,10503,5506.21
2022-07-24 17:38:28,10975.6,5033.63
2022-07-24 17:38:27,11141.4,4867.81
2022-07-24 17:38:26,11265.4,4743.77
2022-07-24 17:38:25,11480.5,4528.72
2022-07-24 17:38:24,11609.6,4399.57
2022-07-24 17:38:23,11736.8,4272.34
2022-07-24 17:38:22,11888.8,4120.35
2022-07-24 17:38:21,12052.7,3956.45
2022-07-24 17:38:20,11592.5,4416.7
2022-07-24 17:38:19,9564.45,6444.73
2022-07-24 17:38:18,9576.88,6432.31
2022-07-24 17:38:17,9587.73,6421.46
2022-07-24 17:38:16,9074.97,6934.22
2022-07-24 17:38:15,9087.19,6922
2022-07-24 17:38:14,9086.84,6922.35
2022-07-24 17:38:13,9093.39,6915.8
2022-07-24 17:38:12,9093.58,6915.61
2022-07-24 17:38:11,9094.11,6915.08
2022-07-24 17:38:10,9106.09,6903.1
2022-07-24 17:38:09,9119.26,6889.93
2022-07-24 17:38:08,9120.6,6888.59
2022-07-24 17:38:07,9121.37,6887.82
2022-07-24 17:38:06,9134.5,6874.69
2022-07-24 17:38:05,9148.98,6860.2
2022-07-24 17:38:04,9150.59,6858.6
2022-07-24 17:38:03,9154.05,6855.13
2022-07-24 17:38:02,9171.91,6837.28
2022-07-24 17:38:01,9189.21,6819.98
2022-07-24 17:38:00,9188.61,6820.58
2022-07-24 17:37:59,9209.54,6799.65
2022-07-24 17:37:58,9209.16,6800.02
2022-07-24 17:37:57,9248.02,6761.16
2022-07-24 17:37:56,9257.34,6751.85
2022-07-24 17:37:55,9263.36,6745.83
2022-07-24 17:37:54,9284.17,6725.02
2022-07-24 17:37:53,9320.91,6688.28
2022-07-24 17:37:52,9363.3,6645.89
2022-07-24 17:37:51,9366.91,6642.27
2022-07-24 17:37:50,9419.75,6589.44
2022-07-24 17:37:49,9550.28,6458.91
2022-07-24 17:37:48,9634.71,6374.48
2022-07-24 17:37:47,9961.33,6047.86
2022-07-24 17:37:46,10052.1,5957.1
2022-07-24 17:37:45,10574.5,5434.69
2022-07-24 17:37:44,10912.3,5096.9
2022-07-24 17:37:43,11106,4903.21
2022-07-24 17:37:42,11258.7,4750.5
2022-07-24 17:37:41,11329.6,4679.54
2022-07-24 17:37:40,11444,4565.16
2022-07-24 17:37:39,11642.2,4366.97
2022-07-24 17:37:38,11868.1,4141.04
2022-07-24 17:37:37,12021.8,3987.39
2022-07-24 17:37:36,11724.5,4284.67
2022-07-24 17:37:35,10163.2,5845.96
2022-07-24 17:37:34,9709.62,6299.57
2022-07-24 17:37:33,9755.11,6254.08
2022-07-24 17:37:32,9261.92,6747.27
2022-07-24 17:37:31,9267.96,6741.23
2022-07-24 17:37:30,9271.53,6737.65
2022-07-24 17:37:29,9271.38,6737.81
2022-07-24 17:37:28,9273.31,6735.88
2022-07-24 17:37:27,9278.99,6730.2
2022-07-24 17:37:26,9290.05,6719.14
2022-07-24 17:37:25,9292.74,6716.45
2022-07-24 17:37:24,9289.2,6719.99
2022-07-24 17:37:23,9305.81,6703.38
2022-07-24 17:37:22,9321.58,6687.61
2022-07-24 17:37:21,9321.59,6687.6
2022-07-24 17:37:20,9324,6685.18
2022-07-24 17:37:19,9329.75,6679.43
2022-07-24 17:37:18,9369.88,6639.31
2022-07-24 17:37:17,9369.14,6640.05
2022-07-24 17:37:16,9372.49,6636.69
2022-07-24 17:37:15,9400.1,6609.09
2022-07-24 17:37:14,9437.5,6571.68
2022-07-24 17:37:13,9440.2,6568.99
2022-07-24 17:37:12,9447.86,6561.32
2022-07-24 17:37:11,9515.95,6493.24
2022-07-24 17:37:10,9515.34,6493.85
2022-07-24 17:37:09,9553.55,6455.64
2022-07-24 17:37:08,9601.47,6407.72
2022-07-24 17:37:07,9612.11,6397.08
2022-07-24 17:37:06,9625.78,6383.41
2022-07-24 17:37:05,9722.4,6286.79
2022-07-24 17:37:04,9817.6,6191.59
2022-07-24 17:37:03,9905.42,6103.77
2022-07-24 17:37:02,10245.7,5763.54
2022-07-24 17:37:01,10473.6,5535.63
2022-07-24 17:37:00,10560.6,5448.57
2022-07-24 17:36:59,10939.1,5070.12
2022-07-24 17:36:58,11173.8,4835.4
2022-07-24 17:36:57,11255.2,4754.02
2022-07-24 17:36:56,11371.8,4637.39
2022-07-24 17:36:55,11517.9,4491.28
2022-07-24 17:36:54,11771.7,4237.47
2022-07-24 17:36:53,11966.1,4043.11
2022-07-24 17:36:52,12122.4,3886.8
2022-07-24 17:36:51,10700.1,5309.13
2022-07-24 17:36:50,10160.1,5849.11
2022-07-24 17:36:49,9683.21,6325.97
2022-07-24 17:36:48,9711.63,6297.55
2022-07-24 17:36:47,9214.7,6794.49
2022-07-24 17:36:46,9218.79,6790.39
2022-07-24 17:36:45,9223.96,6785.22
2022-07-24 17:36:44,9228.04,6781.15
2022-07-24 17:36:43,9227.76,6781.43
2022-07-24 17:36:42,9233.56,6775.63
2022-07-24 17:36:41,9245.42,6763.77
2022-07-24 17:36:40,9246.81,6762.38
2022-07-24 17:36:39,9250.59,6758.59
2022-07-24 17:36:38,9254.89,6754.3
2022-07-24 17:36:37,9272.33,6736.86
2022-07-24 17:36:36,9273.6,6735.59
2022-07-24 17:36:35,9285.56,6723.63
2022-07-24 17:36:34,9310.67,6698.52
2022-07-24 17:36:33,9329.56,6679.63
2022-07-24 17:36:32,9329.77,6679.42
2022-07-24 17:36:31,9373.98,6635.21
2022-07-24 17:36:30,9386.82,6622.36
2022-07-24 17:36:29,9405.43,6603.76
2022-07-24 17:36:28,9406.44,6602.75
2022-07-24 17:36:27,9467.23,6541.96
2022-07-24 17:36:26,9478.72,6530.47
2022-07-24 17:36:25,9482,6527.19
2022-07-24 17:36:24,9539.44,6469.75
2022-07-24 17:36:23,9591.31,6417.88
2022-07-24 17:36:22,9595.75,6413.44
2022-07-24 17:36:21,9626.9,6382.29
2022-07-24 17:36:20,9813.75,6195.43
2022-07-24 17:36:19,9861.82,6147.37
2022-07-24 17:36:18,10032.4,5976.83
2022-07-24 17:36:17,10341.5,5667.7
2022-07-24 17:36:16,10636.8,5372.39
2022-07-24 17:36:15,10901.3,5107.88
2022-07-24 17:36:14,11027.5,4981.67
2022-07-24 17:36:13,11166.7,4842.53
2022-07-24 17:36:12,11454.4,4554.81
2022-07-24 17:36:11,11617.4,4391.78
2022-07-24 17:36:10,11741.5,4267.7
2022-07-24 17:36:09,11863.5,4145.64
2022-07-24 17:36:08,12031.6,3977.58
2022-07-24 17:36:07,12174.7,3834.5
2022-07-24 17:36:06,10676.1,5333.04
2022-07-24 17:36:05,10127.1,5882.1
2022-07-24 17:36:04,8993.81,7015.38
2022-07-24 17:36:03,8994.38,7014.81
2022-07-24 17:36:02,8997.76,7011.43
2022-07-24 17:36:01,8995.45,7013.74
2022-07-24 17:36:00,8996.55,7012.64
2022-07-24 17:35:59,8996.29,7012.89
2022-07-24 17:35:58,9001.77,7007.42
2022-07-24 17:35:57,9003.93,7005.26
2022-07-24 17:35:56,9004.79,7004.4
2022-07-24 17:35:55,9005,7004.19
2022-07-24 17:35:54,9010.25,6998.94
2022-07-24 17:35:53,9021.56,6987.63
2022-07-24 17:35:52,9030.36,6978.83
2022-07-24 17:35:51,9028.45,6980.73
2022-07-24 17:35:50,9029.04,6980.15
2022-07-24 17:35:49,9045.92,6963.27
2022-07-24 17:35:48,9063.92,6945.27
2022-07-24 17:35:47,9065.41,6943.77
2022-07-24 17:35:46,9066.26,6942.93
2022-07-24 17:35:45,9082.74,6926.45
2022-07-24 17:35:44,9102.77,6906.42
2022-07-24 17:35:43,9094.43,6914.76
2022-07-24 17:35:42,9114.93,6894.26
2022-07-24 17:35:41,9105.89,6903.3
2022-07-24 17:35:40,9129.46,6879.73
2022-07-24 17:35:39,9191.43,6817.75
2022-07-24 17:35:38,9205.59,6803.59
2022-07-24 17:35:37,9223.75,6785.44
2022-07-24 17:35:36,9328.63,6680.55
2022-07-24 17:35:35,9441.74,6567.45
2022-07-24 17:35:34,9553.82,6455.37
2022-07-24 17:35:33,9839.77,6169.42
2022-07-24 17:35:32,10186.9,5822.27
2022-07-24 17:35:31,10468.6,5540.55
2022-07-24 17:35:30,10959.3,5049.93
2022-07-24 17:35:29,11225.2,4783.96
2022-07-24 17:35:28,11410.8,4598.39
2022-07-24 17:35:27,11552.6,4456.63
2022-07-24 17:35:26,11621.1,4388.08
2022-07-24 17:35:25,11778.5,4230.67
2022-07-24 17:35:24,11889.6,4119.58
2022-07-24 17:35:23,12083.6,3925.54
2022-07-24 17:35:22,12267.9,3741.26
2022-07-24 17:35:21,10335.3,5673.84
2022-07-24 17:35:20,9222.27,6786.91
2022-07-24 17:35:19,9229.17,6780.02
2022-07-24 17:35:18,9230.76,6778.43
2022-07-24 17:35:17,9232.91,6776.28
2022-07-24 17:35:16,9235.93,6773.25
2022-07-24 17:35:15,9241.11,6768.08
2022-07-24 17:35:14,9243.8,6765.39
2022-07-24 17:35:13,9245.12,6764.07
2022-07-24 17:35:12,9262.16,6747.03
2022-07-24 17:35:11,9263.1,6746.09
2022-07-24 17:35:10,9272.81,6736.38
2022-07-24 17:35:09,9279.02,6730.16
2022-07-24 17:35:08,9287.29,6721.9
2022-07-24 17:35:07,9296.34,6712.85
2022-07-24 17:35:06,9311.95,6697.23
2022-07-24 17:35:05,9329.53,6679.66
2022-07-24 17:35:04,9357.44,6651.75
2022-07-24 17:35:03,9375.68,6633.5
2022-07-24 17:35:02,9391.61,6617.58
2022-07-24 17:35:01,9406.76,6602.43
2022-07-24 17:35:00,9463.89,6545.29
2022-07-24 17:34:59,9479.73,6529.46
2022-07-24 17:34:58,9482.83,6526.36
2022-07-24 17:34:57,9541.89,6467.3
2022-07-24 17:34:56,9565.51,6443.68
2022-07-24 17:34:55,9615.56,6393.63
2022-07-24 17:34:54,9672.64,6336.55
2022-07-24 17:34:53,9667,6342.18
2022-07-24 17:34:52,9713.39,6295.8
2022-07-24 17:34:51,9818.85,6190.33
2022-07-24 17:34:50,9886.25,6122.93
2022-07-24 17:34:49,10127.1,5882.04
2022-07-24 17:34:48,10325.7,5683.51
2022-07-24 17:34:47,10535.7,5473.48
2022-07-24 17:34:46,10673.6,5335.63
2022-07-24 17:34:45,11240.1,4769.09
2022-07-24 17:34:44,11396.8,4612.4
2022-07-24 17:34:43,11507.6,4501.56
2022-07-24 17:34:42,11618.3,4390.93
2022-07-24 17:34:41,11745.9,4263.31
2022-07-24 17:34:40,11873,4136.16
2022-07-24 17:34:39,12019.2,3989.98
2022-07-24 17:34:38,12148.1,3861.06
2022-07-24 17:34:37,11352.2,4656.95
2022-07-24 17:34:36,9349.68,6659.51
2022-07-24 17:34:35,9352.05,6657.14
2022-07-24 17:34:34,9361.22,6647.96
2022-07-24 17:34:33,9363.83,6645.36
2022-07-24 17:34:32,9368.16,6641.03
2022-07-24 17:34:31,9368.67,6640.52
2022-07-24 17:34:30,9377.47,6631.72
2022-07-24 17:34:29,9382.18,6627
2022-07-24 17:34:28,9386.43,6622.75
2022-07-24 17:34:27,9388.01,6621.18
2022-07-24 17:34:26,9391.62,6617.57
2022-07-24 17:34:25,9404.31,6604.87
2022-07-24 17:34:24,9418.01,6591.18
2022-07-24 17:34:23,9418.7,6590.48
2022-07-24 17:34:22,9433.23,6575.96
2022-07-24 17:34:21,9433.66,6575.53
2022-07-24 17:34:20,9467.25,6541.94
2022-07-24 17:34:19,9506.62,6502.56
2022-07-24 17:34:18,9521.56,6487.63
2022-07-24 17:34:17,9529.53,6479.66
2022-07-24 17:34:16,9571.59,6437.59
2022-07-24 17:34:15,9614.11,6395.07
2022-07-24 17:34:14,9624.4,6384.79
2022-07-24 17:34:13,9653.66,6355.53
2022-07-24 17:34:12,9717.28,6291.91
2022-07-24 17:34:11,9770.74,6238.44
2022-07-24 17:34:10,9782.98,6226.2
2022-07-24 17:34:09,9796.55,6212.64
2022-07-24 17:34:08,9914.02,6095.16
2022-07-24 17:34:07,9946.59,6062.6
2022-07-24 17:34:06,9988.83,6020.36
2022-07-24 17:34:05,10274.2,5734.98
2022-07-24 17:34:04,10466.2,5542.96
2022-07-24 17:34:03,10579.1,5430.09
2022-07-24 17:34:02,10797.1,5212.09
2022-07-24 17:34:01,11126.1,4883.07
2022-07-24 17:34:00,11266.6,4742.57
2022-07-24 17:33:59,11463.7,4545.53
2022-07-24 17:33:58,11629.4,4379.76
2022-07-24 17:33:57,11744.7,4264.52
2022-07-24 17:33:56,11857,4152.19
2022-07-24 17:33:55,12034.9,3974.33
2022-07-24 17:33:54,11187.6,4821.63
2022-07-24 17:33:53,11325.9,4683.25
2022-07-24 17:33:52,10390.3,5618.93
2022-07-24 17:33:51,9282.38,6726.81
2022-07-24 17:33:50,9288.78,6720.4
2022-07-24 17:33:49,9296.91,6712.28
2022-07-24 17:33:48,9305.3,6703.88
2022-07-24 17:33:47,9315.56,6693.63
2022-07-24 17:33:46,9327.44,6681.75
2022-07-24 17:33:45,9329.76,6679.43
2022-07-24 17:33:44,9340.97,6668.21
2022-07-24 17:33:43,9351.41,6657.77
2022-07-24 17:33:42,9367.35,6641.84
2022-07-24 17:33:41,9368.93,6640.26
2022-07-24 17:33:40,9380.16,6629.03
2022-07-24 17:33:39,9412.83,6596.36
2022-07-24 17:33:38,9421.3,6587.89
2022-07-24 17:33:37,9423.92,6585.27
2022-07-24 17:33:36,9446.16,6563.03
2022-07-24 17:33:35,9490.98,6518.21
2022-07-24 17:33:34,9493,6516.19
2022-07-24 17:33:33,9507.82,6501.37
2022-07-24 17:33:32,9532.97,6476.22
2022-07-24 17:33:31,9564.52,6444.67
2022-07-24 17:33:30,9564.58,6444.61
2022-07-24 17:33:29,9596.4,6412.78
2022-07-24 17:33:28,9634.92,6374.27
2022-07-24 17:33:27,9645.93,6363.25
2022-07-24 17:33:26,9675.57,6333.62
2022-07-24 17:33:25,9688.34,6320.85
2022-07-24 17:33:24,9702.08,6307.11
2022-07-24 17:33:23,9737.87,6271.31
2022-07-24 17:33:22,9846.38,6162.81
2022-07-24 17:33:21,10045.9,5963.26
2022-07-24 17:33:20,10179.9,5829.27
2022-07-24 17:33:19,10380.6,5628.59
2022-07-24 17:33:18,10709.5,5299.73
2022-07-24 17:33:17,10856.9,5152.24
2022-07-24 17:33:16,11268.6,4740.55
2022-07-24 17:33:15,11437.4,4571.74
2022-07-24 17:33:14,11577.8,4431.41
2022-07-24 17:33:13,11694.2,4314.99
2022-07-24 17:33:12,11859.3,4149.86
2022-07-24 17:33:11,11518.8,4490.41
2022-07-24 17:33:10,11681.3,4327.85
2022-07-24 17:33:09,11573.9,4435.33
2022-07-24 17:33:08,10076.3,5932.93
2022-07-24 17:33:07,9120.95,6888.24
2022-07-24 17:33:06,9123.59,6885.59
2022-07-24 17:33:05,9125.1,6884.09
2022-07-24 17:33:04,9129.24,6879.95
2022-07-24 17:33:03,9130.97,6878.22
2022-07-24 17:33:02,9132.69,6876.5
2022-07-24 17:33:01,9133.33,6875.86
2022-07-24 17:33:00,9141.66,6867.53
2022-07-24 17:32:59,9146.61,6862.58
2022-07-24 17:32:58,9147.06,6862.13
2022-07-24 17:32:57,9148.38,6860.8
2022-07-24 17:32:56,9163.34,6845.85
2022-07-24 17:32:55,9164.39,6844.8
2022-07-24 17:32:54,9166.32,6842.86
2022-07-24 17:32:53,9187.78,6821.41
2022-07-24 17:32:52,9200.67,6808.52
2022-07-24 17:32:51,9210.77,6798.42
2022-07-24 17:32:50,9217.39,6791.8
2022-07-24 17:32:49,9254.31,6754.88
2022-07-24 17:32:48,9255.4,6753.79
2022-07-24 17:32:47,9258.43,6750.76
2022-07-24 17:32:46,9304.98,6704.21
2022-07-24 17:32:45,9342.4,6666.79
2022-07-24 17:32:44,9349.09,6660.09
2022-07-24 17:32:43,9352.44,6656.75
2022-07-24 17:32:42,9437.78,6571.4
2022-07-24 17:32:41,9446.59,6562.6
2022-07-24 17:32:40,9450.22,6558.97
2022-07-24 17:32:39,9564.11,6445.08
2022-07-24 17:32:38,9655.13,6354.06
2022-07-24 17:32:37,9732.69,6276.49
2022-07-24 17:32:36,10069,5940.16
2022-07-24 17:32:35,10478.2,5530.95
2022-07-24 17:32:34,10684.3,5324.87
2022-07-24 17:32:33,10919,5090.21
2022-07-24 17:32:32,11188.4,4820.82
2022-07-24 17:32:31,11289.1,4720.1
2022-07-24 17:32:30,11564.6,4444.59
2022-07-24 17:32:29,11700.7,4308.44
2022-07-24 17:32:28,11849.2,4159.94
2022-07-24 17:32:27,12008.2,4000.97
2022-07-24 17:32:26,11683.8,4325.39
2022-07-24 17:32:25,11301.3,4707.88
2022-07-24 17:32:24,9738.26,6270.93
2022-07-24 17:32:23,9752.59,6256.59
2022-07-24 17:32:22,9259.07,6750.12
2022-07-24 17:32:21,9262.15,6747.04
2022-07-24 17:32:20,9263.27,6745.91
2022-07-24 17:32:19,9280.7,6728.48
2022-07-24 17:32:18,9288.21,6720.98
2022-07-24 17:32:17,9290.67,6718.52
2022-07-24 17:32:16,9292.59,6716.59
2022-07-24 17:32:15,9320.4,6688.79
2022-07-24 17:32:14,9318.86,6690.33
2022-07-24 17:32:13,9333.52,6675.67
2022-07-24 17:32:12,9333.14,6676.04
2022-07-24 17:32:11,9370.49,6638.7
2022-07-24 17:32:10,9380.95,6628.23
2022-07-24 17:32:09,9394.65,6614.54
2022-07-24 17:32:08,9406.79,6602.39
2022-07-24 17:32:07,9439.56,6569.63
2022-07-24 17:32:06,9443.57,6565.62
2022-07-24 17:32:05,9473.71,6535.47
2022-07-24 17:32:04,9491.14,6518.05
2022-07-24 17:32:03,9520.44,6488.75
2022-07-24 17:32:02,9562.84,6446.34
2022-07-24 17:32:01,9571.04,6438.14
2022-07-24 17:32:00,9585.83,6423.36
2022-07-24 17:31:59,9646.94,6362.25
2022-07-24 17:31:58,9654.54,6354.65
2022-07-24 17:31:57,9655.73,6353.46
2022-07-24 17:31:56,9724.55,6284.63
2022-07-24 17:31:55,9748.57,6260.62
2022-07-24 17:31:54,9826.85,6182.34
2022-07-24 17:31:53,10059.5,5949.69
2022-07-24 17:31:52,10170,5839.16
2022-07-24 17:31:51,10361.7,5647.45
2022-07-24 17:31:50,10712.5,5296.72
2022-07-24 17:31:49,11056,4953.2
2022-07-24 17:31:48,11210.6,4798.55
2022-07-24 17:31:47,11362.2,4647.03
2022-07-24 17:31:46,11569.2,4439.96
2022-07-24 17:31:45,11698.4,4310.81
2022-07-24 17:31:44,11808.5,4200.64
2022-07-24 17:31:43,11989,4020.15
2022-07-24 17:31:42,11627.7,4381.5
2022-07-24 17:31:41,11252.2,4757
2022-07-24 17:31:40,9662.42,6346.77
2022-07-24 17:31:39,9704.25,6304.94
2022-07-24 17:31:38,9086.58,6922.61
2022-07-24 17:31:37,9087.04,6922.14
2022-07-24 17:31:36,9088.71,6920.48
2022-07-24 17:31:35,9090.48,6918.71
2022-07-24 17:31:34,9090.84,6918.35
2022-07-24 17:31:33,9100.85,6908.34
2022-07-24 17:31:32,9101.91,6907.27
2022-07-24 17:31:31,9104.82,6904.37
2022-07-24 17:31:30,9105.05,6904.13
2022-07-24 17:31:29,9137.65,6871.54
2022-07-24 17:31:28,9152.33,6856.86
2022-07-24 17:31:27,9156.39,6852.8
2022-07-24 17:31:26,9158.77,6850.42
2022-07-24 17:31:25,9177.45,6831.74
2022-07-24 17:31:24,9195.27,6813.92
2022-07-24 17:31:23,9229.38,6779.81
2022-07-24 17:31:22,9228.02,6781.16
2022-07-24 17:31:21,9266.91,6742.28
2022-07-24 17:31:20,9269.35,6739.84
2022-07-24 17:31:19,9306.41,6702.78
2022-07-24 17:31:18,9341.82,6667.36
2022-07-24 17:31:17,9344.04,6665.14
2022-07-24 17:31:16,9350.86,6658.33
2022-07-24 17:31:15,9385.93,6623.26
2022-07-24 17:31:14,9411.99,6597.2
2022-07-24 17:31:13,9411.34,6597.85
2022-07-24 17:31:12,9518.76,6490.43
2022-07-24 17:31:11,9550.86,6458.33
2022-07-24 17:31:10,9613.13,6396.05
2022-07-24 17:31:09,9970.79,6038.39
2022-07-24 17:31:08,10117.3,5891.89
2022-07-24 17:31:07,10142.6,5866.6
2022-07-24 17:31:06,10272.4,5736.8
2022-07-24 17:31:05,10739.4,5269.8
2022-07-24 17:31:04,10984.4,5024.78
2022-07-24 17:31:03,11114.2,4894.96
2022-07-24 17:31:02,11243.3,4765.9
2022-07-24 17:31:01,11364.6,4644.61
2022-07-24 17:31:00,11767.9,4241.32
2022-07-24 17:30:59,11395.6,4613.58
2022-07-24 17:30:58,11054.4,4954.81
2022-07-24 17:30:57,11174.3,4834.86
2022-07-24 17:30:56,10223.4,5785.8
2022-07-24 17:30:55,9650.86,6358.33
2022-07-24 17:30:54,9694.23,6314.95
2022-07-24 17:30:53,9729.14,6280.05
2022-07-24 17:30:52,9229.75,6779.44
2022-07-24 17:30:51,9229.96,6779.23
2022-07-24 17:30:50,9232.87,6776.32
2022-07-24 17:30:49,9246.8,6762.39
2022-07-24 17:30:48,9248.98,6760.2
2022-07-24 17:30:47,9249.53,6759.66
2022-07-24 17:30:46,9250.07,6759.12
2022-07-24 17:30:45,9284.6,6724.59
2022-07-24 17:30:44,9285.05,6724.13
2022-07-24 17:30:43,9289.46,6719.72
2022-07-24 17:30:42,9291.65,6717.54
2022-07-24 17:30:41,9323.56,6685.63
2022-07-24 17:30:40,9347.55,6661.64
2022-07-24 17:30:39,9349.78,6659.41
2022-07-24 17:30:38,9349.08,6660.11
2022-07-24 17:30:37,9396,6613.18
2022-07-24 17:30:36,9430.5,6578.69
2022-07-24 17:30:35,9424.69,6584.49
2022-07-24 17:30:34,9457.4,6551.78
2022-07-24 17:30:33,9519.34,6489.85
2022-07-24 17:30:32,9525.54,6483.64
2022-07-24 17:30:31,9557.08,6452.11
2022-07-24 17:30:30,9585.43,6423.76
2022-07-24 17:30:29,9646.2,6362.99
2022-07-24 17:30:28,9659.74,6349.45
2022-07-24 17:30:27,9707.98,6301.2
2022-07-24 17:30:26,9782.52,6226.67
2022-07-24 17:30:25,9828.97,6180.22
2022-07-24 17:30:24,10215.6,5793.6
2022-07-24 17:30:23,10380.7,5628.49
2022-07-24 17:30:22,10524.6,5484.55
2022-07-24 17:30:21,10639.6,5369.62
2022-07-24 17:30:20,11094.6,4914.6
2022-07-24 17:30:19,11208.8,4800.37
2022-07-24 17:30:18,11360.4,4648.82
2022-07-24 17:30:17,11472.7,4536.46
2022-07-24 17:30:16,11620.5,4388.68
2022-07-24 17:30:15,11859.3,4149.89
2022-07-24 17:30:14,11543,4466.22
2022-07-24 17:30:13,11169.3,4839.87
2022-07-24 17:30:12,10728.6,5280.63
2022-07-24 17:30:11,9667.5,6341.68
2022-07-24 17:30:10,9704.01,6305.18
2022-07-24 17:30:09,9743.75,6265.44
2022-07-24 17:30:08,9267.99,6741.2
2022-07-24 17:30:07,9269.25,6739.94
2022-07-24 17:30:06,9268.77,6740.42
2022-07-24 17:30:05,9283.1,6726.09
2022-07-24 17:30:04,9282.2,6726.99
2022-07-24 17:30:03,9284.33,6724.86
2022-07-24 17:30:02,9286.67,6722.52
2022-07-24 17:30:01,9305.07,6704.12
2022-07-24 17:30:00,9306.88,6702.31
2022-07-24 17:29:59,9321.48,6687.71
2022-07-24 17:29:58,9328.3,6680.89
2022-07-24 17:29:57,9373.72,6635.47
2022-07-24 17:29:56,9374.74,6634.45
2022-07-24 17:29:55,9379.75,6629.44
2022-07-24 17:29:54,9410.99,6598.2
2022-07-24 17:29:53,9459.66,6549.52
2022-07-24 17:29:52,9471.9,6537.28
2022-07-24 17:29:51,9475.66,6533.53
2022-07-24 17:29:50,9504.12,6505.06
2022-07-24 17:29:49,9554.73,6454.46
2022-07-24 17:29:48,9562.32,6446.87
2022-07-24 17:29:47,9581.55,6427.64
2022-07-24 17:29:46,9625.7,6383.48
2022-07-24 17:29:45,9635.96,6373.23
2022-07-24 17:29:44,9656.7,6352.49
2022-07-24 17:29:43,9708.33,6300.86
2022-07-24 17:29:42,9758.02,6251.17
2022-07-24 17:29:41,9836.45,6172.73
2022-07-24 17:29:40,10088.7,5920.46
2022-07-24 17:29:39,10319.4,5689.77
2022-07-24 17:29:38,10525.8,5483.41
2022-07-24 17:29:37,10725.2,5284.02
2022-07-24 17:29:36,11067.4,4941.82
2022-07-24 17:29:35,11192.2,4816.96
2022-07-24 17:29:34,11340,4669.16
2022-07-24 17:29:33,11446.2,4562.98
2022-07-24 17:29:32,11566.2,4442.98
2022-07-24 17:29:31,11714.9,4294.29
2022-07-24 17:29:30,11963,4046.21
2022-07-24 17:29:29,11568.8,4440.38
2022-07-24 17:29:28,10710.3,5298.93
2022-07-24 17:29:27,10174.5,5834.68
2022-07-24 17:29:26,9546.71,6462.48
2022-07-24 17:29:25,9592.35,6416.84
2022-07-24 17:29:24,9607.29,6401.89
2022-07-24 17:29:23,8986.18,7023
2022-07-24 17:29:22,8985.61,7023.58
2022-07-24 17:29:21,8988.01,7021.18
2022-07-24 17:29:20,8987.2,7021.98
2022-07-24 17:29:19,8997.18,7012
2022-07-24 17:29:18,8997.43,7011.76
2022-07-24 17:29:17,9003.41,7005.78
2022-07-24 17:29:16,9004,7005.19
2022-07-24 17:29:15,9010.21,6998.98
2022-07-24 17:29:14,9037.96,6971.23
2022-07-24 17:29:13,9039.53,6969.66
2022-07-24 17:29:12,9058.85,6950.34
2022-07-24 17:29:11,9058.23,6950.96
2022-07-24 17:29:10,9103.18,6906
2022-07-24 17:29:09,9104.1,6905.09
2022-07-24 17:29:08,9125.52,6883.67
2022-07-24 17:29:07,9126.57,6882.61
2022-07-24 17:29:06,9164.04,6845.15
2022-07-24 17:29:05,9161.53,6847.66
2022-07-24 17:29:04,9188.53,6820.65
2022-07-24 17:29:03,9217.28,6791.91
2022-07-24 17:29:02,9228.38,6780.8
2022-07-24 17:29:01,9237.06,6772.13
2022-07-24 17:29:00,9268.75,6740.44
2022-07-24 17:28:59,9262.8,6746.39
2022-07-24 17:28:58,9287.13,6722.06
2022-07-24 17:28:57,9363.7,6645.48
2022-07-24 17:28:56,9476.34,6532.85
2022-07-24 17:28:55,9755.5,6253.69
2022-07-24 17:28:54,9954.02,6055.17
2022-07-24 17:28:53,10362.3,5646.93
2022-07-24 17:28:52,10528.6,5480.64
2022-07-24 17:28:51,10868.8,5140.37
2022-07-24 17:28:50,11090.9,4918.31
2022-07-24 17:28:49,11376.5,4632.71
2022-07-24 17:28:48,11554.8,4454.44
2022-07-24 17:28:47,11686.2,4323.02
2022-07-24 17:28:46,11864.8,4144.39
2022-07-24 17:28:45,12022.5,3986.7
2022-07-24 17:28:44,11097.5,4911.73
2022-07-24 17:28:43,10128.9,5880.34
2022-07-24 17:28:42,9567.91,6441.28
2022-07-24 17:28:41,9576.22,6432.97
2022-07-24 17:28:40,8992.12,7017.06
2022-07-24 17:28:39,8993.39,7015.8
2022-07-24 17:28:38,8994.29,7014.9
2022-07-24 17:28:37,8993.73,7015.45
2022-07-24 17:28:36,8993.48,7015.71
2022-07-24 17:28:35,9004.14,7005.05
2022-07-24 17:28:34,9002.75,7006.43
2022-07-24 17:28:33,9004.23,7004.96
2022-07-24 17:28:32,9005.73,7003.46
2022-07-24 17:28:31,9018.31,6990.88
2022-07-24 17:28:30,9018.88,6990.31
2022-07-24 17:28:29,9021.33,6987.86
2022-07-24 17:28:28,9037.79,6971.39
2022-07-24 17:28:27,9058.1,6951.09
2022-07-24 17:28:26,9081.06,6928.13
2022-07-24 17:28:25,9082.92,6926.27
2022-07-24 17:28:24,9095.34,6913.85
2022-07-24 17:28:23,9118.44,6890.75
2022-07-24 17:28:22,9140.12,6869.07
2022-07-24 17:28:21,9141.88,6867.31
2022-07-24 17:28:20,9153.95,6855.24
2022-07-24 17:28:19,9171.16,6838.03
2022-07-24 17:28:18,9193.73,6815.45
2022-07-24 17:28:17,9203.4,6805.79
2022-07-24 17:28:16,9236.53,6772.66
2022-07-24 17:28:15,9266.86,6742.33
2022-07-24 17:28:14,9254.8,6754.39
2022-07-24 17:28:13,9308.37,6700.82
2022-07-24 17:28:12,9424.47,6584.72
2022-07-24 17:28:11,9544.88,6464.3
2022-07-24 17:28:10,9742.33,6266.86
2022-07-24 17:28:09,9965.59,6043.6
2022-07-24 17:28:08,10500.1,5509.1
2022-07-24 17:28:07,10807.6,5201.57
2022-07-24 17:28:06,11003.9,5005.31
2022-07-24 17:28:05,11386.3,4622.88
2022-07-24 17:28:04,11487.6,4521.57
2022-07-24 17:28:03,11647.7,4361.47
2022-07-24 17:28:02,11751.3,4257.9
2022-07-24 17:28:01,11962,4047.19
2022-07-24 17:28:00,11476.1,4533.14
2022-07-24 17:27:59,11657,4352.2
2022-07-24 17:27:58,10017.5,5991.7
2022-07-24 17:27:57,9405.85,6603.34
2022-07-24 17:27:56,8891.9,7117.29
2022-07-24 17:27:55,8891.98,7117.21
2022-07-24 17:27:54,8894.96,7114.23
2022-07-24 17:27:53,8893.95,7115.24
2022-07-24 17:27:52,8895.17,7114.02
2022-07-24 17:27:51,8893.49,7115.7
2022-07-24 17:27:50,8896.47,7112.71
2022-07-24 17:27:49,8895.9,7113.29
2022-07-24 17:27:48,8905.59,7103.6
2022-07-24 17:27:47,8906.59,7102.6
2022-07-24 17:27:46,8905.92,7103.27
2022-07-24 17:27:45,8921.43,7087.75
2022-07-24 17:27:44,8934.7,7074.49
2022-07-24 17:27:43,8933.91,7075.28
2022-07-24 17:27:42,8935.26,7073.93
2022-07-24 17:27:41,8951.67,7057.52
2022-07-24 17:27:40,8965.73,7043.46
2022-07-24 17:27:39,8966.85,7042.34
2022-07-24 17:27:38,8966.52,7042.66
2022-07-24 17:27:37,8997.77,7011.42
2022-07-24 17:27:36,9005.79,7003.39
2022-07-24 17:27:35,9007.83,7001.36
2022-07-24 17:27:34,9000.29,7008.9
2022-07-24 17:27:33,9034.53,6974.66
2022-07-24 17:27:32,9037.86,6971.33
2022-07-24 17:27:31,9060.39,6948.8
2022-07-24 17:27:30,9150.52,6858.66
2022-07-24 17:27:29,9171.16,6838.02
2022-07-24 17:27:28,9442.15,6567.04
2022-07-24 17:27:27,9619.22,6389.97
2022-07-24 17:27:26,9727.71,6281.48
2022-07-24 17:27:25,10074.3,5934.85
2022-07-24 17:27:24,10321.8,5687.39
2022-07-24 17:27:23,10555.6,5453.54
2022-07-24 17:27:22,10933.8,5075.38
2022-07-24 17:27:21,11311.6,4697.56
2022-07-24 17:27:20,11494.2,4514.97
2022-07-24 17:27:19,11662.2,4346.98
2022-07-24 17:27:18,11802.9,4206.34
2022-07-24 17:27:17,11451.3,4557.85
2022-07-24 17:27:16,11575.1,4434.12
2022-07-24 17:27:15,11751.2,4257.96
2022-07-24 17:27:14,10346.5,5662.66
2022-07-24 17:27:13,9160.56,6848.63
2022-07-24 17:27:12,9170.22,6838.96
2022-07-24 17:27:11,9172.72,6836.47
2022-07-24 17:27:10,9177.05,6832.14
2022-07-24 17:27:09,9182.22,6826.96
2022-07-24 17:27:08,9190.24,6818.95
2022-07-24 17:27:07,9193.23,6815.95
2022-07-24 17:27:06,9201.12,6808.07
2022-07-24 17:27:05,9210.81,6798.38
2022-07-24 17:27:04,9220.98,6788.21
2022-07-24 17:27:03,9224,6785.19
2022-07-24 17:27:02,9246.11,6763.08
2022-07-24 17:27:01,9244.17,6765.02
2022-07-24 17:27:00,9262.27,6746.92
2022-07-24 17:26:59,9264.45,6744.74
2022-07-24 17:26:58,9315.03,6694.16
2022-07-24 17:26:57,9315.47,6693.72
2022-07-24 17:26:56,9330.23,6678.96
2022-07-24 17:26:55,9344.42,6664.77
2022-07-24 17:26:54,9360.09,6649.1
2022-07-24 17:26:53,9382.24,6626.95
2022-07-24 17:26:52,9383.17,6626.02
2022-07-24 17:26:51,9413.47,6595.72
2022-07-24 17:26:50,9453.09,6556.1
2022-07-24 17:26:49,9462.57,6546.62
2022-07-24 17:26:48,9479.12,6530.07
2022-07-24 17:26:47,9512.14,6497.05
2022-07-24 17:26:46,9524.66,6484.53
2022-07-24 17:26:45,9556.27,6452.92
2022-07-24 17:26:44,9621.62,6387.57
2022-07-24 17:26:43,9842.96,6166.22
2022-07-24 17:26:42,9950.28,6058.9
2022-07-24 17:26:41,10053.2,5956
2022-07-24 17:26:40,10509.3,5499.89
2022-07-24 17:26:39,10672.1,5337.1
2022-07-24 17:26:38,10967.6,5041.59
2022-07-24 17:26:37,11103.3,4905.84
2022-07-24 17:26:36,11421.2,4587.98
2022-07-24 17:26:35,11605.9,4403.3
2022-07-24 17:26:34,11813.2,4195.95
2022-07-24 17:26:33,11951.5,4057.69
2022-07-24 17:26:32,11626.1,4383.06
2022-07-24 17:26:31,11555.5,4453.64
2022-07-24 17:26:30,10294.3,5714.88
2022-07-24 17:26:29,9697.55,6311.64
2022-07-24 17:26:28,9204.34,6804.85
2022-07-24 17:26:27,9205.57,6803.62
2022-07-24 17:26:26,9206.23,6802.96
2022-07-24 17:26:25,9214.24,6794.95
2022-07-24 17:26:24,9216.35,6792.84
2022-07-24 17:26:23,9218.92,6790.27
2022-07-24 17:26:22,9219.96,6789.23
2022-07-24 17:26:21,9228.35,6780.84
2022-07-24 17:26:20,9249.28,6759.9
2022-07-24 17:26:19,9250.68,6758.5
2022-07-24 17:26:18,9255.84,6753.35
2022-07-24 17:26:17,9263.43,6745.76
2022-07-24 17:26:16,9311.79,6697.4
2022-07-24 17:26:15,9316.69,6692.5
2022-07-24 17:26:14,9319.87,6689.32
2022-07-24 17:26:13,9328.67,6680.52
2022-07-24 17:26:12,9386.71,6622.48
2022-07-24 17:26:11,9405.5,6603.68
2022-07-24 17:26:10,9416.84,6592.34
2022-07-24 17:26:09,9439.08,6570.11
2022-07-24 17:26:08,9480.19,6529
2022-07-24 17:26:07,9508.2,6500.99
2022-07-24 17:26:06,9538.04,6471.15
2022-07-24 17:26:05,9546.68,6462.5
2022-07-24 17:26:04,9569.61,6439.58
2022-07-24 17:26:03,9628.59,6380.59
2022-07-24 17:26:02,9657.82,6351.36
2022-07-24 17:26:01,9689.96,6319.22
2022-07-24 17:26:00,9926.25,6082.94
2022-07-24 17:25:59,10053.9,5955.25
2022-07-24 17:25:58,10117.4,5891.83
2022-07-24 17:25:57,10437.9,5571.27
2022-07-24 17:25:56,10623,5386.19
2022-07-24 17:25:55,10936.2,5073.02
2022-07-24 17:25:54,11139.7,4869.49
2022-07-24 17:25:53,11313.8,4695.42
2022-07-24 17:25:52,11436.3,4572.84
2022-07-24 17:25:51,11674.6,4334.59
2022-07-24 17:25:50,11822.2,4187.02
2022-07-24 17:25:49,11452.9,4556.25
2022-07-24 17:25:48,11598.2,4411.02
2022-07-24 17:25:47,11211.1,4798.1
2022-07-24 17:25:46,10171,5838.23
2022-07-24 17:25:45,9718.62,6290.57
2022-07-24 17:25:44,9725.49,6283.7
2022-07-24 17:25:43,9205.82,6803.37
2022-07-24 17:25:42,9214.06,6795.13
2022-07-24 17:25:41,9214.7,6794.48
2022-07-24 17:25:40,9218.03,6791.15
2022-07-24 17:25:39,9218.86,6790.33
2022-07-24 17:25:38,9234.38,6774.8
2022-07-24 17:25:37,9240.89,6768.3
2022-07-24 17:25:36,9258.95,6750.23
2022-07-24 17:25:35,9260.67,6748.52
2022-07-24 17:25:34,9272.5,6736.68
2022-07-24 17:25:33,9302.3,6706.88
2022-07-24 17:25:32,9307.34,6701.84
2022-07-24 17:25:31,9322.02,6687.17
2022-07-24 17:25:30,9339.27,6669.92
2022-07-24 17:25:29,9354.76,6654.43
2022-07-24 17:25:28,9372,6637.19
2022-07-24 17:25:27,9387.19,6622
2022-07-24 17:25:26,9417.32,6591.87
2022-07-24 17:25:25,9423.41,6585.78
2022-07-24 17:25:24,9456.34,6552.84
2022-07-24 17:25:23,9468.16,6541.03
2022-07-24 17:25:22,9496.05,6513.14
2022-07-24 17:25:21,9518.49,6490.7
2022-07-24 17:25:20,9536.96,6472.23
2022-07-24 17:25:19,9573.08,6436.11
2022-07-24 17:25:18,9677.01,6332.18
2022-07-24 17:25:17,9716.11,6293.08
2022-07-24 17:25:16,9959.52,6049.67
2022-07-24 17:25:15,10032.9,5976.26
2022-07-24 17:25:14,10105.6,5903.6
2022-07-24 17:25:13,10572.5,5436.65
2022-07-24 17:25:12,10724.8,5284.43
2022-07-24 17:25:11,10819.1,5190.04
2022-07-24 17:25:10,11067.6,4941.59
2022-07-24 17:25:09,11294.4,4714.8
2022-07-24 17:25:08,11541,4468.2
2022-07-24 17:25:07,11702.4,4306.8
2022-07-24 17:25:06,11317.9,4691.28
2022-07-24 17:25:05,11434.1,4575.07
2022-07-24 17:25:04,11563.4,4445.74
2022-07-24 17:25:03,10557.6,5451.57
2022-07-24 17:25:02,10642.7,5366.5
2022-07-24 17:25:01,10215.9,5793.25
2022-07-24 17:25:00,8982.52,7026.66
2022-07-24 17:24:59,8985.5,7023.69
2022-07-24 17:24:58,8987.04,7022.15
2022-07-24 17:24:57,8987.11,7022.08
2022-07-24 17:24:56,9007.32,7001.86
2022-07-24 17:24:55,9007.27,7001.91
2022-07-24 17:24:54,9010.8,6998.39
2022-07-24 17:24:53,9008.83,7000.36
2022-07-24 17:24:52,9035.96,6973.22
2022-07-24 17:24:51,9035.48,6973.71
2022-07-24 17:24:50,9045.31,6963.88
2022-07-24 17:24:49,9046.01,6963.18
2022-07-24 17:24:48,9060.15,6949.04
2022-07-24 17:24:47,9073.36,6935.82
2022-07-24 17:24:46,9075.77,6933.41
2022-07-24 17:24:45,9097.09,6912.09
2022-07-24 17:24:44,9111.62,6897.57
2022-07-24 17:24:43,9125.22,6883.96
2022-07-24 17:24:42,9126.58,6882.61
2022-07-24 17:24:41,9168.67,6840.52
2022-07-24 17:24:40,9168.12,6841.07
2022-07-24 17:24:39,9177.63,6831.55
2022-07-24 17:24:38,9197.09,6812.1
2022-07-24 17:24:37,9220.62,6788.57
2022-07-24 17:24:36,9246.16,6763.03
2022-07-24 17:24:35,9273.58,6735.61
2022-07-24 17:24:34,9307.58,6701.61
2022-07-24 17:24:33,9505.66,6503.53
2022-07-24 17:24:32,9545.87,6463.32
2022-07-24 17:24:31,9599.97,6409.22
2022-07-24 17:24:30,9921.4,6087.79
2022-07-24 17:24:29,10096.5,5912.65
2022-07-24 17:24:28,10351.5,5657.67
2022-07-24 17:24:27,10461.7,5547.48
2022-07-24 17:24:26,10817.9,5191.32
2022-07-24 17:24:25,11150.7,4858.44
2022-07-24 17:24:24,11450.2,4559.02
2022-07-24 17:24:23,11017.3,4991.93
2022-07-24 17:24:22,11117.7,4891.49
2022-07-24 17:24:21,11255.2,4753.98
2022-07-24 17:24:20,11356.7,4652.44
2022-07-24 17:24:19,11025.9,4983.3
2022-07-24 17:24:18,11160.4,4848.75
2022-07-24 17:24:17,9170.4,6838.79
2022-07-24 17:24:16,9170.24,6838.95
2022-07-24 17:24:15,9187.71,6821.48
2022-07-24 17:24:14,9188.19,6821
2022-07-24 17:24:13,9188.91,6820.27
2022-07-24 17:24:12,9198.85,6810.34
2022-07-24 17:24:11,9218.96,6790.23
2022-07-24 17:24:10,9220.05,6789.14
2022-07-24 17:24:09,9223.69,6785.5
2022-07-24 17:24:08,9230.11,6779.08
2022-07-24 17:24:07,9251.85,6757.34
2022-07-24 17:24:06,9252.65,6756.53
2022-07-24 17:24:05,9257.61,6751.58
2022-07-24 17:24:04,9273.63,6735.55
2022-07-24 17:24:03,9296.59,6712.59
2022-07-24 17:24:02,9299.54,6709.64
2022-07-24 17:24:01,9311.69,6697.5
2022-07-24 17:24:00,9332.08,6677.11
2022-07-24 17:23:59,9347.31,6661.88
2022-07-24 17:23:58,9356.11,6653.08
2022-07-24 17:23:57,9370.4,6638.79
2022-07-24 17:23:56,9383.94,6625.25
2022-07-24 17:23:55,9410.66,6598.52
2022-07-24 17:23:54,9409.98,6599.2
2022-07-24 17:23:53,9418.35,6590.84
2022-07-24 17:23:52,9449.26,6559.93
2022-07-24 17:23:51,9451.34,6557.85
2022-07-24 17:23:50,9487.61,6521.58
2022-07-24 17:23:49,9522.14,6487.05
2022-07-24 17:23:48,9548.42,6460.77
2022-07-24 17:23:47,9616.29,6392.9
2022-07-24 17:23:46,9741.1,6268.09
2022-07-24 17:23:45,9789.44,6219.74
2022-07-24 17:23:44,10362.6,5646.57
2022-07-24 17:23:43,10663.5,5345.65
2022-07-24 17:23:42,10985.1,5024.11
2022-07-24 17:23:41,11294.5,4714.67
2022-07-24 17:23:40,11430.6,4578.62
2022-07-24 17:23:39,11532.4,4476.77
2022-07-24 17:23:38,11644.1,4365.1
2022-07-24 17:23:37,11694.2,4314.97
2022-07-24 17:23:36,11885.5,4123.7
2022-07-24 17:23:35,12035.1,3974.08
2022-07-24 17:23:34,12243.1,3766.1
2022-07-24 17:23:33,10591.1,5418.07
2022-07-24 17:23:32,8842.86,7166.33
2022-07-24 17:23:31,8842.96,7166.23
2022-07-24 17:23:30,8846.94,7162.25
2022-07-24 17:23:29,8845.38,7163.81
2022-07-24 17:23:28,8844.64,7164.55
2022-07-24 17:23:27,8844.84,7164.34
2022-07-24 17:23:26,8846.46,7162.73
2022-07-24 17:23:25,8845.12,7164.06
2022-07-24 17:23:24,8844.94,7164.25
2022-07-24 17:23:23,8844.43,7164.75
2022-07-24 17:23:22,8845.6,7163.59
2022-07-24 17:23:21,8845.95,7163.23
2022-07-24 17:23:20,8846.94,7162.25
2022-07-24 17:23:19,8847.19,7162
2022-07-24 17:23:18,8848.09,7161.1
2022-07-24 17:23:17,8845.59,7163.6
2022-07-24 17:23:16,8847.51,7161.68
2022-07-24 17:23:15,8847.62,7161.57
2022-07-24 17:23:14,8847.88,7161.31
2022-07-24 17:23:13,8847.67,7161.52
2022-07-24 17:23:12,8849.05,7160.14
2022-07-24 17:23:11,8848.53,7160.66
2022-07-24 17:23:10,8848.86,7160.33
2022-07-24 17:23:09,8847.54,7161.65
2022-07-24 17:23:08,8824.05,7185.14
2022-07-24 17:23:07,8827.03,7182.16
2022-07-24 17:23:06,8830.28,7178.91
2022-07-24 17:23:05,8839.87,7169.32
2022-07-24 17:23:04,8846.49,7162.7
2022-07-24 17:23:03,8972.5,7036.69
2022-07-24 17:23:02,9075.17,6934.02
2022-07-24 17:23:01,9236.97,6772.22
2022-07-24 17:23:00,9781.53,6227.66
2022-07-24 17:22:59,9927.82,6081.37
2022-07-24 17:22:58,10172.7,5836.5
2022-07-24 17:22:57,10737.3,5271.87
2022-07-24 17:22:56,11011.9,4997.32
2022-07-24 17:22:55,11296.6,4712.58
2022-07-24 17:22:54,11489.9,4519.24
2022-07-24 17:22:53,11579.6,4429.56
2022-07-24 17:22:52,11733.9,4275.32
2022-07-24 17:22:51,11833.4,4175.74
2022-07-24 17:22:50,12041.1,3968.09
2022-07-24 17:22:49,12206.8,3802.36
2022-07-24 17:22:48,11239.3,4769.92
2022-07-24 17:22:47,8991.85,7017.34
2022-07-24 17:22:46,8992.32,7016.87
2022-07-24 17:22:45,8993.31,7015.88
2022-07-24 17:22:44,8995.34,7013.85
2022-07-24 17:22:43,8994.17,7015.02
2022-07-24 17:22:42,9003.91,7005.28
2022-07-24 17:22:41,9010.54,6998.65
2022-07-24 17:22:40,9010.41,6998.78
2022-07-24 17:22:39,9013.68,6995.51
2022-07-24 17:22:38,9013.83,6995.36
2022-07-24 17:22:37,9033.89,6975.3
2022-07-24 17:22:36,9034.93,6974.26
2022-07-24 17:22:35,9037.39,6971.8
2022-07-24 17:22:34,9039.33,6969.86
2022-07-24 17:22:33,9067.11,6942.08
2022-07-24 17:22:32,9068.26,6940.93
2022-07-24 17:22:31,9070.48,6938.7
2022-07-24 17:22:30,9071.29,6937.9
2022-07-24 17:22:29,9095.34,6913.85
2022-07-24 17:22:28,9105.28,6903.91
2022-07-24 17:22:27,9121.19,6888
2022-07-24 17:22:26,9136.04,6873.15
2022-07-24 17:22:25,9134.29,6874.89
2022-07-24 17:22:24,9138.97,6870.21
2022-07-24 17:22:23,9149.07,6860.12
2022-07-24 17:22:22,9183.28,6825.91
2022-07-24 17:22:21,9224.84,6784.34
2022-07-24 17:22:20,9211.78,6797.41
2022-07-24 17:22:19,9222.06,6787.12
2022-07-24 17:22:18,9351.25,6657.94
2022-07-24 17:22:17,9448.5,6560.69
2022-07-24 17:22:16,9574.51,6434.68
2022-07-24 17:22:15,9955.62,6053.57
2022-07-24 17:22:14,10246.5,5762.69
2022-07-24 17:22:13,10574,5435.14
2022-07-24 17:22:12,10758.5,5250.73
2022-07-24 17:22:11,11212,4797.2
2022-07-24 17:22:10,11384.4,4624.81
2022-07-24 17:22:09,11534.7,4474.49
2022-07-24 17:22:08,11641.4,4367.75
2022-07-24 17:22:07,11796,4213.19
2022-07-24 17:22:06,11910.5,4098.7
2022-07-24 17:22:05,12105.4,3903.8
2022-07-24 17:22:04,12281.2,3727.97
2022-07-24 17:22:03,10112.6,5896.55
2022-07-24 17:22:02,8997.54,7011.65
2022-07-24 17:22:01,8996.32,7012.87
2022-07-24 17:22:00,9012.21,6996.97
2022-07-24 17:21:59,9011.73,6997.46
2022-07-24 17:21:58,9014.14,6995.05
2022-07-24 17:21:57,9024.18,6985.01
2022-07-24 17:21:56,9036.63,6972.56
2022-07-24 17:21:55,9036.96,6972.23
2022-07-24 17:21:54,9049.27,6959.92
2022-07-24 17:21:53,9047.61,6961.58
2022-07-24 17:21:52,9061.54,6947.65
2022-07-24 17:21:51,9062.65,6946.54
2022-07-24 17:21:50,9065.71,6943.48
2022-07-24 17:21:49,9071.96,6937.22
2022-07-24 17:21:48,9087.95,6921.23
2022-07-24 17:21:47,9086.46,6922.73
2022-07-24 17:21:46,9095.88,6913.31
2022-07-24 17:21:45,9097.95,6911.24
2022-07-24 17:21:44,9131.3,6877.89
2022-07-24 17:21:43,9144.33,6864.86
2022-07-24 17:21:42,9145.32,6863.87
2022-07-24 17:21:41,9160.09,6849.09
2022-07-24 17:21:40,9174.05,6835.13
2022-07-24 17:21:39,9196.43,6812.76
2022-07-24 17:21:38,9218.64,6790.55
2022-07-24 17:21:37,9229.96,6779.23
2022-07-24 17:21:36,9247.09,6762.1
2022-07-24 17:21:35,9247.88,6761.3
2022-07-24 17:21:34,9316.8,6692.39
2022-07-24 17:21:33,9338.68,6670.51
2022-07-24 17:21:32,9572.02,6437.17
2022-07-24 17:21:31,9849.84,6159.34
2022-07-24 17:21:30,10183.9,5825.32
2022-07-24 17:21:29,10383.9,5625.3
2022-07-24 17:21:28,10747,5262.18
2022-07-24 17:21:27,11029.6,4979.55
2022-07-24 17:21:26,11382.2,4626.98
2022-07-24 17:21:25,11468.8,4540.41
2022-07-24 17:21:24,11603.5,4405.73
2022-07-24 17:21:23,11705.6,4303.63
2022-07-24 17:21:22,11918.1,4091.04
2022-07-24 17:21:21,12063.1,3946.05
2022-07-24 17:21:20,11746.8,4262.39
2022-07-24 17:21:19,9992.51,6016.68
2022-07-24 17:21:18,9495.69,6513.5
2022-07-24 17:21:17,8883.73,7125.46
2022-07-24 17:21:16,8883.89,7125.29
2022-07-24 17:21:15,8884.02,7125.17
2022-07-24 17:21:14,8893.27,7115.91
2022-07-24 17:21:13,8894.58,7114.61
2022-07-24 17:21:12,8895.82,7113.37
2022-07-24 17:21:11,8895.15,7114.04
2022-07-24 17:21:10,8908.51,7100.68
2022-07-24 17:21:09,8907.25,7101.94
2022-07-24 17:21:08,8907.61,7101.57
2022-07-24 17:21:07,8908.57,7100.62
2022-07-24 17:21:06,8928.85,7080.34
2022-07-24 17:21:05,8928.77,7080.42
2022-07-24 17:21:04,8928.47,7080.72
2022-07-24 17:21:03,8930.45,7078.73
2022-07-24 17:21:02,8940.88,7068.31
2022-07-24 17:21:01,8965.68,7043.51
2022-07-24 17:21:00,8966.6,7042.58
2022-07-24 17:20:59,8968.62,7040.56
2022-07-24 17:20:58,8988.74,7020.45
2022-07-24 17:20:57,9007.48,7001.71
2022-07-24 17:20:56,9008.87,7000.32
2022-07-24 17:20:55,9009.15,7000.04
2022-07-24 17:20:54,9031.84,6977.35
2022-07-24 17:20:53,9054.09,6955.09
2022-07-24 17:20:52,9062.32,6946.87
2022-07-24 17:20:51,9044.07,6965.12
2022-07-24 17:20:50,9060.15,6949.04
2022-07-24 17:20:49,9239.18,6770.01
2022-07-24 17:20:48,9291.73,6717.46
2022-07-24 17:20:47,9488.9,6520.29
2022-07-24 17:20:46,9986.8,6022.39
2022-07-24 17:20:45,10251.2,5758
2022-07-24 17:20:44,10548.9,5460.28
2022-07-24 17:20:43,10852.4,5156.81
2022-07-24 17:20:42,11042.9,4966.34
2022-07-24 17:20:41,11413.8,4595.37
2022-07-24 17:20:40,11529.4,4479.81
2022-07-24 17:20:39,11669.1,4340.11
2022-07-24 17:20:38,11805.7,4203.48
2022-07-24 17:20:37,11976.9,4032.29
2022-07-24 17:20:36,11530.2,4478.95
2022-07-24 17:20:35,11159.3,4849.88
2022-07-24 17:20:34,9601.29,6407.9
2022-07-24 17:20:33,9123.11,6886.08
2022-07-24 17:20:32,9128.85,6880.34
2022-07-24 17:20:31,9129.17,6880.02
2022-07-24 17:20:30,9129.68,6879.51
2022-07-24 17:20:29,9130.75,6878.44
2022-07-24 17:20:28,9140.21,6868.98
2022-07-24 17:20:27,9150.59,6858.6
2022-07-24 17:20:26,9157.33,6851.86
2022-07-24 17:20:25,9157.11,6852.08
2022-07-24 17:20:24,9162.76,6846.43
2022-07-24 17:20:23,9187.95,6821.24
2022-07-24 17:20:22,9189.27,6819.91
2022-07-24 17:20:21,9194.39,6814.79
2022-07-24 17:20:20,9204.75,6804.44
2022-07-24 17:20:19,9240.21,6768.98
2022-07-24 17:20:18,9241.96,6767.23
2022-07-24 17:20:17,9243.96,6765.23
2022-07-24 17:20:16,9294.8,6714.39
2022-07-24 17:20:15,9313.83,6695.36
2022-07-24 17:20:14,9314.41,6694.78
2022-07-24 17:20:13,9328.47,6680.72
2022-07-24 17:20:12,9366.8,6642.38
2022-07-24 17:20:11,9378.06,6631.13
2022-07-24 17:20:10,9398.54,6610.65
2022-07-24 17:20:09,9422.49,6586.7
2022-07-24 17:20:08,9464.91,6544.28
2022-07-24 17:20:07,9453.59,6555.6
2022-07-24 17:20:06,9475.24,6533.95
2022-07-24 17:20:05,9582.48,6426.71
2022-07-24 17:20:04,9683.83,6325.36
2022-07-24 17:20:03,9740.75,6268.44
2022-07-24 17:20:02,10214.7,5794.51
2022-07-24 17:20:01,10433.3,5575.86
2022-07-24 17:20:00,10858.6,5150.55
2022-07-24 17:19:59,10943.2,5065.96
2022-07-24 17:19:58,11071.1,4938.06
2022-07-24 17:19:57,11414.8,4594.4
2022-07-24 17:19:56,11525.5,4483.71
2022-07-24 17:19:55,11681.5,4327.72
2022-07-24 17:19:54,11796.2,4212.96
2022-07-24 17:19:53,11953.6,4055.64
2022-07-24 17:19:52,12083.6,3925.55
2022-07-24 17:19:51,11150.1,4859.09
2022-07-24 17:19:50,10216.3,5792.91
2022-07-24 17:19:49,9193.64,6815.55
2022-07-24 17:19:48,9200.87,6808.31
2022-07-24 17:19:47,9201.66,6807.53
2022-07-24 17:19:46,9205.66,6803.52
2022-07-24 17:19:45,9206.34,6802.85
2022-07-24 17:19:44,9226.57,6782.62
2022-07-24 17:19:43,9227.61,6781.58
2022-07-24 17:19:42,9231.53,6777.66
2022-07-24 17:19:41,9233.23,6775.95
2022-07-24 17:19:40,9237.78,6771.4
2022-07-24 17:19:39,9256.55,6752.64
2022-07-24 17:19:38,9273.05,6736.14
2022-07-24 17:19:37,9278.81,6730.38
2022-07-24 17:19:36,9295.41,6713.77
2022-07-24 17:19:35,9327.43,6681.76
2022-07-24 17:19:34,9346.39,6662.8
2022-07-24 17:19:33,9364.05,6645.14
2022-07-24 17:19:32,9364.74,6644.45
2022-07-24 17:19:31,9412.11,6597.07
2022-07-24 17:19:30,9426.16,6583.02
2022-07-24 17:19:29,9453.34,6555.85
2022-07-24 17:19:28,9453.57,6555.62
2022-07-24 17:19:27,9505.04,6504.14
2022-07-24 17:19:26,9516.33,6492.86
2022-07-24 17:19:25,9540,6469.19
2022-07-24 17:19:24,9570.94,6438.25
2022-07-24 17:19:23,9600.99,6408.2
2022-07-24 17:19:22,9632.88,6376.31
2022-07-24 17:19:21,9670.95,6338.23
2022-07-24 17:19:20,9727.74,6281.45
2022-07-24 17:19:19,9792.02,6217.17
2022-07-24 17:19:18,10037.5,5971.72
2022-07-24 17:19:17,10179.2,5830.01
2022-07-24 17:19:16,10456.6,5552.6
2022-07-24 17:19:15,10570.4,5438.8
2022-07-24 17:19:14,10897.3,5111.86
2022-07-24 17:19:13,11138.6,4870.61
2022-07-24 17:19:12,11377.5,4631.73
2022-07-24 17:19:11,11567.7,4441.45
2022-07-24 17:19:10,11681.6,4327.54
2022-07-24 17:19:09,11821,4188.21
2022-07-24 17:19:08,11949.1,4060.08
2022-07-24 17:19:07,11612.3,4396.92
2022-07-24 17:19:06,11242.9,4766.25
2022-07-24 17:19:05,10585.5,5423.72
2022-07-24 17:19:04,9089.06,6920.13
2022-07-24 17:19:03,9090.28,6918.91
2022-07-24 17:19:02,9092.26,6916.93
2022-07-24 17:19:01,9101.08,6908.11
2022-07-24 17:19:00,9102.18,6907.01
2022-07-24 17:18:59,9102.23,6906.95
2022-07-24 17:18:58,9105,6904.19
2022-07-24 17:18:57,9106.12,6903.06
2022-07-24 17:18:56,9119.71,6889.47
2022-07-24 17:18:55,9121.91,6887.28
2022-07-24 17:18:54,9133.5,6875.69
2022-07-24 17:18:53,9138.16,6871.03
2022-07-24 17:18:52,9138.53,6870.66
2022-07-24 17:18:51,9159.8,6849.39
2022-07-24 17:18:50,9165,6844.19
2022-07-24 17:18:49,9189.16,6820.03
2022-07-24 17:18:48,9209.57,6799.62
2022-07-24 17:18:47,9222.19,6787
2022-07-24 17:18:46,9266.8,6742.39
2022-07-24 17:18:45,9267.09,6742.1
2022-07-24 17:18:44,9294.75,6714.43
2022-07-24 17:18:43,9303.88,6705.31
2022-07-24 17:18:42,9345.43,6663.75
2022-07-24 17:18:41,9350.63,6658.55
2022-07-24 17:18:40,9376.45,6632.73
2022-07-24 17:18:39,9397.51,6611.68
2022-07-24 17:18:38,9420.78,6588.41
2022-07-24 17:18:37,9487.55,6521.64
2022-07-24 17:18:36,9493.6,6515.59
2022-07-24 17:18:35,9594.42,6414.77
2022-07-24 17:18:34,9841.27,6167.92
2022-07-24 17:18:33,9992.05,6017.14
2022-07-24 17:18:32,10155.1,5854.07
2022-07-24 17:18:31,10309.3,5699.86
2022-07-24 17:18:30,10718.2,5291.03
2022-07-24 17:18:29,11165,4844.22
2022-07-24 17:18:28,11376.3,4632.86
2022-07-24 17:18:27,11555.3,4453.89
2022-07-24 17:18:26,11643.8,4365.39
2022-07-24 17:18:25,11807.9,4201.31
2022-07-24 17:18:24,11914.2,4094.97
2022-07-24 17:18:23,11589.9,4419.29
2022-07-24 17:18:22,11745,4264.19
2022-07-24 17:18:21,10338.3,5670.93
2022-07-24 17:18:20,9211.81,6797.38
2022-07-24 17:18:19,9213.41,6795.78
2022-07-24 17:18:18,9224.32,6784.87
2022-07-24 17:18:17,9224.05,6785.14
2022-07-24 17:18:16,9226.86,6782.32
2022-07-24 17:18:15,9227.83,6781.36
2022-07-24 17:18:14,9238.18,6771.01
2022-07-24 17:18:13,9239.23,6769.96
2022-07-24 17:18:12,9240.86,6768.33
2022-07-24 17:18:11,9241.34,6767.85
2022-07-24 17:18:10,9250.95,6758.24
2022-07-24 17:18:09,9254.2,6754.99
2022-07-24 17:18:08,9258.38,6750.8
2022-07-24 17:18:07,9258.48,6750.7
2022-07-24 17:18:06,9289.77,6719.42
2022-07-24 17:18:05,9305.08,6704.11
2022-07-24 17:18:04,9306.66,6702.53
2022-07-24 17:18:03,9321.65,6687.54
2022-07-24 17:18:02,9336.35,6672.84
2022-07-24 17:18:01,9395.02,6614.17
2022-07-24 17:18:00,9395.8,6613.39
2022-07-24 17:17:59,9403.74,6605.45
2022-07-24 17:17:58,9429.53,6579.66
2022-07-24 17:17:57,9477.04,6532.15
2022-07-24 17:17:56,9495.16,6514.03
2022-07-24 17:17:55,9532.72,6476.47
2022-07-24 17:17:54,9583.07,6426.12
2022-07-24 17:17:53,9607.32,6401.87
2022-07-24 17:17:52,9656.89,6352.3
2022-07-24 17:17:51,9739.11,6270.08
2022-07-24 17:17:50,9838.66,6170.53
2022-07-24 17:17:49,10052.8,5956.4
2022-07-24 17:17:48,10323.8,5685.34
2022-07-24 17:17:47,10448.8,5560.41
2022-07-24 17:17:46,10788.5,5220.68
2022-07-24 17:17:45,11002.5,5006.67
2022-07-24 17:17:44,11112.5,4896.64
2022-07-24 17:17:43,11465.8,4543.37
2022-07-24 17:17:42,11599.4,4409.77
2022-07-24 17:17:41,11727.5,4281.68
2022-07-24 17:17:40,11895.2,4113.97
2022-07-24 17:17:39,12072,3937.22
2022-07-24 17:17:38,11222.9,4786.3
2022-07-24 17:17:37,10814,5195.18
2022-07-24 17:17:36,9087.21,6921.98
2022-07-24 17:17:35,9090.67,6918.52
2022-07-24 17:17:34,9092.79,6916.4
2022-07-24 17:17:33,9094.46,6914.73
2022-07-24 17:17:32,9097.22,6911.97
2022-07-24 17:17:31,9094.5,6914.68
2022-07-24 17:17:30,9101.49,6907.7
2022-07-24 17:17:29,9100.68,6908.51
2022-07-24 17:17:28,9100.5,6908.69
2022-07-24 17:17:27,9101.23,6907.95
2022-07-24 17:17:26,9112.01,6897.18
2022-07-24 17:17:25,9113.39,6895.8
2022-07-24 17:17:24,9128.85,6880.34
2022-07-24 17:17:23,9128.11,6881.08
2022-07-24 17:17:22,9131.76,6877.43
2022-07-24 17:17:21,9171.63,6837.55
2022-07-24 17:17:20,9170.81,6838.38
2022-07-24 17:17:19,9187.3,6821.89
2022-07-24 17:17:18,9187.66,6821.53
2022-07-24 17:17:17,9205.67,6803.52
2022-07-24 17:17:16,9252.56,6756.62
2022-07-24 17:17:15,9271.12,6738.06
2022-07-24 17:17:14,9270.64,6738.55
2022-07-24 17:17:13,9315.68,6693.51
2022-07-24 17:17:12,9335.93,6673.26
2022-07-24 17:17:11,9362.98,6646.2
2022-07-24 17:17:10,9405.92,6603.27
2022-07-24 17:17:09,9432.39,6576.8
2022-07-24 17:17:08,9438.28,6570.91
2022-07-24 17:17:07,9508.9,6500.29
2022-07-24 17:17:06,9704.13,6305.06
2022-07-24 17:17:05,9868.89,6140.3
2022-07-24 17:17:04,9944.82,6064.36
2022-07-24 17:17:03,10277.2,5732.01
2022-07-24 17:17:02,10751.6,5257.63
2022-07-24 17:17:01,11034.2,4974.99
2022-07-24 17:17:00,11147.7,4861.49
2022-07-24 17:16:59,11408.5,4600.69
2022-07-24 17:16:58,11577.3,4431.84
2022-07-24 17:16:57,11705.2,4304.04
2022-07-24 17:16:56,11826.6,4182.57
2022-07-24 17:16:55,11991.4,4017.79
2022-07-24 17:16:54,11627.7,4381.51
2022-07-24 17:16:53,10753.3,5255.84
2022-07-24 17:16:52,9849.43,6159.75
2022-07-24 17:16:51,9832.37,6176.82
2022-07-24 17:16:50,9359.06,6650.13
2022-07-24 17:16:49,9359.86,6649.33
2022-07-24 17:16:48,9359.75,6649.44
2022-07-24 17:16:47,9389.68,6619.5
2022-07-24 17:16:46,9390.81,6618.38
2022-07-24 17:16:45,9394.04,6615.15
2022-07-24 17:16:44,9399.53,6609.66
2022-07-24 17:16:43,9425.18,6584.01
2022-07-24 17:16:42,9428.18,6581.01
2022-07-24 17:16:41,9430.37,6578.81
2022-07-24 17:16:40,9452.16,6557.02
2022-07-24 17:16:39,9476.62,6532.57
2022-07-24 17:16:38,9482.41,6526.77
2022-07-24 17:16:37,9490.51,6518.68
2022-07-24 17:16:36,9528.12,6481.07
2022-07-24 17:16:35,9561.86,6447.32
2022-07-24 17:16:34,9579.23,6429.96
2022-07-24 17:16:33,9605.77,6403.41
2022-07-24 17:16:32,9638.56,6370.63
2022-07-24 17:16:31,9658.75,6350.43
2022-07-24 17:16:30,9700.32,6308.87
2022-07-24 17:16:29,9736.29,6272.89
2022-07-24 17:16:28,9755.13,6254.05
2022-07-24 17:16:27,9769.86,6239.32
2022-07-24 17:16:26,9822.48,6186.7
2022-07-24 17:16:25,9864,6145.18
2022-07-24 17:16:24,9885.04,6124.14
2022-07-24 17:16:23,9949.88,6059.31
2022-07-24 17:16:22,10044.2,5964.96
2022-07-24 17:16:21,10246.4,5762.77
2022-07-24 17:16:20,10392,5617.18
2022-07-24 17:16:19,10551,5458.22
2022-07-24 17:16:18,10807,5202.15
2022-07-24 17:16:17,11015.1,4994.09
2022-07-24 17:16:16,11228.2,4781.03
2022-07-24 17:16:15,11340.5,4668.7
2022-07-24 17:16:14,11545.1,4464.11
2022-07-24 17:16:13,11681,4328.15
2022-07-24 17:16:12,11789.6,4219.62
2022-07-24 17:16:11,11954.9,4054.25
2022-07-24 17:16:10,11625.1,4384.1
2022-07-24 17:16:09,11149.9,4859.3
2022-07-24 17:16:08,10465.5,5543.7
2022-07-24 17:16:07,9516.27,6492.91
2022-07-24 17:16:06,9012.82,6996.37
2022-07-24 17:16:05,9013.97,6995.21
2022-07-24 17:16:04,9019.71,6989.48
2022-07-24 17:16:03,9019.09,6990.09
2022-07-24 17:16:02,9020.59,6988.6
2022-07-24 17:16:01,9028.71,6980.48
2022-07-24 17:16:00,9029.95,6979.24
2022-07-24 17:15:59,9031.19,6978
2022-07-24 17:15:58,9030.86,6978.33
2022-07-24 17:15:57,9032.27,6976.92
2022-07-24 17:15:56,9040.02,6969.16
2022-07-24 17:15:55,9040.62,6968.57
2022-07-24 17:15:54,9040.71,6968.48
2022-07-24 17:15:53,9049.81,6959.38
2022-07-24 17:15:52,9051.52,6957.67
2022-07-24 17:15:51,9052.2,6956.99
2022-07-24 17:15:50,9060.64,6948.55
2022-07-24 17:15:49,9078.59,6930.59
2022-07-24 17:15:48,9078.11,6931.08
2022-07-24 17:15:47,9081.16,6928.03
2022-07-24 17:15:46,9077.2,6931.98
2022-07-24 17:15:45,9108.68,6900.51
2022-07-24 17:15:44,9111.27,6897.92
2022-07-24 17:15:43,9142.91,6866.28
2022-07-24 17:15:42,9174.91,6834.28
2022-07-24 17:15:41,9175.75,6833.44
2022-07-24 17:15:40,9176.57,6832.61
2022-07-24 17:15:39,9275.64,6733.54
2022-07-24 17:15:38,9425.99,6583.2
2022-07-24 17:15:37,9557.66,6451.52
2022-07-24 17:15:36,9748.13,6261.06
2022-07-24 17:15:35,10028.6,5980.61
2022-07-24 17:15:34,10610.1,5399.05
2022-07-24 17:15:33,10931.2,5078.02
2022-07-24 17:15:32,11134.7,4874.49
2022-07-24 17:15:31,11288,4721.18
2022-07-24 17:15:30,11388.3,4620.88
2022-07-24 17:15:29,11513.2,4495.99
2022-07-24 17:15:28,11711.4,4297.82
2022-07-24 17:15:27,11924,4085.22
2022-07-24 17:15:26,12097.2,3912
2022-07-24 17:15:25,11105,4904.21
2022-07-24 17:15:24,9627.82,6381.36
2022-07-24 17:15:23,9672.47,6336.72
2022-07-24 17:15:22,9709.97,6299.21
2022-07-24 17:15:21,9202.47,6806.72
2022-07-24 17:15:20,9203.15,6806.04
2022-07-24 17:15:19,9212.72,6796.47
2022-07-24 17:15:18,9212.86,6796.33
2022-07-24 17:15:17,9217.42,6791.77
2022-07-24 17:15:16,9227.65,6781.54
2022-07-24 17:15:15,9235.32,6773.87
2022-07-24 17:15:14,9237.38,6771.81
2022-07-24 17:15:13,9242.62,6766.56
2022-07-24 17:15:12,9263.28,6745.91
2022-07-24 17:15:11,9274.03,6735.16
2022-07-24 17:15:10,9276.72,6732.47
2022-07-24 17:15:09,9278.27,6730.92
2022-07-24 17:15:08,9333.2,6675.99
2022-07-24 17:15:07,9351.89,6657.3
2022-07-24 17:15:06,9369.86,6639.33
2022-07-24 17:15:05,9370.46,6638.72
2022-07-24 17:15:04,9421.74,6587.44
2022-07-24 17:15:03,9462.32,6546.87
2022-07-24 17:15:02,9464.9,6544.28
2022-07-24 17:15:01,9473.95,6535.24
2022-07-24 17:15:00,9548.72,6460.47
2022-07-24 17:14:59,9549.82,6459.36
2022-07-24 17:14:58,9565.16,6444.03
2022-07-24 17:14:57,9603.13,6406.06
2022-07-24 17:14:56,9646.54,6362.65
2022-07-24 17:14:55,9718.27,6290.92
2022-07-24 17:14:54,9771.95,6237.23
2022-07-24 17:14:53,9876.14,6133.05
2022-07-24 17:14:52,9958.74,6050.45
2022-07-24 17:14:51,10400.6,5608.56
2022-07-24 17:14:50,10629.7,5379.46
2022-07-24 17:14:49,10943.5,5065.69
2022-07-24 17:14:48,11177,4832.15
2022-07-24 17:14:47,11286.2,4722.97
2022-07-24 17:14:46,11494.9,4514.32
2022-07-24 17:14:45,11587.3,4421.92
2022-07-24 17:14:44,11729,4280.18
2022-07-24 17:14:43,11871.7,4137.47
2022-07-24 17:14:42,12029.1,3980.1
2022-07-24 17:14:41,11724.1,4285.05
2022-07-24 17:14:40,10531,5478.21
2022-07-24 17:14:39,9725.79,6283.39
2022-07-24 17:14:38,9264.18,6745.01
2022-07-24 17:14:37,9274.34,6734.85
2022-07-24 17:14:36,9287.18,6722
2022-07-24 17:14:35,9292.99,6716.2
2022-07-24 17:14:34,9293.97,6715.22
2022-07-24 17:14:33,9294.89,6714.3
2022-07-24 17:14:32,9316.32,6692.87
2022-07-24 17:14:31,9321.95,6687.23
2022-07-24 17:14:30,9323.15,6686.04
2022-07-24 17:14:29,9326.11,6683.07
2022-07-24 17:14:28,9357.78,6651.41
2022-07-24 17:14:27,9363.85,6645.34
2022-07-24 17:14:26,9368.55,6640.64
2022-07-24 17:14:25,9369.76,6639.43
2022-07-24 17:14:24,9410.93,6598.25
2022-07-24 17:14:23,9417.92,6591.27
2022-07-24 17:14:22,9419.82,6589.37
2022-07-24 17:14:21,9413.81,6595.37
2022-07-24 17:14:20,9460.19,6549
2022-07-24 17:14:19,9462.39,6546.8
2022-07-24 17:14:18,9464.88,6544.3
2022-07-24 17:14:17,9516.95,6492.23
2022-07-24 17:14:16,9535.92,6473.27
2022-07-24 17:14:15,9538.25,6470.94
2022-07-24 17:14:14,9580.59,6428.6
2022-07-24 17:14:13,9651.08,6358.11
2022-07-24 17:14:12,9651.62,6357.57
2022-07-24 17:14:11,9677.02,6332.17
2022-07-24 17:14:10,9821.74,6187.45
2022-07-24 17:14:09,9858.39,6150.79
2022-07-24 17:14:08,9953.6,6055.59
2022-07-24 17:14:07,10224.3,5784.87
2022-07-24 17:14:06,10642.7,5366.5
2022-07-24 17:14:05,10908.9,5100.24
2022-07-24 17:14:04,11158.4,4850.77
2022-07-24 17:14:03,11277.2,4732.02
2022-07-24 17:14:02,11354.9,4654.3
2022-07-24 17:14:01,11512.3,4496.91
2022-07-24 17:14:00,11691.8,4317.41
2022-07-24 17:13:59,11822.6,4186.64
2022-07-24 17:13:58,12007.2,4002.01
2022-07-24 17:13:57,11685.6,4323.57
2022-07-24 17:13:56,10434.6,5574.57
2022-07-24 17:13:55,9866.33,6142.86
2022-07-24 17:13:54,9896.79,6112.4
2022-07-24 17:13:53,9284.59,6724.6
2022-07-24 17:13:52,9294.19,6715
2022-07-24 17:13:51,9299.77,6709.41
2022-07-24 17:13:50,9300.17,6709.02
2022-07-24 17:13:49,9302.1,6707.09
2022-07-24 17:13:48,9310.22,6698.96
2022-07-24 17:13:47,9323.27,6685.92
2022-07-24 17:13:46,9325.9,6683.29
2022-07-24 17:13:45,9329.4,6679.79
2022-07-24 17:13:44,9344.59,6664.6
2022-07-24 17:13:43,9353.81,6655.38
2022-07-24 17:13:42,9384.99,6624.2
2022-07-24 17:13:41,9387.01,6622.18
2022-07-24 17:13:40,9405.37,6603.82
2022-07-24 17:13:39,9429.27,6579.92
2022-07-24 17:13:38,9469.33,6539.86
2022-07-24 17:13:37,9470.83,6538.36
2022-07-24 17:13:36,9496.11,6513.08
2022-07-24 17:13:35,9529.07,6480.12
2022-07-24 17:13:34,9555.52,6453.67
2022-07-24 17:13:33,9568.2,6440.99
2022-07-24 17:13:32,9584.44,6424.74
2022-07-24 17:13:31,9624.59,6384.6
2022-07-24 17:13:30,9652.76,6356.43
2022-07-24 17:13:29,9657.79,6351.39
2022-07-24 17:13:28,9720.78,6288.41
2022-07-24 17:13:27,9716.48,6292.71
2022-07-24 17:13:26,9736.24,6272.95
2022-07-24 17:13:25,9885.71,6123.48
2022-07-24 17:13:24,9979.06,6030.13
2022-07-24 17:13:23,10080.5,5928.65
2022-07-24 17:13:22,10514.7,5494.48
2022-07-24 17:13:21,10718.2,5290.94
2022-07-24 17:13:20,10912,5097.18
2022-07-24 17:13:19,11171,4838.18
2022-07-24 17:13:18,11320.1,4689.14
2022-07-24 17:13:17,11547.8,4461.36
2022-07-24 17:13:16,11650.4,4358.8
2022-07-24 17:13:15,11818.4,4190.75
2022-07-24 17:13:14,11945.5,4063.72
2022-07-24 17:13:13,12149.2,3860.01
2022-07-24 17:13:12,11168.4,4840.82
2022-07-24 17:13:11,9699.38,6309.8
2022-07-24 17:13:10,9078.07,6931.12
2022-07-24 17:13:09,9080.59,6928.6
2022-07-24 17:13:08,9081.8,6927.39
2022-07-24 17:13:07,9082.68,6926.5
2022-07-24 17:13:06,9083.12,6926.06
2022-07-24 17:13:05,9083.61,6925.57
2022-07-24 17:13:04,9086.94,6922.25
2022-07-24 17:13:03,9100.13,6909.06
2022-07-24 17:13:02,9104.32,6904.87
2022-07-24 17:13:01,9113.1,6896.09
2022-07-24 17:13:00,9116.32,6892.87
2022-07-24 17:12:59,9123.57,6885.62
2022-07-24 17:12:58,9136.14,6873.04
2022-07-24 17:12:57,9156.49,6852.7
2022-07-24 17:12:56,9159.09,6850.1
2022-07-24 17:12:55,9183.41,6825.78
2022-07-24 17:12:54,9206,6803.18
2022-07-24 17:12:53,9226.2,6782.98
2022-07-24 17:12:52,9228.36,6780.82
2022-07-24 17:12:51,9248.61,6760.58
2022-07-24 17:12:50,9290.8,6718.39
2022-07-24 17:12:49,9288.46,6720.73
2022-07-24 17:12:48,9308.45,6700.73
2022-07-24 17:12:47,9344.91,6664.28
2022-07-24 17:12:46,9348.72,6660.46
2022-07-24 17:12:45,9369.31,6639.88
2022-07-24 17:12:44,9400.97,6608.22
2022-07-24 17:12:43,9388.44,6620.75
2022-07-24 17:12:42,9443.11,6566.08
2022-07-24 17:12:41,9579.69,6429.5
2022-07-24 17:12:40,9707.44,6301.74
2022-07-24 17:12:39,10008.4,6000.81
2022-07-24 17:12:38,10195.1,5814.09
2022-07-24 17:12:37,10504.9,5504.25
2022-07-24 17:12:36,10718.1,5291.05
2022-07-24 17:12:35,11177.8,4831.4
2022-07-24 17:12:34,11378.7,4630.51
2022-07-24 17:12:33,11501.6,4507.55
2022-07-24 17:12:32,11677,4332.18
2022-07-24 17:12:31,11788.4,4220.77
2022-07-24 17:12:30,11956.8,4052.43
2022-07-24 17:12:29,12097.4,3911.76
2022-07-24 17:12:28,11260.6,4748.63
2022-07-24 17:12:27,10351.7,5657.49
2022-07-24 17:12:26,9349.32,6659.86
2022-07-24 17:12:25,9351.86,6657.33
2022-07-24 17:12:24,9357.4,6651.79
2022-07-24 17:12:23,9369.47,6639.72
2022-07-24 17:12:22,9374.45,6634.73
2022-07-24 17:12:21,9373.35,6635.84
2022-07-24 17:12:20,9375.69,6633.5
2022-07-24 17:12:19,9390.01,6619.18
2022-07-24 17:12:18,9398.3,6610.89
2022-07-24 17:12:17,9406.67,6602.52
2022-07-24 17:12:16,9420.73,6588.46
2022-07-24 17:12:15,9423.47,6585.71
2022-07-24 17:12:14,9442.92,6566.27
2022-07-24 17:12:13,9460.28,6548.91
2022-07-24 17:12:12,9480.98,6528.2
2022-07-24 17:12:11,9485.36,6523.83
2022-07-24 17:12:10,9521.28,6487.91
2022-07-24 17:12:09,9574.27,6434.92
2022-07-24 17:12:08,9577.75,6431.44
2022-07-24 17:12:07,9602.61,6406.58
2022-07-24 17:12:06,9637.98,6371.21
2022-07-24 17:12:05,9672.23,6336.96
2022-07-24 17:12:04,9673.14,6336.05
2022-07-24 17:12:03,9709.05,6300.14
2022-07-24 17:12:02,9773.06,6236.13
2022-07-24 17:12:01,9797.99,6211.2
2022-07-24 17:12:00,9837.96,6171.23
2022-07-24 17:11:59,9868.9,6140.29
2022-07-24 17:11:58,9942.99,6066.2
2022-07-24 17:11:57,9978.59,6030.59
2022-07-24 17:11:56,10219.1,5790.06
2022-07-24 17:11:55,10288,5721.23
2022-07-24 17:11:54,10386.3,5622.86
2022-07-24 17:11:53,10786.4,5222.78
2022-07-24 17:11:52,10948.1,5061.07
2022-07-24 17:11:51,11193.1,4816.12
2022-07-24 17:11:50,11296.6,4712.63
2022-07-24 17:11:49,11504,4505.18
2022-07-24 17:11:48,11644.6,4364.59
2022-07-24 17:11:47,11751,4258.19
2022-07-24 17:11:46,11910.7,4098.44
2022-07-24 17:11:45,11550.1,4459.08
2022-07-24 17:11:44,11723.3,4285.9
2022-07-24 17:11:43,10298.8,5710.4
2022-07-24 17:11:42,9711.71,6297.47
2022-07-24 17:11:41,9712.2,6296.98
2022-07-24 17:11:40,9092.81,6916.38
2022-07-24 17:11:39,9094.59,6914.6
2022-07-24 17:11:38,9096.75,6912.43
2022-07-24 17:11:37,9098.39,6910.79
2022-07-24 17:11:36,9098.5,6910.68
2022-07-24 17:11:35,9099.8,6909.38
2022-07-24 17:11:34,9101.38,6907.81
2022-07-24 17:11:33,9105.52,6903.67
2022-07-24 17:11:32,9106.27,6902.91
2022-07-24 17:11:31,9106.53,6902.66
2022-07-24 17:11:30,9144.3,6864.88
2022-07-24 17:11:29,9163.44,6845.74
2022-07-24 17:11:28,9167.09,6842.1
2022-07-24 17:11:27,9168.07,6841.11
2022-07-24 17:11:26,9194.34,6814.85
2022-07-24 17:11:25,9220.43,6788.75
2022-07-24 17:11:24,9221.69,6787.5
2022-07-24 17:11:23,9222.91,6786.28
2022-07-24 17:11:22,9255.07,6754.11
2022-07-24 17:11:21,9274.75,6734.44
2022-07-24 17:11:20,9308.13,6701.05
2022-07-24 17:11:19,9314.21,6694.98
2022-07-24 17:11:18,9359.39,6649.79
2022-07-24 17:11:17,9363,6646.18
2022-07-24 17:11:16,9423.34,6585.84
2022-07-24 17:11:15,9481.21,6527.98
2022-07-24 17:11:14,9474.44,6534.75
2022-07-24 17:11:13,9511.73,6497.45
2022-07-24 17:11:12,9819.78,6189.41
2022-07-24 17:11:11,9892.82,6116.37
2022-07-24 17:11:10,10001.7,6007.45
2022-07-24 17:11:09,10228.1,5781.07
2022-07-24 17:11:08,10613.1,5396.06
2022-07-24 17:11:07,10902,5107.22
2022-07-24 17:11:06,11146.7,4862.49
2022-07-24 17:11:05,11473.6,4535.59
2022-07-24 17:11:04,11597.2,4411.98
2022-07-24 17:11:03,11752.6,4256.58
2022-07-24 17:11:02,11360.6,4648.61
2022-07-24 17:11:01,11524.1,4485.09
2022-07-24 17:11:00,11664.3,4344.87
2022-07-24 17:10:59,11328.2,4681
2022-07-24 17:10:58,9772.26,6236.93
2022-07-24 17:10:57,9155.73,6853.46
2022-07-24 17:10:56,9155.87,6853.31
2022-07-24 17:10:55,9156.95,6852.24
2022-07-24 17:10:54,9163.91,6845.28
2022-07-24 17:10:53,9166.18,6843.01
2022-07-24 17:10:52,9168.66,6840.52
2022-07-24 17:10:51,9168.56,6840.63
2022-07-24 17:10:50,9179.69,6829.5
2022-07-24 17:10:49,9178.79,6830.4
2022-07-24 17:10:48,9182.49,6826.7
2022-07-24 17:10:47,9184.99,6824.2
2022-07-24 17:10:46,9195.43,6813.76
2022-07-24 17:10:45,9205.73,6803.46
2022-07-24 17:10:44,9212.45,6796.74
2022-07-24 17:10:43,9246.47,6762.72
2022-07-24 17:10:42,9266.94,6742.25
2022-07-24 17:10:41,9290.01,6719.18
2022-07-24 17:10:40,9338.19,6671
2022-07-24 17:10:39,9341.03,6668.15
2022-07-24 17:10:38,9378.86,6630.33
2022-07-24 17:10:37,9381.67,6627.52
2022-07-24 17:10:36,9415.59,6593.59
2022-07-24 17:10:35,9447.52,6561.66
2022-07-24 17:10:34,9445.11,6564.07
2022-07-24 17:10:33,9477.2,6531.98
2022-07-24 17:10:32,9496.26,6512.93
2022-07-24 17:10:31,9555.25,6453.93
2022-07-24 17:10:30,9552.64,6456.54
2022-07-24 17:10:29,9692.09,6317.1
2022-07-24 17:10:28,9834.55,6174.64
2022-07-24 17:10:27,9931.55,6077.64
2022-07-24 17:10:26,10014.3,5994.89
2022-07-24 17:10:25,10247.1,5762.12
2022-07-24 17:10:24,10471.3,5537.87
2022-07-24 17:10:23,10720.2,5289
2022-07-24 17:10:22,11018.8,4990.36
2022-07-24 17:10:21,11126.9,4882.3
2022-07-24 17:10:20,11504.8,4504.4
2022-07-24 17:10:19,11646.1,4363.09
2022-07-24 17:10:18,11845.5,4163.71
2022-07-24 17:10:17,11443.9,4565.31
2022-07-24 17:10:16,11608,4401.23
2022-07-24 17:10:15,11680.8,4328.42
2022-07-24 17:10:14,10102.8,5906.36
2022-07-24 17:10:13,9627.99,6381.2
2022-07-24 17:10:12,9014.46,6994.73
2022-07-24 17:10:11,9016.8,6992.38
2022-07-24 17:10:10,9015.21,6993.98
2022-07-24 17:10:09,9016.91,6992.27
2022-07-24 17:10:08,9025.6,6983.59
2022-07-24 17:10:07,9029.12,6980.07
2022-07-24 17:10:06,9028.93,6980.25
2022-07-24 17:10:05,9030.79,6978.4
2022-07-24 17:10:04,9043.33,6965.86
2022-07-24 17:10:03,9053.06,6956.13
2022-07-24 17:10:02,9052.96,6956.23
2022-07-24 17:10:01,9054.57,6954.62
2022-07-24 17:10:00,9062.36,6946.83
2022-07-24 17:09:59,9093.37,6915.82
2022-07-24 17:09:58,9110.51,6898.68
2022-07-24 17:09:57,9109.72,6899.47
2022-07-24 17:09:56,9128.34,6880.84
2022-07-24 17:09:55,9152.01,6857.18
2022-07-24 17:09:54,9168.76,6840.43
2022-07-24 17:09:53,9168.43,6840.75
2022-07-24 17:09:52,9211.52,6797.67
2022-07-24 17:09:51,9210.07,6799.12
2022-07-24 17:09:50,9219.79,6789.39
2022-07-24 17:09:49,9253.82,6755.36
2022-07-24 17:09:48,9271.31,6737.88
2022-07-24 17:09:47,9299.39,6709.8
2022-07-24 17:09:46,9293.95,6715.24
2022-07-24 17:09:45,9335.32,6673.87
2022-07-24 17:09:44,9485.66,6523.52
2022-07-24 17:09:43,9674.11,6335.08
2022-07-24 17:09:42,9742.06,6267.13
2022-07-24 17:09:41,10030.4,5978.76
2022-07-24 17:09:40,10571.3,5437.87
2022-07-24 17:09:39,10835,5174.15
2022-07-24 17:09:38,10988.6,5020.56
2022-07-24 17:09:37,11139.6,4869.62
2022-07-24 17:09:36,11508.8,4500.4
2022-07-24 17:09:35,11631.3,4377.86
2022-07-24 17:09:34,11759.9,4249.28
2022-07-24 17:09:33,11928.3,4080.89
2022-07-24 17:09:32,11556.5,4452.65
2022-07-24 17:09:31,11723.5,4285.72
2022-07-24 17:09:30,10317.3,5691.84
2022-07-24 17:09:29,9344.38,6664.81
2022-07-24 17:09:28,9345.37,6663.82
2022-07-24 17:09:27,9352.03,6657.16
2022-07-24 17:09:26,9355.95,6653.24
2022-07-24 17:09:25,9359.89,6649.3
2022-07-24 17:09:24,9360.55,6648.63
2022-07-24 17:09:23,9363.32,6645.86
2022-07-24 17:09:22,9385.14,6624.05
2022-07-24 17:09:21,9395.11,6614.07
2022-07-24 17:09:20,9397.61,6611.58
2022-07-24 17:09:19,9416.02,6593.17
2022-07-24 17:09:18,9433.93,6575.25
2022-07-24 17:09:17,9465.9,6543.29
2022-07-24 17:09:16,9466.51,6542.68
2022-07-24 17:09:15,9477.85,6531.34
2022-07-24 17:09:14,9522.77,6486.41
2022-07-24 17:09:13,9543.45,6465.74
2022-07-24 17:09:12,9558.51,6450.68
2022-07-24 17:09:11,9586.8,6422.39
2022-07-24 17:09:10,9624.38,6384.8
2022-07-24 17:09:09,9642.93,6366.25
2022-07-24 17:09:08,9672.57,6336.61
2022-07-24 17:09:07,9706.86,6302.33
2022-07-24 17:09:06,9755.25,6253.94
2022-07-24 17:09:05,9772.5,6236.69
2022-07-24 17:09:04,9808.1,6201.09
2022-07-24 17:09:03,9875.24,6133.95
2022-07-24 17:09:02,9888.84,6120.35
2022-07-24 17:09:01,9897.22,6111.97
2022-07-24 17:09:00,9974.68,6034.51
2022-07-24 17:08:59,9982.71,6026.48
2022-07-24 17:08:58,10167.3,5841.87
2022-07-24 17:08:57,10463.5,5545.72
2022-07-24 17:08:56,10572,5437.22
2022-07-24 17:08:55,10712.4,5296.81
2022-07-24 17:08:54,11169.5,4839.7
2022-07-24 17:08:53,11417.1,4592.07
2022-07-24 17:08:52,11510.3,4498.91
2022-07-24 17:08:51,11588.2,4421.01
2022-07-24 17:08:50,11719.6,4289.61
2022-07-24 17:08:49,11822.2,4186.97
2022-07-24 17:08:48,12005,4004.2
2022-07-24 17:08:47,12183,3826.15
2022-07-24 17:08:46,11377.2,4632.04
2022-07-24 17:08:45,9717.39,6291.79
2022-07-24 17:08:44,9115.02,6894.17
2022-07-24 17:08:43,9116.84,6892.34
2022-07-24 17:08:42,9118.02,6891.16
2022-07-24 17:08:41,9124.82,6884.37
2022-07-24 17:08:40,9124.66,6884.53
2022-07-24 17:08:39,9132.51,6876.68
2022-07-24 17:08:38,9131.07,6878.11
2022-07-24 17:08:37,9141.77,6867.42
2022-07-24 17:08:36,9143.08,6866.11
2022-07-24 17:08:35,9153.87,6855.32
2022-07-24 17:08:34,9154.76,6854.43
2022-07-24 17:08:33,9179.39,6829.8
2022-07-24 17:08:32,9180.22,6828.97
2022-07-24 17:08:31,9184.37,6824.82
2022-07-24 17:08:30,9197.73,6811.46
2022-07-24 17:08:29,9228.42,6780.77
2022-07-24 17:08:28,9240.5,6768.69
2022-07-24 17:08:27,9256.21,6752.97
2022-07-24 17:08:26,9258.34,6750.84
2022-07-24 17:08:25,9285.98,6723.2
2022-07-24 17:08:24,9301.65,6707.54
2022-07-24 17:08:23,9321.14,6688.05
2022-07-24 17:08:22,9324.18,6685.01
2022-07-24 17:08:21,9355.6,6653.59
2022-07-24 17:08:20,9376.52,6632.67
2022-07-24 17:08:19,9394.72,6614.47
2022-07-24 17:08:18,9393.35,6615.84
2022-07-24 17:08:17,9426.07,6583.11
2022-07-24 17:08:16,9458.51,6550.68
2022-07-24 17:08:15,9527.52,6481.66
2022-07-24 17:08:14,9703.8,6305.39
2022-07-24 17:08:13,9943.2,6065.99
2022-07-24 17:08:12,10223.8,5785.39
2022-07-24 17:08:11,10370.5,5638.64
2022-07-24 17:08:10,10706.8,5302.37
2022-07-24 17:08:09,10921.5,5087.72
2022-07-24 17:08:08,11306.2,4702.97
2022-07-24 17:08:07,11462.6,4546.61
2022-07-24 17:08:06,11654.2,4354.95
2022-07-24 17:08:05,11773.9,4235.25
2022-07-24 17:08:04,11951.9,4057.3
2022-07-24 17:08:03,12087.9,3921.3
2022-07-24 17:08:02,11233.5,4775.73
2022-07-24 17:08:01,10106.9,5902.28
2022-07-24 17:08:00,9582.74,6426.45
2022-07-24 17:07:59,9083,6926.19
2022-07-24 17:07:58,9085.3,6923.89
2022-07-24 17:07:57,9093.28,6915.91
2022-07-24 17:07:56,9092.34,6916.85
2022-07-24 17:07:55,9093.79,6915.4
2022-07-24 17:07:54,9101.51,6907.68
2022-07-24 17:07:53,9113.53,6895.66
2022-07-24 17:07:52,9114.34,6894.85
2022-07-24 17:07:51,9113.53,6895.66
2022-07-24 17:07:50,9120.75,6888.44
2022-07-24 17:07:49,9132.58,6876.61
2022-07-24 17:07:48,9133.67,6875.52
2022-07-24 17:07:47,9135,6874.19
2022-07-24 17:07:46,9148.02,6861.16
2022-07-24 17:07:45,9155.33,6853.86
2022-07-24 17:07:44,9164.36,6844.83
2022-07-24 17:07:43,9166.52,6842.67
2022-07-24 17:07:42,9180.89,6828.3
2022-07-24 17:07:41,9196.43,6812.75
2022-07-24 17:07:40,9196.88,6812.31
2022-07-24 17:07:39,9196.22,6812.97
2022-07-24 17:07:38,9204.6,6804.59
2022-07-24 17:07:37,9225.68,6783.51
2022-07-24 17:07:36,9224.5,6784.68
2022-07-24 17:07:35,9299.16,6710.03
2022-07-24 17:07:34,9331.56,6677.63
2022-07-24 17:07:33,9320.84,6688.35
2022-07-24 17:07:32,9358.82,6650.36
2022-07-24 17:07:31,9578.34,6430.85
2022-07-24 17:07:30,9636.84,6372.35
2022-07-24 17:07:29,9859.31,6149.88
2022-07-24 17:07:28,10090.3,5918.91
2022-07-24 17:07:27,10579.6,5429.63
2022-07-24 17:07:26,10687.5,5321.66
2022-07-24 17:07:25,10966.9,5042.32
2022-07-24 17:07:24,11230.4,4778.8
2022-07-24 17:07:23,11453.8,4555.36
2022-07-24 17:07:22,11624.4,4384.75
2022-07-24 17:07:21,11720.3,4288.91
2022-07-24 17:07:20,11902.1,4107.07
2022-07-24 17:07:19,12041.5,3967.66
2022-07-24 17:07:18,11335.7,4673.45
2022-07-24 17:07:17,10274.3,5734.85
2022-07-24 17:07:16,10332.6,5676.63
2022-07-24 17:07:15,9312.26,6696.93
2022-07-24 17:07:14,9316.09,6693.1
2022-07-24 17:07:13,9319.19,6689.99
2022-07-24 17:07:12,9321.69,6687.49
2022-07-24 17:07:11,9330.23,6678.96
2022-07-24 17:07:10,9332.11,6677.07
2022-07-24 17:07:09,9350.7,6658.48
2022-07-24 17:07:08,9350.39,6658.8
2022-07-24 17:07:07,9365.45,6643.74
2022-07-24 17:07:06,9365.74,6643.45
2022-07-24 17:07:05,9402.27,6606.92
2022-07-24 17:07:04,9405.7,6603.48
2022-07-24 17:07:03,9433.33,6575.86
2022-07-24 17:07:02,9436.07,6573.12
2022-07-24 17:07:01,9476.67,6532.52
2022-07-24 17:07:00,9518.34,6490.85
2022-07-24 17:06:59,9545.79,6463.4
2022-07-24 17:06:58,9544.6,6464.59
2022-07-24 17:06:57,9619.8,6389.39
2022-07-24 17:06:56,9635.57,6373.62
2022-07-24 17:06:55,9654.16,6355.03
2022-07-24 17:06:54,9666.13,6343.06
2022-07-24 17:06:53,9717.09,6292.1
2022-07-24 17:06:52,9722.98,6286.21
2022-07-24 17:06:51,9769.04,6240.15
2022-07-24 17:06:50,9811.57,6197.62
2022-07-24 17:06:49,9845.98,6163.2
2022-07-24 17:06:48,9907.2,6101.98
2022-07-24 17:06:47,9991.86,6017.32
2022-07-24 17:06:46,10063.3,5945.89
2022-07-24 17:06:45,10251,5758.19
2022-07-24 17:06:44,10605.5,5403.67
2022-07-24 17:06:43,10746.2,5263.02
2022-07-24 17:06:42,10951.3,5057.88
2022-07-24 17:06:41,11070,4939.17
2022-07-24 17:06:40,11348.8,4660.39
2022-07-24 17:06:39,11527.9,4481.3
2022-07-24 17:06:38,11632.3,4376.85
2022-07-24 17:06:37,11750,4259.23
2022-07-24 17:06:36,11902.9,4106.27
2022-07-24 17:06:35,12049.2,3960.03
2022-07-24 17:06:34,11122.3,4886.93
2022-07-24 17:06:33,10605.8,5403.42
2022-07-24 17:06:32,10039.6,5969.62
2022-07-24 17:06:31,8894.67,7114.52
2022-07-24 17:06:30,8896.12,7113.07
2022-07-24 17:06:29,8895.72,7113.47
2022-07-24 17:06:28,8903.23,7105.96
2022-07-24 17:06:27,8902.74,7106.45
2022-07-24 17:06:26,8903.34,7105.84
2022-07-24 17:06:25,8905.8,7103.39
2022-07-24 17:06:24,8915.09,7094.1
2022-07-24 17:06:23,8915.23,7093.95
2022-07-24 17:06:22,8915.66,7093.52
2022-07-24 17:06:21,8924.95,7084.24
2022-07-24 17:06:20,8923.29,7085.9
2022-07-24 17:06:19,8926.11,7083.08
2022-07-24 17:06:18,8925.64,7083.54
2022-07-24 17:06:17,8939.51,7069.68
2022-07-24 17:06:16,8939.41,7069.77
2022-07-24 17:06:15,8948.07,7061.12
2022-07-24 17:06:14,8957.31,7051.88
2022-07-24 17:06:13,8958.69,7050.5
2022-07-24 17:06:12,8959.1,7050.09
2022-07-24 17:06:11,8962.86,7046.32
2022-07-24 17:06:10,8962.79,7046.4
2022-07-24 17:06:09,8975.56,7033.63
2022-07-24 17:06:08,8975.8,7033.39
2022-07-24 17:06:07,8977.82,7031.36
2022-07-24 17:06:06,8997.34,7011.85
2022-07-24 17:06:05,9001.23,7007.96
2022-07-24 17:06:04,9080.78,6928.41
2022-07-24 17:06:03,9169.19,6840
2022-07-24 17:06:02,9240.36,6768.83
2022-07-24 17:06:01,9648.47,6360.72
2022-07-24 17:06:00,10079.7,5929.47
2022-07-24 17:05:59,10214,5795.14
2022-07-24 17:05:58,10583.9,5425.32
2022-07-24 17:05:57,10748.9,5260.26
2022-07-24 17:05:56,11142.1,4867.09
2022-07-24 17:05:55,11272,4737.17
2022-07-24 17:05:54,11382.9,4626.31
2022-07-24 17:05:53,11677.7,4331.49
2022-07-24 17:05:52,11826.9,4182.34
2022-07-24 17:05:51,11990.1,4019.13
2022-07-24 17:05:50,12146.7,3862.45
2022-07-24 17:05:49,10744.4,5264.81
2022-07-24 17:05:48,10305.3,5703.84
2022-07-24 17:05:47,9863.59,6145.6
2022-07-24 17:05:46,9399.65,6609.54
2022-07-24 17:05:45,9402.26,6606.93
2022-07-24 17:05:44,9408.72,6600.47
2022-07-24 17:05:43,9422.73,6586.46
2022-07-24 17:05:42,9430.55,6578.64
2022-07-24 17:05:41,9429.95,6579.23
2022-07-24 17:05:40,9439.32,6569.87
2022-07-24 17:05:39,9439.04,6570.15
2022-07-24 17:05:38,9464.49,6544.7
2022-07-24 17:05:37,9468.43,6540.76
2022-07-24 17:05:36,9470.46,6538.73
2022-07-24 17:05:35,9493.47,6515.72
2022-07-24 17:05:34,9516.26,6492.93
2022-07-24 17:05:33,9525.45,6483.74
2022-07-24 17:05:32,9534.68,6474.51
2022-07-24 17:05:31,9554.89,6454.3
2022-07-24 17:05:30,9571.46,6437.73
2022-07-24 17:05:29,9614.66,6394.52
2022-07-24 17:05:28,9650.43,6358.75
2022-07-24 17:05:27,9669.55,6339.64
2022-07-24 17:05:26,9699.93,6309.25
2022-07-24 17:05:25,9733.5,6275.68
2022-07-24 17:05:24,9768.41,6240.77
2022-07-24 17:05:23,9776.5,6232.69
2022-07-24 17:05:22,9810.46,6198.73
2022-07-24 17:05:21,9873.69,6135.5
2022-07-24 17:05:20,9892.11,6117.08
2022-07-24 17:05:19,9945.87,6063.32
2022-07-24 17:05:18,10051.8,5957.4
2022-07-24 17:05:17,10106.4,5902.75
2022-07-24 17:05:16,10300,5709.2
2022-07-24 17:05:15,10611.5,5397.71
2022-07-24 17:05:14,10874.8,5134.39
2022-07-24 17:05:13,11000.4,5008.79
2022-07-24 17:05:12,11074.2,4934.96
2022-07-24 17:05:11,11232.4,4776.79
2022-07-24 17:05:10,11507.2,4502
2022-07-24 17:05:09,11649.5,4359.73
2022-07-24 17:05:08,11793,4216.18
2022-07-24 17:05:07,11940,4069.18
2022-07-24 17:05:06,11604.4,4404.77
2022-07-24 17:05:05,11148,4861.16
2022-07-24 17:05:04,10079,5930.16
2022-07-24 17:05:03,10119,5890.19
2022-07-24 17:05:02,9118.93,6890.26
2022-07-24 17:05:01,9126.79,6882.39
2022-07-24 17:05:00,9132.11,6877.08
2022-07-24 17:04:59,9131.68,6877.5
2022-07-24 17:04:58,9132.21,6876.98
2022-07-24 17:04:57,9139.23,6869.96
2022-07-24 17:04:56,9142.08,6867.11
2022-07-24 17:04:55,9151.32,6857.86
2022-07-24 17:04:54,9150.95,6858.24
2022-07-24 17:04:53,9158.64,6850.55
2022-07-24 17:04:52,9160.39,6848.8
2022-07-24 17:04:51,9174.37,6834.82
2022-07-24 17:04:50,9174.48,6834.71
2022-07-24 17:04:49,9184.62,6824.56
2022-07-24 17:04:48,9185.97,6823.22
2022-07-24 17:04:47,9200.84,6808.34
2022-07-24 17:04:46,9206.45,6802.74
2022-07-24 17:04:45,9210.54,6798.65
2022-07-24 17:04:44,9228.27,6780.91
2022-07-24 17:04:43,9244.23,6764.96
2022-07-24 17:04:42,9249.18,6760
2022-07-24 17:04:41,9248.66,6760.52
2022-07-24 17:04:40,9267.76,6741.43
2022-07-24 17:04:39,9324.06,6685.13
2022-07-24 17:04:38,9315.6,6693.59
2022-07-24 17:04:37,9339.43,6669.76
2022-07-24 17:04:36,9382.87,6626.32
2022-07-24 17:04:35,9466.71,6542.47
2022-07-24 17:04:34,9610.35,6398.84
2022-07-24 17:04:33,9825.69,6183.5
2022-07-24 17:04:32,10171.4,5837.74
2022-07-24 17:04:31,10257.3,5751.91
2022-07-24 17:04:30,10749.3,5259.9
2022-07-24 17:04:29,10895.7,5113.5
2022-07-24 17:04:28,10997.5,5011.73
2022-07-24 17:04:27,11145.7,4863.5
2022-07-24 17:04:26,11371.4,4637.75
2022-07-24 17:04:25,11503.3,4505.89
2022-07-24 17:04:24,11650.1,4359.05
2022-07-24 17:04:23,11418.5,4590.68
2022-07-24 17:04:22,11022.3,4986.87
2022-07-24 17:04:21,11122.3,4886.89
2022-07-24 17:04:20,10580.4,5428.81
2022-07-24 17:04:19,10145.4,5863.82
2022-07-24 17:04:18,9630.35,6378.83
2022-07-24 17:04:17,9101.38,6907.81
2022-07-24 17:04:16,9104.79,6904.4
2022-07-24 17:04:15,9103.55,6905.64
2022-07-24 17:04:14,9105.05,6904.13
2022-07-24 17:04:13,9105.12,6904.06
2022-07-24 17:04:12,9108.03,6901.16
2022-07-24 17:04:11,9108.96,6900.23
2022-07-24 17:04:10,9110.91,6898.28
2022-07-24 17:04:09,9111.1,6898.09
2022-07-24 17:04:08,9126.57,6882.62
2022-07-24 17:04:07,9136.76,6872.43
2022-07-24 17:04:06,9138.36,6870.83
2022-07-24 17:04:05,9137.91,6871.27
2022-07-24 17:04:04,9173.63,6835.56
2022-07-24 17:04:03,9190.68,6818.51
2022-07-24 17:04:02,9190.64,6818.55
2022-07-24 17:04:01,9191.56,6817.63
2022-07-24 17:04:00,9215.85,6793.34
2022-07-24 17:03:59,9249.43,6759.76
2022-07-24 17:03:58,9251.34,6757.85
2022-07-24 17:03:57,9252.67,6756.52
2022-07-24 17:03:56,9291.79,6717.4
2022-07-24 17:03:55,9370.3,6638.88
2022-07-24 17:03:54,9364.34,6644.84
2022-07-24 17:03:53,9376.76,6632.43
2022-07-24 17:03:52,9397.92,6611.27
2022-07-24 17:03:51,9469.97,6539.22
2022-07-24 17:03:50,9533.69,6475.5
2022-07-24 17:03:49,9652.33,6356.86
2022-07-24 17:03:48,9864.47,6144.71
2022-07-24 17:03:47,10114.3,5894.86
2022-07-24 17:03:46,10363.8,5645.43
2022-07-24 17:03:45,10690.2,5319.01
2022-07-24 17:03:44,10779.7,5229.52
2022-07-24 17:03:43,10947.9,5061.33
2022-07-24 17:03:42,11254.4,4754.8
2022-07-24 17:03:41,11395.9,4613.31
2022-07-24 17:03:40,11633.7,4375.52
2022-07-24 17:03:39,11843.2,4166.01
2022-07-24 17:03:38,11481.5,4527.7
2022-07-24 17:03:37,11245,4764.2
2022-07-24 17:03:36,11194.1,4815.11
2022-07-24 17:03:35,10178.3,5830.87
2022-07-24 17:03:34,10236.4,5772.83
2022-07-24 17:03:33,9744.64,6264.55
2022-07-24 17:03:32,9236.24,6772.95
2022-07-24 17:03:31,9240.53,6768.66
2022-07-24 17:03:30,9241.43,6767.75
2022-07-24 17:03:29,9243.3,6765.89
2022-07-24 17:03:28,9245.19,6764
2022-07-24 17:03:27,9246.83,6762.36
2022-07-24 17:03:26,9248.23,6760.96
2022-07-24 17:03:25,9250.21,6758.97
2022-07-24 17:03:24,9258.01,6751.18
2022-07-24 17:03:23,9258.34,6750.84
2022-07-24 17:03:22,9274.22,6734.96
2022-07-24 17:03:21,9275.53,6733.66
2022-07-24 17:03:20,9296.27,6712.92
2022-07-24 17:03:19,9298.5,6710.68
2022-07-24 17:03:18,9299.15,6710.04
2022-07-24 17:03:17,9326.8,6682.39
2022-07-24 17:03:16,9368.03,6641.16
2022-07-24 17:03:15,9371.12,6638.07
2022-07-24 17:03:14,9371.62,6637.56
2022-07-24 17:03:13,9423.5,6585.68
2022-07-24 17:03:12,9460.59,6548.6
2022-07-24 17:03:11,9464.64,6544.54
2022-07-24 17:03:10,9477.68,6531.51
2022-07-24 17:03:09,9555.19,6454
2022-07-24 17:03:08,9559.25,6449.93
2022-07-24 17:03:07,9560.8,6448.39
2022-07-24 17:03:06,9784.17,6225.02
2022-07-24 17:03:05,9867.61,6141.57
2022-07-24 17:03:04,9973.13,6036.06
2022-07-24 17:03:03,10335.3,5673.85
2022-07-24 17:03:02,10552.9,5456.33
2022-07-24 17:03:01,10845.5,5163.66
2022-07-24 17:03:00,10981.9,5027.32
2022-07-24 17:02:59,11112.5,4896.64
2022-07-24 17:02:58,11284.2,4724.95
2022-07-24 17:02:57,11460.5,4548.69
2022-07-24 17:02:56,11638,4371.14
2022-07-24 17:02:55,11884,4125.22
2022-07-24 17:02:54,12052.1,3957.12
2022-07-24 17:02:53,10924.1,5085.06
2022-07-24 17:02:52,10117.5,5891.65
2022-07-24 17:02:51,10210.3,5798.85
2022-07-24 17:02:50,9637.76,6371.43
2022-07-24 17:02:49,9032.15,6977.04
2022-07-24 17:02:48,9034.59,6974.59
2022-07-24 17:02:47,9042.93,6966.26
2022-07-24 17:02:46,9044.46,6964.73
2022-07-24 17:02:45,9052.03,6957.16
2022-07-24 17:02:44,9053.71,6955.48
2022-07-24 17:02:43,9063.65,6945.54
2022-07-24 17:02:42,9064.52,6944.66
2022-07-24 17:02:41,9076.18,6933.01
2022-07-24 17:02:40,9075.7,6933.49
2022-07-24 17:02:39,9086.29,6922.9
2022-07-24 17:02:38,9086.41,6922.77
2022-07-24 17:02:37,9103.62,6905.57
2022-07-24 17:02:36,9105.63,6903.56
2022-07-24 17:02:35,9119.29,6889.9
2022-07-24 17:02:34,9120.45,6888.74
2022-07-24 17:02:33,9134.51,6874.68
2022-07-24 17:02:32,9147.34,6861.84
2022-07-24 17:02:31,9147.28,6861.9
2022-07-24 17:02:30,9179.93,6829.26
2022-07-24 17:02:29,9198.93,6810.26
2022-07-24 17:02:28,9199.54,6809.65
2022-07-24 17:02:27,9217.02,6792.17
2022-07-24 17:02:26,9233.39,6775.8
2022-07-24 17:02:25,9276.43,6732.76
2022-07-24 17:02:24,9286.77,6722.42
2022-07-24 17:02:23,9271.78,6737.41
2022-07-24 17:02:22,9301.96,6707.23
2022-07-24 17:02:21,9428.32,6580.87
2022-07-24 17:02:20,9535.91,6473.28
2022-07-24 17:02:19,9781.04,6228.14
2022-07-24 17:02:18,10042,5967.15
2022-07-24 17:02:17,10451.4,5557.74
2022-07-24 17:02:16,10588.3,5420.9
2022-07-24 17:02:15,11130.3,4878.86
2022-07-24 17:02:14,11341.5,4667.69
2022-07-24 17:02:13,11495.4,4513.75
2022-07-24 17:02:12,11629.7,4379.46
2022-07-24 17:02:11,11779.7,4229.54
2022-07-24 17:02:10,11922,4087.16
2022-07-24 17:02:09,12081.3,3927.91
2022-07-24 17:02:08,11639.6,4369.61
2022-07-24 17:02:07,10120.6,5888.56
2022-07-24 17:02:06,8990.14,7019.05
2022-07-24 17:02:05,8992.45,7016.74
2022-07-24 17:02:04,8994.17,7015.02
2022-07-24 17:02:03,9001.72,7007.47
2022-07-24 17:02:02,9006.93,7002.26
2022-07-24 17:02:01,9007.69,7001.5
2022-07-24 17:02:00,9009.02,7000.17
2022-07-24 17:01:59,9020.86,6988.33
2022-07-24 17:01:58,9029.51,6979.68
2022-07-24 17:01:57,9029.77,6979.42
2022-07-24 17:01:56,9032.56,6976.63
2022-07-24 17:01:55,9039.09,6970.09
2022-07-24 17:01:54,9049.5,6959.68
2022-07-24 17:01:53,9053.46,6955.73
2022-07-24 17:01:52,9053.33,6955.86
2022-07-24 17:01:51,9068.33,6940.86
2022-07-24 17:01:50,9068.54,6940.65
2022-07-24 17:01:49,9085.42,6923.77
2022-07-24 17:01:48,9082.25,6926.93
2022-07-24 17:01:47,9116.37,6892.82
2022-07-24 17:01:46,9137.83,6871.36
2022-07-24 17:01:45,9138.03,6871.15
2022-07-24 17:01:44,9169.25,6839.94
2022-07-24 17:01:43,9192.82,6816.36
2022-07-24 17:01:42,9203.98,6805.21
2022-07-24 17:01:41,9219.51,6789.68
2022-07-24 17:01:40,9242.92,6766.27
2022-07-24 17:01:39,9240.43,6768.76
2022-07-24 17:01:38,9292.32,6716.86
2022-07-24 17:01:37,9399.74,6609.45
2022-07-24 17:01:36,9527.52,6481.67
2022-07-24 17:01:35,9826.41,6182.78
2022-07-24 17:01:34,10183.4,5825.83
2022-07-24 17:01:33,10299.7,5709.44
2022-07-24 17:01:32,10514.4,5494.77
2022-07-24 17:01:31,11062.3,4946.84
2022-07-24 17:01:30,11192.4,4816.82
2022-07-24 17:01:29,11469,4540.2
2022-07-24 17:01:28,11620.3,4388.87
2022-07-24 17:01:27,11751.2,4258
2022-07-24 17:01:26,11892.3,4116.93
2022-07-24 17:01:25,12081.3,3927.88
2022-07-24 17:01:24,10993.8,5015.43
2022-07-24 17:01:23,10605.4,5403.82
2022-07-24 17:01:22,9533.71,6475.48
2022-07-24 17:01:21,9045.34,6963.84
2022-07-24 17:01:20,9046.57,6962.61
2022-07-24 17:01:19,9046.52,6962.67
2022-07-24 17:01:18,9049.84,6959.35
2022-07-24 17:01:17,9049.69,6959.5
2022-07-24 17:01:16,9049.88,6959.3
2022-07-24 17:01:15,9050.74,6958.45
2022-07-24 17:01:14,9051.33,6957.86
2022-07-24 17:01:13,9057.77,6951.42
2022-07-24 17:01:12,9057,6952.19
2022-07-24 17:01:11,9056.62,6952.57
2022-07-24 17:01:10,9057.23,6951.96
2022-07-24 17:01:09,9068.91,6940.27
2022-07-24 17:01:08,9069.91,6939.27
2022-07-24 17:01:07,9070.2,6938.98
2022-07-24 17:01:06,9070.91,6938.28
2022-07-24 17:01:05,9110.23,6898.96
2022-07-24 17:01:04,9121.12,6888.07
2022-07-24 17:01:03,9122.35,6886.84
2022-07-24 17:01:02,9123.52,6885.67
2022-07-24 17:01:01,9177.09,6832.1
2022-07-24 17:01:00,9199.06,6810.13
2022-07-24 17:00:59,9188.05,6821.13
2022-07-24 17:00:58,9210.61,6798.58
2022-07-24 17:00:57,9243.28,6765.91
2022-07-24 17:00:56,9266.38,6742.81
2022-07-24 17:00:55,9282.65,6726.53
2022-07-24 17:00:54,9372.77,6636.42
2022-07-24 17:00:53,9463.47,6545.71
2022-07-24 17:00:52,9550.19,6459
2022-07-24 17:00:51,10049.5,5959.66
2022-07-24 17:00:50,10144.8,5864.41
2022-07-24 17:00:49,10499.3,5509.87
2022-07-24 17:00:48,10728.5,5280.66
2022-07-24 17:00:47,11127.5,4881.66
2022-07-24 17:00:46,11258.5,4750.71
2022-07-24 17:00:45,11395.4,4613.79
2022-07-24 17:00:44,11628.4,4380.75
2022-07-24 17:00:43,11785.5,4223.71
2022-07-24 17:00:42,11942.3,4066.89
2022-07-24 17:00:41,12049.6,3959.56
2022-07-24 17:00:40,10710.8,5298.36
2022-07-24 17:00:39,10269.6,5739.61
2022-07-24 17:00:38,9708.86,6300.33
2022-07-24 17:00:37,9740.16,6269.02
2022-07-24 17:00:36,9244.16,6765.02
2022-07-24 17:00:35,9244.75,6764.44
2022-07-24 17:00:34,9253.1,6756.09
2022-07-24 17:00:33,9251.04,6758.14
2022-07-24 17:00:32,9258.66,6750.52
2022-07-24 17:00:31,9261.83,6747.36
2022-07-24 17:00:30,9272.59,6736.6
2022-07-24 17:00:29,9282.41,6726.77
2022-07-24 17:00:28,9293.79,6715.4
2022-07-24 17:00:27,9293.48,6715.7
2022-07-24 17:00:26,9310.91,6698.28
2022-07-24 17:00:25,9315.23,6693.95
2022-07-24 17:00:24,9337.47,6671.71
2022-07-24 17:00:23,9335.83,6673.36
2022-07-24 17:00:22,9355.64,6653.55
2022-07-24 17:00:21,9375.14,6634.05
2022-07-24 17:00:20,9376.09,6633.09
2022-07-24 17:00:19,9414.77,6594.41
2022-07-24 17:00:18,9457.42,6551.77
2022-07-24 17:00:17,9448.23,6560.96
2022-07-24 17:00:16,9470.48,6538.7
2022-07-24 17:00:15,9522.91,6486.27
2022-07-24 17:00:14,9511.04,6498.14
2022-07-24 17:00:13,9559.62,6449.56
2022-07-24 17:00:12,9606.78,6402.41
2022-07-24 17:00:11,9643.15,6366.04
2022-07-24 17:00:10,9624.41,6384.78
2022-07-24 17:00:09,9793.04,6216.15
2022-07-24 17:00:08,9884.11,6125.08
2022-07-24 17:00:07,9961.6,6047.59
2022-07-24 17:00:06,10287,5722.22
2022-07-24 17:00:05,10534.6,5474.62
2022-07-24 17:00:04,10900.7,5108.52
2022-07-24 17:00:03,11157.3,4851.84
2022-07-24 17:00:02,11403.5,4605.71
2022-07-24 17:00:01,11531.5,4477.65
2022-07-24 17:00:00,11625.3,4383.91
2022-07-24 16:59:59,11774.1,4235.09
2022-07-24 16:59:58,11890.6,4118.62
2022-07-24 16:59:57,12089.2,3920.02
2022-07-24 16:59:56,11418,4591.17
2022-07-24 16:59:55,9733.6,6275.59
2022-07-24 16:59:54,9750.57,6258.62
2022-07-24 16:59:53,9136.99,6872.2
2022-07-24 16:59:52,9144.62,6864.57
2022-07-24 16:59:51,9144.87,6864.32
2022-07-24 16:59:50,9152.7,6856.49
2022-07-24 16:59:49,9153.41,6855.78
2022-07-24 16:59:48,9153.8,6855.39
2022-07-24 16:59:47,9161.59,6847.6
2022-07-24 16:59:46,9167.89,6841.3
2022-07-24 16:59:45,9181.13,6828.05
2022-07-24 16:59:44,9190.83,6818.36
2022-07-24 16:59:43,9197.53,6811.66
2022-07-24 16:59:42,9197.37,6811.82
2022-07-24 16:59:41,9215.29,6793.9
2022-07-24 16:59:40,9240.79,6768.4
2022-07-24 16:59:39,9241.92,6767.27
2022-07-24 16:59:38,9242.13,6767.05
2022-07-24 16:59:37,9258.28,6750.91
2022-07-24 16:59:36,9281.28,6727.91
2022-07-24 16:59:35,9281.33,6727.86
2022-07-24 16:59:34,9298.17,6711.02
2022-07-24 16:59:33,9320.65,6688.54
2022-07-24 16:59:32,9343,6666.19
2022-07-24 16:59:31,9347.19,6662
2022-07-24 16:59:30,9389.72,6619.46
2022-07-24 16:59:29,9397.46,6611.72
2022-07-24 16:59:28,9432.28,6576.91
2022-07-24 16:59:27,9457.66,6551.53
2022-07-24 16:59:26,9480.76,6528.43
2022-07-24 16:59:25,9594.24,6414.95
2022-07-24 16:59:24,9673.88,6335.31
2022-07-24 16:59:23,9754.95,6254.24
2022-07-24 16:59:22,9993.67,6015.52
2022-07-24 16:59:21,10657,5352.22
2022-07-24 16:59:20,10842.1,5167.1
2022-07-24 16:59:19,10989.5,5019.67
2022-07-24 16:59:18,11147.2,4862.03
2022-07-24 16:59:17,11442.7,4566.52
2022-07-24 16:59:16,11553.8,4455.43
2022-07-24 16:59:15,11664.5,4344.68
2022-07-24 16:59:14,11860.1,4149.07
2022-07-24 16:59:13,12039.3,3969.88
2022-07-24 16:59:12,12225.6,3783.61
2022-07-24 16:59:11,11122.6,4886.57
2022-07-24 16:59:10,8941.86,7067.32
2022-07-24 16:59:09,8946.02,7063.16
2022-07-24 16:59:08,8945.19,7064
2022-07-24 16:59:07,8955.99,7053.2
2022-07-24 16:59:06,8956.89,7052.29
2022-07-24 16:59:05,8955.4,7053.79
2022-07-24 16:59:04,8958.82,7050.37
2022-07-24 16:59:03,8964.58,7044.61
2022-07-24 16:59:02,8970.94,7038.24
2022-07-24 16:59:01,8971.19,7038
2022-07-24 16:59:00,8971.98,7037.2
2022-07-24 16:58:59,8978.17,7031.02
2022-07-24 16:58:58,8989.6,7019.59
2022-07-24 16:58:57,8990.64,7018.54
2022-07-24 16:58:56,8989.33,7019.86
2022-07-24 16:58:55,9000.32,7008.87
2022-07-24 16:58:54,9010.26,6998.93
2022-07-24 16:58:53,9015.24,6993.95
2022-07-24 16:58:52,9017.87,6991.32
2022-07-24 16:58:51,9027.95,6981.24
2022-07-24 16:58:50,9043.25,6965.94
2022-07-24 16:58:49,9044.25,6964.93
2022-07-24 16:58:48,9058.87,6950.32
2022-07-24 16:58:47,9059.04,6950.14
2022-07-24 16:58:46,9076.18,6933.01
2022-07-24 16:58:45,9092.8,6916.39
2022-07-24 16:58:44,9097.08,6912.11
2022-07-24 16:58:43,9127.79,6881.4
2022-07-24 16:58:42,9107.49,6901.7
2022-07-24 16:58:41,9147.86,6861.32
2022-07-24 16:58:40,9247.43,6761.76
2022-07-24 16:58:39,9368.59,6640.6
2022-07-24 16:58:38,9699.08,6310.11
2022-07-24 16:58:37,9978.41,6030.77
2022-07-24 16:58:36,10378.9,5630.26
2022-07-24 16:58:35,10774.1,5235.07
2022-07-24 16:58:34,11142.9,4866.3
2022-07-24 16:58:33,11380.5,4628.65
2022-07-24 16:58:32,11508.7,4500.51
2022-07-24 16:58:31,11649.7,4359.5
2022-07-24 16:58:30,11743.8,4265.38
2022-07-24 16:58:29,11914.9,4094.24
2022-07-24 16:58:28,12085,3924.16
2022-07-24 16:58:27,11780.7,4228.5
2022-07-24 16:58:26,9592.98,6416.2
2022-07-24 16:58:25,9081.22,6927.97
2022-07-24 16:58:24,9085.43,6923.76
2022-07-24 16:58:23,9089.17,6920.02
2022-07-24 16:58:22,9095.83,6913.36
2022-07-24 16:58:21,9095.64,6913.55
2022-07-24 16:58:20,9106.08,6903.11
2022-07-24 16:58:19,9106.53,6902.66
2022-07-24 16:58:18,9114.87,6894.32
2022-07-24 16:58:17,9115.16,6894.03
2022-07-24 16:58:16,9131.84,6877.34
2022-07-24 16:58:15,9130.78,6878.41
2022-07-24 16:58:14,9138.43,6870.75
2022-07-24 16:58:13,9138.78,6870.41
2022-07-24 16:58:12,9172.23,6836.95
2022-07-24 16:58:11,9174.49,6834.7
2022-07-24 16:58:10,9184.38,6824.8
2022-07-24 16:58:09,9185.66,6823.53
2022-07-24 16:58:08,9202.78,6806.41
2022-07-24 16:58:07,9231.66,6777.53
2022-07-24 16:58:06,9233.09,6776.1
2022-07-24 16:58:05,9272.4,6736.79
2022-07-24 16:58:04,9273,6736.19
2022-07-24 16:58:03,9305.35,6703.84
2022-07-24 16:58:02,9328.91,6680.28
2022-07-24 16:58:01,9371.15,6638.04
2022-07-24 16:58:00,9409.46,6599.72
2022-07-24 16:57:59,9424.66,6584.53
2022-07-24 16:57:58,9461.83,6547.36
2022-07-24 16:57:57,9497.27,6511.92
2022-07-24 16:57:56,9670.42,6338.77
2022-07-24 16:57:55,9840.35,6168.84
2022-07-24 16:57:54,9960.73,6048.46
2022-07-24 16:57:53,10279.9,5729.26
2022-07-24 16:57:52,10711.1,5298.07
2022-07-24 16:57:51,10871.3,5137.86
2022-07-24 16:57:50,11137.4,4871.75
2022-07-24 16:57:49,11324.5,4684.71
2022-07-24 16:57:48,11534.9,4474.27
2022-07-24 16:57:47,11667.7,4341.47
2022-07-24 16:57:46,11778.4,4230.77
2022-07-24 16:57:45,11942.6,4066.64
2022-07-24 16:57:44,11589.2,4420.01
2022-07-24 16:57:43,11240.4,4768.79
2022-07-24 16:57:42,10093.8,5915.39
2022-07-24 16:57:41,9630.89,6378.3
2022-07-24 16:57:40,9120.3,6888.89
2022-07-24 16:57:39,9119.8,6889.38
2022-07-24 16:57:38,9128.23,6880.96
2022-07-24 16:57:37,9130.15,6879.03
2022-07-24 16:57:36,9131.83,6877.36
2022-07-24 16:57:35,9131.79,6877.39
2022-07-24 16:57:34,9144.12,6865.06
2022-07-24 16:57:33,9148.39,6860.79
2022-07-24 16:57:32,9148.03,6861.15
2022-07-24 16:57:31,9152.7,6856.48
2022-07-24 16:57:30,9165.95,6843.23
2022-07-24 16:57:29,9168.09,6841.1
2022-07-24 16:57:28,9169.03,6840.16
2022-07-24 16:57:27,9171.18,6838.01
2022-07-24 16:57:26,9195.01,6814.18
2022-07-24 16:57:25,9199.4,6809.79
2022-07-24 16:57:24,9212.5,6796.68
2022-07-24 16:57:23,9214.12,6795.06
2022-07-24 16:57:22,9276.41,6732.78
2022-07-24 16:57:21,9290.61,6718.58
2022-07-24 16:57:20,9296.3,6712.89
2022-07-24 16:57:19,9310.59,6698.6
2022-07-24 16:57:18,9367.29,6641.9
2022-07-24 16:57:17,9385.74,6623.45
2022-07-24 16:57:16,9406.84,6602.35
2022-07-24 16:57:15,9417.45,6591.73
2022-07-24 16:57:14,9443.48,6565.71
2022-07-24 16:57:13,9438.61,6570.57
2022-07-24 16:57:12,9511.88,6497.31
2022-07-24 16:57:11,9621.84,6387.34
2022-07-24 16:57:10,9865.24,6143.95
2022-07-24 16:57:09,10122.1,5887.12
2022-07-24 16:57:08,10344.4,5664.77
2022-07-24 16:57:07,10663.6,5345.63
2022-07-24 16:57:06,10840.2,5168.99
2022-07-24 16:57:05,11290,4719.19
2022-07-24 16:57:04,11446.6,4562.61
2022-07-24 16:57:03,11573.7,4435.52
2022-07-24 16:57:02,11708.8,4300.36
2022-07-24 16:57:01,11813.1,4196.11
2022-07-24 16:57:00,11981.1,4028.05
2022-07-24 16:56:59,11640.2,4368.99
2022-07-24 16:56:58,11276.9,4732.31
2022-07-24 16:56:57,9935.23,6073.96
2022-07-24 16:56:56,9212.65,6796.54
2022-07-24 16:56:55,9213.67,6795.52
2022-07-24 16:56:54,9214.19,6795
2022-07-24 16:56:53,9217.39,6791.8
2022-07-24 16:56:52,9217.11,6792.08
2022-07-24 16:56:51,9228.2,6780.99
2022-07-24 16:56:50,9227.38,6781.81
2022-07-24 16:56:49,9229.19,6780
2022-07-24 16:56:48,9239.02,6770.17
2022-07-24 16:56:47,9244.99,6764.2
2022-07-24 16:56:46,9246.05,6763.14
2022-07-24 16:56:45,9256.02,6753.16
2022-07-24 16:56:44,9255.2,6753.98
2022-07-24 16:56:43,9277.33,6731.86
2022-07-24 16:56:42,9292.89,6716.3
2022-07-24 16:56:41,9308.93,6700.25
2022-07-24 16:56:40,9320.69,6688.49
2022-07-24 16:56:39,9353.49,6655.7
2022-07-24 16:56:38,9415.5,6593.69
2022-07-24 16:56:37,9417.38,6591.81
2022-07-24 16:56:36,9421.31,6587.88
2022-07-24 16:56:35,9509.32,6499.86
2022-07-24 16:56:34,9530.77,6478.42
2022-07-24 16:56:33,9532.72,6476.47
2022-07-24 16:56:32,9603.88,6405.31
2022-07-24 16:56:31,9647.95,6361.24
2022-07-24 16:56:30,9641.69,6367.5
2022-07-24 16:56:29,9649.63,6359.56
2022-07-24 16:56:28,9723.35,6285.84
2022-07-24 16:56:27,9810.03,6199.15
2022-07-24 16:56:26,9848.97,6160.22
2022-07-24 16:56:25,10078.6,5930.57
2022-07-24 16:56:24,10473.2,5536.01
2022-07-24 16:56:23,10695.5,5313.68
2022-07-24 16:56:22,10804.5,5204.67
2022-07-24 16:56:21,11000.9,5008.28
2022-07-24 16:56:20,11268.5,4740.72
2022-07-24 16:56:19,11483.5,4525.65
2022-07-24 16:56:18,11573.2,4435.96
2022-07-24 16:56:17,11770.8,4238.36
2022-07-24 16:56:16,11926.7,4082.5
2022-07-24 16:56:15,12078,3931.23
2022-07-24 16:56:14,11716.6,4292.6
2022-07-24 16:56:13,10327,5682.2
2022-07-24 16:56:12,9745.03,6264.16
2022-07-24 16:56:11,9132.98,6876.21
2022-07-24 16:56:10,9131.95,6877.24
2022-07-24 16:56:09,9138.12,6871.07
2022-07-24 16:56:08,9145.97,6863.21
2022-07-24 16:56:07,9160.52,6848.66
2022-07-24 16:56:06,9161.54,6847.64
2022-07-24 16:56:05,9172.49,6836.7
2022-07-24 16:56:04,9176.31,6832.88
2022-07-24 16:56:03,9187.86,6821.32
2022-07-24 16:56:02,9189.59,6819.6
2022-07-24 16:56:01,9200.08,6809.11
2022-07-24 16:56:00,9213.8,6795.39
2022-07-24 16:55:59,9230.57,6778.61
2022-07-24 16:55:58,9233.03,6776.16
2022-07-24 16:55:57,9260.59,6748.6
2022-07-24 16:55:56,9272.89,6736.29
2022-07-24 16:55:55,9279.79,6729.39
2022-07-24 16:55:54,9291.25,6717.94
2022-07-24 16:55:53,9298.84,6710.35
2022-07-24 16:55:52,9340.44,6668.75
2022-07-24 16:55:51,9341.75,6667.44
2022-07-24 16:55:50,9350.16,6659.03
2022-07-24 16:55:49,9405.1,6604.09
2022-07-24 16:55:48,9418.92,6590.27
2022-07-24 16:55:47,9419.3,6589.88
2022-07-24 16:55:46,9447.02,6562.17
2022-07-24 16:55:45,9461.05,6548.13
2022-07-24 16:55:44,9464.8,6544.38
2022-07-24 16:55:43,9515.07,6494.11
2022-07-24 16:55:42,9613.52,6395.67
2022-07-24 16:55:41,9760.39,6248.8
2022-07-24 16:55:40,9909.03,6100.16
2022-07-24 16:55:39,10403.4,5605.78
2022-07-24 16:55:38,10587.1,5422.08
2022-07-24 16:55:37,10859.4,5149.82
2022-07-24 16:55:36,11269.5,4739.68
2022-07-24 16:55:35,11410.3,4598.91
2022-07-24 16:55:34,11555.9,4453.32
2022-07-24 16:55:33,11682.2,4326.95
2022-07-24 16:55:32,11848.4,4160.76
2022-07-24 16:55:31,11999.3,4009.87
2022-07-24 16:55:30,12209.9,3799.26
2022-07-24 16:55:29,10336.4,5672.74
2022-07-24 16:55:28,9729.19,6280
2022-07-24 16:55:27,9109.44,6899.75
2022-07-24 16:55:26,9114.04,6895.14
2022-07-24 16:55:25,9120.91,6888.27
2022-07-24 16:55:24,9131.89,6877.3
2022-07-24 16:55:23,9132.16,6877.03
2022-07-24 16:55:22,9135.95,6873.23
2022-07-24 16:55:21,9147.84,6861.35
2022-07-24 16:55:20,9157.85,6851.34
2022-07-24 16:55:19,9157.32,6851.87
2022-07-24 16:55:18,9160.02,6849.17
2022-07-24 16:55:17,9162.45,6846.73
2022-07-24 16:55:16,9191.58,6817.61
2022-07-24 16:55:15,9193.89,6815.29
2022-07-24 16:55:14,9196.64,6812.55
2022-07-24 16:55:13,9207.17,6802.02
2022-07-24 16:55:12,9247.25,6761.93
2022-07-24 16:55:11,9250.61,6758.57
2022-07-24 16:55:10,9261.25,6747.94
2022-07-24 16:55:09,9320.98,6688.2
2022-07-24 16:55:08,9304.94,6704.25
2022-07-24 16:55:07,9307.21,6701.98
2022-07-24 16:55:06,9338.66,6670.53
2022-07-24 16:55:05,9384.02,6625.17
2022-07-24 16:55:04,9386.6,6622.59
2022-07-24 16:55:03,9412.58,6596.61
2022-07-24 16:55:02,9442.68,6566.51
2022-07-24 16:55:01,9485.77,6523.42
2022-07-24 16:55:00,9494.91,6514.27
2022-07-24 16:54:59,9517.34,6491.84
2022-07-24 16:54:58,9550.17,6459.02
2022-07-24 16:54:57,9673.86,6335.33
2022-07-24 16:54:56,9971.27,6037.92
2022-07-24 16:54:55,10148.3,5860.88
2022-07-24 16:54:54,10246.3,5762.92
2022-07-24 16:54:53,10661,5348.23
2022-07-24 16:54:52,11123.2,4885.99
2022-07-24 16:54:51,11303.2,4705.95
2022-07-24 16:54:50,11502.4,4506.75
2022-07-24 16:54:49,11640.8,4368.34
2022-07-24 16:54:48,11792,4217.22
2022-07-24 16:54:47,11911.7,4097.46
2022-07-24 16:54:46,11535.7,4473.5
2022-07-24 16:54:45,11712.4,4296.83
2022-07-24 16:54:44,10881,5128.24
2022-07-24 16:54:43,9144.76,6864.43
2022-07-24 16:54:42,9145.03,6864.16
2022-07-24 16:54:41,9155.02,6854.17
2022-07-24 16:54:40,9155.09,6854.09
2022-07-24 16:54:39,9156.68,6852.5
2022-07-24 16:54:38,9160.02,6849.17
2022-07-24 16:54:37,9165.89,6843.29
2022-07-24 16:54:36,9172.23,6836.96
2022-07-24 16:54:35,9174.37,6834.82
2022-07-24 16:54:34,9174.84,6834.35
2022-07-24 16:54:33,9183.5,6825.68
2022-07-24 16:54:32,9183.71,6825.48
2022-07-24 16:54:31,9184.73,6824.45
2022-07-24 16:54:30,9185.32,6823.87
2022-07-24 16:54:29,9215.03,6794.16
2022-07-24 16:54:28,9234.45,6774.74
2022-07-24 16:54:27,9237.1,6772.09
2022-07-24 16:54:26,9236.73,6772.45
2022-07-24 16:54:25,9249.12,6760.07
2022-07-24 16:54:24,9291.46,6717.73
2022-07-24 16:54:23,9289.16,6720.02
2022-07-24 16:54:22,9308.21,6700.97
2022-07-24 16:54:21,9331.17,6678.02
2022-07-24 16:54:20,9356.23,6652.96
2022-07-24 16:54:19,9371.81,6637.37
2022-07-24 16:54:18,9435.31,6573.88
2022-07-24 16:54:17,9461.88,6547.31
2022-07-24 16:54:16,9463.76,6545.43
2022-07-24 16:54:15,9503.36,6505.83
2022-07-24 16:54:14,9607.86,6401.32
2022-07-24 16:54:13,9714.14,6295.05
2022-07-24 16:54:12,9929.71,6079.47
2022-07-24 16:54:11,10041.8,5967.35
2022-07-24 16:54:10,10248,5761.19
2022-07-24 16:54:09,10692.5,5316.64
2022-07-24 16:54:08,10945.9,5063.33
2022-07-24 16:54:07,11190.8,4818.36
2022-07-24 16:54:06,11450.8,4558.41
2022-07-24 16:54:05,11591.1,4418.1
2022-07-24 16:54:04,11737.9,4271.24
2022-07-24 16:54:03,11852.3,4156.91
2022-07-24 16:54:02,12037.5,3971.69
2022-07-24 16:54:01,12207.5,3801.71
2022-07-24 16:54:00,10338.8,5670.37
2022-07-24 16:53:59,9253.77,6755.42
2022-07-24 16:53:58,9255.5,6753.68
2022-07-24 16:53:57,9260.89,6748.3
2022-07-24 16:53:56,9261.67,6747.52
2022-07-24 16:53:55,9264.48,6744.71
2022-07-24 16:53:54,9266.62,6742.57
2022-07-24 16:53:53,9268.22,6740.97
2022-07-24 16:53:52,9271.75,6737.43
2022-07-24 16:53:51,9273.95,6735.24
2022-07-24 16:53:50,9283.89,6725.29
2022-07-24 16:53:49,9288.09,6721.1
2022-07-24 16:53:48,9303.75,6705.44
2022-07-24 16:53:47,9308.18,6701.01
2022-07-24 16:53:46,9326.68,6682.5
2022-07-24 16:53:45,9328.07,6681.12
2022-07-24 16:53:44,9352.52,6656.67
2022-07-24 16:53:43,9370.87,6638.32
2022-07-24 16:53:42,9387.07,6622.11
2022-07-24 16:53:41,9388.34,6620.85
2022-07-24 16:53:40,9443.11,6566.08
2022-07-24 16:53:39,9464.35,6544.84
2022-07-24 16:53:38,9484.75,6524.44
2022-07-24 16:53:37,9484.96,6524.22
2022-07-24 16:53:36,9570.03,6439.16
2022-07-24 16:53:35,9591.48,6417.71
2022-07-24 16:53:34,9594.32,6414.86
2022-07-24 16:53:33,9637.73,6371.46
2022-07-24 16:53:32,9691.85,6317.34
2022-07-24 16:53:31,9712.08,6297.11
2022-07-24 16:53:30,9794.46,6214.73
2022-07-24 16:53:29,9867.44,6141.75
2022-07-24 16:53:28,9937.31,6071.88
2022-07-24 16:53:27,10269,5740.17
2022-07-24 16:53:26,10492.9,5516.25
2022-07-24 16:53:25,10782.5,5226.71
2022-07-24 16:53:24,10978.8,5030.38
2022-07-24 16:53:23,11087.5,4921.7
2022-07-24 16:53:22,11172.6,4836.63
2022-07-24 16:53:21,11499.3,4509.87
2022-07-24 16:53:20,11681.7,4327.45
2022-07-24 16:53:19,11864.8,4144.34
2022-07-24 16:53:18,12047.3,3961.86
2022-07-24 16:53:17,10706.9,5302.3
2022-07-24 16:53:16,10281.5,5727.73
2022-07-24 16:53:15,10339.9,5669.32
2022-07-24 16:53:14,9893.72,6115.47
2022-07-24 16:53:13,9265.8,6743.39
2022-07-24 16:53:12,9274.01,6735.18
2022-07-24 16:53:11,9274.05,6735.13
2022-07-24 16:53:10,9277.87,6731.31
2022-07-24 16:53:09,9280.03,6729.16
2022-07-24 16:53:08,9288.53,6720.66
2022-07-24 16:53:07,9290.54,6718.65
2022-07-24 16:53:06,9295.49,6713.69
2022-07-24 16:53:05,9308.46,6700.72
2022-07-24 16:53:04,9310.14,6699.05
2022-07-24 16:53:03,9300.44,6708.75
2022-07-24 16:53:02,9309.18,6700
2022-07-24 16:53:01,9344.13,6665.05
2022-07-24 16:53:00,9347.41,6661.78
2022-07-24 16:52:59,9347.02,6662.17
2022-07-24 16:52:58,9362.34,6646.85
2022-07-24 16:52:57,9444.26,6564.93
2022-07-24 16:52:56,9445.11,6564.08
2022-07-24 16:52:55,9447.45,6561.74
2022-07-24 16:52:54,9484.26,6524.93
2022-07-24 16:52:53,9554.96,6454.23
2022-07-24 16:52:52,9560.06,6449.13
2022-07-24 16:52:51,9571.75,6437.43
2022-07-24 16:52:50,9677.78,6331.41
2022-07-24 16:52:49,9681.39,6327.8
2022-07-24 16:52:48,9702.29,6306.89
2022-07-24 16:52:47,9777.89,6231.29
2022-07-24 16:52:46,9841.88,6167.31
2022-07-24 16:52:45,9931.39,6077.8
2022-07-24 16:52:44,10204.3,5804.86
2022-07-24 16:52:43,10333.2,5675.97
2022-07-24 16:52:42,10477.3,5531.93
2022-07-24 16:52:41,10731.9,5277.25
2022-07-24 16:52:40,10857.6,5151.57
2022-07-24 16:52:39,10982.9,5026.33
2022-07-24 16:52:38,11175.7,4833.49
2022-07-24 16:52:37,11310.7,4698.52
2022-07-24 16:52:36,11604.6,4404.6
2022-07-24 16:52:35,11859.8,4149.42
2022-07-24 16:52:34,11020.3,4988.84
2022-07-24 16:52:33,11155.2,4853.96
2022-07-24 16:52:32,10237.7,5771.47
2022-07-24 16:52:31,10301.6,5707.62
2022-07-24 16:52:30,9864.18,6145.01
2022-07-24 16:52:29,9904.38,6104.8
2022-07-24 16:52:28,9437.9,6571.29
2022-07-24 16:52:27,9441.64,6567.55
2022-07-24 16:52:26,9447.39,6561.8
2022-07-24 16:52:25,9454.84,6554.34
2022-07-24 16:52:24,9464.48,6544.71
2022-07-24 16:52:23,9473.97,6535.22
2022-07-24 16:52:22,9475.72,6533.47
2022-07-24 16:52:21,9485.21,6523.97
2022-07-24 16:52:20,9495.22,6513.97
2022-07-24 16:52:19,9523.9,6485.29
2022-07-24 16:52:18,9535.78,6473.41
2022-07-24 16:52:17,9545.76,6463.43
2022-07-24 16:52:16,9546.63,6462.55
2022-07-24 16:52:15,9575.38,6433.81
2022-07-24 16:52:14,9598.02,6411.17
2022-07-24 16:52:13,9610.1,6399.09
2022-07-24 16:52:12,9644.53,6364.66
2022-07-24 16:52:11,9668.5,6340.69
2022-07-24 16:52:10,9702.49,6306.7
2022-07-24 16:52:09,9717.23,6291.96
2022-07-24 16:52:08,9767.06,6242.12
2022-07-24 16:52:07,9754.17,6255.02
2022-07-24 16:52:06,9808.43,6200.76
2022-07-24 16:52:05,9872.93,6136.26
2022-07-24 16:52:04,9927.23,6081.95
2022-07-24 16:52:03,9957.99,6051.2
2022-07-24 16:52:02,10050.7,5958.5
2022-07-24 16:52:01,10262.8,5746.36
2022-07-24 16:52:00,10380.3,5628.9
2022-07-24 16:51:59,10531.6,5477.6
2022-07-24 16:51:58,10751.8,5257.41
2022-07-24 16:51:57,10968.3,5040.86
2022-07-24 16:51:56,11072.2,4937
2022-07-24 16:51:55,11175.5,4833.67
2022-07-24 16:51:54,11365.8,4643.43
2022-07-24 16:51:53,11511.9,4497.28
2022-07-24 16:51:52,11519,4490.16
2022-07-24 16:51:51,11266.2,4743.02
2022-07-24 16:51:50,11223.2,4785.98
2022-07-24 16:51:49,10387.9,5621.29
2022-07-24 16:51:48,9929.84,6079.35
2022-07-24 16:51:47,9996.64,6012.54
2022-07-24 16:51:46,9404.82,6604.37
2022-07-24 16:51:45,9451.62,6557.56
2022-07-24 16:51:44,9496.53,6512.66
2022-07-24 16:51:43,9501.93,6507.26
2022-07-24 16:51:42,8989.76,7019.43
2022-07-24 16:51:41,8992.01,7017.18
2022-07-24 16:51:40,8993.11,7016.08
2022-07-24 16:51:39,8994.53,7014.66
2022-07-24 16:51:38,8996.26,7012.93
2022-07-24 16:51:37,8997.6,7011.59
2022-07-24 16:51:36,8997.45,7011.74
2022-07-24 16:51:35,9006.03,7003.15
2022-07-24 16:51:34,9011.86,6997.33
2022-07-24 16:51:33,9014.03,6995.15
2022-07-24 16:51:32,9014.19,6995
2022-07-24 16:51:31,9034.3,6974.89
2022-07-24 16:51:30,9035.51,6973.68
2022-07-24 16:51:29,9038.19,6970.99
2022-07-24 16:51:28,9053.64,6955.55
2022-07-24 16:51:27,9080.82,6928.36
2022-07-24 16:51:26,9092.92,6916.27
2022-07-24 16:51:25,9087.17,6922.02
2022-07-24 16:51:24,9103.95,6905.24
2022-07-24 16:51:23,9156.75,6852.43
2022-07-24 16:51:22,9163.75,6845.44
2022-07-24 16:51:21,9164.69,6844.49
2022-07-24 16:51:20,9194.56,6814.63
2022-07-24 16:51:19,9248.59,6760.6
2022-07-24 16:51:18,9354.16,6655.03
2022-07-24 16:51:17,9431.39,6577.8
2022-07-24 16:51:16,9729.14,6280.05
2022-07-24 16:51:15,9969.64,6039.55
2022-07-24 16:51:14,10303.1,5706.1
2022-07-24 16:51:13,10710.3,5298.88
2022-07-24 16:51:12,10993.9,5015.32
2022-07-24 16:51:11,11164,4845.23
2022-07-24 16:51:10,11319.9,4689.27
2022-07-24 16:51:09,11396.3,4612.88
2022-07-24 16:51:08,11509.1,4500.06
2022-07-24 16:51:07,11733,4276.23
2022-07-24 16:51:06,11949.1,4060.04
2022-07-24 16:51:05,12111.3,3897.89
2022-07-24 16:51:04,11245.9,4763.28
2022-07-24 16:51:03,9761.55,6247.64
2022-07-24 16:51:02,9802.89,6206.29
2022-07-24 16:51:01,9847.87,6161.32
2022-07-24 16:51:00,9340.82,6668.37
2022-07-24 16:50:59,9341.85,6667.34
2022-07-24 16:50:58,9356.82,6652.37
2022-07-24 16:50:57,9356.7,6652.49
2022-07-24 16:50:56,9359.72,6649.47
2022-07-24 16:50:55,9363.65,6645.54
2022-07-24 16:50:54,9375.91,6633.27
2022-07-24 16:50:53,9378.14,6631.05
2022-07-24 16:50:52,9379.3,6629.89
2022-07-24 16:50:51,9400.21,6608.98
2022-07-24 16:50:50,9401.44,6607.75
2022-07-24 16:50:49,9402.08,6607.11
2022-07-24 16:50:48,9407.41,6601.77
2022-07-24 16:50:47,9442.34,6566.84
2022-07-24 16:50:46,9446.13,6563.06
2022-07-24 16:50:45,9454.02,6555.17
2022-07-24 16:50:44,9465.64,6543.55
2022-07-24 16:50:43,9483.44,6525.75
2022-07-24 16:50:42,9503.85,6505.34
2022-07-24 16:50:41,9569.37,6439.82
2022-07-24 16:50:40,9584.21,6424.98
2022-07-24 16:50:39,9604.61,6404.58
2022-07-24 16:50:38,9642.4,6366.78
2022-07-24 16:50:37,9737.75,6271.44
2022-07-24 16:50:36,9753.04,6256.14
2022-07-24 16:50:35,9774.01,6235.18
2022-07-24 16:50:34,9814.95,6194.24
2022-07-24 16:50:33,9949.61,6059.57
2022-07-24 16:50:32,10049.9,5959.33
2022-07-24 16:50:31,10171.3,5837.89
2022-07-24 16:50:30,10553.9,5455.3
2022-07-24 16:50:29,10713.1,5296.14
2022-07-24 16:50:28,11053.1,4956.08
2022-07-24 16:50:27,11219.3,4789.88
2022-07-24 16:50:26,11299.7,4709.44
2022-07-24 16:50:25,11375.7,4633.51
2022-07-24 16:50:24,11480.2,4529
2022-07-24 16:50:23,11733.7,4275.5
2022-07-24 16:50:22,11899.8,4109.39
2022-07-24 16:50:21,12067.4,3941.79
2022-07-24 16:50:20,11190.7,4818.49
2022-07-24 16:50:19,10148.6,5860.59
2022-07-24 16:50:18,9583.23,6425.96
2022-07-24 16:50:17,9608.78,6400.41
2022-07-24 16:50:16,9095.09,6914.1
2022-07-24 16:50:15,9093.38,6915.81
2022-07-24 16:50:14,9097.44,6911.75
2022-07-24 16:50:13,9099.75,6909.43
2022-07-24 16:50:12,9101.33,6907.86
2022-07-24 16:50:11,9101.01,6908.18
2022-07-24 16:50:10,9111.62,6897.57
2022-07-24 16:50:09,9110.16,6899.03
2022-07-24 16:50:08,9112.13,6897.05
2022-07-24 16:50:07,9113.63,6895.55
2022-07-24 16:50:06,9119.26,6889.93
2022-07-24 16:50:05,9133.05,6876.14
2022-07-24 16:50:04,9162.63,6846.56
2022-07-24 16:50:03,9163.18,6846.01
2022-07-24 16:50:02,9166.36,6842.82
2022-07-24 16:50:01,9180.66,6828.52
2022-07-24 16:50:00,9215.39,6793.8
2022-07-24 16:49:59,9215.07,6794.11
2022-07-24 16:49:58,9210.86,6798.33
2022-07-24 16:49:57,9232.25,6776.94
2022-07-24 16:49:56,9274.19,6734.99
2022-07-24 16:49:55,9275.9,6733.29
2022-07-24 16:49:54,9296.12,6713.07
2022-07-24 16:49:53,9353.47,6655.72
2022-07-24 16:49:52,9371.92,6637.27
2022-07-24 16:49:51,9395.84,6613.35
2022-07-24 16:49:50,9417.01,6592.18
2022-07-24 16:49:49,9562.98,6446.21
2022-07-24 16:49:48,9671.99,6337.2
2022-07-24 16:49:47,9885,6124.18
2022-07-24 16:49:46,10070.9,5938.33
2022-07-24 16:49:45,10418.5,5590.7
2022-07-24 16:49:44,10756.5,5252.67
2022-07-24 16:49:43,11022.6,4986.59
2022-07-24 16:49:42,11233.2,4776.01
2022-07-24 16:49:41,11344.9,4664.27
2022-07-24 16:49:40,11469.1,4540.1
2022-07-24 16:49:39,11586.3,4422.84
2022-07-24 16:49:38,11849.4,4159.77
2022-07-24 16:49:37,11403.9,4605.27
2022-07-24 16:49:36,11564.3,4444.88
2022-07-24 16:49:35,11005.8,5003.4
2022-07-24 16:49:34,9558.13,6451.06
2022-07-24 16:49:33,9603.91,6405.28
2022-07-24 16:49:32,9131.59,6877.6
2022-07-24 16:49:31,9139.09,6870.09
2022-07-24 16:49:30,9140.86,6868.32
2022-07-24 16:49:29,9142.61,6866.58
2022-07-24 16:49:28,9152.39,6856.8
2022-07-24 16:49:27,9152.94,6856.25
2022-07-24 16:49:26,9159.89,6849.3
2022-07-24 16:49:25,9167.52,6841.66
2022-07-24 16:49:24,9176.11,6833.08
2022-07-24 16:49:23,9176.4,6832.79
2022-07-24 16:49:22,9184.34,6824.84
2022-07-24 16:49:21,9205.85,6803.34
2022-07-24 16:49:20,9218.02,6791.17
2022-07-24 16:49:19,9219.98,6789.21
2022-07-24 16:49:18,9229.75,6779.44
2022-07-24 16:49:17,9248.94,6760.25
2022-07-24 16:49:16,9260.56,6748.63
2022-07-24 16:49:15,9259.48,6749.71
2022-07-24 16:49:14,9277.86,6731.32
2022-07-24 16:49:13,9291.89,6717.3
2022-07-24 16:49:12,9307.39,6701.8
2022-07-24 16:49:11,9344.21,6664.98
2022-07-24 16:49:10,9356.16,6653.02
2022-07-24 16:49:09,9377.01,6632.18
2022-07-24 16:49:08,9380.55,6628.64
2022-07-24 16:49:07,9492.41,6516.78
2022-07-24 16:49:06,9507.96,6501.22
2022-07-24 16:49:05,9572.36,6436.83
2022-07-24 16:49:04,9933.72,6075.46
2022-07-24 16:49:03,10066.6,5942.54
2022-07-24 16:49:02,10178.1,5831.11
2022-07-24 16:49:01,10469.5,5539.73
2022-07-24 16:49:00,10748.5,5260.68
2022-07-24 16:48:59,11069.4,4939.84
2022-07-24 16:48:58,11297.6,4711.56
2022-07-24 16:48:57,11379.1,4630.14
2022-07-24 16:48:56,11490.8,4518.41
2022-07-24 16:48:55,11709.3,4299.89
2022-07-24 16:48:54,11863.3,4145.89
2022-07-24 16:48:53,11476.2,4533
2022-07-24 16:48:52,11646.8,4362.38
2022-07-24 16:48:51,11264,4745.23
2022-07-24 16:48:50,10309.3,5699.88
2022-07-24 16:48:49,9846.89,6162.3
2022-07-24 16:48:48,9341.16,6668.02
2022-07-24 16:48:47,9342.33,6666.86
2022-07-24 16:48:46,9347.14,6662.05
2022-07-24 16:48:45,9349.01,6660.18
2022-07-24 16:48:44,9352.68,6656.51
2022-07-24 16:48:43,9353.77,6655.42
2022-07-24 16:48:42,9356.35,6652.84
2022-07-24 16:48:41,9368.93,6640.26
2022-07-24 16:48:40,9378.55,6630.63
2022-07-24 16:48:39,9392.56,6616.62
2022-07-24 16:48:38,9395.12,6614.06
2022-07-24 16:48:37,9406.85,6602.34
2022-07-24 16:48:36,9443.56,6565.63
2022-07-24 16:48:35,9481.07,6528.12
2022-07-24 16:48:34,9506.07,6503.11
2022-07-24 16:48:33,9520.7,6488.48
2022-07-24 16:48:32,9561.08,6448.11
2022-07-24 16:48:31,9593.81,6415.38
2022-07-24 16:48:30,9627.25,6381.93
2022-07-24 16:48:29,9655.6,6353.59
2022-07-24 16:48:28,9703.83,6305.36
2022-07-24 16:48:27,9722.55,6286.64
2022-07-24 16:48:26,9735.35,6273.84
2022-07-24 16:48:25,9792.07,6217.12
2022-07-24 16:48:24,9824.61,6184.58
2022-07-24 16:48:23,9825.92,6183.27
2022-07-24 16:48:22,9879.66,6129.53
2022-07-24 16:48:21,9971.05,6038.13
2022-07-24 16:48:20,10020.8,5988.38
2022-07-24 16:48:19,10140,5869.14
2022-07-24 16:48:18,10444.5,5564.66
2022-07-24 16:48:17,10684.3,5324.86
2022-07-24 16:48:16,10893.9,5115.32
2022-07-24 16:48:15,11001.5,5007.69
2022-07-24 16:48:14,11125.7,4883.45
2022-07-24 16:48:13,11301.8,4707.35
2022-07-24 16:48:12,11473.5,4535.67
2022-07-24 16:48:11,11635.7,4373.48
2022-07-24 16:48:10,11858.7,4150.49
2022-07-24 16:48:09,12029.3,3979.86
2022-07-24 16:48:08,11199.7,4809.48
2022-07-24 16:48:07,10444,5565.2
2022-07-24 16:48:06,10196.7,5812.54
2022-07-24 16:48:05,9733.47,6275.72
2022-07-24 16:48:04,9742.53,6266.66
2022-07-24 16:48:03,9115.53,6893.65
2022-07-24 16:48:02,9116.58,6892.61
2022-07-24 16:48:01,9119.12,6890.07
2022-07-24 16:48:00,9120.58,6888.61
2022-07-24 16:47:59,9122.56,6886.63
2022-07-24 16:47:58,9122.75,6886.43
2022-07-24 16:47:57,9126.35,6882.84
2022-07-24 16:47:56,9127.92,6881.27
2022-07-24 16:47:55,9130.29,6878.9
2022-07-24 16:47:54,9130.37,6878.82
2022-07-24 16:47:53,9135.93,6873.25
2022-07-24 16:47:52,9137.7,6871.48
2022-07-24 16:47:51,9153.27,6855.92
2022-07-24 16:47:50,9154.97,6854.22
2022-07-24 16:47:49,9164.42,6844.77
2022-07-24 16:47:48,9202.44,6806.75
2022-07-24 16:47:47,9217.78,6791.41
2022-07-24 16:47:46,9236.02,6773.17
2022-07-24 16:47:45,9261.54,6747.64
2022-07-24 16:47:44,9286.37,6722.82
2022-07-24 16:47:43,9305.58,6703.61
2022-07-24 16:47:42,9308.18,6701.01
2022-07-24 16:47:41,9360.64,6648.55
2022-07-24 16:47:40,9393.42,6615.77
2022-07-24 16:47:39,9398.09,6611.1
2022-07-24 16:47:38,9463.23,6545.95
2022-07-24 16:47:37,9552.14,6457.05
2022-07-24 16:47:36,9648.04,6361.15
2022-07-24 16:47:35,9859.76,6149.43
2022-07-24 16:47:34,10144.9,5864.32
2022-07-24 16:47:33,10296.7,5712.5
2022-07-24 16:47:32,10661.3,5347.88
2022-07-24 16:47:31,10747.3,5261.89
2022-07-24 16:47:30,10884.2,5124.97
2022-07-24 16:47:29,11096.8,4912.35
2022-07-24 16:47:28,11273.7,4735.47
2022-07-24 16:47:27,11415.6,4593.56
2022-07-24 16:47:26,11760.2,4248.99
2022-07-24 16:47:25,11828.1,4181.09
2022-07-24 16:47:24,10504.9,5504.33
2022-07-24 16:47:23,10078.4,5930.77
2022-07-24 16:47:22,10136.9,5872.3
2022-07-24 16:47:21,9909.34,6099.85
2022-07-24 16:47:20,9736.42,6272.77
2022-07-24 16:47:19,9267.33,6741.86
2022-07-24 16:47:18,9269.41,6739.77
2022-07-24 16:47:17,9268.34,6740.84
2022-07-24 16:47:16,9282.22,6726.97
2022-07-24 16:47:15,9292.5,6716.69
2022-07-24 16:47:14,9297.46,6711.73
2022-07-24 16:47:13,9304.9,6704.29
2022-07-24 16:47:12,9312.65,6696.54
2022-07-24 16:47:11,9313.46,6695.72
2022-07-24 16:47:10,9326.24,6682.95
2022-07-24 16:47:09,9354.72,6654.47
2022-07-24 16:47:08,9356.71,6652.48
2022-07-24 16:47:07,9357.56,6651.62
2022-07-24 16:47:06,9385.17,6624.02
2022-07-24 16:47:05,9388.21,6620.97
2022-07-24 16:47:04,9409.71,6599.48
2022-07-24 16:47:03,9409.52,6599.66
2022-07-24 16:47:02,9440.42,6568.77
2022-07-24 16:47:01,9455.96,6553.23
2022-07-24 16:47:00,9480.85,6528.34
2022-07-24 16:46:59,9501.25,6507.94
2022-07-24 16:46:58,9531.46,6477.73
2022-07-24 16:46:57,9555.66,6453.53
2022-07-24 16:46:56,9579.54,6429.65
2022-07-24 16:46:55,9623.68,6385.51
2022-07-24 16:46:54,9647.77,6361.42
2022-07-24 16:46:53,9661.83,6347.36
2022-07-24 16:46:52,9840.49,6168.7
2022-07-24 16:46:51,9926.27,6082.92
2022-07-24 16:46:50,10033.5,5975.68
2022-07-24 16:46:49,10436.2,5572.95
2022-07-24 16:46:48,10706.2,5302.97
2022-07-24 16:46:47,11056.3,4952.93
2022-07-24 16:46:46,11165.5,4843.68
2022-07-24 16:46:45,11313.6,4695.6
2022-07-24 16:46:44,11391.3,4617.9
2022-07-24 16:46:43,11518.8,4490.42
2022-07-24 16:46:42,11633.9,4375.28
2022-07-24 16:46:41,11903.2,4106.03
2022-07-24 16:46:40,12112.8,3896.36
2022-07-24 16:46:39,10613.7,5395.52
2022-07-24 16:46:38,9641.98,6367.21
2022-07-24 16:46:37,9683.66,6325.52
2022-07-24 16:46:36,9733.43,6275.75
2022-07-24 16:46:35,9252.52,6756.67
2022-07-24 16:46:34,9256.69,6752.5
2022-07-24 16:46:33,9258.41,6750.77
2022-07-24 16:46:32,9260.68,6748.51
2022-07-24 16:46:31,9268.15,6741.04
2022-07-24 16:46:30,9270.36,6738.82
2022-07-24 16:46:29,9269.63,6739.56
2022-07-24 16:46:28,9278.52,6730.67
2022-07-24 16:46:27,9285.5,6723.68
2022-07-24 16:46:26,9289.14,6720.04
2022-07-24 16:46:25,9286.32,6722.86
2022-07-24 16:46:24,9299.16,6710.03
2022-07-24 16:46:23,9299.03,6710.16
2022-07-24 16:46:22,9334.5,6674.69
2022-07-24 16:46:21,9334.19,6675
2022-07-24 16:46:20,9347.62,6661.56
2022-07-24 16:46:19,9359.07,6650.12
2022-07-24 16:46:18,9395.78,6613.41
2022-07-24 16:46:17,9398.93,6610.25
2022-07-24 16:46:16,9415.62,6593.57
2022-07-24 16:46:15,9441.11,6568.08
2022-07-24 16:46:14,9481.38,6527.81
2022-07-24 16:46:13,9496.83,6512.36
2022-07-24 16:46:12,9498.86,6510.33
2022-07-24 16:46:11,9591.37,6417.82
2022-07-24 16:46:10,9598.07,6411.12
2022-07-24 16:46:09,9600.86,6408.33
2022-07-24 16:46:08,9789.91,6219.28
2022-07-24 16:46:07,9893.07,6116.11
2022-07-24 16:46:06,9939.96,6069.23
2022-07-24 16:46:05,10140.9,5868.26
2022-07-24 16:46:04,10625.1,5384.08
2022-07-24 16:46:03,10979.1,5030.06
2022-07-24 16:46:02,11169,4840.22
2022-07-24 16:46:01,11279.4,4729.76
2022-07-24 16:46:00,11374.7,4634.53
2022-07-24 16:45:59,11472.3,4536.87
2022-07-24 16:45:58,11671,4338.19
2022-07-24 16:45:57,11869.3,4139.93
2022-07-24 16:45:56,12018.4,3990.75
2022-07-24 16:45:55,12232.4,3776.82
2022-07-24 16:45:54,11821.2,4187.98
2022-07-24 16:45:53,9619.39,6389.8
2022-07-24 16:45:52,9627.83,6381.36
2022-07-24 16:45:51,9127.51,6881.68
2022-07-24 16:45:50,9126.98,6882.2
2022-07-24 16:45:49,9131.55,6877.63
2022-07-24 16:45:48,9131.87,6877.32
2022-07-24 16:45:47,9132.79,6876.4
2022-07-24 16:45:46,9134.04,6875.15
2022-07-24 16:45:45,9135.01,6874.18
2022-07-24 16:45:44,9137.21,6871.98
2022-07-24 16:45:43,9141.34,6867.84
2022-07-24 16:45:42,9142.47,6866.72
2022-07-24 16:45:41,9143.78,6865.4
2022-07-24 16:45:40,9157.81,6851.38
2022-07-24 16:45:39,9156.38,6852.8
2022-07-24 16:45:38,9183.42,6825.77
2022-07-24 16:45:37,9183.86,6825.33
2022-07-24 16:45:36,9205.02,6804.16
2022-07-24 16:45:35,9206.09,6803.09
2022-07-24 16:45:34,9223.78,6785.41
2022-07-24 16:45:33,9242.47,6766.72
2022-07-24 16:45:32,9259.94,6749.25
2022-07-24 16:45:31,9261.86,6747.32
2022-07-24 16:45:30,9271.93,6737.26
2022-07-24 16:45:29,9313.72,6695.46
2022-07-24 16:45:28,9317.98,6691.2
2022-07-24 16:45:27,9320.64,6688.55
2022-07-24 16:45:26,9400.36,6608.82
2022-07-24 16:45:25,9375.18,6634.01
2022-07-24 16:45:24,9426.35,6582.84
2022-07-24 16:45:23,9629.28,6379.91
2022-07-24 16:45:22,9660.12,6349.07
2022-07-24 16:45:21,9776.79,6232.4
2022-07-24 16:45:20,10264.9,5744.25
2022-07-24 16:45:19,10743.5,5265.73
2022-07-24 16:45:18,10993.4,5015.75
2022-07-24 16:45:17,11153.5,4855.68
2022-07-24 16:45:16,11381.4,4627.75
2022-07-24 16:45:15,11494.6,4514.56
2022-07-24 16:45:14,11617.6,4391.56
2022-07-24 16:45:13,11718.2,4290.94
2022-07-24 16:45:12,11912.5,4096.7
2022-07-24 16:45:11,12058.5,3950.65
2022-07-24 16:45:10,12267.6,3741.61
2022-07-24 16:45:09,9822.54,6186.64
2022-07-24 16:45:08,9317.22,6691.97
2022-07-24 16:45:07,9322.67,6686.52
2022-07-24 16:45:06,9327.03,6682.16
2022-07-24 16:45:05,9327.66,6681.53
2022-07-24 16:45:04,9336.57,6672.62
2022-07-24 16:45:03,9347.12,6662.07
2022-07-24 16:45:02,9352.82,6656.37
2022-07-24 16:45:01,9357.98,6651.21
2022-07-24 16:45:00,9358.94,6650.25
2022-07-24 16:44:59,9385.86,6623.32
2022-07-24 16:44:58,9390.16,6619.03
2022-07-24 16:44:57,9408.48,6600.71
2022-07-24 16:44:56,9408.09,6601.1
2022-07-24 16:44:55,9437.87,6571.31
2022-07-24 16:44:54,9466.48,6542.7
2022-07-24 16:44:53,9471.36,6537.83
2022-07-24 16:44:52,9494.94,6514.25
2022-07-24 16:44:51,9532.47,6476.72
2022-07-24 16:44:50,9552.8,6456.39
2022-07-24 16:44:49,9556.75,6452.44
2022-07-24 16:44:48,9599.54,6409.65
2022-07-24 16:44:47,9648,6361.18
2022-07-24 16:44:46,9650.43,6358.75
2022-07-24 16:44:45,9667.27,6341.92
2022-07-24 16:44:44,9737.69,6271.49
2022-07-24 16:44:43,9742.08,6267.11
2022-07-24 16:44:42,9760.14,6249.05
2022-07-24 16:44:41,9837.03,6172.16
2022-07-24 16:44:40,9830.75,6178.44
2022-07-24 16:44:39,9893.98,6115.2
2022-07-24 16:44:38,10032.7,5976.48
2022-07-24 16:44:37,10126.8,5882.39
2022-07-24 16:44:36,10363.7,5645.5
2022-07-24 16:44:35,10539.7,5469.48
2022-07-24 16:44:34,10857.8,5151.43
2022-07-24 16:44:33,11096.3,4912.88
2022-07-24 16:44:32,11354.9,4654.29
2022-07-24 16:44:31,11490.8,4518.38
2022-07-24 16:44:30,11569.5,4439.66
2022-07-24 16:44:29,11674.4,4334.78
2022-07-24 16:44:28,11801.7,4207.53
2022-07-24 16:44:27,11920.5,4088.72
2022-07-24 16:44:26,12127.5,3881.66
2022-07-24 16:44:25,11746.9,4262.32
2022-07-24 16:44:24,10849.8,5159.43
2022-07-24 16:44:23,9122.81,6886.38
2022-07-24 16:44:22,9130.16,6879.03
2022-07-24 16:44:21,9129.9,6879.28
2022-07-24 16:44:20,9135.91,6873.28
2022-07-24 16:44:19,9136.28,6872.91
2022-07-24 16:44:18,9143.55,6865.64
2022-07-24 16:44:17,9143.14,6866.04
2022-07-24 16:44:16,9153.81,6855.38
2022-07-24 16:44:15,9154.77,6854.42
2022-07-24 16:44:14,9163.21,6845.98
2022-07-24 16:44:13,9164.9,6844.29
2022-07-24 16:44:12,9164.71,6844.48
2022-07-24 16:44:11,9179.3,6829.89
2022-07-24 16:44:10,9187.86,6821.33
2022-07-24 16:44:09,9190.57,6818.62
2022-07-24 16:44:08,9191.79,6817.39
2022-07-24 16:44:07,9218.61,6790.57
2022-07-24 16:44:06,9220.18,6789.01
2022-07-24 16:44:05,9220.28,6788.91
2022-07-24 16:44:04,9227.13,6782.05
2022-07-24 16:44:03,9252.18,6757
2022-07-24 16:44:02,9252.44,6756.75
2022-07-24 16:44:01,9266.4,6742.79
2022-07-24 16:44:00,9240.45,6768.73
2022-07-24 16:43:59,9258.1,6751.09
2022-07-24 16:43:58,9334.59,6674.59
2022-07-24 16:43:57,9334.93,6674.26
2022-07-24 16:43:56,9369.18,6640
2022-07-24 16:43:55,9354.5,6654.68
2022-07-24 16:43:54,9581.51,6427.68
2022-07-24 16:43:53,9682.32,6326.87
2022-07-24 16:43:52,9748.68,6260.5
2022-07-24 16:43:51,10047.9,5961.31
2022-07-24 16:43:50,10179.5,5829.71
2022-07-24 16:43:49,10768.8,5240.36
2022-07-24 16:43:48,11150,4859.19
2022-07-24 16:43:47,11335.8,4673.34
2022-07-24 16:43:46,11522.7,4486.49
2022-07-24 16:43:45,11590.8,4418.4
2022-07-24 16:43:44,11739.8,4269.39
2022-07-24 16:43:43,11824.9,4184.25
2022-07-24 16:43:42,12005.9,4003.3
2022-07-24 16:43:41,12180.4,3828.77
2022-07-24 16:43:40,11399.1,4610.04
2022-07-24 16:43:39,9354.28,6654.91
2022-07-24 16:43:38,9174.95,6834.24
2022-07-24 16:43:37,9175.54,6833.65
2022-07-24 16:43:36,9175.55,6833.64
2022-07-24 16:43:35,9185.68,6823.5
2022-07-24 16:43:34,9194.81,6814.38
2022-07-24 16:43:33,9197.23,6811.96
2022-07-24 16:43:32,9197.53,6811.66
2022-07-24 16:43:31,9206.93,6802.25
2022-07-24 16:43:30,9228.19,6781
2022-07-24 16:43:29,9229.82,6779.37
2022-07-24 16:43:28,9230.28,6778.91
2022-07-24 16:43:27,9260.25,6748.93
2022-07-24 16:43:26,9258.7,6750.49
2022-07-24 16:43:25,9261.69,6747.49
2022-07-24 16:43:24,9273.83,6735.36
2022-07-24 16:43:23,9305.9,6703.29
2022-07-24 16:43:22,9308.57,6700.62
2022-07-24 16:43:21,9321.64,6687.55
2022-07-24 16:43:20,9348.82,6660.36
2022-07-24 16:43:19,9363.41,6645.78
2022-07-24 16:43:18,9363.66,6645.53
2022-07-24 16:43:17,9396.77,6612.42
2022-07-24 16:43:16,9422.98,6586.21
2022-07-24 16:43:15,9425.41,6583.77
2022-07-24 16:43:14,9447.88,6561.3
2022-07-24 16:43:13,9505.36,6503.83
2022-07-24 16:43:12,9497.26,6511.93
2022-07-24 16:43:11,9504.96,6504.22
2022-07-24 16:43:10,9549.48,6459.71
2022-07-24 16:43:09,9645.29,6363.89
2022-07-24 16:43:08,9724.26,6284.93
2022-07-24 16:43:07,10047.8,5961.4
2022-07-24 16:43:06,10361,5648.21
2022-07-24 16:43:05,10688.5,5320.68
2022-07-24 16:43:04,10915.8,5093.42
2022-07-24 16:43:03,11266.5,4742.64
2022-07-24 16:43:02,11447.4,4561.78
2022-07-24 16:43:01,11567.9,4441.29
2022-07-24 16:43:00,11685.3,4323.84
2022-07-24 16:42:59,11818.3,4190.85
2022-07-24 16:42:58,11951.9,4057.33
2022-07-24 16:42:57,12142.4,3866.79
2022-07-24 16:42:56,11017,4992.23
2022-07-24 16:42:55,10514.1,5495.11
2022-07-24 16:42:54,9169.63,6839.55
2022-07-24 16:42:53,8866.65,7142.53
2022-07-24 16:42:52,8867.71,7141.48
2022-07-24 16:42:51,8867.8,7141.39
2022-07-24 16:42:50,8868.34,7140.85
2022-07-24 16:42:49,8868.77,7140.42
2022-07-24 16:42:48,8869.4,7139.78
2022-07-24 16:42:47,8882.37,7126.82
2022-07-24 16:42:46,8882.42,7126.77
2022-07-24 16:42:45,8885.22,7123.97
2022-07-24 16:42:44,8885.56,7123.62
2022-07-24 16:42:43,8903.11,7106.07
2022-07-24 16:42:42,8903.22,7105.96
2022-07-24 16:42:41,8915.75,7093.44
2022-07-24 16:42:40,8916.81,7092.37
2022-07-24 16:42:39,8940.46,7068.73
2022-07-24 16:42:38,8939.88,7069.31
2022-07-24 16:42:37,8940.13,7069.06
2022-07-24 16:42:36,8972.15,7037.04
2022-07-24 16:42:35,8972.86,7036.32
2022-07-24 16:42:34,8971.94,7037.24
2022-07-24 16:42:33,8965.85,7043.34
2022-07-24 16:42:32,8995.63,7013.56
2022-07-24 16:42:31,8996.93,7012.26
2022-07-24 16:42:30,8999.31,7009.88
2022-07-24 16:42:29,9015.33,6993.86
2022-07-24 16:42:28,9038.16,6971.02
2022-07-24 16:42:27,9049.9,6959.29
2022-07-24 16:42:26,9092.16,6917.03
2022-07-24 16:42:25,9221.59,6787.6
2022-07-24 16:42:24,9440.77,6568.42
2022-07-24 16:42:23,9661.36,6347.83
2022-07-24 16:42:22,9895.64,6113.54
2022-07-24 16:42:21,10477.1,5532.07
2022-07-24 16:42:20,10648.7,5360.49
2022-07-24 16:42:19,11038.6,4970.62
2022-07-24 16:42:18,11198.3,4810.86
2022-07-24 16:42:17,11375,4634.22
2022-07-24 16:42:16,11472.2,4536.96
2022-07-24 16:42:15,11710.8,4298.41
2022-07-24 16:42:14,11901.2,4107.94
2022-07-24 16:42:13,12050.4,3958.77
2022-07-24 16:42:12,11720.6,4288.56
2022-07-24 16:42:11,10188.6,5820.61
2022-07-24 16:42:10,9724.25,6284.94
2022-07-24 16:42:09,9771.49,6237.7
2022-07-24 16:42:08,9774.25,6234.94
2022-07-24 16:42:07,9261.31,6747.88
2022-07-24 16:42:06,9263.33,6745.86
2022-07-24 16:42:05,9263.82,6745.37
2022-07-24 16:42:04,9269.09,6740.09
2022-07-24 16:42:03,9270.01,6739.18
2022-07-24 16:42:02,9276.09,6733.1
2022-07-24 16:42:01,9282.02,6727.17
2022-07-24 16:42:00,9284.67,6724.52
2022-07-24 16:41:59,9286.39,6722.8
2022-07-24 16:41:58,9313.16,6696.03
2022-07-24 16:41:57,9330.56,6678.63
2022-07-24 16:41:56,9337.68,6671.51
2022-07-24 16:41:55,9351.32,6657.87
2022-07-24 16:41:54,9361.21,6647.98
2022-07-24 16:41:53,9390.29,6618.89
2022-07-24 16:41:52,9424.36,6584.83
2022-07-24 16:41:51,9449.24,6559.95
2022-07-24 16:41:50,9474.91,6534.28
2022-07-24 16:41:49,9490.56,6518.63
2022-07-24 16:41:48,9533.71,6475.48
2022-07-24 16:41:47,9552.56,6456.62
2022-07-24 16:41:46,9594,6415.18
2022-07-24 16:41:45,9612.91,6396.27
2022-07-24 16:41:44,9654.45,6354.74
2022-07-24 16:41:43,9674.69,6334.5
2022-07-24 16:41:42,9720.5,6288.69
2022-07-24 16:41:41,9782.35,6226.84
2022-07-24 16:41:40,9897.18,6112.01
2022-07-24 16:41:39,10101.7,5907.5
2022-07-24 16:41:38,10328.6,5680.56
2022-07-24 16:41:37,10370.1,5639.11
2022-07-24 16:41:36,10756.1,5253.11
2022-07-24 16:41:35,10984.6,5024.58
2022-07-24 16:41:34,11221,4788.22
2022-07-24 16:41:33,11347,4662.22
2022-07-24 16:41:32,11567.1,4442.04
2022-07-24 16:41:31,11717,4292.17
2022-07-24 16:41:30,11837.2,4171.99
2022-07-24 16:41:29,11995.4,4013.77
2022-07-24 16:41:28,11636.5,4372.73
2022-07-24 16:41:27,11023.2,4985.96
2022-07-24 16:41:26,10231.1,5778.05
2022-07-24 16:41:25,9670.64,6338.55
2022-07-24 16:41:24,9263.86,6745.32
2022-07-24 16:41:23,9263.89,6745.3
2022-07-24 16:41:22,9265.82,6743.37
2022-07-24 16:41:21,9275.67,6733.52
2022-07-24 16:41:20,9277.68,6731.5
2022-07-24 16:41:19,9281.44,6727.75
2022-07-24 16:41:18,9283.2,6725.99
2022-07-24 16:41:17,9302.27,6706.92
2022-07-24 16:41:16,9303.94,6705.25
2022-07-24 16:41:15,9307.29,6701.9
2022-07-24 16:41:14,9307.23,6701.96
2022-07-24 16:41:13,9335.86,6673.32
2022-07-24 16:41:12,9363.8,6645.39
2022-07-24 16:41:11,9361.82,6647.36
2022-07-24 16:41:10,9368.09,6641.1
2022-07-24 16:41:09,9396.45,6612.73
2022-07-24 16:41:08,9409.8,6599.39
2022-07-24 16:41:07,9429.43,6579.76
2022-07-24 16:41:06,9443.91,6565.28
2022-07-24 16:41:05,9475.8,6533.39
2022-07-24 16:41:04,9510.14,6499.05
2022-07-24 16:41:03,9544,6465.18
2022-07-24 16:41:02,9568.89,6440.3
2022-07-24 16:41:01,9611.03,6398.15
2022-07-24 16:41:00,9631.3,6377.89
2022-07-24 16:40:59,9686.09,6323.1
2022-07-24 16:40:58,9718.54,6290.65
2022-07-24 16:40:57,9764.89,6244.3
2022-07-24 16:40:56,9803.18,6206
2022-07-24 16:40:55,10039.8,5969.41
2022-07-24 16:40:54,10174.7,5834.5
2022-07-24 16:40:53,10251.1,5758.06
2022-07-24 16:40:52,10540.3,5468.94
2022-07-24 16:40:51,10802.7,5206.45
2022-07-24 16:40:50,11192.4,4816.75
2022-07-24 16:40:49,11421.4,4587.78
2022-07-24 16:40:48,11570,4439.2
2022-07-24 16:40:47,11690,4319.19
2022-07-24 16:40:46,11806.4,4202.8
2022-07-24 16:40:45,11962.2,4046.96
2022-07-24 16:40:44,11590.1,4419.05
2022-07-24 16:40:43,11768.3,4240.85
2022-07-24 16:40:42,10378.9,5630.33
2022-07-24 16:40:41,9751.53,6257.66
2022-07-24 16:40:40,9291.78,6717.41
2022-07-24 16:40:39,9302.98,6706.21
2022-07-24 16:40:38,9307.56,6701.63
2022-07-24 16:40:37,9319.53,6689.66
2022-07-24 16:40:36,9325.64,6683.55
2022-07-24 16:40:35,9333.5,6675.69
2022-07-24 16:40:34,9338.07,6671.12
2022-07-24 16:40:33,9356.31,6652.87
2022-07-24 16:40:32,9364.74,6644.44
2022-07-24 16:40:31,9382.36,6626.83
2022-07-24 16:40:30,9401.87,6607.31
2022-07-24 16:40:29,9424.01,6585.18
2022-07-24 16:40:28,9426.71,6582.48
2022-07-24 16:40:27,9455.33,6553.86
2022-07-24 16:40:26,9467.66,6541.52
2022-07-24 16:40:25,9498.55,6510.64
2022-07-24 16:40:24,9499.93,6509.26
2022-07-24 16:40:23,9530.34,6478.85
2022-07-24 16:40:22,9568.88,6440.31
2022-07-24 16:40:21,9571.11,6438.07
2022-07-24 16:40:20,9584.19,6425
2022-07-24 16:40:19,9638.24,6370.95
2022-07-24 16:40:18,9648.81,6360.38
2022-07-24 16:40:17,9665.01,6344.18
2022-07-24 16:40:16,9699.54,6309.65
2022-07-24 16:40:15,9721,6288.19
2022-07-24 16:40:14,9728.07,6281.12
2022-07-24 16:40:13,9760.6,6248.59
2022-07-24 16:40:12,9815.38,6193.81
2022-07-24 16:40:11,9908.54,6100.64
2022-07-24 16:40:10,10222.9,5786.32
2022-07-24 16:40:09,10366.2,5643.01
2022-07-24 16:40:08,10429.4,5579.74
2022-07-24 16:40:07,10698.8,5310.43
2022-07-24 16:40:06,11140,4869.17
2022-07-24 16:40:05,11414.1,4595.06
2022-07-24 16:40:04,11513.6,4495.63
2022-07-24 16:40:03,11656.7,4352.5
2022-07-24 16:40:02,11783.1,4226.07
2022-07-24 16:40:01,11894.9,4114.27
2022-07-24 16:40:00,12080.4,3928.79
2022-07-24 16:39:59,11714.6,4294.63
2022-07-24 16:39:58,11377.6,4631.6
2022-07-24 16:39:57,10210.4,5798.82
2022-07-24 16:39:56,9311.11,6698.07
2022-07-24 16:39:55,9310.39,6698.8
2022-07-24 16:39:54,9312.39,6696.8
2022-07-24 16:39:53,9338.25,6670.94
2022-07-24 16:39:52,9349.01,6660.18
2022-07-24 16:39:51,9351.75,6657.44
2022-07-24 16:39:50,9351.68,6657.51
2022-07-24 16:39:49,9370.38,6638.81
2022-07-24 16:39:48,9397.13,6612.05
2022-07-24 16:39:47,9408.86,6600.33
2022-07-24 16:39:46,9411.41,6597.78
2022-07-24 16:39:45,9441.89,6567.3
2022-07-24 16:39:44,9459.56,6549.63
2022-07-24 16:39:43,9462.3,6546.89
2022-07-24 16:39:42,9484.38,6524.81
2022-07-24 16:39:41,9517.52,6491.67
2022-07-24 16:39:40,9540.25,6468.94
2022-07-24 16:39:39,9543.88,6465.31
2022-07-24 16:39:38,9592.05,6417.13
2022-07-24 16:39:37,9609.41,6399.78
2022-07-24 16:39:36,9611.23,6397.96
2022-07-24 16:39:35,9655.62,6353.57
2022-07-24 16:39:34,9682.56,6326.62
2022-07-24 16:39:33,9685.74,6323.45
2022-07-24 16:39:32,9713.37,6295.82
2022-07-24 16:39:31,9751.6,6257.59
2022-07-24 16:39:30,9744.87,6264.32
2022-07-24 16:39:29,9757.84,6251.35
2022-07-24 16:39:28,9845.93,6163.26
2022-07-24 16:39:27,9868.95,6140.24
2022-07-24 16:39:26,10122.8,5886.42
2022-07-24 16:39:25,10353.9,5655.3
2022-07-24 16:39:24,10461.7,5547.48
2022-07-24 16:39:23,10638.8,5370.39
2022-07-24 16:39:22,10847.5,5161.71
2022-07-24 16:39:21,11225.5,4783.66
2022-07-24 16:39:20,11442.6,4566.63
2022-07-24 16:39:19,11579.7,4429.5
2022-07-24 16:39:18,11716.9,4292.27
2022-07-24 16:39:17,11835.8,4173.4
2022-07-24 16:39:16,11992.6,4016.61
2022-07-24 16:39:15,12148.6,3860.56
2022-07-24 16:39:14,11322.5,4686.7
2022-07-24 16:39:13,10390.7,5618.49
2022-07-24 16:39:12,9143.56,6865.63
2022-07-24 16:39:11,9144.84,6864.34
2022-07-24 16:39:10,9155.67,6853.52
2022-07-24 16:39:09,9165.25,6843.94
2022-07-24 16:39:08,9167.72,6841.47
2022-07-24 16:39:07,9167.37,6841.82
2022-07-24 16:39:06,9177.17,6832.02
2022-07-24 16:39:05,9176.72,6832.47
2022-07-24 16:39:04,9190.71,6818.48
2022-07-24 16:39:03,9191.38,6817.81
2022-07-24 16:39:02,9202.59,6806.59
2022-07-24 16:39:01,9205.44,6803.75
2022-07-24 16:39:00,9218.46,6790.72
2022-07-24 16:38:59,9266.25,6742.94
2022-07-24 16:38:58,9285.8,6723.39
2022-07-24 16:38:57,9292.79,6716.4
2022-07-24 16:38:56,9300.15,6709.04
2022-07-24 16:38:55,9322.86,6686.33
2022-07-24 16:38:54,9338.99,6670.2
2022-07-24 16:38:53,9352.36,6656.82
2022-07-24 16:38:52,9393.82,6615.37
2022-07-24 16:38:51,9407.41,6601.77
2022-07-24 16:38:50,9426.47,6582.72
2022-07-24 16:38:49,9449.29,6559.89
2022-07-24 16:38:48,9484.34,6524.84
2022-07-24 16:38:47,9505.04,6504.14
2022-07-24 16:38:46,9529.3,6479.88
2022-07-24 16:38:45,9533.45,6475.74
2022-07-24 16:38:44,9553.27,6455.92
2022-07-24 16:38:43,9638.38,6370.81
2022-07-24 16:38:42,9695.41,6313.77
2022-07-24 16:38:41,9895.87,6113.32
2022-07-24 16:38:40,10325.1,5684.14
2022-07-24 16:38:39,10427.9,5581.26
2022-07-24 16:38:38,10598.3,5410.87
2022-07-24 16:38:37,10733.9,5275.26
2022-07-24 16:38:36,11330.3,4678.84
2022-07-24 16:38:35,11445.1,4564.11
2022-07-24 16:38:34,11588.4,4420.77
2022-07-24 16:38:33,11759.8,4249.43
2022-07-24 16:38:32,11900.3,4108.91
2022-07-24 16:38:31,12065.4,3943.75
2022-07-24 16:38:30,11607.5,4401.72
2022-07-24 16:38:29,10590.7,5418.52
2022-07-24 16:38:28,9486.38,6522.81
2022-07-24 16:38:27,9015.4,6993.79
2022-07-24 16:38:26,9015.47,6993.71
2022-07-24 16:38:25,9016.18,6993.01
2022-07-24 16:38:24,9016.05,6993.14
2022-07-24 16:38:23,9025.03,6984.16
2022-07-24 16:38:22,9028.93,6980.25
2022-07-24 16:38:21,9029.04,6980.14
2022-07-24 16:38:20,9028.36,6980.83
2022-07-24 16:38:19,9041.97,6967.22
2022-07-24 16:38:18,9045.75,6963.43
2022-07-24 16:38:17,9044.57,6964.62
2022-07-24 16:38:16,9045.21,6963.98
2022-07-24 16:38:15,9066.14,6943.04
2022-07-24 16:38:14,9068.92,6940.27
2022-07-24 16:38:13,9071.7,6937.48
2022-07-24 16:38:12,9071.08,6938.11
2022-07-24 16:38:11,9098.66,6910.52
2022-07-24 16:38:10,9099.1,6910.09
2022-07-24 16:38:09,9100,6909.19
2022-07-24 16:38:08,9113.3,6895.88
2022-07-24 16:38:07,9129.96,6879.23
2022-07-24 16:38:06,9129.89,6879.3
2022-07-24 16:38:05,9133.86,6875.33
2022-07-24 16:38:04,9166.92,6842.27
2022-07-24 16:38:03,9170.57,6838.62
2022-07-24 16:38:02,9186.03,6823.16
2022-07-24 16:38:01,9203.48,6805.71
2022-07-24 16:38:00,9205.85,6803.34
2022-07-24 16:37:59,9317.86,6691.32
2022-07-24 16:37:58,9407.66,6601.53
2022-07-24 16:37:57,9551.96,6457.22
2022-07-24 16:37:56,10043.7,5965.54
2022-07-24 16:37:55,10361.7,5647.53
2022-07-24 16:37:54,10476.2,5532.95
2022-07-24 16:37:53,10852.3,5156.93
2022-07-24 16:37:52,11262.2,4746.97
2022-07-24 16:37:51,11431.5,4577.68
2022-07-24 16:37:50,11572.8,4436.39
2022-07-24 16:37:49,11648.9,4360.29
2022-07-24 16:37:48,11810.3,4198.88
2022-07-24 16:37:47,11914.9,4094.32
2022-07-24 16:37:46,12113,3896.21
2022-07-24 16:37:45,11663.1,4346.09
2022-07-24 16:37:44,10752.9,5256.31
2022-07-24 16:37:43,9117.67,6891.52
2022-07-24 16:37:42,9121.21,6887.98
2022-07-24 16:37:41,9126.08,6883.11
2022-07-24 16:37:40,9125.97,6883.22
2022-07-24 16:37:39,9130.23,6878.96
2022-07-24 16:37:38,9131.73,6877.46
2022-07-24 16:37:37,9134.32,6874.87
2022-07-24 16:37:36,9132.14,6877.04
2022-07-24 16:37:35,9143.46,6865.73
2022-07-24 16:37:34,9146.52,6862.67
2022-07-24 16:37:33,9148.25,6860.93
2022-07-24 16:37:32,9147.14,6862.04
2022-07-24 16:37:31,9163.86,6845.33
2022-07-24 16:37:30,9164.56,6844.63
2022-07-24 16:37:29,9166.15,6843.03
2022-07-24 16:37:28,9167.42,6841.77
2022-07-24 16:37:27,9188.6,6820.59
2022-07-24 16:37:26,9208.11,6801.08
2022-07-24 16:37:25,9215.11,6794.08
2022-07-24 16:37:24,9219.78,6789.41
2022-07-24 16:37:23,9240.14,6769.05
2022-07-24 16:37:22,9267.52,6741.66
2022-07-24 16:37:21,9269.06,6740.13
2022-07-24 16:37:20,9282.84,6726.34
2022-07-24 16:37:19,9310.48,6698.71
2022-07-24 16:37:18,9330.09,6679.09
2022-07-24 16:37:17,9331.62,6677.57
2022-07-24 16:37:16,9379.7,6629.48
2022-07-24 16:37:15,9471.17,6538.02
2022-07-24 16:37:14,9535.1,6474.09
2022-07-24 16:37:13,9806.06,6203.13
2022-07-24 16:37:12,9912.16,6097.03
2022-07-24 16:37:11,10292.9,5716.31
2022-07-24 16:37:10,10704.8,5304.4
2022-07-24 16:37:09,10882.7,5126.47
2022-07-24 16:37:08,11027.1,4982.14
2022-07-24 16:37:07,11372.1,4637.12
2022-07-24 16:37:06,11556.7,4452.5
2022-07-24 16:37:05,11686.7,4322.52
2022-07-24 16:37:04,11832.7,4176.47
2022-07-24 16:37:03,11450.5,4558.69
2022-07-24 16:37:02,11586.7,4422.48
2022-07-24 16:37:01,11741.6,4267.58
2022-07-24 16:37:00,10240,5769.18
2022-07-24 16:36:59,10275.5,5733.7
2022-07-24 16:36:58,9156.25,6852.94
2022-07-24 16:36:57,9163.16,6846.03
2022-07-24 16:36:56,9162.83,6846.36
2022-07-24 16:36:55,9167.76,6841.43
2022-07-24 16:36:54,9176.4,6832.79
2022-07-24 16:36:53,9182.84,6826.34
2022-07-24 16:36:52,9183.77,6825.42
2022-07-24 16:36:51,9186.42,6822.77
2022-07-24 16:36:50,9204.99,6804.2
2022-07-24 16:36:49,9212.11,6797.08
2022-07-24 16:36:48,9212.93,6796.26
2022-07-24 16:36:47,9226.18,6783.01
2022-07-24 16:36:46,9254.89,6754.29
2022-07-24 16:36:45,9263.95,6745.23
2022-07-24 16:36:44,9265.88,6743.3
2022-07-24 16:36:43,9281.38,6727.8
2022-07-24 16:36:42,9303.38,6705.81
2022-07-24 16:36:41,9334.09,6675.09
2022-07-24 16:36:40,9342.28,6666.91
2022-07-24 16:36:39,9354.88,6654.31
2022-07-24 16:36:38,9384.41,6624.78
2022-07-24 16:36:37,9396.33,6612.86
2022-07-24 16:36:36,9413.93,6595.26
2022-07-24 16:36:35,9439.77,6569.41
2022-07-24 16:36:34,9491,6518.19
2022-07-24 16:36:33,9503.39,6505.79
2022-07-24 16:36:32,9524.11,6485.07
2022-07-24 16:36:31,9555.59,6453.6
2022-07-24 16:36:30,9633.37,6375.82
2022-07-24 16:36:29,9668.61,6340.57
2022-07-24 16:36:28,9869.23,6139.96
2022-07-24 16:36:27,10241.5,5767.67
2022-07-24 16:36:26,10412.9,5596.26
2022-07-24 16:36:25,10745.9,5263.28
2022-07-24 16:36:24,10863.4,5145.77
2022-07-24 16:36:23,11039.9,4969.27
2022-07-24 16:36:22,11280.7,4728.45
2022-07-24 16:36:21,11556.9,4452.24
2022-07-24 16:36:20,11699.2,4309.98
2022-07-24 16:36:19,11862.2,4146.97
2022-07-24 16:36:18,12008.7,4000.45
2022-07-24 16:36:17,11303.2,4705.98
2022-07-24 16:36:16,11259.2,4750
2022-07-24 16:36:15,10451.8,5557.34
2022-07-24 16:36:14,9531.07,6478.11
2022-07-24 16:36:13,9016.71,6992.48
2022-07-24 16:36:12,9017.44,6991.75
2022-07-24 16:36:11,9019.46,6989.73
2022-07-24 16:36:10,9025.69,6983.5
2022-07-24 16:36:09,9027.22,6981.96
2022-07-24 16:36:08,9027.7,6981.49
2022-07-24 16:36:07,9030.43,6978.76
2022-07-24 16:36:06,9036.66,6972.52
2022-07-24 16:36:05,9038.62,6970.57
2022-07-24 16:36:04,9040.5,6968.68
2022-07-24 16:36:03,9040.8,6968.38
2022-07-24 16:36:02,9053.73,6955.46
2022-07-24 16:36:01,9053.73,6955.45
2022-07-24 16:36:00,9063.19,6946
2022-07-24 16:35:59,9061.94,6947.25
2022-07-24 16:35:58,9077.04,6932.15
2022-07-24 16:35:57,9089.57,6919.62
2022-07-24 16:35:56,9110.53,6898.66
2022-07-24 16:35:55,9127.56,6881.62
2022-07-24 16:35:54,9125.26,6883.93
2022-07-24 16:35:53,9156.95,6852.24
2022-07-24 16:35:52,9177.14,6832.04
2022-07-24 16:35:51,9188.02,6821.17
2022-07-24 16:35:50,9205.06,6804.13
2022-07-24 16:35:49,9235.22,6773.97
2022-07-24 16:35:48,9260.18,6749
2022-07-24 16:35:47,9268.64,6740.55
2022-07-24 16:35:46,9360.2,6648.98
2022-07-24 16:35:45,9495.21,6513.98
2022-07-24 16:35:44,9626.35,6382.84
2022-07-24 16:35:43,9889.55,6119.63
2022-07-24 16:35:42,10109.8,5899.38
2022-07-24 16:35:41,10619.9,5389.25
2022-07-24 16:35:40,10932.1,5077.05
2022-07-24 16:35:39,11191.8,4817.38
2022-07-24 16:35:38,11329,4680.22
2022-07-24 16:35:37,11585.1,4424.05
2022-07-24 16:35:36,11724.9,4284.25
2022-07-24 16:35:35,11846.7,4162.52
2022-07-24 16:35:34,12011.9,3997.26
2022-07-24 16:35:33,11680.6,4328.54
2022-07-24 16:35:32,11026.2,4982.98
2022-07-24 16:35:31,10247.3,5761.85
2022-07-24 16:35:30,9793.51,6215.68
2022-07-24 16:35:29,9280.8,6728.39
2022-07-24 16:35:28,9284.12,6725.07
2022-07-24 16:35:27,9286.94,6722.25
2022-07-24 16:35:26,9297.56,6711.63
2022-07-24 16:35:25,9303.74,6705.45
2022-07-24 16:35:24,9305.3,6703.89
2022-07-24 16:35:23,9308.86,6700.33
2022-07-24 16:35:22,9318.85,6690.34
2022-07-24 16:35:21,9326.24,6682.94
2022-07-24 16:35:20,9330.03,6679.15
2022-07-24 16:35:19,9330.28,6678.91
2022-07-24 16:35:18,9347.49,6661.7
2022-07-24 16:35:17,9360.7,6648.48
2022-07-24 16:35:16,9385.94,6623.25
2022-07-24 16:35:15,9391.17,6618.02
2022-07-24 16:35:14,9413.48,6595.71
2022-07-24 16:35:13,9429.01,6580.18
2022-07-24 16:35:12,9453.19,6556
2022-07-24 16:35:11,9476.28,6532.91
2022-07-24 16:35:10,9494.06,6515.12
2022-07-24 16:35:09,9512.19,6497
2022-07-24 16:35:08,9531.33,6477.86
2022-07-24 16:35:07,9547.02,6462.16
2022-07-24 16:35:06,9564.63,6444.55
2022-07-24 16:35:05,9661.95,6347.23
2022-07-24 16:35:04,9638.68,6370.51
2022-07-24 16:35:03,9644.06,6365.13
2022-07-24 16:35:02,9794.92,6214.27
2022-07-24 16:35:01,9860.18,6149.01
2022-07-24 16:35:00,9967.93,6041.25
2022-07-24 16:34:59,10264.3,5744.86
2022-07-24 16:34:58,10533.5,5475.69
2022-07-24 16:34:57,10863.6,5145.64
2022-07-24 16:34:56,10982.1,5027.07
2022-07-24 16:34:55,11224.2,4784.95
2022-07-24 16:34:54,11353.4,4655.77
2022-07-24 16:34:53,11540.8,4468.41
2022-07-24 16:34:52,11743.5,4265.64
2022-07-24 16:34:51,11846.6,4162.63
2022-07-24 16:34:50,12017.9,3991.25
2022-07-24 16:34:49,12187.7,3821.46
2022-07-24 16:34:48,10675.9,5333.24
2022-07-24 16:34:47,9615.57,6393.62
2022-07-24 16:34:46,9642.06,6367.13
2022-07-24 16:34:45,9138.82,6870.37
2022-07-24 16:34:44,9139.09,6870.09
2022-07-24 16:34:43,9139.42,6869.77
2022-07-24 16:34:42,9145.69,6863.5
2022-07-24 16:34:41,9161.5,6847.69
2022-07-24 16:34:40,9162.91,6846.28
2022-07-24 16:34:39,9168.08,6841.11
2022-07-24 16:34:38,9176.58,6832.61
2022-07-24 16:34:37,9202.55,6806.64
2022-07-24 16:34:36,9203.73,6805.45
2022-07-24 16:34:35,9208.97,6800.21
2022-07-24 16:34:34,9220.01,6789.18
2022-07-24 16:34:33,9269.01,6740.18
2022-07-24 16:34:32,9270.14,6739.05
2022-07-24 16:34:31,9272.86,6736.32
2022-07-24 16:34:30,9287.95,6721.23
2022-07-24 16:34:29,9342.11,6667.08
2022-07-24 16:34:28,9343.54,6665.65
2022-07-24 16:34:27,9363.66,6645.53
2022-07-24 16:34:26,9397.95,6611.23
2022-07-24 16:34:25,9406.37,6602.82
2022-07-24 16:34:24,9420.17,6589.02
2022-07-24 16:34:23,9452.09,6557.1
2022-07-24 16:34:22,9474.05,6535.14
2022-07-24 16:34:21,9494.35,6514.84
2022-07-24 16:34:20,9520.67,6488.52
2022-07-24 16:34:19,9508.64,6500.54
2022-07-24 16:34:18,9589.72,6419.47
2022-07-24 16:34:17,9628.54,6380.64
2022-07-24 16:34:16,9760.29,6248.9
2022-07-24 16:34:15,10106.7,5902.53
2022-07-24 16:34:14,10433,5576.22
2022-07-24 16:34:13,10570,5439.19
2022-07-24 16:34:12,10840.9,5168.32
2022-07-24 16:34:11,11170,4839.17
2022-07-24 16:34:10,11443,4566.15
2022-07-24 16:34:09,11585.2,4423.98
2022-07-24 16:34:08,11708,4301.15
2022-07-24 16:34:07,11830.6,4178.57
2022-07-24 16:34:06,11962.9,4046.24
2022-07-24 16:34:05,12160.1,3849.05
2022-07-24 16:34:04,10675.7,5333.54
2022-07-24 16:34:03,10783.7,5225.52
2022-07-24 16:34:02,9069.09,6940.1
2022-07-24 16:34:01,9069.64,6939.55
2022-07-24 16:34:00,9077.59,6931.59
2022-07-24 16:33:59,9077.96,6931.23
2022-07-24 16:33:58,9078.11,6931.08
2022-07-24 16:33:57,9078.25,6930.94
2022-07-24 16:33:56,9086.33,6922.86
2022-07-24 16:33:55,9087.51,6921.68
2022-07-24 16:33:54,9090.08,6919.11
2022-07-24 16:33:53,9095.28,6913.91
2022-07-24 16:33:52,9102.07,6907.12
2022-07-24 16:33:51,9102.15,6907.04
2022-07-24 16:33:50,9109.64,6899.55
2022-07-24 16:33:49,9112.75,6896.44
2022-07-24 16:33:48,9122.59,6886.59
2022-07-24 16:33:47,9147.17,6862.02
2022-07-24 16:33:46,9156.01,6853.18
2022-07-24 16:33:45,9160.42,6848.77
2022-07-24 16:33:44,9158.45,6850.74
2022-07-24 16:33:43,9212.5,6796.69
2022-07-24 16:33:42,9212.21,6796.98
2022-07-24 16:33:41,9213.79,6795.4
2022-07-24 16:33:40,9223.89,6785.3
2022-07-24 16:33:39,9271.96,6737.22
2022-07-24 16:33:38,9261.12,6748.07
2022-07-24 16:33:37,9278.33,6730.86
2022-07-24 16:33:36,9330.59,6678.6
2022-07-24 16:33:35,9374.35,6634.84
2022-07-24 16:33:34,9381.28,6627.91
2022-07-24 16:33:33,9617.82,6391.36
2022-07-24 16:33:32,9813.96,6195.23
2022-07-24 16:33:31,9934.96,6074.22
2022-07-24 16:33:30,10133.2,5876.03
2022-07-24 16:33:29,10511.1,5498.13
2022-07-24 16:33:28,10758,5251.21
2022-07-24 16:33:27,10985.7,5023.46
2022-07-24 16:33:26,11125.7,4883.45
2022-07-24 16:33:25,11527,4482.2
2022-07-24 16:33:24,11624.7,4384.52
2022-07-24 16:33:23,11811.9,4197.25
2022-07-24 16:33:22,11927.6,4081.55
2022-07-24 16:33:21,11623.5,4385.71
2022-07-24 16:33:20,11752.9,4256.33
2022-07-24 16:33:19,10886.7,5122.5
2022-07-24 16:33:18,9911.54,6097.65
2022-07-24 16:33:17,9410.93,6598.25
2022-07-24 16:33:16,9414.52,6594.67
2022-07-24 16:33:15,9418.19,6590.99
2022-07-24 16:33:14,9427.77,6581.42
2022-07-24 16:33:13,9438.16,6571.03
2022-07-24 16:33:12,9442.18,6567
2022-07-24 16:33:11,9449.51,6559.68
2022-07-24 16:33:10,9463.96,6545.23
2022-07-24 16:33:09,9481.39,6527.8
2022-07-24 16:33:08,9484.37,6524.81
2022-07-24 16:33:07,9495.42,6513.77
2022-07-24 16:33:06,9523.63,6485.56
2022-07-24 16:33:05,9551.34,6457.85
2022-07-24 16:33:04,9554.24,6454.95
2022-07-24 16:33:03,9574.19,6434.99
2022-07-24 16:33:02,9581.74,6427.45
2022-07-24 16:33:01,9633.62,6375.57
2022-07-24 16:33:00,9642.86,6366.33
2022-07-24 16:32:59,9679.85,6329.34
2022-07-24 16:32:58,9681.64,6327.55
2022-07-24 16:32:57,9743.57,6265.62
2022-07-24 16:32:56,9760.25,6248.94
2022-07-24 16:32:55,9765.84,6243.35
2022-07-24 16:32:54,9808.59,6200.6
2022-07-24 16:32:53,9828.86,6180.33
2022-07-24 16:32:52,9913.05,6096.14
2022-07-24 16:32:51,9950.16,6059.03
2022-07-24 16:32:50,9983.26,6025.93
2022-07-24 16:32:49,10196.9,5812.26
2022-07-24 16:32:48,10259.2,5749.98
2022-07-24 16:32:47,10352.5,5656.7
2022-07-24 16:32:46,10555.6,5453.58
2022-07-24 16:32:45,10664.1,5345.13
2022-07-24 16:32:44,10987.8,5021.41
2022-07-24 16:32:43,11150.7,4858.52
2022-07-24 16:32:42,11342.1,4667.05
2022-07-24 16:32:41,11480.5,4528.71
2022-07-24 16:32:40,11682.6,4326.6
2022-07-24 16:32:39,11287.8,4721.4
2022-07-24 16:32:38,11403.6,4605.6
2022-07-24 16:32:37,11528.4,4480.74
2022-07-24 16:32:36,11054.7,4954.48
2022-07-24 16:32:35,10686.2,5322.95
2022-07-24 16:32:34,9621.76,6387.43
2022-07-24 16:32:33,9646.29,6362.89
2022-07-24 16:32:32,9138.67,6870.52
2022-07-24 16:32:31,9145.36,6863.82
2022-07-24 16:32:30,9147.52,6861.67
2022-07-24 16:32:29,9150.83,6858.36
2022-07-24 16:32:28,9159.94,6849.25
2022-07-24 16:32:27,9176.24,6832.95
2022-07-24 16:32:26,9180.3,6828.88
2022-07-24 16:32:25,9182.22,6826.97
2022-07-24 16:32:24,9206.93,6802.26
2022-07-24 16:32:23,9216.71,6792.48
2022-07-24 16:32:22,9227.86,6781.33
2022-07-24 16:32:21,9229.7,6779.48
2022-07-24 16:32:20,9240.32,6768.87
2022-07-24 16:32:19,9271.06,6738.13
2022-07-24 16:32:18,9288.79,6720.4
2022-07-24 16:32:17,9287.94,6721.25
2022-07-24 16:32:16,9313.11,6696.08
2022-07-24 16:32:15,9330.79,6678.39
2022-07-24 16:32:14,9342.12,6667.07
2022-07-24 16:32:13,9356.11,6653.07
2022-07-24 16:32:12,9392.97,6616.22
2022-07-24 16:32:11,9402.55,6606.64
2022-07-24 16:32:10,9417.9,6591.29
2022-07-24 16:32:09,9453.39,6555.79
2022-07-24 16:32:08,9456.75,6552.43
2022-07-24 16:32:07,9486.23,6522.96
2022-07-24 16:32:06,9586.03,6423.16
2022-07-24 16:32:05,9633.67,6375.52
2022-07-24 16:32:04,9749.5,6259.68
2022-07-24 16:32:03,10156.9,5852.33
2022-07-24 16:32:02,10304.8,5704.4
2022-07-24 16:32:01,10413.1,5596.04
2022-07-24 16:32:00,10887.8,5121.4
2022-07-24 16:31:59,11150.4,4858.82
2022-07-24 16:31:58,11293.2,4715.94
2022-07-24 16:31:57,11401.5,4607.72
2022-07-24 16:31:56,11625.8,4383.42
2022-07-24 16:31:55,11768.2,4240.94
2022-07-24 16:31:54,11876.8,4132.37
2022-07-24 16:31:53,12060.8,3948.43
2022-07-24 16:31:52,12214.4,3794.77
2022-07-24 16:31:51,10693.5,5315.73
2022-07-24 16:31:50,9786.89,6222.29
2022-07-24 16:31:49,9811.93,6197.25
2022-07-24 16:31:48,9292.02,6717.17
2022-07-24 16:31:47,9293.5,6715.68
2022-07-24 16:31:46,9294.76,6714.43
2022-07-24 16:31:45,9307.15,6702.04
2022-07-24 16:31:44,9308.11,6701.08
2022-07-24 16:31:43,9310.73,6698.46
2022-07-24 16:31:42,9317.45,6691.74
2022-07-24 16:31:41,9326.64,6682.54
2022-07-24 16:31:40,9329.07,6680.12
2022-07-24 16:31:39,9330.8,6678.39
2022-07-24 16:31:38,9341.28,6667.91
2022-07-24 16:31:37,9355.46,6653.73
2022-07-24 16:31:36,9355.22,6653.97
2022-07-24 16:31:35,9364.54,6644.65
2022-07-24 16:31:34,9383.35,6625.84
2022-07-24 16:31:33,9399.8,6609.39
2022-07-24 16:31:32,9419.3,6589.88
2022-07-24 16:31:31,9420.71,6588.48
2022-07-24 16:31:30,9460.02,6549.16
2022-07-24 16:31:29,9468.79,6540.4
2022-07-24 16:31:28,9492.44,6516.75
2022-07-24 16:31:27,9531.34,6477.85
2022-07-24 16:31:26,9543.62,6465.57
2022-07-24 16:31:25,9546.54,6462.64
2022-07-24 16:31:24,9599.17,6410.02
2022-07-24 16:31:23,9635.06,6374.13
2022-07-24 16:31:22,9641.72,6367.46
2022-07-24 16:31:21,9611.16,6398.02
2022-07-24 16:31:20,9768.36,6240.83
2022-07-24 16:31:19,9823.2,6185.99
2022-07-24 16:31:18,9904.36,6104.83
2022-07-24 16:31:17,10352,5657.14
2022-07-24 16:31:16,10690.6,5318.55
2022-07-24 16:31:15,11055,4954.15
2022-07-24 16:31:14,11193.9,4815.34
2022-07-24 16:31:13,11275.9,4733.32
2022-07-24 16:31:12,11493.2,4516
2022-07-24 16:31:11,11606.9,4402.29
2022-07-24 16:31:10,11692.1,4317.07
2022-07-24 16:31:09,11895.1,4114.14
2022-07-24 16:31:08,12047.2,3962.01
2022-07-24 16:31:07,12222.8,3786.43
2022-07-24 16:31:06,11355.9,4653.29
2022-07-24 16:31:05,9870.75,6138.44
2022-07-24 16:31:04,9256.89,6752.29
2022-07-24 16:31:03,9257.46,6751.73
2022-07-24 16:31:02,9259.44,6749.75
2022-07-24 16:31:01,9269.27,6739.92
2022-07-24 16:31:00,9271.28,6737.91
2022-07-24 16:30:59,9278.14,6731.05
2022-07-24 16:30:58,9280.28,6728.91
2022-07-24 16:30:57,9292.27,6716.91
2022-07-24 16:30:56,9294.26,6714.93
2022-07-24 16:30:55,9294.99,6714.2
2022-07-24 16:30:54,9304.48,6704.7
2022-07-24 16:30:53,9319.81,6689.38
2022-07-24 16:30:52,9319.88,6689.31
2022-07-24 16:30:51,9321.24,6687.95
2022-07-24 16:30:50,9333.12,6676.07
2022-07-24 16:30:49,9371.82,6637.37
2022-07-24 16:30:48,9374.72,6634.47
2022-07-24 16:30:47,9376.78,6632.41
2022-07-24 16:30:46,9377.77,6631.41
2022-07-24 16:30:45,9457.98,6551.2
2022-07-24 16:30:44,9457.71,6551.47
2022-07-24 16:30:43,9479.08,6530.11
2022-07-24 16:30:42,9490.24,6518.95
2022-07-24 16:30:41,9556.68,6452.51
2022-07-24 16:30:40,9559.38,6449.81
2022-07-24 16:30:39,9595.47,6413.71
2022-07-24 16:30:38,9664.18,6345.01
2022-07-24 16:30:37,9705.71,6303.48
2022-07-24 16:30:36,9715.5,6293.69
2022-07-24 16:30:35,9805.99,6203.2
2022-07-24 16:30:34,9929.99,6079.2
2022-07-24 16:30:33,10122.4,5886.82
2022-07-24 16:30:32,10318.4,5690.79
2022-07-24 16:30:31,10544.1,5465.06
2022-07-24 16:30:30,10682.1,5327.06
2022-07-24 16:30:29,11144.1,4865.08
2022-07-24 16:30:28,11276.9,4732.27
2022-07-24 16:30:27,11391.5,4617.67
2022-07-24 16:30:26,11588.8,4420.39
2022-07-24 16:30:25,11743.1,4266.12
2022-07-24 16:30:24,11869.8,4139.4
2022-07-24 16:30:23,12014.1,3995.12
2022-07-24 16:30:22,11683.8,4325.43
2022-07-24 16:30:21,11195.1,4814.08
2022-07-24 16:30:20,10041.1,5968.04
2022-07-24 16:30:19,8948.79,7060.4
2022-07-24 16:30:18,8953,7056.19
2022-07-24 16:30:17,8950.93,7058.25
2022-07-24 16:30:16,8950.9,7058.29
2022-07-24 16:30:15,8951.34,7057.84
2022-07-24 16:30:14,8952.73,7056.45
2022-07-24 16:30:13,8953.48,7055.7
2022-07-24 16:30:12,8952.78,7056.41
2022-07-24 16:30:11,8958.05,7051.14
2022-07-24 16:30:10,8956.79,7052.39
2022-07-24 16:30:09,8958.91,7050.27
2022-07-24 16:30:08,8957.8,7051.39
2022-07-24 16:30:07,8959.2,7049.98
2022-07-24 16:30:06,8958.06,7051.13
2022-07-24 16:30:05,8959.02,7050.17
2022-07-24 16:30:04,8960.41,7048.78
2022-07-24 16:30:03,8961.93,7047.26
2022-07-24 16:30:02,8976.92,7032.27
2022-07-24 16:30:01,9000.09,7009.1
2022-07-24 16:30:00,8989.8,7019.39
2022-07-24 16:29:59,8990.38,7018.81
2022-07-24 16:29:58,9005.93,7003.26
2022-07-24 16:29:57,9026.83,6982.36
2022-07-24 16:29:56,9034.61,6974.57
2022-07-24 16:29:55,9026.73,6982.46
2022-07-24 16:29:54,9040.99,6968.2
2022-07-24 16:29:53,9079.76,6929.43
2022-07-24 16:29:52,9068.74,6940.45
2022-07-24 16:29:51,9070.31,6938.87
2022-07-24 16:29:50,9076.39,6932.79
2022-07-24 16:29:49,9136.39,6872.8
2022-07-24 16:29:48,9291.25,6717.94
2022-07-24 16:29:47,9458.26,6550.93
2022-07-24 16:29:46,9550.96,6458.23
2022-07-24 16:29:45,9960.6,6048.59
2022-07-24 16:29:44,10556.4,5452.77
2022-07-24 16:29:43,10715.7,5293.49
2022-07-24 16:29:42,11087.2,4922
2022-07-24 16:29:41,11281.3,4727.9
2022-07-24 16:29:40,11538.7,4470.53
2022-07-24 16:29:39,11687.4,4321.76
2022-07-24 16:29:38,11803.5,4205.71
2022-07-24 16:29:37,11953.6,4055.61
2022-07-24 16:29:36,12071.3,3937.87
2022-07-24 16:29:35,11762.9,4246.31
2022-07-24 16:29:34,10240.3,5768.9
2022-07-24 16:29:33,9659.48,6349.71
2022-07-24 16:29:32,9662.68,6346.5
2022-07-24 16:29:31,9035.52,6973.67
2022-07-24 16:29:30,9036.54,6972.65
2022-07-24 16:29:29,9035.42,6973.77
2022-07-24 16:29:28,9045.54,6963.65
2022-07-24 16:29:27,9047.05,6962.14
2022-07-24 16:29:26,9047.98,6961.2
2022-07-24 16:29:25,9048.14,6961.05
2022-07-24 16:29:24,9058.08,6951.11
2022-07-24 16:29:23,9059.91,6949.28
2022-07-24 16:29:22,9062.68,6946.51
2022-07-24 16:29:21,9074.78,6934.41
2022-07-24 16:29:20,9091.2,6917.99
2022-07-24 16:29:19,9092.07,6917.12
2022-07-24 16:29:18,9097.72,6911.47
2022-07-24 16:29:17,9097.57,6911.61
2022-07-24 16:29:16,9142.65,6866.54
2022-07-24 16:29:15,9140.84,6868.35
2022-07-24 16:29:14,9144.76,6864.43
2022-07-24 16:29:13,9181.52,6827.66
2022-07-24 16:29:12,9204.39,6804.8
2022-07-24 16:29:11,9205.8,6803.39
2022-07-24 16:29:10,9209.92,6799.27
2022-07-24 16:29:09,9275.12,6734.07
2022-07-24 16:29:08,9276.45,6732.73
2022-07-24 16:29:07,9280.39,6728.8
2022-07-24 16:29:06,9334.96,6674.23
2022-07-24 16:29:05,9342.78,6666.41
2022-07-24 16:29:04,9331.66,6677.53
2022-07-24 16:29:03,9386.64,6622.55
2022-07-24 16:29:02,9552.87,6456.32
2022-07-24 16:29:01,9818.68,6190.51
2022-07-24 16:29:00,10009,6000.14
2022-07-24 16:28:59,10184.6,5824.57
2022-07-24 16:28:58,10524.2,5485.04
2022-07-24 16:28:57,11191.6,4817.6
2022-07-24 16:28:56,11351.1,4658.05
2022-07-24 16:28:55,11529.6,4479.59
2022-07-24 16:28:54,11657,4352.18
2022-07-24 16:28:53,11795.5,4213.68
2022-07-24 16:28:52,11929.8,4079.43
2022-07-24 16:28:51,12088,3921.14
2022-07-24 16:28:50,12282,3727.22
2022-07-24 16:28:49,10707.2,5301.97
2022-07-24 16:28:48,10196.1,5813.07
2022-07-24 16:28:47,9168.49,6840.7
2022-07-24 16:28:46,9179.07,6830.12
2022-07-24 16:28:45,9181.08,6828.11
2022-07-24 16:28:44,9180.84,6828.34
2022-07-24 16:28:43,9188.91,6820.28
2022-07-24 16:28:42,9190.79,6818.39
2022-07-24 16:28:41,9199.07,6810.12
2022-07-24 16:28:40,9209.91,6799.28
2022-07-24 16:28:39,9218.59,6790.6
2022-07-24 16:28:38,9220.03,6789.16
2022-07-24 16:28:37,9239.55,6769.64
2022-07-24 16:28:36,9258.37,6750.81
2022-07-24 16:28:35,9259.98,6749.21
2022-07-24 16:28:34,9275.66,6733.52
2022-07-24 16:28:33,9301.03,6708.16
2022-07-24 16:28:32,9325.63,6683.55
2022-07-24 16:28:31,9320.32,6688.87
2022-07-24 16:28:30,9337.78,6671.41
2022-07-24 16:28:29,9371.47,6637.72
2022-07-24 16:28:28,9387.46,6621.73
2022-07-24 16:28:27,9390.93,6618.26
2022-07-24 16:28:26,9419.82,6589.37
2022-07-24 16:28:25,9449.68,6559.51
2022-07-24 16:28:24,9441.91,6567.28
2022-07-24 16:28:23,9447.65,6561.54
2022-07-24 16:28:22,9478.93,6530.25
2022-07-24 16:28:21,9496.29,6512.9
2022-07-24 16:28:20,9500.57,6508.62
2022-07-24 16:28:19,9597.97,6411.22
2022-07-24 16:28:18,9603.47,6405.72
2022-07-24 16:28:17,9630.31,6378.88
2022-07-24 16:28:16,10045,5964.2
2022-07-24 16:28:15,10139.6,5869.55
2022-07-24 16:28:14,10350.7,5658.47
2022-07-24 16:28:13,10546.6,5462.55
2022-07-24 16:28:12,10809,5200.18
2022-07-24 16:28:11,11189.1,4820.05
2022-07-24 16:28:10,11441.7,4567.52
2022-07-24 16:28:09,11582.9,4426.31
2022-07-24 16:28:08,11713.7,4295.53
2022-07-24 16:28:07,11828.2,4180.97
2022-07-24 16:28:06,12018.9,3990.25
2022-07-24 16:28:05,11626.5,4382.71
2022-07-24 16:28:04,11798.3,4210.86
2022-07-24 16:28:03,10250.9,5758.29
2022-07-24 16:28:02,9638.73,6370.46
2022-07-24 16:28:01,9171.02,6838.17
2022-07-24 16:28:00,9172.8,6836.39
2022-07-24 16:27:59,9176.94,6832.25
2022-07-24 16:27:58,9178.93,6830.26
2022-07-24 16:27:57,9181.28,6827.91
2022-07-24 16:27:56,9181.52,6827.67
2022-07-24 16:27:55,9189.76,6819.43
2022-07-24 16:27:54,9190.06,6819.12
2022-07-24 16:27:53,9191.89,6817.29
2022-07-24 16:27:52,9193.5,6815.68
2022-07-24 16:27:51,9198.18,6811.01
2022-07-24 16:27:50,9198.78,6810.4
2022-07-24 16:27:49,9201.89,6807.29
2022-07-24 16:27:48,9202.55,6806.63
2022-07-24 16:27:47,9208.8,6800.38
2022-07-24 16:27:46,9208.78,6800.41
2022-07-24 16:27:45,9220.62,6788.57
2022-07-24 16:27:44,9245.12,6764.07
2022-07-24 16:27:43,9252.06,6757.12
2022-07-24 16:27:42,9255.25,6753.94
2022-07-24 16:27:41,9256.01,6753.18
2022-07-24 16:27:40,9323.1,6686.09
2022-07-24 16:27:39,9324.14,6685.05
2022-07-24 16:27:38,9329.75,6679.43
2022-07-24 16:27:37,9367.51,6641.68
2022-07-24 16:27:36,9407.5,6601.69
2022-07-24 16:27:35,9460.91,6548.27
2022-07-24 16:27:34,9499.45,6509.73
2022-07-24 16:27:33,9513.01,6496.18
2022-07-24 16:27:32,9586.31,6422.88
2022-07-24 16:27:31,9843.21,6165.98
2022-07-24 16:27:30,10009.1,6000.08
2022-07-24 16:27:29,10171.9,5837.26
2022-07-24 16:27:28,10378.5,5630.73
2022-07-24 16:27:27,10634.7,5374.49
2022-07-24 16:27:26,11096.2,4913.02
2022-07-24 16:27:25,11245.9,4763.29
2022-07-24 16:27:24,11429.6,4579.63
2022-07-24 16:27:23,11542.6,4466.59
2022-07-24 16:27:22,11807.6,4201.62
2022-07-24 16:27:21,11320.7,4688.49
2022-07-24 16:27:20,11445.9,4563.24
2022-07-24 16:27:19,11077.6,4931.63
2022-07-24 16:27:18,10679.8,5329.38
2022-07-24 16:27:17,10118.1,5891.07
2022-07-24 16:27:16,9562.1,6447.09
2022-07-24 16:27:15,9071.3,6937.88
2022-07-24 16:27:14,9071.86,6937.33
2022-07-24 16:27:13,9072.11,6937.08
2022-07-24 16:27:12,9085.55,6923.63
2022-07-24 16:27:11,9084.86,6924.33
2022-07-24 16:27:10,9088.57,6920.62
2022-07-24 16:27:09,9093.07,6916.12
2022-07-24 16:27:08,9106.23,6902.96
2022-07-24 16:27:07,9103.97,6905.22
2022-07-24 16:27:06,9108.4,6900.79
2022-07-24 16:27:05,9113.07,6896.11
2022-07-24 16:27:04,9130.33,6878.86
2022-07-24 16:27:03,9129.96,6879.23
2022-07-24 16:27:02,9137.14,6872.04
2022-07-24 16:27:01,9150.05,6859.14
2022-07-24 16:27:00,9163.49,6845.7
2022-07-24 16:26:59,9165,6844.19
2022-07-24 16:26:58,9166.1,6843.09
2022-07-24 16:26:57,9190.8,6818.38
2022-07-24 16:26:56,9205.35,6803.84
2022-07-24 16:26:55,9207.86,6801.33
2022-07-24 16:26:54,9235.02,6774.16
2022-07-24 16:26:53,9253.89,6755.3
2022-07-24 16:26:52,9250.58,6758.61
2022-07-24 16:26:51,9247.37,6761.82
2022-07-24 16:26:50,9361.06,6648.13
2022-07-24 16:26:49,9341.06,6668.13
2022-07-24 16:26:48,9369.86,6639.32
2022-07-24 16:26:47,9707.19,6302
2022-07-24 16:26:46,9879,6130.18
2022-07-24 16:26:45,10104.7,5904.45
2022-07-24 16:26:44,10228.1,5781.12
2022-07-24 16:26:43,10665.9,5343.31
2022-07-24 16:26:42,10820.4,5188.77
2022-07-24 16:26:41,10971.4,5037.79
2022-07-24 16:26:40,11341.9,4667.27
2022-07-24 16:26:39,11590.2,4418.94
2022-07-24 16:26:38,11762.8,4246.37
2022-07-24 16:26:37,11894.2,4115
2022-07-24 16:26:36,11521.8,4487.35
2022-07-24 16:26:35,11116.3,4892.89
2022-07-24 16:26:34,11236.6,4772.57
2022-07-24 16:26:33,10715.7,5293.47
2022-07-24 16:26:32,9770.25,6238.94
2022-07-24 16:26:31,9318.77,6690.42
2022-07-24 16:26:30,9320.21,6688.98
2022-07-24 16:26:29,9320.1,6689.09
2022-07-24 16:26:28,9322.24,6686.95
2022-07-24 16:26:27,9329.87,6679.32
2022-07-24 16:26:26,9335.47,6673.72
2022-07-24 16:26:25,9339.39,6669.8
2022-07-24 16:26:24,9346.82,6662.36
2022-07-24 16:26:23,9357.62,6651.57
2022-07-24 16:26:22,9368.39,6640.8
2022-07-24 16:26:21,9371.68,6637.51
2022-07-24 16:26:20,9374.57,6634.62
2022-07-24 16:26:19,9396.6,6612.59
2022-07-24 16:26:18,9396.75,6612.44
2022-07-24 16:26:17,9417.38,6591.81
2022-07-24 16:26:16,9427.57,6581.61
2022-07-24 16:26:15,9454.45,6554.74
2022-07-24 16:26:14,9456.94,6552.25
2022-07-24 16:26:13,9474.04,6535.15
2022-07-24 16:26:12,9507.28,6501.91
2022-07-24 16:26:11,9515.2,6493.99
2022-07-24 16:26:10,9532.17,6477.02
2022-07-24 16:26:09,9550.21,6458.98
2022-07-24 16:26:08,9570.11,6439.08
2022-07-24 16:26:07,9570.68,6438.51
2022-07-24 16:26:06,9599.1,6410.09
2022-07-24 16:26:05,9639.47,6369.71
2022-07-24 16:26:04,9654.48,6354.7
2022-07-24 16:26:03,9717.76,6291.43
2022-07-24 16:26:02,9829.83,6179.36
2022-07-24 16:26:01,9951.23,6057.96
2022-07-24 16:26:00,10201.7,5807.48
2022-07-24 16:25:59,10582.8,5426.41
2022-07-24 16:25:58,10835.6,5173.63
2022-07-24 16:25:57,10989.7,5019.45
2022-07-24 16:25:56,11164.6,4844.62
2022-07-24 16:25:55,11301.3,4707.85
2022-07-24 16:25:54,11449.3,4559.87
2022-07-24 16:25:53,11676,4333.18
2022-07-24 16:25:52,11828.6,4180.61
2022-07-24 16:25:51,12000.9,4008.32
2022-07-24 16:25:50,12166.9,3842.29
2022-07-24 16:25:49,11831.3,4177.9
2022-07-24 16:25:48,10172.9,5836.27
2022-07-24 16:25:47,9061.74,6947.44
2022-07-24 16:25:46,9064.21,6944.98
2022-07-24 16:25:45,9065.11,6944.08
2022-07-24 16:25:44,9067.77,6941.41
2022-07-24 16:25:43,9067.95,6941.24
2022-07-24 16:25:42,9068.25,6940.93
2022-07-24 16:25:41,9068.8,6940.39
2022-07-24 16:25:40,9071.4,6937.78
2022-07-24 16:25:39,9073.06,6936.12
2022-07-24 16:25:38,9071.37,6937.82
2022-07-24 16:25:37,9074.31,6934.88
2022-07-24 16:25:36,9074.92,6934.27
2022-07-24 16:25:35,9076.41,6932.77
2022-07-24 16:25:34,9078,6931.18
2022-07-24 16:25:33,9076.31,6932.88
2022-07-24 16:25:32,9092.84,6916.35
2022-07-24 16:25:31,9092.73,6916.46
2022-07-24 16:25:30,9094.14,6915.04
2022-07-24 16:25:29,9094.41,6914.78
2022-07-24 16:25:28,9126.78,6882.41
2022-07-24 16:25:27,9128.81,6880.38
2022-07-24 16:25:26,9133.66,6875.52
2022-07-24 16:25:25,9133.31,6875.87
2022-07-24 16:25:24,9184.58,6824.61
2022-07-24 16:25:23,9184.2,6824.99
2022-07-24 16:25:22,9239.5,6769.68
2022-07-24 16:25:21,9254.7,6754.49
2022-07-24 16:25:20,9293.96,6715.23
2022-07-24 16:25:19,9285.69,6723.5
2022-07-24 16:25:18,9363.72,6645.47
2022-07-24 16:25:17,9489.68,6519.51
2022-07-24 16:25:16,9578.43,6430.76
2022-07-24 16:25:15,9780.54,6228.65
2022-07-24 16:25:14,10303,5706.18
2022-07-24 16:25:13,10633.4,5375.83
2022-07-24 16:25:12,10811.3,5197.86
2022-07-24 16:25:11,11205.8,4803.35
2022-07-24 16:25:10,11310.9,4698.27
2022-07-24 16:25:09,11548.6,4460.6
2022-07-24 16:25:08,11699.1,4310.05
2022-07-24 16:25:07,11814.8,4194.41
2022-07-24 16:25:06,11974.6,4034.63
2022-07-24 16:25:05,12144,3865.23
2022-07-24 16:25:04,11806.6,4202.57
2022-07-24 16:25:03,10410.4,5598.82
2022-07-24 16:25:02,9831.25,6177.93
2022-07-24 16:25:01,9348.85,6660.34
2022-07-24 16:25:00,9353.28,6655.91
2022-07-24 16:24:59,9353.34,6655.84
2022-07-24 16:24:58,9359.56,6649.63
2022-07-24 16:24:57,9362.32,6646.87
2022-07-24 16:24:56,9364.38,6644.81
2022-07-24 16:24:55,9368.83,6640.36
2022-07-24 16:24:54,9379.44,6629.75
2022-07-24 16:24:53,9380.36,6628.83
2022-07-24 16:24:52,9380.2,6628.98
2022-07-24 16:24:51,9392.52,6616.67
2022-07-24 16:24:50,9404.48,6604.7
2022-07-24 16:24:49,9419.25,6589.94
2022-07-24 16:24:48,9419.04,6590.14
2022-07-24 16:24:47,9439.3,6569.89
2022-07-24 16:24:46,9453.27,6555.92
2022-07-24 16:24:45,9454.41,6554.77
2022-07-24 16:24:44,9472.04,6537.14
2022-07-24 16:24:43,9495.75,6513.44
2022-07-24 16:24:42,9522.92,6486.27
2022-07-24 16:24:41,9531.31,6477.88
2022-07-24 16:24:40,9564.59,6444.6
2022-07-24 16:24:39,9557.41,6451.78
2022-07-24 16:24:38,9583.34,6425.84
2022-07-24 16:24:37,9611.47,6397.72
2022-07-24 16:24:36,9645.69,6363.5
2022-07-24 16:24:35,9628.97,6380.22
2022-07-24 16:24:34,9666,6343.19
2022-07-24 16:24:33,9726.22,6282.96
2022-07-24 16:24:32,9827.17,6182.02
2022-07-24 16:24:31,10015.4,5993.77
2022-07-24 16:24:30,10105,5904.21
2022-07-24 16:24:29,10275.5,5733.68
2022-07-24 16:24:28,10657.2,5351.95
2022-07-24 16:24:27,10767.4,5241.74
2022-07-24 16:24:26,11008.7,5000.45
2022-07-24 16:24:25,11277.5,4731.66
2022-07-24 16:24:24,11410.6,4598.56
2022-07-24 16:24:23,11490.5,4518.7
2022-07-24 16:24:22,11651.9,4357.26
2022-07-24 16:24:21,11289.4,4719.75
2022-07-24 16:24:20,11401.6,4607.54
2022-07-24 16:24:19,11550.5,4458.65
2022-07-24 16:24:18,10662.3,5346.86
2022-07-24 16:24:17,10753.1,5256.08
2022-07-24 16:24:16,9690.52,6318.67
2022-07-24 16:24:15,9729.09,6280.09
2022-07-24 16:24:14,9218.51,6790.68
2022-07-24 16:24:13,9217.89,6791.3
2022-07-24 16:24:12,9226.3,6782.88
2022-07-24 16:24:11,9233.42,6775.77
2022-07-24 16:24:10,9234.01,6775.18
2022-07-24 16:24:09,9236.11,6773.08
2022-07-24 16:24:08,9236.16,6773.02
2022-07-24 16:24:07,9251.43,6757.76
2022-07-24 16:24:06,9252.17,6757.02
2022-07-24 16:24:05,9255.36,6753.83
2022-07-24 16:24:04,9255.24,6753.95
2022-07-24 16:24:03,9275.37,6733.82
2022-07-24 16:24:02,9275.6,6733.59
2022-07-24 16:24:01,9276.53,6732.66
2022-07-24 16:24:00,9279.12,6730.06
2022-07-24 16:23:59,9301.31,6707.88
2022-07-24 16:23:58,9319.12,6690.07
2022-07-24 16:23:57,9319.23,6689.96
2022-07-24 16:23:56,9323,6686.19
2022-07-24 16:23:55,9334,6675.19
2022-07-24 16:23:54,9373.58,6635.61
2022-07-24 16:23:53,9374.97,6634.21
2022-07-24 16:23:52,9399.85,6609.34
2022-07-24 16:23:51,9397.61,6611.58
2022-07-24 16:23:50,9435.97,6573.21
2022-07-24 16:23:49,9478.5,6530.69
2022-07-24 16:23:48,9539.27,6469.91
2022-07-24 16:23:47,9605.57,6403.61
2022-07-24 16:23:46,9758.96,6250.23
2022-07-24 16:23:45,10007.6,6001.56
2022-07-24 16:23:44,10204.2,5804.98
2022-07-24 16:23:43,10352.2,5656.99
2022-07-24 16:23:42,10754.1,5255.04
2022-07-24 16:23:41,10839.5,5169.73
2022-07-24 16:23:40,10955,5054.23
2022-07-24 16:23:39,11292.8,4716.41
2022-07-24 16:23:38,11550.2,4458.98
2022-07-24 16:23:37,11721.7,4287.5
2022-07-24 16:23:36,11840.4,4168.8
2022-07-24 16:23:35,11971.3,4037.87
2022-07-24 16:23:34,11529.7,4479.46
2022-07-24 16:23:33,11159.4,4849.75
2022-07-24 16:23:32,11288.5,4720.69
2022-07-24 16:23:31,10913.8,5095.35
2022-07-24 16:23:30,9274.66,6734.52
2022-07-24 16:23:29,9283.11,6726.07
2022-07-24 16:23:28,9283.73,6725.46
2022-07-24 16:23:27,9285,6724.19
2022-07-24 16:23:26,9289.11,6720.07
2022-07-24 16:23:25,9301.61,6707.58
2022-07-24 16:23:24,9302.43,6706.75
2022-07-24 16:23:23,9305.94,6703.25
2022-07-24 16:23:22,9317.63,6691.56
2022-07-24 16:23:21,9327.58,6681.61
2022-07-24 16:23:20,9330.09,6679.1
2022-07-24 16:23:19,9331.37,6677.81
2022-07-24 16:23:18,9343.18,6666.01
2022-07-24 16:23:17,9357.41,6651.78
2022-07-24 16:23:16,9379.22,6629.96
2022-07-24 16:23:15,9378.97,6630.22
2022-07-24 16:23:14,9394.65,6614.54
2022-07-24 16:23:13,9410.61,6598.58
2022-07-24 16:23:12,9411.47,6597.71
2022-07-24 16:23:11,9434.32,6574.87
2022-07-24 16:23:10,9472.72,6536.46
2022-07-24 16:23:09,9507.49,6501.7
2022-07-24 16:23:08,9509.49,6499.7
2022-07-24 16:23:07,9547.83,6461.36
2022-07-24 16:23:06,9559.12,6450.06
2022-07-24 16:23:05,9632.53,6376.66
2022-07-24 16:23:04,9653.48,6355.7
2022-07-24 16:23:03,9675.54,6333.64
2022-07-24 16:23:02,9685.15,6324.04
2022-07-24 16:23:01,9767.72,6241.46
2022-07-24 16:23:00,9868.91,6140.27
2022-07-24 16:22:59,10033.9,5975.29
2022-07-24 16:22:58,10188.9,5820.26
2022-07-24 16:22:57,10499.8,5509.37
2022-07-24 16:22:56,10712.2,5296.94
2022-07-24 16:22:55,10873.1,5136.06
2022-07-24 16:22:54,11174.5,4834.73
2022-07-24 16:22:53,11299.4,4709.79
2022-07-24 16:22:52,11432.4,4576.78
2022-07-24 16:22:51,11669,4340.15
2022-07-24 16:22:50,11853.5,4155.69
2022-07-24 16:22:49,11989.1,4020.08
2022-07-24 16:22:48,12150.2,3859
2022-07-24 16:22:47,11201.8,4807.38
2022-07-24 16:22:46,10157.2,5851.98
2022-07-24 16:22:45,9687.21,6321.97
2022-07-24 16:22:44,9309.67,6699.52
2022-07-24 16:22:43,9084.66,6924.52
2022-07-24 16:22:42,9086.72,6922.46
2022-07-24 16:22:41,9085.48,6923.7
2022-07-24 16:22:40,9087.04,6922.14
2022-07-24 16:22:39,9086.24,6922.95
2022-07-24 16:22:38,9088.87,6920.32
2022-07-24 16:22:37,9089.78,6919.4
2022-07-24 16:22:36,9098.77,6910.41
2022-07-24 16:22:35,9102.1,6907.09
2022-07-24 16:22:34,9101.37,6907.82
2022-07-24 16:22:33,9102.29,6906.9
2022-07-24 16:22:32,9105.5,6903.69
2022-07-24 16:22:31,9119.64,6889.54
2022-07-24 16:22:30,9120.29,6888.89
2022-07-24 16:22:29,9124.68,6884.5
2022-07-24 16:22:28,9124.93,6884.26
2022-07-24 16:22:27,9176.71,6832.47
2022-07-24 16:22:26,9176.97,6832.22
2022-07-24 16:22:25,9182.45,6826.73
2022-07-24 16:22:24,9182.5,6826.69
2022-07-24 16:22:23,9243.46,6765.73
2022-07-24 16:22:22,9247.37,6761.82
2022-07-24 16:22:21,9252.77,6756.41
2022-07-24 16:22:20,9254.15,6755.03
2022-07-24 16:22:19,9282.92,6726.27
2022-07-24 16:22:18,9332.8,6676.39
2022-07-24 16:22:17,9358.38,6650.81
2022-07-24 16:22:16,9392.56,6616.62
2022-07-24 16:22:15,9412.09,6597.1
2022-07-24 16:22:14,9752.17,6257.02
2022-07-24 16:22:13,9911.63,6097.56
2022-07-24 16:22:12,10029.8,5979.34
2022-07-24 16:22:11,10337.8,5671.38
2022-07-24 16:22:10,10758.7,5250.51
2022-07-24 16:22:09,10972.6,5036.61
2022-07-24 16:22:08,11347.8,4661.39
2022-07-24 16:22:07,11509.1,4500.06
2022-07-24 16:22:06,11679.9,4329.32
2022-07-24 16:22:05,11765.5,4243.7
2022-07-24 16:22:04,11914.1,4095.09
2022-07-24 16:22:03,12048.3,3960.9
2022-07-24 16:22:02,11721.6,4287.61
2022-07-24 16:22:01,11238.2,4771
2022-07-24 16:22:00,9695.57,6313.62
2022-07-24 16:21:59,9180.7,6828.48
2022-07-24 16:21:58,9192.04,6817.15
2022-07-24 16:21:57,9192.61,6816.58
2022-07-24 16:21:56,9197.14,6812.05
2022-07-24 16:21:55,9197.49,6811.7
2022-07-24 16:21:54,9208.3,6800.88
2022-07-24 16:21:53,9215.18,6794.01
2022-07-24 16:21:52,9215.85,6793.34
2022-07-24 16:21:51,9218.08,6791.11
2022-07-24 16:21:50,9225.22,6783.97
2022-07-24 16:21:49,9248.93,6760.26
2022-07-24 16:21:48,9248.82,6760.36
2022-07-24 16:21:47,9254.21,6754.97
2022-07-24 16:21:46,9256.37,6752.82
2022-07-24 16:21:45,9294.84,6714.34
2022-07-24 16:21:44,9295.13,6714.06
2022-07-24 16:21:43,9297.35,6711.84
2022-07-24 16:21:42,9297.47,6711.71
2022-07-24 16:21:41,9342.85,6666.34
2022-07-24 16:21:40,9344.87,6664.32
2022-07-24 16:21:39,9346.86,6662.32
2022-07-24 16:21:38,9370.11,6639.07
2022-07-24 16:21:37,9424.93,6584.26
2022-07-24 16:21:36,9399.71,6609.48
2022-07-24 16:21:35,9401.58,6607.61
2022-07-24 16:21:34,9450.92,6558.27
2022-07-24 16:21:33,9495.07,6514.12
2022-07-24 16:21:32,9496.51,6512.68
2022-07-24 16:21:31,9538.05,6471.13
2022-07-24 16:21:30,9504.13,6505.06
2022-07-24 16:21:29,9583.34,6425.85
2022-07-24 16:21:28,9767.68,6241.51
2022-07-24 16:21:27,9851.23,6157.96
2022-07-24 16:21:26,10142.4,5866.8
2022-07-24 16:21:25,10299.4,5709.8
2022-07-24 16:21:24,10906.9,5102.33
2022-07-24 16:21:23,11227.4,4781.84
2022-07-24 16:21:22,11432.9,4576.28
2022-07-24 16:21:21,11582.3,4426.92
2022-07-24 16:21:20,11660.8,4348.41
2022-07-24 16:21:19,11787.6,4221.61
2022-07-24 16:21:18,11878,4131.2
2022-07-24 16:21:17,12070.1,3939.1
2022-07-24 16:21:16,12257.6,3751.54
2022-07-24 16:21:15,11442.4,4566.82
2022-07-24 16:21:14,9152.82,6856.36
2022-07-24 16:21:13,9154.59,6854.6
2022-07-24 16:21:12,9167.25,6841.94
2022-07-24 16:21:11,9165.47,6843.72
2022-07-24 16:21:10,9167.19,6842
2022-07-24 16:21:09,9168.53,6840.66
2022-07-24 16:21:08,9169.07,6840.12
2022-07-24 16:21:07,9182.95,6826.23
2022-07-24 16:21:06,9182.34,6826.85
2022-07-24 16:21:05,9186.07,6823.11
2022-07-24 16:21:04,9187.07,6822.11
2022-07-24 16:21:03,9197.75,6811.44
2022-07-24 16:21:02,9196.85,6812.34
2022-07-24 16:21:01,9198.84,6810.35
2022-07-24 16:21:00,9200.71,6808.47
2022-07-24 16:20:59,9212.52,6796.67
2022-07-24 16:20:58,9215.02,6794.17
2022-07-24 16:20:57,9215.34,6793.85
2022-07-24 16:20:56,9221.77,6787.42
2022-07-24 16:20:55,9235.46,6773.73
2022-07-24 16:20:54,9259,6750.19
2022-07-24 16:20:53,9259.83,6749.36
2022-07-24 16:20:52,9264.14,6745.04
2022-07-24 16:20:51,9306.1,6703.09
2022-07-24 16:20:50,9358.03,6651.16
2022-07-24 16:20:49,9363.06,6646.13
2022-07-24 16:20:48,9380.95,6628.24
2022-07-24 16:20:47,9422.01,6587.18
2022-07-24 16:20:46,9490.06,6519.13
2022-07-24 16:20:45,9488.7,6520.48
2022-07-24 16:20:44,9500.14,6509.05
2022-07-24 16:20:43,9624.71,6384.48
2022-07-24 16:20:42,9785.07,6224.11
2022-07-24 16:20:41,9855.99,6153.2
2022-07-24 16:20:40,10154,5855.15
2022-07-24 16:20:39,10407.6,5601.57
2022-07-24 16:20:38,10849.8,5159.43
2022-07-24 16:20:37,11279.4,4729.82
2022-07-24 16:20:36,11427.5,4581.68
2022-07-24 16:20:35,11587.7,4421.46
2022-07-24 16:20:34,11682.1,4327.06
2022-07-24 16:20:33,11820.8,4188.38
2022-07-24 16:20:32,11918.1,4091.07
2022-07-24 16:20:31,12119.6,3889.55
2022-07-24 16:20:30,12296.1,3713.11
2022-07-24 16:20:29,11327.6,4681.58
2022-07-24 16:20:28,9096.59,6912.6
2022-07-24 16:20:27,9099.46,6909.73
2022-07-24 16:20:26,9099.36,6909.82
2022-07-24 16:20:25,9101.55,6907.64
2022-07-24 16:20:24,9110.8,6898.39
2022-07-24 16:20:23,9112.69,6896.5
2022-07-24 16:20:22,9114.64,6894.55
2022-07-24 16:20:21,9115.5,6893.69
2022-07-24 16:20:20,9126.38,6882.8
2022-07-24 16:20:19,9125.71,6883.48
2022-07-24 16:20:18,9129.26,6879.93
2022-07-24 16:20:17,9130.34,6878.85
2022-07-24 16:20:16,9140.24,6868.95
2022-07-24 16:20:15,9142.23,6866.96
2022-07-24 16:20:14,9158.06,6851.12
2022-07-24 16:20:13,9168.61,6840.57
2022-07-24 16:20:12,9177.29,6831.89
2022-07-24 16:20:11,9179.51,6829.68
2022-07-24 16:20:10,9195.17,6814.02
2022-07-24 16:20:09,9232,6777.19
2022-07-24 16:20:08,9233.39,6775.8
2022-07-24 16:20:07,9235.28,6773.91
2022-07-24 16:20:06,9257.75,6751.44
2022-07-24 16:20:05,9286.72,6722.47
2022-07-24 16:20:04,9291.66,6717.52
2022-07-24 16:20:03,9300.72,6708.47
2022-07-24 16:20:02,9326.93,6682.25
2022-07-24 16:20:01,9353.18,6656
2022-07-24 16:20:00,9347.41,6661.77
2022-07-24 16:19:59,9354.62,6654.57
2022-07-24 16:19:58,9393.7,6615.49
2022-07-24 16:19:57,9543.43,6465.75
2022-07-24 16:19:56,9590.58,6418.61
2022-07-24 16:19:55,9792.74,6216.45
2022-07-24 16:19:54,10214.1,5795.09
2022-07-24 16:19:53,10657.1,5352.04
2022-07-24 16:19:52,10748.7,5260.5
2022-07-24 16:19:51,10915.5,5093.72
2022-07-24 16:19:50,11269.5,4739.68
2022-07-24 16:19:49,11520.6,4488.59
2022-07-24 16:19:48,11680.6,4328.62
2022-07-24 16:19:47,11797,4212.16
2022-07-24 16:19:46,11962.5,4046.65
2022-07-24 16:19:45,12129.9,3879.31
2022-07-24 16:19:44,12297.5,3711.71
2022-07-24 16:19:43,10294.9,5714.31
2022-07-24 16:19:42,10357,5652.18
2022-07-24 16:19:41,9352.58,6656.61
2022-07-24 16:19:40,9352.39,6656.8
2022-07-24 16:19:39,9353.71,6655.48
2022-07-24 16:19:38,9363.76,6645.43
2022-07-24 16:19:37,9373.54,6635.65
2022-07-24 16:19:36,9386.76,6622.43
2022-07-24 16:19:35,9402.76,6606.43
2022-07-24 16:19:34,9406.64,6602.54
2022-07-24 16:19:33,9407.69,6601.5
2022-07-24 16:19:32,9417.4,6591.79
2022-07-24 16:19:31,9433.69,6575.5
2022-07-24 16:19:30,9434.62,6574.56
2022-07-24 16:19:29,9442.59,6566.6
2022-07-24 16:19:28,9464.04,6545.15
2022-07-24 16:19:27,9490.32,6518.86
2022-07-24 16:19:26,9493.03,6516.16
2022-07-24 16:19:25,9493.84,6515.34
2022-07-24 16:19:24,9531.09,6478.1
2022-07-24 16:19:23,9557.08,6452.11
2022-07-24 16:19:22,9560.07,6449.11
2022-07-24 16:19:21,9572.15,6437.03
2022-07-24 16:19:20,9608.84,6400.34
2022-07-24 16:19:19,9623.77,6385.42
2022-07-24 16:19:18,9630.37,6378.82
2022-07-24 16:19:17,9626.6,6382.59
2022-07-24 16:19:16,9677.55,6331.64
2022-07-24 16:19:15,9674.58,6334.61
2022-07-24 16:19:14,9678.77,6330.42
2022-07-24 16:19:13,9717,6292.19
2022-07-24 16:19:12,9789.64,6219.55
2022-07-24 16:19:11,9816.96,6192.22
2022-07-24 16:19:10,10057.7,5951.53
2022-07-24 16:19:09,10452.2,5556.96
2022-07-24 16:19:08,10588.2,5421.01
2022-07-24 16:19:07,10775,5234.18
2022-07-24 16:19:06,10913.1,5096.12
2022-07-24 16:19:05,11347.6,4661.55
2022-07-24 16:19:04,11486.1,4523.07
2022-07-24 16:19:03,11624.7,4384.47
2022-07-24 16:19:02,11753.9,4255.24
2022-07-24 16:19:01,11891.1,4118.1
2022-07-24 16:19:00,12020,3989.21
2022-07-24 16:18:59,12092.4,3916.74
2022-07-24 16:18:58,11296.4,4712.75
2022-07-24 16:18:57,10911.5,5097.73
2022-07-24 16:18:56,9774.07,6235.12
2022-07-24 16:18:55,9153.59,6855.6
2022-07-24 16:18:54,9158.37,6850.81
2022-07-24 16:18:53,9158.19,6851
2022-07-24 16:18:52,9159.59,6849.6
2022-07-24 16:18:51,9159.11,6850.08
2022-07-24 16:18:50,9164.71,6844.48
2022-07-24 16:18:49,9164.38,6844.81
2022-07-24 16:18:48,9165.38,6843.8
2022-07-24 16:18:47,9169.78,6839.41
2022-07-24 16:18:46,9170.67,6838.52
2022-07-24 16:18:45,9182.44,6826.75
2022-07-24 16:18:44,9182.53,6826.66
2022-07-24 16:18:43,9184.04,6825.15
2022-07-24 16:18:42,9191.35,6817.84
2022-07-24 16:18:41,9191.8,6817.38
2022-07-24 16:18:40,9222.04,6787.14
2022-07-24 16:18:39,9223.98,6785.21
2022-07-24 16:18:38,9242.61,6766.57
2022-07-24 16:18:37,9269.57,6739.62
2022-07-24 16:18:36,9306.47,6702.72
2022-07-24 16:18:35,9310.57,6698.62
2022-07-24 16:18:34,9311.25,6697.94
2022-07-24 16:18:33,9367.27,6641.92
2022-07-24 16:18:32,9404.75,6604.43
2022-07-24 16:18:31,9409.64,6599.55
2022-07-24 16:18:30,9412.45,6596.74
2022-07-24 16:18:29,9504.52,6504.66
2022-07-24 16:18:28,9520.64,6488.55
2022-07-24 16:18:27,9526.73,6482.46
2022-07-24 16:18:26,9639.77,6369.42
2022-07-24 16:18:25,9706.29,6302.89
2022-07-24 16:18:24,9836.07,6173.11
2022-07-24 16:18:23,10125,5884.18
2022-07-24 16:18:22,10343.8,5665.36
2022-07-24 16:18:21,10461.4,5547.8
2022-07-24 16:18:20,10942.1,5067.06
2022-07-24 16:18:19,11177.5,4831.64
2022-07-24 16:18:18,11328.9,4680.27
2022-07-24 16:18:17,11463.1,4546.06
2022-07-24 16:18:16,11731.6,4277.58
2022-07-24 16:18:15,11874.9,4134.28
2022-07-24 16:18:14,11996.9,4012.25
2022-07-24 16:18:13,12205.1,3804.13
2022-07-24 16:18:12,11298.8,4710.42
2022-07-24 16:18:11,9659.58,6349.6
2022-07-24 16:18:10,9704.28,6304.91
2022-07-24 16:18:09,9129.16,6880.03
2022-07-24 16:18:08,9090.16,6919.02
2022-07-24 16:18:07,9091.28,6917.91
2022-07-24 16:18:06,9101.55,6907.64
2022-07-24 16:18:05,9102.56,6906.63
2022-07-24 16:18:04,9103.7,6905.48
2022-07-24 16:18:03,9104.71,6904.48
2022-07-24 16:18:02,9105.47,6903.72
2022-07-24 16:18:01,9115.67,6893.52
2022-07-24 16:18:00,9115.86,6893.32
2022-07-24 16:17:59,9129.09,6880.09
2022-07-24 16:17:58,9135.61,6873.57
2022-07-24 16:17:57,9151.56,6857.62
2022-07-24 16:17:56,9150.99,6858.2
2022-07-24 16:17:55,9153.82,6855.36
2022-07-24 16:17:54,9171.1,6838.09
2022-07-24 16:17:53,9190.41,6818.78
2022-07-24 16:17:52,9193.31,6815.87
2022-07-24 16:17:51,9192.13,6817.06
2022-07-24 16:17:50,9225.68,6783.51
2022-07-24 16:17:49,9242.14,6767.04
2022-07-24 16:17:48,9243.04,6766.14
2022-07-24 16:17:47,9236.32,6772.87
2022-07-24 16:17:46,9272.1,6737.08
2022-07-24 16:17:45,9292.04,6717.15
2022-07-24 16:17:44,9284.68,6724.51
2022-07-24 16:17:43,9297.43,6711.75
2022-07-24 16:17:42,9364.94,6644.25
2022-07-24 16:17:41,9435.19,6574
2022-07-24 16:17:40,9492.33,6516.86
2022-07-24 16:17:39,9792.62,6216.57
2022-07-24 16:17:38,9921.96,6087.23
2022-07-24 16:17:37,10406.1,5603.09
2022-07-24 16:17:36,10540.1,5469.1
2022-07-24 16:17:35,10720,5289.17
2022-07-24 16:17:34,11191.2,4818.02
2022-07-24 16:17:33,11282.7,4726.47
2022-07-24 16:17:32,11445.5,4563.69
2022-07-24 16:17:31,11629.9,4379.24
2022-07-24 16:17:30,11836.5,4172.66
2022-07-24 16:17:29,11987.2,4022.03
2022-07-24 16:17:28,11609.3,4399.88
2022-07-24 16:17:27,11232.6,4776.64
2022-07-24 16:17:26,10834.4,5174.75
2022-07-24 16:17:25,10261.6,5747.63
2022-07-24 16:17:24,9812.37,6196.82
2022-07-24 16:17:23,9314.55,6694.64
2022-07-24 16:17:22,9318.84,6690.35
2022-07-24 16:17:21,9329.01,6680.18
2022-07-24 16:17:20,9331.48,6677.71
2022-07-24 16:17:19,9338.38,6670.81
2022-07-24 16:17:18,9341.78,6667.41
2022-07-24 16:17:17,9343.84,6665.35
2022-07-24 16:17:16,9354.68,6654.51
2022-07-24 16:17:15,9362.2,6646.99
2022-07-24 16:17:14,9367.41,6641.78
2022-07-24 16:17:13,9381.38,6627.81
2022-07-24 16:17:12,9394.16,6615.03
2022-07-24 16:17:11,9394.33,6614.86
2022-07-24 16:17:10,9421.67,6587.52
2022-07-24 16:17:09,9423.25,6585.93
2022-07-24 16:17:08,9455.55,6553.63
2022-07-24 16:17:07,9457.19,6552
2022-07-24 16:17:06,9470.97,6538.22
2022-07-24 16:17:05,9508.84,6500.34
2022-07-24 16:17:04,9523.05,6486.14
2022-07-24 16:17:03,9558.11,6451.08
2022-07-24 16:17:02,9560.53,6448.65
2022-07-24 16:17:01,9620.02,6389.16
2022-07-24 16:17:00,9620.43,6388.76
2022-07-24 16:16:59,9659.53,6349.66
2022-07-24 16:16:58,9710.54,6298.65
2022-07-24 16:16:57,9724.87,6284.32
2022-07-24 16:16:56,9743.67,6265.52
2022-07-24 16:16:55,9827.39,6181.8
2022-07-24 16:16:54,9899.56,6109.63
2022-07-24 16:16:53,9979.72,6029.47
2022-07-24 16:16:52,10276.7,5732.5
2022-07-24 16:16:51,10537.4,5471.79
2022-07-24 16:16:50,10701.7,5307.45
2022-07-24 16:16:49,10861.3,5147.91
2022-07-24 16:16:48,10973.2,5035.98
2022-07-24 16:16:47,11326.4,4682.76
2022-07-24 16:16:46,11528.2,4481.03
2022-07-24 16:16:45,11718.7,4290.52
2022-07-24 16:16:44,11875.6,4133.55
2022-07-24 16:16:43,12017.5,3991.69
2022-07-24 16:16:42,12193.8,3815.36
2022-07-24 16:16:41,10646.2,5362.99
2022-07-24 16:16:40,10212.8,5796.36
2022-07-24 16:16:39,10298.2,5711.01
2022-07-24 16:16:38,9165.09,6844.1
2022-07-24 16:16:37,9166.09,6843.1
2022-07-24 16:16:36,9167.84,6841.35
2022-07-24 16:16:35,9170.3,6838.89
2022-07-24 16:16:34,9173.94,6835.25
2022-07-24 16:16:33,9175.39,6833.8
2022-07-24 16:16:32,9174.56,6834.63
2022-07-24 16:16:31,9175.88,6833.31
2022-07-24 16:16:30,9187.82,6821.37
2022-07-24 16:16:29,9190.74,6818.45
2022-07-24 16:16:28,9192.82,6816.36
2022-07-24 16:16:27,9194.18,6815.01
2022-07-24 16:16:26,9225.64,6783.55
2022-07-24 16:16:25,9230.86,6778.32
2022-07-24 16:16:24,9233.15,6776.04
2022-07-24 16:16:23,9235.94,6773.25
2022-07-24 16:16:22,9256.23,6752.96
2022-07-24 16:16:21,9297.29,6711.9
2022-07-24 16:16:20,9296.17,6713.02
2022-07-24 16:16:19,9303.23,6705.96
2022-07-24 16:16:18,9319.77,6689.42
2022-07-24 16:16:17,9362.02,6647.17
2022-07-24 16:16:16,9363.85,6645.34
2022-07-24 16:16:15,9376.98,6632.21
2022-07-24 16:16:14,9392.52,6616.66
2022-07-24 16:16:13,9419.91,6589.28
2022-07-24 16:16:12,9431.73,6577.46
2022-07-24 16:16:11,9445.27,6563.92
2022-07-24 16:16:10,9487.77,6521.41
2022-07-24 16:16:09,9564.42,6444.77
2022-07-24 16:16:08,9736.21,6272.97
2022-07-24 16:16:07,9937.72,6071.47
2022-07-24 16:16:06,10137.8,5871.41
2022-07-24 16:16:05,10283.6,5725.63
2022-07-24 16:16:04,10684.6,5324.64
2022-07-24 16:16:03,10990.7,5018.5
2022-07-24 16:16:02,11234,4775.23
2022-07-24 16:16:01,11462.7,4546.54
2022-07-24 16:16:00,11662.9,4346.28
2022-07-24 16:15:59,11822.5,4186.66
2022-07-24 16:15:58,11945.8,4063.4
2022-07-24 16:15:57,11565.1,4444.05
2022-07-24 16:15:56,11227.2,4781.97
2022-07-24 16:15:55,11349.7,4659.5
2022-07-24 16:15:54,10408.9,5600.25
2022-07-24 16:15:53,9950.47,6058.71
2022-07-24 16:15:52,9453.32,6555.87
2022-07-24 16:15:51,9463.63,6545.56
2022-07-24 16:15:50,9465.03,6544.15
2022-07-24 16:15:49,9470.16,6539.03
2022-07-24 16:15:48,9482.05,6527.14
2022-07-24 16:15:47,9499.61,6509.57
2022-07-24 16:15:46,9502,6507.18
2022-07-24 16:15:45,9509.71,6499.48
2022-07-24 16:15:44,9519.34,6489.85
2022-07-24 16:15:43,9545.54,6463.65
2022-07-24 16:15:42,9545.71,6463.48
2022-07-24 16:15:41,9556.59,6452.59
2022-07-24 16:15:40,9569.05,6440.14
2022-07-24 16:15:39,9596.56,6412.63
2022-07-24 16:15:38,9612.59,6396.59
2022-07-24 16:15:37,9626.43,6382.76
2022-07-24 16:15:36,9642.38,6366.81
2022-07-24 16:15:35,9670.14,6339.05
2022-07-24 16:15:34,9695.67,6313.52
2022-07-24 16:15:33,9697.43,6311.75
2022-07-24 16:15:32,9730.02,6279.16
2022-07-24 16:15:31,9760.04,6249.15
2022-07-24 16:15:30,9753.89,6255.29
2022-07-24 16:15:29,9777.22,6231.97
2022-07-24 16:15:28,9859.64,6149.55
2022-07-24 16:15:27,9887.39,6121.79
2022-07-24 16:15:26,9883.6,6125.59
2022-07-24 16:15:25,9935.48,6073.7
2022-07-24 16:15:24,9986.37,6022.82
2022-07-24 16:15:23,10046.5,5962.73
2022-07-24 16:15:22,10185.8,5823.37
2022-07-24 16:15:21,10331.6,5677.64
2022-07-24 16:15:20,10459.3,5549.86
2022-07-24 16:15:19,10926.8,5082.35
2022-07-24 16:15:18,11134,4875.2
2022-07-24 16:15:17,11318.9,4690.25
2022-07-24 16:15:16,11383.3,4625.92
2022-07-24 16:15:15,11469.4,4539.82
2022-07-24 16:15:14,11695.9,4313.33
2022-07-24 16:15:13,11807.1,4202.08
2022-07-24 16:15:12,12001.5,4007.72
2022-07-24 16:15:11,12167.4,3841.78
2022-07-24 16:15:10,12334.3,3674.86
2022-07-24 16:15:09,11294.9,4714.3
2022-07-24 16:15:08,9597.83,6411.36
2022-07-24 16:15:07,9608.49,6400.7
2022-07-24 16:15:06,9103.79,6905.39
2022-07-24 16:15:05,9113.13,6896.06
2022-07-24 16:15:04,9116.37,6892.81
2022-07-24 16:15:03,9116.96,6892.23
2022-07-24 16:15:02,9118.98,6890.2
2022-07-24 16:15:01,9126.28,6882.91
2022-07-24 16:15:00,9129.07,6880.12
2022-07-24 16:14:59,9127.36,6881.83
2022-07-24 16:14:58,9130.11,6879.07
2022-07-24 16:14:57,9145.9,6863.29
2022-07-24 16:14:56,9146.57,6862.62
2022-07-24 16:14:55,9147.33,6861.86
2022-07-24 16:14:54,9149.48,6859.71
2022-07-24 16:14:53,9160.95,6848.23
2022-07-24 16:14:52,9173.44,6835.75
2022-07-24 16:14:51,9173.92,6835.27
2022-07-24 16:14:50,9187.91,6821.28
2022-07-24 16:14:49,9188.42,6820.77
2022-07-24 16:14:48,9197.35,6811.84
2022-07-24 16:14:47,9208.07,6801.12
2022-07-24 16:14:46,9213.48,6795.71
2022-07-24 16:14:45,9217.39,6791.8
2022-07-24 16:14:44,9234.27,6774.92
2022-07-24 16:14:43,9282.5,6726.69
2022-07-24 16:14:42,9268.53,6740.66
2022-07-24 16:14:41,9291.29,6717.89
2022-07-24 16:14:40,9305.85,6703.34
2022-07-24 16:14:39,9345.84,6663.34
2022-07-24 16:14:38,9407.44,6601.75
2022-07-24 16:14:37,9407.05,6602.13
2022-07-24 16:14:36,9563.95,6445.23
2022-07-24 16:14:35,9776.61,6232.57
2022-07-24 16:14:34,9876.88,6132.31
2022-07-24 16:14:33,10124.1,5885.12
2022-07-24 16:14:32,10441.2,5567.97
2022-07-24 16:14:31,10867.8,5141.35
2022-07-24 16:14:30,11089.3,4919.92
2022-07-24 16:14:29,11483.7,4525.53
2022-07-24 16:14:28,11622.5,4386.66
2022-07-24 16:14:27,11773.9,4235.32
2022-07-24 16:14:26,11910.4,4098.81
2022-07-24 16:14:25,12053.7,3955.48
2022-07-24 16:14:24,11071.8,4937.44
2022-07-24 16:14:23,11203.4,4805.82
2022-07-24 16:14:22,10196.2,5813
2022-07-24 16:14:21,9208.13,6801.05
2022-07-24 16:14:20,9215.79,6793.39
2022-07-24 16:14:19,9215.5,6793.68
2022-07-24 16:14:18,9219.78,6789.41
2022-07-24 16:14:17,9218.22,6790.97
2022-07-24 16:14:16,9228.75,6780.44
2022-07-24 16:14:15,9228.85,6780.34
2022-07-24 16:14:14,9229.87,6779.32
2022-07-24 16:14:13,9228.51,6780.68
2022-07-24 16:14:12,9244.77,6764.42
2022-07-24 16:14:11,9245.2,6763.99
2022-07-24 16:14:10,9253.65,6755.54
2022-07-24 16:14:09,9256.14,6753.04
2022-07-24 16:14:08,9276.48,6732.71
2022-07-24 16:14:07,9289.78,6719.41
2022-07-24 16:14:06,9301.43,6707.76
2022-07-24 16:14:05,9301.61,6707.57
2022-07-24 16:14:04,9323.74,6685.45
2022-07-24 16:14:03,9341.58,6667.61
2022-07-24 16:14:02,9369.19,6640
2022-07-24 16:14:01,9371.49,6637.7
2022-07-24 16:14:00,9401.53,6607.66
2022-07-24 16:13:59,9403.17,6606.02
2022-07-24 16:13:58,9435.35,6573.84
2022-07-24 16:13:57,9466.46,6542.73
2022-07-24 16:13:56,9470.55,6538.64
2022-07-24 16:13:55,9502.64,6506.55
2022-07-24 16:13:54,9554.67,6454.52
2022-07-24 16:13:53,9545.86,6463.33
2022-07-24 16:13:52,9568.3,6440.88
2022-07-24 16:13:51,9731.22,6277.97
2022-07-24 16:13:50,9828.58,6180.61
2022-07-24 16:13:49,9944.91,6064.27
2022-07-24 16:13:48,10322.4,5686.82
2022-07-24 16:13:47,10554,5455.16
2022-07-24 16:13:46,10804.5,5204.72
2022-07-24 16:13:45,11070.5,4938.7
2022-07-24 16:13:44,11431.3,4577.86
2022-07-24 16:13:43,11563.5,4445.64
2022-07-24 16:13:42,11685.5,4323.69
2022-07-24 16:13:41,11841.6,4167.58
2022-07-24 16:13:40,11993.1,4016.09
2022-07-24 16:13:39,12142.2,3866.99
2022-07-24 16:13:38,11850.6,4158.56
2022-07-24 16:13:37,10456.1,5553.09
2022-07-24 16:13:36,9203.09,6806.09
2022-07-24 16:13:35,9204.11,6805.08
2022-07-24 16:13:34,9209.45,6799.73
2022-07-24 16:13:33,9208.99,6800.2
2022-07-24 16:13:32,9210.83,6798.36
2022-07-24 16:13:31,9211.01,6798.18
2022-07-24 16:13:30,9213.35,6795.84
2022-07-24 16:13:29,9213.45,6795.74
2022-07-24 16:13:28,9214.88,6794.3
2022-07-24 16:13:27,9214.98,6794.2
2022-07-24 16:13:26,9219.73,6789.46
2022-07-24 16:13:25,9220.69,6788.5
2022-07-24 16:13:24,9231.91,6777.27
2022-07-24 16:13:23,9233.12,6776.07
2022-07-24 16:13:22,9235.58,6773.61
2022-07-24 16:13:21,9254.64,6754.54
2022-07-24 16:13:20,9283.23,6725.95
2022-07-24 16:13:19,9284.92,6724.27
2022-07-24 16:13:18,9285.05,6724.13
2022-07-24 16:13:17,9292.17,6717.02
2022-07-24 16:13:16,9327.49,6681.7
2022-07-24 16:13:15,9344.2,6664.99
2022-07-24 16:13:14,9344.53,6664.66
2022-07-24 16:13:13,9368.94,6640.25
2022-07-24 16:13:12,9368.15,6641.04
2022-07-24 16:13:11,9388.77,6620.42
2022-07-24 16:13:10,9392.71,6616.48
2022-07-24 16:13:09,9421.19,6587.99
2022-07-24 16:13:08,9478.48,6530.71
2022-07-24 16:13:07,9450.81,6558.38
2022-07-24 16:13:06,9481.77,6527.41
2022-07-24 16:13:05,9646.19,6363
2022-07-24 16:13:04,9779.34,6229.84
2022-07-24 16:13:03,9949.52,6059.66
2022-07-24 16:13:02,10331.8,5677.43
2022-07-24 16:13:01,10636.2,5372.98
2022-07-24 16:13:00,10833.4,5175.82
2022-07-24 16:12:59,11150.1,4859.11
2022-07-24 16:12:58,11403.6,4605.61
2022-07-24 16:12:57,11575.7,4433.45
2022-07-24 16:12:56,11707.4,4301.84
2022-07-24 16:12:55,11841.4,4167.76
2022-07-24 16:12:54,11981.5,4027.67
2022-07-24 16:12:53,12121.1,3888.14
2022-07-24 16:12:52,12345.6,3663.6
2022-07-24 16:12:51,10338.7,5670.49
2022-07-24 16:12:50,9210.58,6798.61
2022-07-24 16:12:49,9211.37,6797.82
2022-07-24 16:12:48,9213.79,6795.4
2022-07-24 16:12:47,9215.24,6793.95
2022-07-24 16:12:46,9216.85,6792.34
2022-07-24 16:12:45,9218.64,6790.55
2022-07-24 16:12:44,9219.93,6789.25
2022-07-24 16:12:43,9221.46,6787.73
2022-07-24 16:12:42,9224.78,6784.41
2022-07-24 16:12:41,9225.02,6784.16
2022-07-24 16:12:40,9227.26,6781.93
2022-07-24 16:12:39,9233.14,6776.04
2022-07-24 16:12:38,9242.08,6767.11
2022-07-24 16:12:37,9253.21,6755.97
2022-07-24 16:12:36,9258.32,6750.86
2022-07-24 16:12:35,9260.36,6748.83
2022-07-24 16:12:34,9297.04,6712.15
2022-07-24 16:12:33,9322.35,6686.84
2022-07-24 16:12:32,9323.23,6685.95
2022-07-24 16:12:31,9329.07,6680.11
2022-07-24 16:12:30,9383.25,6625.93
2022-07-24 16:12:29,9401.66,6607.53
2022-07-24 16:12:28,9405.52,6603.66
2022-07-24 16:12:27,9420.81,6588.38
2022-07-24 16:12:26,9471.89,6537.3
2022-07-24 16:12:25,9489.08,6520.11
2022-07-24 16:12:24,9476.83,6532.36
2022-07-24 16:12:23,9554.13,6455.05
2022-07-24 16:12:22,9545.42,6463.77
2022-07-24 16:12:21,9568.71,6440.48
2022-07-24 16:12:20,9666.94,6342.25
2022-07-24 16:12:19,9744.89,6264.3
2022-07-24 16:12:18,9883.78,6125.41
2022-07-24 16:12:17,10110.8,5898.37
2022-07-24 16:12:16,10412.4,5596.8
2022-07-24 16:12:15,10626.2,5383
2022-07-24 16:12:14,10978,5031.21
2022-07-24 16:12:13,11202.4,4806.77
2022-07-24 16:12:12,11498.8,4510.36
2022-07-24 16:12:11,11627.5,4381.72
2022-07-24 16:12:10,11780.5,4228.73
2022-07-24 16:12:09,11944.9,4064.28
2022-07-24 16:12:08,12096.1,3913.06
2022-07-24 16:12:07,11754.4,4254.77
2022-07-24 16:12:06,11910.1,4099.13
2022-07-24 16:12:05,9813.47,6195.72
2022-07-24 16:12:04,9115.39,6893.8
2022-07-24 16:12:03,9117.25,6891.94
2022-07-24 16:12:02,9117.61,6891.58
2022-07-24 16:12:01,9114.98,6894.2
2022-07-24 16:12:00,9124.61,6884.58
2022-07-24 16:11:59,9131.48,6877.71
2022-07-24 16:11:58,9132.86,6876.33
2022-07-24 16:11:57,9146.75,6862.44
2022-07-24 16:11:56,9149.34,6859.84
2022-07-24 16:11:55,9156.13,6853.06
2022-07-24 16:11:54,9158.34,6850.85
2022-07-24 16:11:53,9175.05,6834.14
2022-07-24 16:11:52,9184.03,6825.16
2022-07-24 16:11:51,9185.06,6824.13
2022-07-24 16:11:50,9195.82,6813.37
2022-07-24 16:11:49,9195.32,6813.87
2022-07-24 16:11:48,9222.79,6786.4
2022-07-24 16:11:47,9224.61,6784.57
2022-07-24 16:11:46,9226.43,6782.76
2022-07-24 16:11:45,9260.24,6748.95
2022-07-24 16:11:44,9263.86,6745.32
2022-07-24 16:11:43,9268.62,6740.57
2022-07-24 16:11:42,9302.68,6706.51
2022-07-24 16:11:41,9308.04,6701.15
2022-07-24 16:11:40,9311.64,6697.55
2022-07-24 16:11:39,9345.14,6664.05
2022-07-24 16:11:38,9373.04,6636.14
2022-07-24 16:11:37,9401.84,6607.34
2022-07-24 16:11:36,9417.84,6591.35
2022-07-24 16:11:35,9539.48,6469.7
2022-07-24 16:11:34,9628.53,6380.66
2022-07-24 16:11:33,9740.66,6268.53
2022-07-24 16:11:32,9828.4,6180.79
2022-07-24 16:11:31,9895.4,6113.79
2022-07-24 16:11:30,10398.3,5610.92
2022-07-24 16:11:29,10625.9,5383.27
2022-07-24 16:11:28,10974.6,5034.58
2022-07-24 16:11:27,11172.2,4836.95
2022-07-24 16:11:26,11491.8,4517.4
2022-07-24 16:11:25,11708.8,4300.36
2022-07-24 16:11:24,11343.9,4665.24
2022-07-24 16:11:23,11453.6,4555.54
2022-07-24 16:11:22,11604.7,4404.45
2022-07-24 16:11:21,11755.5,4253.67
2022-07-24 16:11:20,11272.1,4737.05
2022-07-24 16:11:19,9706.78,6302.41
2022-07-24 16:11:18,9096.19,6913
2022-07-24 16:11:17,9098.66,6910.53
2022-07-24 16:11:16,9099.65,6909.54
2022-07-24 16:11:15,9104.94,6904.24
2022-07-24 16:11:14,9104.82,6904.37
2022-07-24 16:11:13,9103.91,6905.27
2022-07-24 16:11:12,9106.04,6903.15
2022-07-24 16:11:11,9112.8,6896.39
2022-07-24 16:11:10,9113.98,6895.21
2022-07-24 16:11:09,9116.77,6892.42
2022-07-24 16:11:08,9115.81,6893.38
2022-07-24 16:11:07,9125.27,6883.92
2022-07-24 16:11:06,9143.03,6866.16
2022-07-24 16:11:05,9142.91,6866.28
2022-07-24 16:11:04,9144.08,6865.11
2022-07-24 16:11:03,9170.34,6838.85
2022-07-24 16:11:02,9171.61,6837.57
2022-07-24 16:11:01,9193.42,6815.77
2022-07-24 16:11:00,9208.13,6801.05
2022-07-24 16:10:59,9229.02,6780.16
2022-07-24 16:10:58,9230.05,6779.14
2022-07-24 16:10:57,9256.09,6753.1
2022-07-24 16:10:56,9270.53,6738.66
2022-07-24 16:10:55,9297.43,6711.75
2022-07-24 16:10:54,9319.56,6689.62
2022-07-24 16:10:53,9338.86,6670.33
2022-07-24 16:10:52,9342.1,6667.09
2022-07-24 16:10:51,9383.89,6625.29
2022-07-24 16:10:50,9430.58,6578.61
2022-07-24 16:10:49,9443.15,6566.04
2022-07-24 16:10:48,9667.48,6341.7
2022-07-24 16:10:47,9802.34,6206.85
2022-07-24 16:10:46,9897.33,6111.86
2022-07-24 16:10:45,10081.8,5927.37
2022-07-24 16:10:44,10499.6,5509.54
2022-07-24 16:10:43,10646.8,5362.34
2022-07-24 16:10:42,11019,4990.23
2022-07-24 16:10:41,11418.1,4591.12
2022-07-24 16:10:40,11572.7,4436.52
2022-07-24 16:10:39,11742.9,4266.33
2022-07-24 16:10:38,11878.6,4130.54
2022-07-24 16:10:37,11501.4,4507.76
2022-07-24 16:10:36,11616.7,4392.46
2022-07-24 16:10:35,11798,4211.16
2022-07-24 16:10:34,10388,5621.21
2022-07-24 16:10:33,9911.71,6097.48
2022-07-24 16:10:32,9411.87,6597.32
2022-07-24 16:10:31,9413.26,6595.93
2022-07-24 16:10:30,9422.6,6586.59
2022-07-24 16:10:29,9421.96,6587.23
2022-07-24 16:10:28,9424.84,6584.35
2022-07-24 16:10:27,9439.71,6569.48
2022-07-24 16:10:26,9441.31,6567.88
2022-07-24 16:10:25,9453.91,6555.28
2022-07-24 16:10:24,9454.81,6554.38
2022-07-24 16:10:23,9470.1,6539.09
2022-07-24 16:10:22,9476.91,6532.28
2022-07-24 16:10:21,9485.18,6524
2022-07-24 16:10:20,9498.27,6510.92
2022-07-24 16:10:19,9537.48,6471.7
2022-07-24 16:10:18,9539.36,6469.83
2022-07-24 16:10:17,9555.87,6453.32
2022-07-24 16:10:16,9574.48,6434.71
2022-07-24 16:10:15,9585.81,6423.37
2022-07-24 16:10:14,9626.12,6383.07
2022-07-24 16:10:13,9642.04,6367.14
2022-07-24 16:10:12,9664.37,6344.82
2022-07-24 16:10:11,9696.68,6312.51
2022-07-24 16:10:10,9736.8,6272.39
2022-07-24 16:10:09,9738.75,6270.44
2022-07-24 16:10:08,9782.52,6226.66
2022-07-24 16:10:07,9840.03,6169.16
2022-07-24 16:10:06,9892.99,6116.2
2022-07-24 16:10:05,9911.14,6098.04
2022-07-24 16:10:04,9950.07,6059.11
2022-07-24 16:10:03,10014.2,5995.03
2022-07-24 16:10:02,10092.7,5916.44
2022-07-24 16:10:01,10283.9,5725.32
2022-07-24 16:10:00,10443.8,5565.41
2022-07-24 16:09:59,10639.8,5369.39
2022-07-24 16:09:58,10838.9,5170.26
2022-07-24 16:09:57,11046.1,4963.12
2022-07-24 16:09:56,11294,4715.18
2022-07-24 16:09:55,11547.2,4461.96
2022-07-24 16:09:54,11671.1,4338.12
2022-07-24 16:09:53,11754.9,4254.28
2022-07-24 16:09:52,11887.4,4121.77
2022-07-24 16:09:51,12024.5,3984.64
2022-07-24 16:09:50,12167.7,3841.47
2022-07-24 16:09:49,11338.1,4671.04
2022-07-24 16:09:48,10350.7,5658.44
2022-07-24 16:09:47,10381.2,5627.97
2022-07-24 16:09:46,9266.7,6742.48
2022-07-24 16:09:45,9271.62,6737.57
2022-07-24 16:09:44,9274.18,6735
2022-07-24 16:09:43,9273.66,6735.53
2022-07-24 16:09:42,9275.68,6733.5
2022-07-24 16:09:41,9284.19,6725
2022-07-24 16:09:40,9285.05,6724.14
2022-07-24 16:09:39,9286.99,6722.2
2022-07-24 16:09:38,9288.66,6720.53
2022-07-24 16:09:37,9290.39,6718.8
2022-07-24 16:09:36,9299.31,6709.87
2022-07-24 16:09:35,9300.17,6709.02
2022-07-24 16:09:34,9314.32,6694.86
2022-07-24 16:09:33,9317.88,6691.31
2022-07-24 16:09:32,9334.57,6674.62
2022-07-24 16:09:31,9335.2,6673.99
2022-07-24 16:09:30,9342.65,6666.54
2022-07-24 16:09:29,9355.37,6653.82
2022-07-24 16:09:28,9376.8,6632.39
2022-07-24 16:09:27,9382.06,6627.13
2022-07-24 16:09:26,9407.66,6601.53
2022-07-24 16:09:25,9470.11,6539.07
2022-07-24 16:09:24,9472.93,6536.26
2022-07-24 16:09:23,9476.68,6532.5
2022-07-24 16:09:22,9515.26,6493.93
2022-07-24 16:09:21,9531.54,6477.64
2022-07-24 16:09:20,9559.43,6449.76
2022-07-24 16:09:19,9573.26,6435.93
2022-07-24 16:09:18,9625.49,6383.7
2022-07-24 16:09:17,9682.13,6327.05
2022-07-24 16:09:16,9812.47,6196.72
2022-07-24 16:09:15,9964.95,6044.23
2022-07-24 16:09:14,10129.7,5879.53
2022-07-24 16:09:13,10565.2,5443.99
2022-07-24 16:09:12,10679.3,5329.88
2022-07-24 16:09:11,10872.6,5136.61
2022-07-24 16:09:10,11109.3,4899.89
2022-07-24 16:09:09,11467.3,4541.87
2022-07-24 16:09:08,11603.8,4405.43
2022-07-24 16:09:07,11799.6,4209.56
2022-07-24 16:09:06,11928.1,4081.06
2022-07-24 16:09:05,11573.8,4435.38
2022-07-24 16:09:04,11684.4,4324.84
2022-07-24 16:09:03,11130,4879.21
2022-07-24 16:09:02,10821,5188.21
2022-07-24 16:09:01,10259.8,5749.39
2022-07-24 16:09:00,9124.64,6884.55
2022-07-24 16:08:59,9130.68,6878.51
2022-07-24 16:08:58,9130.7,6878.49
2022-07-24 16:08:57,9134.11,6875.08
2022-07-24 16:08:56,9133.76,6875.43
2022-07-24 16:08:55,9133.31,6875.88
2022-07-24 16:08:54,9140.19,6868.99
2022-07-24 16:08:53,9144.68,6864.5
2022-07-24 16:08:52,9144.36,6864.83
2022-07-24 16:08:51,9144.33,6864.86
2022-07-24 16:08:50,9157.37,6851.82
2022-07-24 16:08:49,9160.18,6849.01
2022-07-24 16:08:48,9160.39,6848.8
2022-07-24 16:08:47,9172.98,6836.2
2022-07-24 16:08:46,9173.11,6836.07
2022-07-24 16:08:45,9193.27,6815.92
2022-07-24 16:08:44,9192.21,6816.97
2022-07-24 16:08:43,9205.18,6804
2022-07-24 16:08:42,9210.33,6798.86
2022-07-24 16:08:41,9224.25,6784.94
2022-07-24 16:08:40,9228.93,6780.26
2022-07-24 16:08:39,9242.13,6767.06
2022-07-24 16:08:38,9261.46,6747.73
2022-07-24 16:08:37,9266.13,6743.05
2022-07-24 16:08:36,9312.5,6696.69
2022-07-24 16:08:35,9310.95,6698.24
2022-07-24 16:08:34,9337.88,6671.31
2022-07-24 16:08:33,9353.48,6655.71
2022-07-24 16:08:32,9381.66,6627.52
2022-07-24 16:08:31,9422.76,6586.43
2022-07-24 16:08:30,9510.75,6498.44
2022-07-24 16:08:29,9586.25,6422.93
2022-07-24 16:08:28,9753.12,6256.07
2022-07-24 16:08:27,10318.3,5690.9
2022-07-24 16:08:26,10463,5546.14
2022-07-24 16:08:25,10773.3,5235.91
2022-07-24 16:08:24,11024.9,4984.32
2022-07-24 16:08:23,11186.1,4823.05
2022-07-24 16:08:22,11515.4,4493.75
2022-07-24 16:08:21,11643.3,4365.89
2022-07-24 16:08:20,11831,4178.22
2022-07-24 16:08:19,11956.3,4052.85
2022-07-24 16:08:18,12139.5,3869.68
2022-07-24 16:08:17,11809,4200.17
2022-07-24 16:08:16,10949.5,5059.72
2022-07-24 16:08:15,9855.02,6154.17
2022-07-24 16:08:14,9241.89,6767.3
2022-07-24 16:08:13,9243.41,6765.77
2022-07-24 16:08:12,9244.81,6764.38
2022-07-24 16:08:11,9245.25,6763.94
2022-07-24 16:08:10,9264.5,6744.68
2022-07-24 16:08:09,9263.94,6745.25
2022-07-24 16:08:08,9276.14,6733.04
2022-07-24 16:08:07,9278.95,6730.24
2022-07-24 16:08:06,9295.8,6713.39
2022-07-24 16:08:05,9298.84,6710.34
2022-07-24 16:08:04,9309.91,6699.28
2022-07-24 16:08:03,9312.57,6696.61
2022-07-24 16:08:02,9316.41,6692.77
2022-07-24 16:08:01,9343,6666.19
2022-07-24 16:08:00,9365.57,6643.61
2022-07-24 16:07:59,9370.74,6638.45
2022-07-24 16:07:58,9370.84,6638.35
2022-07-24 16:07:57,9401.13,6608.06
2022-07-24 16:07:56,9414.71,6594.48
2022-07-24 16:07:55,9435.9,6573.29
2022-07-24 16:07:54,9446.73,6562.46
2022-07-24 16:07:53,9480.42,6528.77
2022-07-24 16:07:52,9469.95,6539.23
2022-07-24 16:07:51,9494.43,6514.76
2022-07-24 16:07:50,9528.96,6480.23
2022-07-24 16:07:49,9533.13,6476.06
2022-07-24 16:07:48,9565.22,6443.97
2022-07-24 16:07:47,9614.83,6394.36
2022-07-24 16:07:46,9621.98,6387.2
2022-07-24 16:07:45,9631.03,6378.16
2022-07-24 16:07:44,9747.97,6261.21
2022-07-24 16:07:43,9857.83,6151.36
2022-07-24 16:07:42,9982.05,6027.14
2022-07-24 16:07:41,10191.1,5818.09
2022-07-24 16:07:40,10450.4,5558.8
2022-07-24 16:07:39,10924.3,5084.85
2022-07-24 16:07:38,11300.4,4708.82
2022-07-24 16:07:37,11451.1,4558.12
2022-07-24 16:07:36,11622.4,4386.82
2022-07-24 16:07:35,11731.9,4277.25
2022-07-24 16:07:34,11865.9,4143.3
2022-07-24 16:07:33,12002.6,4006.62
2022-07-24 16:07:32,12155.8,3853.4
2022-07-24 16:07:31,11702.1,4307.12
2022-07-24 16:07:30,10858.6,5150.57
2022-07-24 16:07:29,9367.76,6641.43
2022-07-24 16:07:28,9368.76,6640.43
2022-07-24 16:07:27,9379.25,6629.93
2022-07-24 16:07:26,9379.4,6629.79
2022-07-24 16:07:25,9387.72,6621.47
2022-07-24 16:07:24,9400.28,6608.91
2022-07-24 16:07:23,9402.42,6606.77
2022-07-24 16:07:22,9403,6606.18
2022-07-24 16:07:21,9403.66,6605.52
2022-07-24 16:07:20,9429.58,6579.61
2022-07-24 16:07:19,9432.3,6576.88
2022-07-24 16:07:18,9434.23,6574.96
2022-07-24 16:07:17,9435.78,6573.41
2022-07-24 16:07:16,9461.09,6548.1
2022-07-24 16:07:15,9476.19,6533
2022-07-24 16:07:14,9475.58,6533.6
2022-07-24 16:07:13,9495.88,6513.3
2022-07-24 16:07:12,9508.56,6500.63
2022-07-24 16:07:11,9533.92,6475.27
2022-07-24 16:07:10,9535.9,6473.29
2022-07-24 16:07:09,9555.44,6453.75
2022-07-24 16:07:08,9574.33,6434.86
2022-07-24 16:07:07,9597.25,6411.94
2022-07-24 16:07:06,9634.95,6374.24
2022-07-24 16:07:05,9638.23,6370.96
2022-07-24 16:07:04,9686.71,6322.48
2022-07-24 16:07:03,9703.52,6305.67
2022-07-24 16:07:02,9710.5,6298.69
2022-07-24 16:07:01,9771.06,6238.12
2022-07-24 16:07:00,9818.19,6191
2022-07-24 16:06:59,9849.89,6159.3
2022-07-24 16:06:58,9887.83,6121.36
2022-07-24 16:06:57,10081.7,5927.5
2022-07-24 16:06:56,10450,5559.21
2022-07-24 16:06:55,10609.5,5399.69
2022-07-24 16:06:54,10723.8,5285.39
2022-07-24 16:06:53,11290.6,4718.61
2022-07-24 16:06:52,11482.9,4526.32
2022-07-24 16:06:51,11619.3,4389.87
2022-07-24 16:06:50,11689.8,4319.36
2022-07-24 16:06:49,11811,4198.2
2022-07-24 16:06:48,11918.9,4090.31
2022-07-24 16:06:47,12057.4,3951.78
2022-07-24 16:06:46,12245,3764.18
2022-07-24 16:06:45,11623.1,4386.06
2022-07-24 16:06:44,9261.28,6747.91
2022-07-24 16:06:43,9271.59,6737.6
2022-07-24 16:06:42,9276.49,6732.7
2022-07-24 16:06:41,9278.76,6730.43
2022-07-24 16:06:40,9280.53,6728.66
2022-07-24 16:06:39,9289.83,6719.36
2022-07-24 16:06:38,9297.44,6711.75
2022-07-24 16:06:37,9298.35,6710.84
2022-07-24 16:06:36,9299.88,6709.3
2022-07-24 16:06:35,9309.44,6699.75
2022-07-24 16:06:34,9319.2,6689.99
2022-07-24 16:06:33,9320.09,6689.09
2022-07-24 16:06:32,9323.32,6685.87
2022-07-24 16:06:31,9333.68,6675.5
2022-07-24 16:06:30,9365.55,6643.64
2022-07-24 16:06:29,9365.99,6643.2
2022-07-24 16:06:28,9367.23,6641.95
2022-07-24 16:06:27,9384.66,6624.53
2022-07-24 16:06:26,9384.61,6624.58
2022-07-24 16:06:25,9426.9,6582.29
2022-07-24 16:06:24,9442.06,6567.13
2022-07-24 16:06:23,9446.27,6562.92
2022-07-24 16:06:22,9476.18,6533
2022-07-24 16:06:21,9502.48,6506.7
2022-07-24 16:06:20,9530,6479.19
2022-07-24 16:06:19,9550.23,6458.96
2022-07-24 16:06:18,9572.3,6436.89
2022-07-24 16:06:17,9591.39,6417.8
2022-07-24 16:06:16,9660.36,6348.82
2022-07-24 16:06:15,9646.54,6362.65
2022-07-24 16:06:14,9647.73,6361.46
2022-07-24 16:06:13,9664.91,6344.28
2022-07-24 16:06:12,9785.66,6223.53
2022-07-24 16:06:11,9842.23,6166.95
2022-07-24 16:06:10,10034.4,5974.77
2022-07-24 16:06:09,10304.9,5704.24
2022-07-24 16:06:08,10779.6,5229.57
2022-07-24 16:06:07,11048.5,4960.65
2022-07-24 16:06:06,11154.8,4854.44
2022-07-24 16:06:05,11500.6,4508.55
2022-07-24 16:06:04,11612.3,4396.84
2022-07-24 16:06:03,11757.7,4251.52
2022-07-24 16:06:02,11893.7,4115.54
2022-07-24 16:06:01,12069,3940.14
2022-07-24 16:06:00,12239.4,3769.82
2022-07-24 16:05:59,11303.2,4706
2022-07-24 16:05:58,10544.1,5465.09
2022-07-24 16:05:57,9726.63,6282.56
2022-07-24 16:05:56,9097.87,6911.31
2022-07-24 16:05:55,9100.39,6908.8
2022-07-24 16:05:54,9099.95,6909.24
2022-07-24 16:05:53,9098.75,6910.44
2022-07-24 16:05:52,9099.76,6909.43
2022-07-24 16:05:51,9102.52,6906.67
2022-07-24 16:05:50,9104.21,6904.98
2022-07-24 16:05:49,9105.7,6903.49
2022-07-24 16:05:48,9107.99,6901.2
2022-07-24 16:05:47,9107.76,6901.43
2022-07-24 16:05:46,9118.44,6890.75
2022-07-24 16:05:45,9118.68,6890.51
2022-07-24 16:05:44,9119,6890.19
2022-07-24 16:05:43,9119.38,6889.81
2022-07-24 16:05:42,9119.22,6889.96
2022-07-24 16:05:41,9147.02,6862.17
2022-07-24 16:05:40,9147.25,6861.94
2022-07-24 16:05:39,9177.24,6831.95
2022-07-24 16:05:38,9178.65,6830.54
2022-07-24 16:05:37,9203.18,6806.01
2022-07-24 16:05:36,9205.04,6804.14
2022-07-24 16:05:35,9205.63,6803.56
2022-07-24 16:05:34,9240.39,6768.79
2022-07-24 16:05:33,9250.16,6759.03
2022-07-24 16:05:32,9251.23,6757.96
2022-07-24 16:05:31,9282.86,6726.33
2022-07-24 16:05:30,9290.15,6719.04
2022-07-24 16:05:29,9273.64,6735.55
2022-07-24 16:05:28,9393.45,6615.74
2022-07-24 16:05:27,9531.22,6477.96
2022-07-24 16:05:26,9710.22,6298.96
2022-07-24 16:05:25,9822.19,6187
2022-07-24 16:05:24,10426.8,5582.42
2022-07-24 16:05:23,10642.3,5366.9
2022-07-24 16:05:22,10844.5,5164.73
2022-07-24 16:05:21,11258.3,4750.93
2022-07-24 16:05:20,11369.3,4639.89
2022-07-24 16:05:19,11519.4,4489.78
2022-07-24 16:05:18,11601.5,4407.66
2022-07-24 16:05:17,11881.1,4128.11
2022-07-24 16:05:16,12046.1,3963.12
2022-07-24 16:05:15,12215.8,3793.36
2022-07-24 16:05:14,11401.8,4607.4
2022-07-24 16:05:13,10345.8,5663.38
2022-07-24 16:05:12,9887.03,6122.16
2022-07-24 16:05:11,9909.55,6099.64
2022-07-24 16:05:10,9399.19,6610
2022-07-24 16:05:09,9409.08,6600.11
2022-07-24 16:05:08,9407.94,6601.25
2022-07-24 16:05:07,9411.77,6597.42
2022-07-24 16:05:06,9412.66,6596.52
2022-07-24 16:05:05,9422.91,6586.28
2022-07-24 16:05:04,9422.41,6586.78
2022-07-24 16:05:03,9427.73,6581.45
2022-07-24 16:05:02,9428.04,6581.15
2022-07-24 16:05:01,9433.49,6575.7
2022-07-24 16:05:00,9437.23,6571.95
2022-07-24 16:04:59,9438.51,6570.68
2022-07-24 16:04:58,9440.22,6568.97
2022-07-24 16:04:57,9451.32,6557.86
2022-07-24 16:04:56,9458.65,6550.53
2022-07-24 16:04:55,9460.95,6548.23
2022-07-24 16:04:54,9483.26,6525.93
2022-07-24 16:04:53,9492.59,6516.6
2022-07-24 16:04:52,9498.29,6510.89
2022-07-24 16:04:51,9526.61,6482.58
2022-07-24 16:04:50,9553.33,6455.86
2022-07-24 16:04:49,9587,6422.19
2022-07-24 16:04:48,9593.07,6416.11
2022-07-24 16:04:47,9644.27,6364.91
2022-07-24 16:04:46,9677.84,6331.35
2022-07-24 16:04:45,9705.22,6303.96
2022-07-24 16:04:44,9759.89,6249.3
2022-07-24 16:04:43,9854.14,6155.04
2022-07-24 16:04:42,9911.36,6097.83
2022-07-24 16:04:41,10110.4,5898.8
2022-07-24 16:04:40,10500.6,5508.55
2022-07-24 16:04:39,10697.1,5312.09
2022-07-24 16:04:38,10836.1,5173.06
2022-07-24 16:04:37,10943.4,5065.81
2022-07-24 16:04:36,11167.5,4841.65
2022-07-24 16:04:35,11400.4,4608.81
2022-07-24 16:04:34,11534.8,4474.39
2022-07-24 16:04:33,11640.6,4368.59
2022-07-24 16:04:32,11790.5,4218.69
2022-07-24 16:04:31,11534.8,4474.42
2022-07-24 16:04:30,11680.4,4328.83
2022-07-24 16:04:29,10560.5,5448.66
2022-07-24 16:04:28,10641.6,5367.54
2022-07-24 16:04:27,10190.2,5818.96
2022-07-24 16:04:26,9615.94,6393.24
2022-07-24 16:04:25,9641.74,6367.45
2022-07-24 16:04:24,9019.12,6990.07
2022-07-24 16:04:23,9020.96,6988.23
2022-07-24 16:04:22,9027.96,6981.23
2022-07-24 16:04:21,9026.79,6982.4
2022-07-24 16:04:20,9029.21,6979.98
2022-07-24 16:04:19,9030.32,6978.87
2022-07-24 16:04:18,9036.11,6973.08
2022-07-24 16:04:17,9039.33,6969.86
2022-07-24 16:04:16,9037.99,6971.2
2022-07-24 16:04:15,9039.59,6969.59
2022-07-24 16:04:14,9057.32,6951.86
2022-07-24 16:04:13,9058.11,6951.07
2022-07-24 16:04:12,9061.71,6947.48
2022-07-24 16:04:11,9062.39,6946.8
2022-07-24 16:04:10,9094.77,6914.41
2022-07-24 16:04:09,9094.65,6914.54
2022-07-24 16:04:08,9095.7,6913.49
2022-07-24 16:04:07,9107.22,6901.97
2022-07-24 16:04:06,9122.63,6886.56
2022-07-24 16:04:05,9122.09,6887.1
2022-07-24 16:04:04,9138.64,6870.55
2022-07-24 16:04:03,9142.43,6866.76
2022-07-24 16:04:02,9168.16,6841.03
2022-07-24 16:04:01,9177.97,6831.22
2022-07-24 16:04:00,9210.26,6798.93
2022-07-24 16:03:59,9239.7,6769.49
2022-07-24 16:03:58,9271.27,6737.91
2022-07-24 16:03:57,9340.41,6668.78
2022-07-24 16:03:56,9651.09,6358.1
2022-07-24 16:03:55,9914.99,6094.2
2022-07-24 16:03:54,10060.2,5948.99
2022-07-24 16:03:53,10176.8,5832.41
2022-07-24 16:03:52,10529.4,5479.81
2022-07-24 16:03:51,10745.1,5264.1
2022-07-24 16:03:50,11087.6,4921.57
2022-07-24 16:03:49,11254,4755.2
2022-07-24 16:03:48,11430.8,4578.35
2022-07-24 16:03:47,11833,4176.14
2022-07-24 16:03:46,11971.3,4037.91
2022-07-24 16:03:45,11604.4,4404.78
2022-07-24 16:03:44,11232.5,4776.69
2022-07-24 16:03:43,10848.2,5160.98
2022-07-24 16:03:42,10933.6,5075.57
2022-07-24 16:03:41,9900.27,6108.91
2022-07-24 16:03:40,9922.37,6086.82
2022-07-24 16:03:39,9292.99,6716.2
2022-07-24 16:03:38,9296.52,6712.67
2022-07-24 16:03:37,9313.49,6695.7
2022-07-24 16:03:36,9318.88,6690.3
2022-07-24 16:03:35,9320.6,6688.59
2022-07-24 16:03:34,9330.92,6678.27
2022-07-24 16:03:33,9344.95,6664.24
2022-07-24 16:03:32,9355.96,6653.23
2022-07-24 16:03:31,9358.65,6650.54
2022-07-24 16:03:30,9360.05,6649.14
2022-07-24 16:03:29,9394.79,6614.4
2022-07-24 16:03:28,9409.84,6599.35
2022-07-24 16:03:27,9411.6,6597.59
2022-07-24 16:03:26,9413.02,6596.17
2022-07-24 16:03:25,9439.9,6569.29
2022-07-24 16:03:24,9462.64,6546.55
2022-07-24 16:03:23,9462.41,6546.78
2022-07-24 16:03:22,9479.94,6529.25
2022-07-24 16:03:21,9500.64,6508.55
2022-07-24 16:03:20,9518.14,6491.05
2022-07-24 16:03:19,9559.23,6449.95
2022-07-24 16:03:18,9544.43,6464.75
2022-07-24 16:03:17,9562.77,6446.41
2022-07-24 16:03:16,9593.06,6416.13
2022-07-24 16:03:15,9625.79,6383.4
2022-07-24 16:03:14,9661.34,6347.84
2022-07-24 16:03:13,9688.05,6321.14
2022-07-24 16:03:12,9761.74,6247.45
2022-07-24 16:03:11,9941.88,6067.31
2022-07-24 16:03:10,10107.4,5901.78
2022-07-24 16:03:09,10164.4,5844.76
2022-07-24 16:03:08,10348.6,5660.61
2022-07-24 16:03:07,10646.3,5362.93
2022-07-24 16:03:06,11000.7,5008.47
2022-07-24 16:03:05,11135.1,4874.1
2022-07-24 16:03:04,11292.9,4716.31
2022-07-24 16:03:03,11407.7,4601.44
2022-07-24 16:03:02,11517.2,4491.99
2022-07-24 16:03:01,11351.4,4657.74
2022-07-24 16:03:00,11557.3,4451.89
2022-07-24 16:02:59,11740.8,4268.4
2022-07-24 16:02:58,11356.8,4652.35
2022-07-24 16:02:57,10288.4,5720.79
2022-07-24 16:02:56,9712.15,6297.04
2022-07-24 16:02:55,9758.4,6250.78
2022-07-24 16:02:54,9205.52,6803.67
2022-07-24 16:02:53,9174.7,6834.49
2022-07-24 16:02:52,9179.26,6829.93
2022-07-24 16:02:51,9180.38,6828.81
2022-07-24 16:02:50,9180.94,6828.25
2022-07-24 16:02:49,9187.63,6821.55
2022-07-24 16:02:48,9188.1,6821.09
2022-07-24 16:02:47,9198.96,6810.23
2022-07-24 16:02:46,9200.55,6808.64
2022-07-24 16:02:45,9210.91,6798.28
2022-07-24 16:02:44,9211.31,6797.88
2022-07-24 16:02:43,9227.44,6781.75
2022-07-24 16:02:42,9245.71,6763.48
2022-07-24 16:02:41,9246.9,6762.29
2022-07-24 16:02:40,9255.48,6753.71
2022-07-24 16:02:39,9279.21,6729.98
2022-07-24 16:02:38,9294.13,6715.05
2022-07-24 16:02:37,9305.62,6703.57
2022-07-24 16:02:36,9307.46,6701.73
2022-07-24 16:02:35,9342.04,6667.15
2022-07-24 16:02:34,9342.7,6666.49
2022-07-24 16:02:33,9361.67,6647.52
2022-07-24 16:02:32,9375.8,6633.39
2022-07-24 16:02:31,9391.43,6617.76
2022-07-24 16:02:30,9407.75,6601.43
2022-07-24 16:02:29,9427.67,6581.52
2022-07-24 16:02:28,9457.08,6552.11
2022-07-24 16:02:27,9490,6519.19
2022-07-24 16:02:26,9491.18,6518.01
2022-07-24 16:02:25,9677.97,6331.22
2022-07-24 16:02:24,9826.91,6182.28
2022-07-24 16:02:23,10001.4,6007.84
2022-07-24 16:02:22,10173.6,5835.63
2022-07-24 16:02:21,10339,5670.15
2022-07-24 16:02:20,10635.7,5373.51
2022-07-24 16:02:19,10831.8,5177.34
2022-07-24 16:02:18,11396.9,4612.32
2022-07-24 16:02:17,11609.9,4399.3
2022-07-24 16:02:16,11817.7,4191.45
2022-07-24 16:02:15,11304.6,4704.62
2022-07-24 16:02:14,11427.8,4581.37
2022-07-24 16:02:13,11556.5,4452.72
2022-07-24 16:02:12,11707,4302.21
2022-07-24 16:02:11,11347.6,4661.55
2022-07-24 16:02:10,9388.52,6620.67
2022-07-24 16:02:09,9127.88,6881.31
2022-07-24 16:02:08,9127.68,6881.5
2022-07-24 16:02:07,9129.48,6879.71
2022-07-24 16:02:06,9130.76,6878.43
2022-07-24 16:02:05,9136.23,6872.96
2022-07-24 16:02:04,9138.05,6871.14
2022-07-24 16:02:03,9137.93,6871.25
2022-07-24 16:02:02,9139.61,6869.58
2022-07-24 16:02:01,9152.63,6856.56
2022-07-24 16:02:00,9154.7,6854.48
2022-07-24 16:01:59,9153.95,6855.24
2022-07-24 16:01:58,9158,6851.19
2022-07-24 16:01:57,9159.26,6849.93
2022-07-24 16:01:56,9175.8,6833.39
2022-07-24 16:01:55,9176.77,6832.42
2022-07-24 16:01:54,9181.56,6827.63
2022-07-24 16:01:53,9187.56,6821.62
2022-07-24 16:01:52,9199.76,6809.43
2022-07-24 16:01:51,9203.21,6805.97
2022-07-24 16:01:50,9224.67,6784.52
2022-07-24 16:01:49,9241.76,6767.43
2022-07-24 16:01:48,9258.31,6750.88
2022-07-24 16:01:47,9261.61,6747.58
2022-07-24 16:01:46,9277.39,6731.79
2022-07-24 16:01:45,9300.57,6708.62
2022-07-24 16:01:44,9321.6,6687.59
2022-07-24 16:01:43,9311.16,6698.02
2022-07-24 16:01:42,9350.35,6658.84
2022-07-24 16:01:41,9434.55,6574.64
2022-07-24 16:01:40,9460.42,6548.77
2022-07-24 16:01:39,9739.63,6269.55
2022-07-24 16:01:38,9863.01,6146.18
2022-07-24 16:01:37,10052,5957.23
2022-07-24 16:01:36,10553.4,5455.75
2022-07-24 16:01:35,10673.4,5335.74
2022-07-24 16:01:34,10903,5106.17
2022-07-24 16:01:33,11141,4868.18
2022-07-24 16:01:32,11521.9,4487.29
2022-07-24 16:01:31,11654.4,4354.8
2022-07-24 16:01:30,11760.8,4248.36
2022-07-24 16:01:29,11927.8,4081.4
2022-07-24 16:01:28,12080.8,3928.39
2022-07-24 16:01:27,12247.6,3761.59
2022-07-24 16:01:26,11164.2,4844.94
2022-07-24 16:01:25,10127.5,5881.65
2022-07-24 16:01:24,9641.34,6367.85
2022-07-24 16:01:23,9163.16,6846.03
2022-07-24 16:01:22,9163.69,6845.5
2022-07-24 16:01:21,9164.5,6844.69
2022-07-24 16:01:20,9166.25,6842.93
2022-07-24 16:01:19,9169.19,6840
2022-07-24 16:01:18,9168.29,6840.9
2022-07-24 16:01:17,9170.41,6838.78
2022-07-24 16:01:16,9171.32,6837.87
2022-07-24 16:01:15,9172.6,6836.59
2022-07-24 16:01:14,9180.27,6828.92
2022-07-24 16:01:13,9182.04,6827.15
2022-07-24 16:01:12,9195.27,6813.92
2022-07-24 16:01:11,9194.6,6814.59
2022-07-24 16:01:10,9208.16,6801.02
2022-07-24 16:01:09,9209.3,6799.88
2022-07-24 16:01:08,9231.17,6778.02
2022-07-24 16:01:07,9247.54,6761.65
2022-07-24 16:01:06,9260.98,6748.21
2022-07-24 16:01:05,9266.15,6743.04
2022-07-24 16:01:04,9280.55,6728.63
2022-07-24 16:01:03,9302.86,6706.32
2022-07-24 16:01:02,9293.26,6715.93
2022-07-24 16:01:01,9319.46,6689.73
2022-07-24 16:01:00,9323.15,6686.03
2022-07-24 16:00:59,9348.68,6660.5
2022-07-24 16:00:58,9367.38,6641.8
2022-07-24 16:00:57,9365.69,6643.5
2022-07-24 16:00:56,9369.29,6639.9
2022-07-24 16:00:55,9468.22,6540.97
2022-07-24 16:00:54,9596.1,6413.09
2022-07-24 16:00:53,9646.89,6362.3
2022-07-24 16:00:52,10028.3,5980.93
2022-07-24 16:00:51,10475.7,5533.53
2022-07-24 16:00:50,10598.5,5410.64
2022-07-24 16:00:49,11052.7,4956.45
2022-07-24 16:00:48,11179.5,4829.67
2022-07-24 16:00:47,11406,4603.18
2022-07-24 16:00:46,11551.2,4457.98
2022-07-24 16:00:45,11726.9,4282.27
2022-07-24 16:00:44,11894.5,4114.71
2022-07-24 16:00:43,12027.4,3981.83
2022-07-24 16:00:42,12193.3,3815.93
2022-07-24 16:00:41,11342.7,4666.45
2022-07-24 16:00:40,10954.5,5054.66
2022-07-24 16:00:39,9779.95,6229.24
2022-07-24 16:00:38,9294.02,6715.17
2022-07-24 16:00:37,9297.36,6711.82
2022-07-24 16:00:36,9304.77,6704.42
2022-07-24 16:00:35,9306.78,6702.41
2022-07-24 16:00:34,9310.25,6698.94
2022-07-24 16:00:33,9310.94,6698.25
2022-07-24 16:00:32,9321.84,6687.35
2022-07-24 16:00:31,9324.66,6684.52
2022-07-24 16:00:30,9333.66,6675.52
2022-07-24 16:00:29,9332.8,6676.38
2022-07-24 16:00:28,9348.86,6660.33
2022-07-24 16:00:27,9351.77,6657.42
2022-07-24 16:00:26,9375.3,6633.88
2022-07-24 16:00:25,9378.09,6631.09
2022-07-24 16:00:24,9379.32,6629.86
2022-07-24 16:00:23,9410.4,6598.79
2022-07-24 16:00:22,9430.48,6578.71
2022-07-24 16:00:21,9431.76,6577.43
2022-07-24 16:00:20,9432.97,6576.22
2022-07-24 16:00:19,9482.02,6527.17
2022-07-24 16:00:18,9481.97,6527.22
2022-07-24 16:00:17,9498.77,6510.42
2022-07-24 16:00:16,9519.16,6490.03
2022-07-24 16:00:15,9553.16,6456.03
2022-07-24 16:00:14,9568.68,6440.51
2022-07-24 16:00:13,9586.7,6422.49
2022-07-24 16:00:12,9625.16,6384.02
2022-07-24 16:00:11,9655.53,6353.66
2022-07-24 16:00:10,9673.6,6335.59
2022-07-24 16:00:09,9704.91,6304.28
2022-07-24 16:00:08,9889.15,6120.04
2022-07-24 16:00:07,10019.8,5989.35
2022-07-24 16:00:06,10294.4,5714.8
2022-07-24 16:00:05,10355.8,5653.37
2022-07-24 16:00:04,10540.1,5469.11
2022-07-24 16:00:03,10899.2,5109.99
2022-07-24 16:00:02,11265.7,4743.53
2022-07-24 16:00:01,11397.5,4611.66
2022-07-24 16:00:00,11602.7,4406.47
2022-07-24 15:59:59,11709,4300.18
2022-07-24 15:59:58,11373.4,4635.78
2022-07-24 15:59:57,11589.1,4420.08
2022-07-24 15:59:56,11114.6,4894.6
2022-07-24 15:59:55,11041.8,4967.34
2022-07-24 15:59:54,10159.7,5849.49
2022-07-24 15:59:53,10217.7,5791.48
2022-07-24 15:59:52,9753.66,6255.53
2022-07-24 15:59:51,9779.66,6229.53
2022-07-24 15:59:50,9173.37,6835.82
2022-07-24 15:59:49,9187.33,6821.86
2022-07-24 15:59:48,9188.57,6820.61
2022-07-24 15:59:47,9192.11,6817.08
2022-07-24 15:59:46,9201.68,6807.5
2022-07-24 15:59:45,9214.5,6794.69
2022-07-24 15:59:44,9216.22,6792.96
2022-07-24 15:59:43,9222.46,6786.73
2022-07-24 15:59:42,9234.8,6774.39
2022-07-24 15:59:41,9247.25,6761.94
2022-07-24 15:59:40,9249.43,6759.76
2022-07-24 15:59:39,9249.77,6759.41
2022-07-24 15:59:38,9276.59,6732.6
2022-07-24 15:59:37,9292.5,6716.69
2022-07-24 15:59:36,9294.99,6714.2
2022-07-24 15:59:35,9295.52,6713.66
2022-07-24 15:59:34,9321.77,6687.42
2022-07-24 15:59:33,9338.53,6670.66
2022-07-24 15:59:32,9340.66,6668.52
2022-07-24 15:59:31,9354.84,6654.34
2022-07-24 15:59:30,9385.18,6624.01
2022-07-24 15:59:29,9388.94,6620.25
2022-07-24 15:59:28,9408.05,6601.14
2022-07-24 15:59:27,9436.01,6573.18
2022-07-24 15:59:26,9436.18,6573
2022-07-24 15:59:25,9476.53,6532.66
2022-07-24 15:59:24,9529.2,6479.99
2022-07-24 15:59:23,9683.54,6325.64
2022-07-24 15:59:22,9745.01,6264.18
2022-07-24 15:59:21,9997.2,6011.99
2022-07-24 15:59:20,10151.4,5857.74
2022-07-24 15:59:19,10320,5689.17
2022-07-24 15:59:18,10535.5,5473.65
2022-07-24 15:59:17,10725.6,5283.59
2022-07-24 15:59:16,10923.5,5085.72
2022-07-24 15:59:15,11258.8,4750.38
2022-07-24 15:59:14,11375.7,4633.45
2022-07-24 15:59:13,11232.1,4777.14
2022-07-24 15:59:12,11397.7,4611.53
2022-07-24 15:59:11,11555.5,4453.73
2022-07-24 15:59:10,11173.6,4835.62
2022-07-24 15:59:09,10763.7,5245.44
2022-07-24 15:59:08,10869.8,5139.39
2022-07-24 15:59:07,10949.9,5059.28
2022-07-24 15:59:06,9349.15,6660.04
2022-07-24 15:59:05,9352.95,6656.24
2022-07-24 15:59:04,9352.38,6656.8
2022-07-24 15:59:03,9364.66,6644.53
2022-07-24 15:59:02,9369.93,6639.26
2022-07-24 15:59:01,9369.33,6639.86
2022-07-24 15:59:00,9371.74,6637.45
2022-07-24 15:58:59,9379.57,6629.62
2022-07-24 15:58:58,9387.88,6621.31
2022-07-24 15:58:57,9388.87,6620.32
2022-07-24 15:58:56,9403.08,6606.11
2022-07-24 15:58:55,9416.4,6592.78
2022-07-24 15:58:54,9427.84,6581.35
2022-07-24 15:58:53,9432.01,6577.18
2022-07-24 15:58:52,9447.02,6562.17
2022-07-24 15:58:51,9474.32,6534.87
2022-07-24 15:58:50,9492.18,6517.01
2022-07-24 15:58:49,9493.84,6515.34
2022-07-24 15:58:48,9504.54,6504.64
2022-07-24 15:58:47,9534.87,6474.32
2022-07-24 15:58:46,9580.17,6429.02
2022-07-24 15:58:45,9580.47,6428.72
2022-07-24 15:58:44,9592.5,6416.69
2022-07-24 15:58:43,9641.31,6367.88
2022-07-24 15:58:42,9689.98,6319.2
2022-07-24 15:58:41,9690.49,6318.7
2022-07-24 15:58:40,9746.7,6262.48
2022-07-24 15:58:39,9782.14,6227.05
2022-07-24 15:58:38,9808.41,6200.78
2022-07-24 15:58:37,9917.14,6092.04
2022-07-24 15:58:36,10009.3,5999.84
2022-07-24 15:58:35,10185.5,5823.68
2022-07-24 15:58:34,10468.3,5540.92
2022-07-24 15:58:33,10667.6,5341.61
2022-07-24 15:58:32,10756.6,5252.62
2022-07-24 15:58:31,10954.6,5054.56
2022-07-24 15:58:30,11081.4,4927.81
2022-07-24 15:58:29,11377.1,4632.05
2022-07-24 15:58:28,11553.9,4455.3
2022-07-24 15:58:27,11843.9,4165.26
2022-07-24 15:58:26,11660.9,4348.25
2022-07-24 15:58:25,11668.5,4340.64
2022-07-24 15:58:24,11272.5,4736.68
2022-07-24 15:58:23,10728.7,5280.52
2022-07-24 15:58:22,10184.8,5824.43
2022-07-24 15:58:21,10257.2,5751.94
2022-07-24 15:58:20,9397.54,6611.64
2022-07-24 15:58:19,9173.61,6835.58
2022-07-24 15:58:18,9174.75,6834.44
2022-07-24 15:58:17,9173.93,6835.26
2022-07-24 15:58:16,9175.17,6834.02
2022-07-24 15:58:15,9175.7,6833.49
2022-07-24 15:58:14,9176.61,6832.58
2022-07-24 15:58:13,9178.15,6831.03
2022-07-24 15:58:12,9176.71,6832.47
2022-07-24 15:58:11,9190.3,6818.89
2022-07-24 15:58:10,9188.38,6820.81
2022-07-24 15:58:09,9201.31,6807.87
2022-07-24 15:58:08,9204.14,6805.05
2022-07-24 15:58:07,9205.89,6803.29
2022-07-24 15:58:06,9220.89,6788.3
2022-07-24 15:58:05,9220.34,6788.85
2022-07-24 15:58:04,9232.27,6776.92
2022-07-24 15:58:03,9237.32,6771.87
2022-07-24 15:58:02,9252.32,6756.87
2022-07-24 15:58:01,9253.49,6755.7
2022-07-24 15:58:00,9265.05,6744.14
2022-07-24 15:57:59,9273.88,6735.3
2022-07-24 15:57:58,9293.42,6715.77
2022-07-24 15:57:57,9294.52,6714.66
2022-07-24 15:57:56,9316.65,6692.54
2022-07-24 15:57:55,9342.25,6666.94
2022-07-24 15:57:54,9329.86,6679.33
2022-07-24 15:57:53,9333.9,6675.29
2022-07-24 15:57:52,9383.21,6625.97
2022-07-24 15:57:51,9496.73,6512.45
2022-07-24 15:57:50,9582.66,6426.53
2022-07-24 15:57:49,9777.27,6231.92
2022-07-24 15:57:48,9962.37,6046.81
2022-07-24 15:57:47,10327.6,5681.58
2022-07-24 15:57:46,10396.4,5612.83
2022-07-24 15:57:45,10791.1,5218.12
2022-07-24 15:57:44,11161.6,4847.58
2022-07-24 15:57:43,11344.1,4665.11
2022-07-24 15:57:42,11502.8,4506.43
2022-07-24 15:57:41,11650.8,4358.35
2022-07-24 15:57:40,11919.8,4089.42
2022-07-24 15:57:39,12082,3927.19
2022-07-24 15:57:38,11592.1,4417.06
2022-07-24 15:57:37,11192.1,4817.12
2022-07-24 15:57:36,10789.8,5219.43
2022-07-24 15:57:35,10349.5,5659.68
2022-07-24 15:57:34,9866.82,6142.36
2022-07-24 15:57:33,9378.56,6630.62
2022-07-24 15:57:32,9392.78,6616.41
2022-07-24 15:57:31,9394.57,6614.62
2022-07-24 15:57:30,9397.84,6611.34
2022-07-24 15:57:29,9399.38,6609.81
2022-07-24 15:57:28,9406.41,6602.77
2022-07-24 15:57:27,9423.05,6586.13
2022-07-24 15:57:26,9427.54,6581.64
2022-07-24 15:57:25,9432.08,6577.11
2022-07-24 15:57:24,9438,6571.18
2022-07-24 15:57:23,9476.54,6532.65
2022-07-24 15:57:22,9493.63,6515.55
2022-07-24 15:57:21,9494.91,6514.28
2022-07-24 15:57:20,9496.14,6513.05
2022-07-24 15:57:19,9524.52,6484.66
2022-07-24 15:57:18,9559.19,6450
2022-07-24 15:57:17,9570.12,6439.07
2022-07-24 15:57:16,9581.59,6427.6
2022-07-24 15:57:15,9594.21,6414.98
2022-07-24 15:57:14,9634.09,6375.1
2022-07-24 15:57:13,9636.25,6372.93
2022-07-24 15:57:12,9657.42,6351.77
2022-07-24 15:57:11,9682.47,6326.72
2022-07-24 15:57:10,9711.76,6297.43
2022-07-24 15:57:09,9730.44,6278.75
2022-07-24 15:57:08,9761.07,6248.11
2022-07-24 15:57:07,9929.33,6079.86
2022-07-24 15:57:06,9940.91,6068.27
2022-07-24 15:57:05,10103.3,5905.89
2022-07-24 15:57:04,10413.4,5595.75
2022-07-24 15:57:03,10568.5,5440.72
2022-07-24 15:57:02,10728.2,5280.97
2022-07-24 15:57:01,10937.2,5071.95
2022-07-24 15:57:00,11153.9,4855.29
2022-07-24 15:56:59,11286.4,4722.81
2022-07-24 15:56:58,11504.2,4504.95
2022-07-24 15:56:57,11671.7,4337.47
2022-07-24 15:56:56,11790.6,4218.62
2022-07-24 15:56:55,11518.9,4490.3
2022-07-24 15:56:54,11179.1,4830.09
2022-07-24 15:56:53,11292,4717.21
2022-07-24 15:56:52,11410.8,4598.34
2022-07-24 15:56:51,10600.8,5408.41
2022-07-24 15:56:50,9784.1,6225.08
2022-07-24 15:56:49,9812.27,6196.91
2022-07-24 15:56:48,9314.71,6694.48
2022-07-24 15:56:47,9322.72,6686.46
2022-07-24 15:56:46,9322.47,6686.71
2022-07-24 15:56:45,9328.44,6680.75
2022-07-24 15:56:44,9343.41,6665.77
2022-07-24 15:56:43,9347.4,6661.79
2022-07-24 15:56:42,9348.18,6661
2022-07-24 15:56:41,9348.89,6660.3
2022-07-24 15:56:40,9358.27,6650.92
2022-07-24 15:56:39,9380.39,6628.8
2022-07-24 15:56:38,9381.22,6627.97
2022-07-24 15:56:37,9384.11,6625.08
2022-07-24 15:56:36,9394.51,6614.68
2022-07-24 15:56:35,9409.56,6599.63
2022-07-24 15:56:34,9411.84,6597.35
2022-07-24 15:56:33,9423.88,6585.3
2022-07-24 15:56:32,9426.14,6583.05
2022-07-24 15:56:31,9456.77,6552.42
2022-07-24 15:56:30,9487.9,6521.28
2022-07-24 15:56:29,9487.3,6521.89
2022-07-24 15:56:28,9492.19,6517
2022-07-24 15:56:27,9539.86,6469.32
2022-07-24 15:56:26,9541.67,6467.52
2022-07-24 15:56:25,9564.18,6445.01
2022-07-24 15:56:24,9582.61,6426.58
2022-07-24 15:56:23,9608.71,6400.48
2022-07-24 15:56:22,9621.42,6387.77
2022-07-24 15:56:21,9701.07,6308.11
2022-07-24 15:56:20,9784.76,6224.43
2022-07-24 15:56:19,10094.2,5914.98
2022-07-24 15:56:18,10240.4,5768.8
2022-07-24 15:56:17,10311.9,5697.31
2022-07-24 15:56:16,10651.1,5358.07
2022-07-24 15:56:15,10964.7,5044.51
2022-07-24 15:56:14,11144.1,4865.08
2022-07-24 15:56:13,11292.8,4716.39
2022-07-24 15:56:12,11557.4,4451.8
2022-07-24 15:56:11,11797.9,4211.28
2022-07-24 15:56:10,11951.4,4057.79
2022-07-24 15:56:09,12076.9,3932.32
2022-07-24 15:56:08,11171,4838.2
2022-07-24 15:56:07,11288.6,4720.57
2022-07-24 15:56:06,10883.3,5125.86
2022-07-24 15:56:05,10348,5661.23
2022-07-24 15:56:04,10386,5623.23
2022-07-24 15:56:03,9246.88,6762.31
2022-07-24 15:56:02,9247.03,6762.16
2022-07-24 15:56:01,9250.8,6758.39
2022-07-24 15:56:00,9251.41,6757.78
2022-07-24 15:55:59,9253.78,6755.41
2022-07-24 15:55:58,9253.87,6755.32
2022-07-24 15:55:57,9259.32,6749.86
2022-07-24 15:55:56,9260.42,6748.77
2022-07-24 15:55:55,9262.17,6747.02
2022-07-24 15:55:54,9272.51,6736.68
2022-07-24 15:55:53,9288.05,6721.14
2022-07-24 15:55:52,9292.35,6716.84
2022-07-24 15:55:51,9294.34,6714.85
2022-07-24 15:55:50,9294.54,6714.64
2022-07-24 15:55:49,9305.05,6704.14
2022-07-24 15:55:48,9324.79,6684.4
2022-07-24 15:55:47,9326.57,6682.61
2022-07-24 15:55:46,9340.12,6669.07
2022-07-24 15:55:45,9371.48,6637.71
2022-07-24 15:55:44,9391.46,6617.73
2022-07-24 15:55:43,9393.68,6615.51
2022-07-24 15:55:42,9415.21,6593.97
2022-07-24 15:55:41,9454.59,6554.6
2022-07-24 15:55:40,9475.19,6534
2022-07-24 15:55:39,9477.89,6531.3
2022-07-24 15:55:38,9490.95,6518.24
2022-07-24 15:55:37,9584.2,6424.99
2022-07-24 15:55:36,9562.67,6446.52
2022-07-24 15:55:35,9555.46,6453.73
2022-07-24 15:55:34,9684.28,6324.91
2022-07-24 15:55:33,9831.02,6178.16
2022-07-24 15:55:32,9909.87,6099.32
2022-07-24 15:55:31,10197.1,5812.11
2022-07-24 15:55:30,10447.5,5561.64
2022-07-24 15:55:29,10892.8,5116.41
2022-07-24 15:55:28,11205.8,4803.4
2022-07-24 15:55:27,11372.3,4636.87
2022-07-24 15:55:26,11499.8,4509.42
2022-07-24 15:55:25,11587.8,4421.38
2022-07-24 15:55:24,11857.9,4151.33
2022-07-24 15:55:23,11989.4,4019.76
2022-07-24 15:55:22,12159.2,3850.02
2022-07-24 15:55:21,12337.4,3671.74
2022-07-24 15:55:20,10818,5191.15
2022-07-24 15:55:19,9748.94,6260.25
2022-07-24 15:55:18,9778.91,6230.28
2022-07-24 15:55:17,9710.02,6299.17
2022-07-24 15:55:16,9157.16,6852.03
2022-07-24 15:55:15,9165.24,6843.95
2022-07-24 15:55:14,9168.39,6840.8
2022-07-24 15:55:13,9168.67,6840.52
2022-07-24 15:55:12,9168.98,6840.2
2022-07-24 15:55:11,9172.69,6836.5
2022-07-24 15:55:10,9175.03,6834.16
2022-07-24 15:55:09,9180.43,6828.76
2022-07-24 15:55:08,9180.48,6828.71
2022-07-24 15:55:07,9186,6823.19
2022-07-24 15:55:06,9192.17,6817.02
2022-07-24 15:55:05,9224.21,6784.98
2022-07-24 15:55:04,9226.39,6782.8
2022-07-24 15:55:03,9231.47,6777.71
2022-07-24 15:55:02,9247.25,6761.93
2022-07-24 15:55:01,9261.43,6747.76
2022-07-24 15:55:00,9290.55,6718.64
2022-07-24 15:54:59,9293.2,6715.99
2022-07-24 15:54:58,9323.39,6685.79
2022-07-24 15:54:57,9348.23,6660.96
2022-07-24 15:54:56,9351.34,6657.85
2022-07-24 15:54:55,9354.02,6655.16
2022-07-24 15:54:54,9376.75,6632.44
2022-07-24 15:54:53,9388.27,6620.92
2022-07-24 15:54:52,9394.91,6614.28
2022-07-24 15:54:51,9407.73,6601.46
2022-07-24 15:54:50,9446.91,6562.28
2022-07-24 15:54:49,9443.8,6565.39
2022-07-24 15:54:48,9506,6503.18
2022-07-24 15:54:47,9646.47,6362.72
2022-07-24 15:54:46,9723.02,6286.16
2022-07-24 15:54:45,10049.4,5959.79
2022-07-24 15:54:44,10291.4,5717.81
2022-07-24 15:54:43,10601,5408.21
2022-07-24 15:54:42,10948.6,5060.55
2022-07-24 15:54:41,11355,4654.21
2022-07-24 15:54:40,11540.4,4468.81
2022-07-24 15:54:39,11705.4,4303.75
2022-07-24 15:54:38,11864.8,4144.43
2022-07-24 15:54:37,12005.7,4003.52
2022-07-24 15:54:36,12167.3,3841.86
2022-07-24 15:54:35,11852.1,4157.08
2022-07-24 15:54:34,10831.9,5177.33
2022-07-24 15:54:33,10399.3,5609.93
2022-07-24 15:54:32,9266.2,6742.99
2022-07-24 15:54:31,9278.37,6730.82
2022-07-24 15:54:30,9277.67,6731.52
2022-07-24 15:54:29,9280.31,6728.88
2022-07-24 15:54:28,9288.57,6720.62
2022-07-24 15:54:27,9294.32,6714.87
2022-07-24 15:54:26,9301.12,6708.07
2022-07-24 15:54:25,9305.97,6703.22
2022-07-24 15:54:24,9313.65,6695.54
2022-07-24 15:54:23,9326.86,6682.32
2022-07-24 15:54:22,9328.46,6680.73
2022-07-24 15:54:21,9335.39,6673.79
2022-07-24 15:54:20,9339.67,6669.52
2022-07-24 15:54:19,9355.18,6654
2022-07-24 15:54:18,9361.48,6647.71
2022-07-24 15:54:17,9372.42,6636.77
2022-07-24 15:54:16,9374.48,6634.71
2022-07-24 15:54:15,9399.63,6609.56
2022-07-24 15:54:14,9428.14,6581.04
2022-07-24 15:54:13,9432.3,6576.89
2022-07-24 15:54:12,9437.53,6571.66
2022-07-24 15:54:11,9501.34,6507.85
2022-07-24 15:54:10,9498.3,6510.89
2022-07-24 15:54:09,9499.98,6509.21
2022-07-24 15:54:08,9529.15,6480.04
2022-07-24 15:54:07,9585.46,6423.72
2022-07-24 15:54:06,9594.3,6414.89
2022-07-24 15:54:05,9609.28,6399.91
2022-07-24 15:54:04,9680.13,6329.05
2022-07-24 15:54:03,9775.04,6234.14
2022-07-24 15:54:02,9866.16,6143.03
2022-07-24 15:54:01,10180.9,5828.3
2022-07-24 15:54:00,10465.4,5543.82
2022-07-24 15:53:59,10727.3,5281.91
2022-07-24 15:53:58,10855.2,5154.02
2022-07-24 15:53:57,11059.5,4949.73
2022-07-24 15:53:56,11382.4,4626.8
2022-07-24 15:53:55,11491.1,4518.05
2022-07-24 15:53:54,11755.8,4253.36
2022-07-24 15:53:53,11931,4078.17
2022-07-24 15:53:52,12094.1,3915.12
2022-07-24 15:53:51,11727.1,4282.07
2022-07-24 15:53:50,11359.8,4649.38
2022-07-24 15:53:49,10408.8,5600.37
2022-07-24 15:53:48,10484.6,5524.61
2022-07-24 15:53:47,10529.9,5479.28
2022-07-24 15:53:46,9407.36,6601.82
2022-07-24 15:53:45,9410.77,6598.42
2022-07-24 15:53:44,9412.16,6597.03
2022-07-24 15:53:43,9421.34,6587.85
2022-07-24 15:53:42,9428.39,6580.8
2022-07-24 15:53:41,9428.65,6580.54
2022-07-24 15:53:40,9434.67,6574.52
2022-07-24 15:53:39,9438.75,6570.44
2022-07-24 15:53:38,9448.23,6560.96
2022-07-24 15:53:37,9458.7,6550.48
2022-07-24 15:53:36,9459.21,6549.98
2022-07-24 15:53:35,9461.55,6547.64
2022-07-24 15:53:34,9483.25,6525.94
2022-07-24 15:53:33,9519.32,6489.87
2022-07-24 15:53:32,9521.08,6488.11
2022-07-24 15:53:31,9545.75,6463.44
2022-07-24 15:53:30,9571.71,6437.48
2022-07-24 15:53:29,9612.56,6396.63
2022-07-24 15:53:28,9617.88,6391.31
2022-07-24 15:53:27,9626.25,6382.94
2022-07-24 15:53:26,9691.11,6318.07
2022-07-24 15:53:25,9699.16,6310.02
2022-07-24 15:53:24,9712.86,6296.32
2022-07-24 15:53:23,9762.22,6246.97
2022-07-24 15:53:22,9790.08,6219.11
2022-07-24 15:53:21,9808.22,6200.97
2022-07-24 15:53:20,9835.96,6173.22
2022-07-24 15:53:19,9876.69,6132.5
2022-07-24 15:53:18,9941.44,6067.75
2022-07-24 15:53:17,10094.8,5914.42
2022-07-24 15:53:16,10198.2,5811
2022-07-24 15:53:15,10399.3,5609.89
2022-07-24 15:53:14,10509.7,5499.47
2022-07-24 15:53:13,10740.1,5269.09
2022-07-24 15:53:12,10937.4,5071.79
2022-07-24 15:53:11,11036.6,4972.62
2022-07-24 15:53:10,11168.5,4840.71
2022-07-24 15:53:09,11401.5,4607.65
2022-07-24 15:53:08,11529.5,4479.66
2022-07-24 15:53:07,11210.8,4798.41
2022-07-24 15:53:06,11537.2,4471.97
2022-07-24 15:53:05,11180.1,4829.11
2022-07-24 15:53:04,10773.9,5235.29
2022-07-24 15:53:03,10858,5151.19
2022-07-24 15:53:02,10414.2,5595.02
2022-07-24 15:53:01,9844.6,6164.59
2022-07-24 15:53:00,9898.46,6110.73
2022-07-24 15:52:59,9909.87,6099.32
2022-07-24 15:52:58,9397.13,6612.06
2022-07-24 15:52:57,9396.57,6612.61
2022-07-24 15:52:56,9397.58,6611.61
2022-07-24 15:52:55,9410.54,6598.65
2022-07-24 15:52:54,9420.74,6588.45
2022-07-24 15:52:53,9422.73,6586.46
2022-07-24 15:52:52,9423.58,6585.61
2022-07-24 15:52:51,9451.27,6557.92
2022-07-24 15:52:50,9463.65,6545.53
2022-07-24 15:52:49,9475.77,6533.41
2022-07-24 15:52:48,9478.22,6530.97
2022-07-24 15:52:47,9496.5,6512.69
2022-07-24 15:52:46,9526.83,6482.36
2022-07-24 15:52:45,9543.59,6465.6
2022-07-24 15:52:44,9544.48,6464.7
2022-07-24 15:52:43,9568.38,6440.81
2022-07-24 15:52:42,9595.59,6413.59
2022-07-24 15:52:41,9616.3,6392.89
2022-07-24 15:52:40,9620.82,6388.37
2022-07-24 15:52:39,9652.31,6356.88
2022-07-24 15:52:38,9667.35,6341.84
2022-07-24 15:52:37,9707.94,6301.25
2022-07-24 15:52:36,9717.15,6292.04
2022-07-24 15:52:35,9756.23,6252.96
2022-07-24 15:52:34,9796.97,6212.22
2022-07-24 15:52:33,9852.64,6156.55
2022-07-24 15:52:32,9907.47,6101.72
2022-07-24 15:52:31,10106.5,5902.72
2022-07-24 15:52:30,10319.4,5689.77
2022-07-24 15:52:29,10447.7,5561.49
2022-07-24 15:52:28,10527.8,5481.39
2022-07-24 15:52:27,10827.9,5181.24
2022-07-24 15:52:26,11089.6,4919.63
2022-07-24 15:52:25,11355.7,4653.54
2022-07-24 15:52:24,11462,4547.21
2022-07-24 15:52:23,11630.4,4378.77
2022-07-24 15:52:22,11756.3,4252.91
2022-07-24 15:52:21,11929.9,4079.33
2022-07-24 15:52:20,11568.7,4440.49
2022-07-24 15:52:19,10659.6,5349.59
2022-07-24 15:52:18,10374,5635.22
2022-07-24 15:52:17,9788.05,6221.14
2022-07-24 15:52:16,9816.26,6192.93
2022-07-24 15:52:15,9832.85,6176.34
2022-07-24 15:52:14,9879.83,6129.36
2022-07-24 15:52:13,9933.48,6075.71
2022-07-24 15:52:12,9324.32,6684.87
2022-07-24 15:52:11,9325.09,6684.1
2022-07-24 15:52:10,9327.89,6681.3
2022-07-24 15:52:09,9338.94,6670.25
2022-07-24 15:52:08,9341.87,6667.32
2022-07-24 15:52:07,9341.25,6667.93
2022-07-24 15:52:06,9342.77,6666.41
2022-07-24 15:52:05,9363.63,6645.56
2022-07-24 15:52:04,9374.71,6634.47
2022-07-24 15:52:03,9381.12,6628.07
2022-07-24 15:52:02,9374.5,6634.69
2022-07-24 15:52:01,9391.24,6617.95
2022-07-24 15:52:00,9397.57,6611.62
2022-07-24 15:51:59,9413.93,6595.26
2022-07-24 15:51:58,9415.51,6593.68
2022-07-24 15:51:57,9455.48,6553.71
2022-07-24 15:51:56,9460.86,6548.33
2022-07-24 15:51:55,9473.24,6535.95
2022-07-24 15:51:54,9502.99,6506.2
2022-07-24 15:51:53,9541.16,6468.03
2022-07-24 15:51:52,9533.64,6475.55
2022-07-24 15:51:51,9538.05,6471.14
2022-07-24 15:51:50,9599.76,6409.43
2022-07-24 15:51:49,9621.57,6387.62
2022-07-24 15:51:48,9661.59,6347.6
2022-07-24 15:51:47,9686,6323.19
2022-07-24 15:51:46,9768.58,6240.61
2022-07-24 15:51:45,9986.86,6022.33
2022-07-24 15:51:44,10105.4,5903.78
2022-07-24 15:51:43,10257.3,5751.87
2022-07-24 15:51:42,10381,5628.22
2022-07-24 15:51:41,10777.9,5231.32
2022-07-24 15:51:40,11059.7,4949.52
2022-07-24 15:51:39,11234.8,4774.36
2022-07-24 15:51:38,11361.6,4647.61
2022-07-24 15:51:37,11475.3,4533.86
2022-07-24 15:51:36,11572.5,4436.67
2022-07-24 15:51:35,11254.8,4754.41
2022-07-24 15:51:34,11093.1,4916.11
2022-07-24 15:51:33,11257.8,4751.4
2022-07-24 15:51:32,11386.9,4622.33
2022-07-24 15:51:31,9892.49,6116.7
2022-07-24 15:51:30,9941.27,6067.92
2022-07-24 15:51:29,9989.75,6019.44
2022-07-24 15:51:28,9500.78,6508.41
2022-07-24 15:51:27,9501.92,6507.27
2022-07-24 15:51:26,9504.05,6505.14
2022-07-24 15:51:25,9511.73,6497.45
2022-07-24 15:51:24,9531.67,6477.52
2022-07-24 15:51:23,9532.32,6476.87
2022-07-24 15:51:22,9535.01,6474.18
2022-07-24 15:51:21,9549.88,6459.31
2022-07-24 15:51:20,9563.38,6445.8
2022-07-24 15:51:19,9569.73,6439.46
2022-07-24 15:51:18,9573.15,6436.04
2022-07-24 15:51:17,9578.79,6430.4
2022-07-24 15:51:16,9614.57,6394.62
2022-07-24 15:51:15,9631.44,6377.75
2022-07-24 15:51:14,9638.15,6371.03
2022-07-24 15:51:13,9660.82,6348.37
2022-07-24 15:51:12,9709.82,6299.36
2022-07-24 15:51:11,9731.41,6277.78
2022-07-24 15:51:10,9739.7,6269.49
2022-07-24 15:51:09,9753.88,6255.31
2022-07-24 15:51:08,9825.27,6183.91
2022-07-24 15:51:07,9854.7,6154.48
2022-07-24 15:51:06,9856.18,6153.01
2022-07-24 15:51:05,9908.59,6100.6
2022-07-24 15:51:04,9944.47,6064.72
2022-07-24 15:51:03,9982.25,6026.94
2022-07-24 15:51:02,10040.6,5968.64
2022-07-24 15:51:01,10138.4,5870.81
2022-07-24 15:51:00,10235.9,5773.3
2022-07-24 15:50:59,10413.5,5595.65
2022-07-24 15:50:58,10685.9,5323.28
2022-07-24 15:50:57,10826.3,5182.91
2022-07-24 15:50:56,10926.7,5082.46
2022-07-24 15:50:55,11137.1,4872.04
2022-07-24 15:50:54,11299.4,4709.78
2022-07-24 15:50:53,11371,4638.17
2022-07-24 15:50:52,11564.6,4444.55
2022-07-24 15:50:51,11859.5,4149.65
2022-07-24 15:50:50,11519.4,4489.76
2022-07-24 15:50:49,11641.9,4367.32
2022-07-24 15:50:48,11226.4,4782.74
2022-07-24 15:50:47,10767.1,5242.04
2022-07-24 15:50:46,10382.1,5627.11
2022-07-24 15:50:45,10464.1,5545.13
2022-07-24 15:50:44,10526.8,5482.4
2022-07-24 15:50:43,9389.5,6619.69
2022-07-24 15:50:42,9392.18,6617
2022-07-24 15:50:41,9393.27,6615.92
2022-07-24 15:50:40,9402.77,6606.42
2022-07-24 15:50:39,9403.18,6606
2022-07-24 15:50:38,9407.38,6601.81
2022-07-24 15:50:37,9412.94,6596.25
2022-07-24 15:50:36,9425.83,6583.36
2022-07-24 15:50:35,9426.01,6583.18
2022-07-24 15:50:34,9437.02,6572.17
2022-07-24 15:50:33,9437.81,6571.38
2022-07-24 15:50:32,9472.46,6536.72
2022-07-24 15:50:31,9476.03,6533.16
2022-07-24 15:50:30,9491.7,6517.49
2022-07-24 15:50:29,9492.84,6516.35
2022-07-24 15:50:28,9527.56,6481.63
2022-07-24 15:50:27,9553.29,6455.9
2022-07-24 15:50:26,9589.78,6419.41
2022-07-24 15:50:25,9592.75,6416.44
2022-07-24 15:50:24,9639.45,6369.73
2022-07-24 15:50:23,9664.11,6345.08
2022-07-24 15:50:22,9694.2,6314.98
2022-07-24 15:50:21,9719.98,6289.2
2022-07-24 15:50:20,9731.34,6277.85
2022-07-24 15:50:19,9764.7,6244.49
2022-07-24 15:50:18,9774.68,6234.5
2022-07-24 15:50:17,9819.02,6190.16
2022-07-24 15:50:16,9891.22,6117.97
2022-07-24 15:50:15,9915.81,6093.38
2022-07-24 15:50:14,9982.56,6026.62
2022-07-24 15:50:13,10303.6,5705.6
2022-07-24 15:50:12,10450.5,5558.66
2022-07-24 15:50:11,10575.2,5433.98
2022-07-24 15:50:10,10763.5,5245.66
2022-07-24 15:50:09,10886.9,5122.25
2022-07-24 15:50:08,11058.5,4950.67
2022-07-24 15:50:07,11497,4512.15
2022-07-24 15:50:06,11716.5,4292.73
2022-07-24 15:50:05,11839.9,4169.29
2022-07-24 15:50:04,12020.6,3988.62
2022-07-24 15:50:03,11660.5,4348.72
2022-07-24 15:50:02,11256.5,4752.66
2022-07-24 15:50:01,11401.5,4607.7
2022-07-24 15:50:00,10979.9,5029.32
2022-07-24 15:49:59,10418.5,5590.68
2022-07-24 15:49:58,9588.12,6421.06
2022-07-24 15:49:57,9595.67,6413.52
2022-07-24 15:49:56,9598.16,6411.02
2022-07-24 15:49:55,9599.12,6410.07
2022-07-24 15:49:54,9610.47,6398.72
2022-07-24 15:49:53,9620.72,6388.47
2022-07-24 15:49:52,9628.28,6380.91
2022-07-24 15:49:51,9635.4,6373.79
2022-07-24 15:49:50,9645.07,6364.12
2022-07-24 15:49:49,9656.05,6353.14
2022-07-24 15:49:48,9669.78,6339.41
2022-07-24 15:49:47,9679.76,6329.43
2022-07-24 15:49:46,9699.71,6309.48
2022-07-24 15:49:45,9724.82,6284.36
2022-07-24 15:49:44,9724.29,6284.89
2022-07-24 15:49:43,9754,6255.18
2022-07-24 15:49:42,9773.64,6235.55
2022-07-24 15:49:41,9808.8,6200.39
2022-07-24 15:49:40,9811.41,6197.78
2022-07-24 15:49:39,9849.26,6159.93
2022-07-24 15:49:38,9877.59,6131.59
2022-07-24 15:49:37,9905.37,6103.82
2022-07-24 15:49:36,9921.39,6087.79
2022-07-24 15:49:35,9951.75,6057.43
2022-07-24 15:49:34,10013,5996.2
2022-07-24 15:49:33,10032.6,5976.59
2022-07-24 15:49:32,10063.5,5945.67
2022-07-24 15:49:31,10125.9,5883.25
2022-07-24 15:49:30,10153.5,5855.67
2022-07-24 15:49:29,10302.6,5706.54
2022-07-24 15:49:28,10454.8,5554.37
2022-07-24 15:49:27,10484.5,5524.67
2022-07-24 15:49:26,10571,5438.18
2022-07-24 15:49:25,10777.8,5231.43
2022-07-24 15:49:24,11142,4867.19
2022-07-24 15:49:23,11256.2,4753.03
2022-07-24 15:49:22,11338.4,4670.77
2022-07-24 15:49:21,11569.1,4440.05
2022-07-24 15:49:20,11695.7,4313.5
2022-07-24 15:49:19,11319,4690.22
2022-07-24 15:49:18,11439.1,4570.07
2022-07-24 15:49:17,11567.4,4441.83
2022-07-24 15:49:16,11047.4,4961.76
2022-07-24 15:49:15,10630.1,5379.1
2022-07-24 15:49:14,10097.9,5911.26
2022-07-24 15:49:13,10162.7,5846.46
2022-07-24 15:49:12,9579.42,6429.77
2022-07-24 15:49:11,9074.22,6934.97
2022-07-24 15:49:10,9074.03,6935.16
2022-07-24 15:49:09,9084.96,6924.22
2022-07-24 15:49:08,9082.79,6926.4
2022-07-24 15:49:07,9085.04,6924.14
2022-07-24 15:49:06,9086.1,6923.09
2022-07-24 15:49:05,9086.8,6922.39
2022-07-24 15:49:04,9097.26,6911.93
2022-07-24 15:49:03,9096.45,6912.74
2022-07-24 15:49:02,9097.83,6911.36
2022-07-24 15:49:01,9108.4,6900.79
2022-07-24 15:49:00,9110.42,6898.77
2022-07-24 15:48:59,9111.48,6897.71
2022-07-24 15:48:58,9110.73,6898.46
2022-07-24 15:48:57,9130.44,6878.75
2022-07-24 15:48:56,9131.9,6877.29
2022-07-24 15:48:55,9132.4,6876.79
2022-07-24 15:48:54,9134.08,6875.11
2022-07-24 15:48:53,9151.07,6858.12
2022-07-24 15:48:52,9165.87,6843.32
2022-07-24 15:48:51,9174.63,6834.55
2022-07-24 15:48:50,9186.74,6822.45
2022-07-24 15:48:49,9187.98,6821.21
2022-07-24 15:48:48,9198.96,6810.23
2022-07-24 15:48:47,9225.88,6783.3
2022-07-24 15:48:46,9274.07,6735.11
2022-07-24 15:48:45,9309.31,6699.88
2022-07-24 15:48:44,9601.39,6407.8
2022-07-24 15:48:43,9799.38,6209.81
2022-07-24 15:48:42,9905.98,6103.21
2022-07-24 15:48:41,10389.5,5619.64
2022-07-24 15:48:40,10653.3,5355.85
2022-07-24 15:48:39,11010.2,4999
2022-07-24 15:48:38,11179.8,4829.43
2022-07-24 15:48:37,11429.5,4579.64
2022-07-24 15:48:36,11561,4448.14
2022-07-24 15:48:35,11649.8,4359.42
2022-07-24 15:48:34,11909.8,4099.34
2022-07-24 15:48:33,12079.7,3929.54
2022-07-24 15:48:32,11690.6,4318.55
2022-07-24 15:48:31,11327.6,4681.62
2022-07-24 15:48:30,10893.8,5115.36
2022-07-24 15:48:29,10410,5599.23
2022-07-24 15:48:28,9974.81,6034.38
2022-07-24 15:48:27,10009.4,5999.83
2022-07-24 15:48:26,9523.72,6485.47
2022-07-24 15:48:25,9525.07,6484.11
2022-07-24 15:48:24,9528.52,6480.67
2022-07-24 15:48:23,9529.58,6479.61
2022-07-24 15:48:22,9533.31,6475.88
2022-07-24 15:48:21,9534.41,6474.77
2022-07-24 15:48:20,9539.8,6469.38
2022-07-24 15:48:19,9549.59,6459.59
2022-07-24 15:48:18,9549.55,6459.64
2022-07-24 15:48:17,9581.23,6427.96
2022-07-24 15:48:16,9597.56,6411.62
2022-07-24 15:48:15,9602.42,6406.77
2022-07-24 15:48:14,9632.34,6376.84
2022-07-24 15:48:13,9681.7,6327.49
2022-07-24 15:48:12,9682.2,6326.98
2022-07-24 15:48:11,9713.84,6295.35
2022-07-24 15:48:10,9748.7,6260.49
2022-07-24 15:48:09,9803.35,6205.84
2022-07-24 15:48:08,9817.94,6191.25
2022-07-24 15:48:07,9823.71,6185.48
2022-07-24 15:48:06,9892.22,6116.97
2022-07-24 15:48:05,9935.7,6073.49
2022-07-24 15:48:04,9939.4,6069.79
2022-07-24 15:48:03,9960.35,6048.84
2022-07-24 15:48:02,10030.9,5978.3
2022-07-24 15:48:01,10037.9,5971.29
2022-07-24 15:48:00,10075.7,5933.45
2022-07-24 15:47:59,10203.1,5806.12
2022-07-24 15:47:58,10221,5788.15
2022-07-24 15:47:57,10317.6,5691.58
2022-07-24 15:47:56,10722.7,5286.48
2022-07-24 15:47:55,10896.2,5113
2022-07-24 15:47:54,11092.5,4916.67
2022-07-24 15:47:53,11346.8,4662.36
2022-07-24 15:47:52,11476,4533.15
2022-07-24 15:47:51,11536.3,4472.87
2022-07-24 15:47:50,11661.7,4347.48
2022-07-24 15:47:49,11919.9,4089.32
2022-07-24 15:47:48,12103.4,3905.83
2022-07-24 15:47:47,12269.8,3739.4
2022-07-24 15:47:46,10756.7,5252.44
2022-07-24 15:47:45,10842.4,5166.78
2022-07-24 15:47:44,9867.08,6142.11
2022-07-24 15:47:43,9902.4,6106.79
2022-07-24 15:47:42,9334.67,6674.52
2022-07-24 15:47:41,9300.65,6708.54
2022-07-24 15:47:40,9302.41,6706.77
2022-07-24 15:47:39,9305.93,6703.26
2022-07-24 15:47:38,9306.17,6703.02
2022-07-24 15:47:37,9308.97,6700.22
2022-07-24 15:47:36,9309.05,6700.14
2022-07-24 15:47:35,9316.42,6692.77
2022-07-24 15:47:34,9316.5,6692.68
2022-07-24 15:47:33,9316.57,6692.62
2022-07-24 15:47:32,9330.62,6678.57
2022-07-24 15:47:31,9345.64,6663.54
2022-07-24 15:47:30,9353.46,6655.73
2022-07-24 15:47:29,9354.7,6654.49
2022-07-24 15:47:28,9374.27,6634.92
2022-07-24 15:47:27,9389.92,6619.27
2022-07-24 15:47:26,9411.84,6597.35
2022-07-24 15:47:25,9412.21,6596.98
2022-07-24 15:47:24,9452.85,6556.34
2022-07-24 15:47:23,9469.24,6539.95
2022-07-24 15:47:22,9494.7,6514.48
2022-07-24 15:47:21,9495.66,6513.53
2022-07-24 15:47:20,9546.69,6462.49
2022-07-24 15:47:19,9544.2,6464.99
2022-07-24 15:47:18,9581.17,6428.02
2022-07-24 15:47:17,9582,6427.19
2022-07-24 15:47:16,9666.7,6342.49
2022-07-24 15:47:15,9714.29,6294.9
2022-07-24 15:47:14,9754.81,6254.38
2022-07-24 15:47:13,9987.3,6021.89
2022-07-24 15:47:12,10102.2,5906.97
2022-07-24 15:47:11,10147.5,5861.66
2022-07-24 15:47:10,10595.7,5413.52
2022-07-24 15:47:09,10854.6,5154.55
2022-07-24 15:47:08,11072.2,4937.01
2022-07-24 15:47:07,11214.3,4794.93
2022-07-24 15:47:06,11320.6,4688.56
2022-07-24 15:47:05,11412,4597.19
2022-07-24 15:47:04,11584.4,4424.81
2022-07-24 15:47:03,11726.3,4282.86
2022-07-24 15:47:02,11367.6,4641.59
2022-07-24 15:47:01,11771.7,4237.53
2022-07-24 15:47:00,10373.7,5635.52
2022-07-24 15:46:59,9906.05,6103.14
2022-07-24 15:46:58,9962.77,6046.41
2022-07-24 15:46:57,9991.04,6018.14
2022-07-24 15:46:56,10035.3,5973.89
2022-07-24 15:46:55,10079.9,5929.26
2022-07-24 15:46:54,9580.27,6428.92
2022-07-24 15:46:53,9587.76,6421.43
2022-07-24 15:46:52,9588.88,6420.3
2022-07-24 15:46:51,9594.62,6414.57
2022-07-24 15:46:50,9596.63,6412.56
2022-07-24 15:46:49,9616.21,6392.98
2022-07-24 15:46:48,9617.33,6391.86
2022-07-24 15:46:47,9621.2,6387.99
2022-07-24 15:46:46,9642.95,6366.24
2022-07-24 15:46:45,9680.96,6328.23
2022-07-24 15:46:44,9685.02,6324.16
2022-07-24 15:46:43,9687.52,6321.67
2022-07-24 15:46:42,9697.97,6311.22
2022-07-24 15:46:41,9783.88,6225.31
2022-07-24 15:46:40,9785.29,6223.9
2022-07-24 15:46:39,9788.59,6220.6
2022-07-24 15:46:38,9793.87,6215.32
2022-07-24 15:46:37,9896.22,6112.97
2022-07-24 15:46:36,9899.72,6109.47
2022-07-24 15:46:35,9901.95,6107.24
2022-07-24 15:46:34,9950.87,6058.31
2022-07-24 15:46:33,9976.79,6032.39
2022-07-24 15:46:32,10021.8,5987.36
2022-07-24 15:46:31,10066.5,5942.69
2022-07-24 15:46:30,10068.3,5940.86
2022-07-24 15:46:29,10170.8,5838.38
2022-07-24 15:46:28,10206.7,5802.5
2022-07-24 15:46:27,10248.6,5760.63
2022-07-24 15:46:26,10438,5571.22
2022-07-24 15:46:25,10647.7,5361.47
2022-07-24 15:46:24,10778.6,5230.62
2022-07-24 15:46:23,10835.3,5173.89
2022-07-24 15:46:22,10979.9,5029.31
2022-07-24 15:46:21,11241.8,4767.38
2022-07-24 15:46:20,11528.2,4480.98
2022-07-24 15:46:19,11634.4,4374.79
2022-07-24 15:46:18,11755.5,4253.65
2022-07-24 15:46:17,11989.5,4019.65
2022-07-24 15:46:16,11613.2,4395.95
2022-07-24 15:46:15,11227.5,4781.67
2022-07-24 15:46:14,11355.3,4653.87
2022-07-24 15:46:13,11489.3,4519.87
2022-07-24 15:46:12,9943.8,6065.39
2022-07-24 15:46:11,9985.97,6023.22
2022-07-24 15:46:10,9986.23,6022.96
2022-07-24 15:46:09,9519.77,6489.42
2022-07-24 15:46:08,9523.42,6485.77
2022-07-24 15:46:07,9527.97,6481.22
2022-07-24 15:46:06,9530.94,6478.25
2022-07-24 15:46:05,9539.89,6469.3
2022-07-24 15:46:04,9544.74,6464.45
2022-07-24 15:46:03,9552.86,6456.33
2022-07-24 15:46:02,9556.1,6453.09
2022-07-24 15:46:01,9569.41,6439.78
2022-07-24 15:46:00,9582.48,6426.7
2022-07-24 15:45:59,9597.14,6412.05
2022-07-24 15:45:58,9598.75,6410.44
2022-07-24 15:45:57,9599.03,6410.16
2022-07-24 15:45:56,9629.8,6379.38
2022-07-24 15:45:55,9639.15,6370.04
2022-07-24 15:45:54,9672.9,6336.28
2022-07-24 15:45:53,9673.44,6335.75
2022-07-24 15:45:52,9716.55,6292.64
2022-07-24 15:45:51,9718.02,6291.17
2022-07-24 15:45:50,9750.94,6258.25
2022-07-24 15:45:49,9754.28,6254.91
2022-07-24 15:45:48,9796.23,6212.96
2022-07-24 15:45:47,9801.89,6207.3
2022-07-24 15:45:46,9846.84,6162.34
2022-07-24 15:45:45,9889.14,6120.05
2022-07-24 15:45:44,9884.57,6124.61
2022-07-24 15:45:43,9888.48,6120.71
2022-07-24 15:45:42,10041.2,5968.01
2022-07-24 15:45:41,10099,5910.17
2022-07-24 15:45:40,10158.7,5850.46
2022-07-24 15:45:39,10562.8,5446.41
2022-07-24 15:45:38,10805.4,5203.76
2022-07-24 15:45:37,11108.7,4900.48
2022-07-24 15:45:36,11208.4,4800.76
2022-07-24 15:45:35,11342.2,4667.01
2022-07-24 15:45:34,11503.3,4505.89
2022-07-24 15:45:33,11699.6,4309.55
2022-07-24 15:45:32,11812.1,4197.14
2022-07-24 15:45:31,11984.1,4025.12
2022-07-24 15:45:30,12232.6,3776.56
2022-07-24 15:45:29,10714,5295.23
2022-07-24 15:45:28,10376.3,5632.93
2022-07-24 15:45:27,10328.1,5681.05
2022-07-24 15:45:26,9844.49,6164.7
2022-07-24 15:45:25,9889.46,6119.73
2022-07-24 15:45:24,9934.97,6074.22
2022-07-24 15:45:23,9421.05,6588.13
2022-07-24 15:45:22,9428.68,6580.51
2022-07-24 15:45:21,9432.12,6577.07
2022-07-24 15:45:20,9435.27,6573.91
2022-07-24 15:45:19,9435.84,6573.35
2022-07-24 15:45:18,9445.38,6563.8
2022-07-24 15:45:17,9446.38,6562.8
2022-07-24 15:45:16,9449.38,6559.81
2022-07-24 15:45:15,9450.8,6558.38
2022-07-24 15:45:14,9461.83,6547.36
2022-07-24 15:45:13,9462.73,6546.45
2022-07-24 15:45:12,9479.09,6530.09
2022-07-24 15:45:11,9479.36,6529.83
2022-07-24 15:45:10,9492.16,6517.02
2022-07-24 15:45:09,9516.24,6492.95
2022-07-24 15:45:08,9544.71,6464.48
2022-07-24 15:45:07,9558.74,6450.45
2022-07-24 15:45:06,9581.56,6427.63
2022-07-24 15:45:05,9612.57,6396.62
2022-07-24 15:45:04,9640.34,6368.85
2022-07-24 15:45:03,9663.36,6345.83
2022-07-24 15:45:02,9688.32,6320.87
2022-07-24 15:45:01,9752.18,6257
2022-07-24 15:45:00,9773.36,6235.83
2022-07-24 15:44:59,9810.52,6198.66
2022-07-24 15:44:58,9867.03,6142.16
2022-07-24 15:44:57,9918.37,6090.82
2022-07-24 15:44:56,10125.4,5883.82
2022-07-24 15:44:55,10252.4,5756.74
2022-07-24 15:44:54,10475.4,5533.74
2022-07-24 15:44:53,10553.8,5455.35
2022-07-24 15:44:52,10748.7,5260.47
2022-07-24 15:44:51,11209.9,4799.32
2022-07-24 15:44:50,11350.1,4659.11
2022-07-24 15:44:49,11536.3,4472.87
2022-07-24 15:44:48,11661.4,4347.82
2022-07-24 15:44:47,11793.5,4215.72
2022-07-24 15:44:46,11971.4,4037.74
2022-07-24 15:44:45,11707.6,4301.57
2022-07-24 15:44:44,11332,4677.23
2022-07-24 15:44:43,11440.4,4568.75
2022-07-24 15:44:42,10447.2,5562.02
2022-07-24 15:44:41,9902.68,6106.5
2022-07-24 15:44:40,9946.14,6063.05
2022-07-24 15:44:39,9338.73,6670.46
2022-07-24 15:44:38,9338.82,6670.36
2022-07-24 15:44:37,9341.71,6667.48
2022-07-24 15:44:36,9342.41,6666.77
2022-07-24 15:44:35,9348.27,6660.92
2022-07-24 15:44:34,9348.23,6660.96
2022-07-24 15:44:33,9354.08,6655.11
2022-07-24 15:44:32,9352.98,6656.21
2022-07-24 15:44:31,9362.88,6646.31
2022-07-24 15:44:30,9366.62,6642.57
2022-07-24 15:44:29,9390.98,6618.2
2022-07-24 15:44:28,9400.06,6609.13
2022-07-24 15:44:27,9419.01,6590.18
2022-07-24 15:44:26,9422.5,6586.68
2022-07-24 15:44:25,9424.67,6584.52
2022-07-24 15:44:24,9466.38,6542.8
2022-07-24 15:44:23,9478.68,6530.5
2022-07-24 15:44:22,9522.03,6487.16
2022-07-24 15:44:21,9533.88,6475.3
2022-07-24 15:44:20,9569.45,6439.74
2022-07-24 15:44:19,9572.27,6436.92
2022-07-24 15:44:18,9605.25,6403.94
2022-07-24 15:44:17,9628.16,6381.03
2022-07-24 15:44:16,9653.57,6355.62
2022-07-24 15:44:15,9667.88,6341.31
2022-07-24 15:44:14,9671.65,6337.54
2022-07-24 15:44:13,9729.91,6279.28
2022-07-24 15:44:12,9748.04,6261.15
2022-07-24 15:44:11,9798.89,6210.3
2022-07-24 15:44:10,9809.37,6199.81
2022-07-24 15:44:09,10050,5959.19
2022-07-24 15:44:08,10298.1,5711.05
2022-07-24 15:44:07,10388,5621.17
2022-07-24 15:44:06,10512.6,5496.63
2022-07-24 15:44:05,10663.2,5346.01
2022-07-24 15:44:04,11214.4,4794.82
2022-07-24 15:44:03,11513.5,4495.64
2022-07-24 15:44:02,11687.9,4321.32
2022-07-24 15:44:01,11844.9,4164.32
2022-07-24 15:44:00,11965.1,4044.04
2022-07-24 15:43:59,12116,3893.22
2022-07-24 15:43:58,11742,4267.23
2022-07-24 15:43:57,11269.1,4740.09
2022-07-24 15:43:56,11369.9,4639.3
2022-07-24 15:43:55,10866.9,5142.31
2022-07-24 15:43:54,9355.99,6653.2
2022-07-24 15:43:53,9359.39,6649.79
2022-07-24 15:43:52,9362.25,6646.93
2022-07-24 15:43:51,9362.75,6646.43
2022-07-24 15:43:50,9364.07,6645.12
2022-07-24 15:43:49,9371.29,6637.89
2022-07-24 15:43:48,9373.3,6635.88
2022-07-24 15:43:47,9373.57,6635.62
2022-07-24 15:43:46,9375.03,6634.16
2022-07-24 15:43:45,9387.69,6621.49
2022-07-24 15:43:44,9399.04,6610.15
2022-07-24 15:43:43,9402.29,6606.89
2022-07-24 15:43:42,9404.85,6604.34
2022-07-24 15:43:41,9410.5,6598.69
2022-07-24 15:43:40,9454.01,6555.18
2022-07-24 15:43:39,9455.66,6553.52
2022-07-24 15:43:38,9456.52,6552.66
2022-07-24 15:43:37,9467.45,6541.74
2022-07-24 15:43:36,9485.81,6523.38
2022-07-24 15:43:35,9526.16,6483.03
2022-07-24 15:43:34,9537.35,6471.84
2022-07-24 15:43:33,9550.11,6459.07
2022-07-24 15:43:32,9567.96,6441.23
2022-07-24 15:43:31,9609.28,6399.91
2022-07-24 15:43:30,9616.1,6393.09
2022-07-24 15:43:29,9634.52,6374.67
2022-07-24 15:43:28,9679.13,6330.06
2022-07-24 15:43:27,9707.38,6301.81
2022-07-24 15:43:26,9721.63,6287.56
2022-07-24 15:43:25,9797.46,6211.73
2022-07-24 15:43:24,9822.06,6187.13
2022-07-24 15:43:23,9936.72,6072.47
2022-07-24 15:43:22,10216,5793.2
2022-07-24 15:43:21,10634,5375.14
2022-07-24 15:43:20,10866.3,5142.84
2022-07-24 15:43:19,11011.1,4998.12
2022-07-24 15:43:18,11334,4675.22
2022-07-24 15:43:17,11462.3,4546.85
2022-07-24 15:43:16,11638.6,4370.63
2022-07-24 15:43:15,11835.7,4173.54
2022-07-24 15:43:14,11978.8,4030.36
2022-07-24 15:43:13,12131.4,3877.81
2022-07-24 15:43:12,12293.9,3715.29
2022-07-24 15:43:11,12461.7,3547.52
2022-07-24 15:43:10,9950.7,6058.48
2022-07-24 15:43:09,9854.59,6154.59
2022-07-24 15:43:08,9364.55,6644.64
2022-07-24 15:43:07,9371.07,6638.12
2022-07-24 15:43:06,9372.39,6636.8
2022-07-24 15:43:05,9372.96,6636.22
2022-07-24 15:43:04,9374.57,6634.62
2022-07-24 15:43:03,9385.45,6623.73
2022-07-24 15:43:02,9391.93,6617.26
2022-07-24 15:43:01,9395.14,6614.05
2022-07-24 15:43:00,9395.27,6613.92
2022-07-24 15:42:59,9408.35,6600.84
2022-07-24 15:42:58,9418.21,6590.98
2022-07-24 15:42:57,9421.12,6588.07
2022-07-24 15:42:56,9421.05,6588.13
2022-07-24 15:42:55,9438.23,6570.96
2022-07-24 15:42:54,9464.78,6544.41
2022-07-24 15:42:53,9483.54,6525.65
2022-07-24 15:42:52,9484.86,6524.33
2022-07-24 15:42:51,9505.55,6503.63
2022-07-24 15:42:50,9532.46,6476.73
2022-07-24 15:42:49,9558.2,6450.99
2022-07-24 15:42:48,9560.8,6448.39
2022-07-24 15:42:47,9577.53,6431.66
2022-07-24 15:42:46,9628.2,6380.98
2022-07-24 15:42:45,9637.59,6371.6
2022-07-24 15:42:44,9656.79,6352.39
2022-07-24 15:42:43,9666.68,6342.51
2022-07-24 15:42:42,9712.06,6297.13
2022-07-24 15:42:41,9730.63,6278.55
2022-07-24 15:42:40,9709.94,6299.25
2022-07-24 15:42:39,9742.41,6266.77
2022-07-24 15:42:38,9889.89,6119.3
2022-07-24 15:42:37,10090.7,5918.53
2022-07-24 15:42:36,10224.3,5784.89
2022-07-24 15:42:35,10655.5,5353.71
2022-07-24 15:42:34,10752.9,5256.27
2022-07-24 15:42:33,11006.5,5002.74
2022-07-24 15:42:32,11319.1,4690.1
2022-07-24 15:42:31,11466.4,4542.8
2022-07-24 15:42:30,11715.4,4293.79
2022-07-24 15:42:29,11842.9,4166.31
2022-07-24 15:42:28,11969.1,4040.08
2022-07-24 15:42:27,12110.7,3898.51
2022-07-24 15:42:26,12262.1,3747.11
2022-07-24 15:42:25,11275.5,4733.65
2022-07-24 15:42:24,10847.8,5161.41
2022-07-24 15:42:23,10304.7,5704.44
2022-07-24 15:42:22,9286.44,6722.74
2022-07-24 15:42:21,9291.94,6717.25
2022-07-24 15:42:20,9290.73,6718.46
2022-07-24 15:42:19,9293.39,6715.79
2022-07-24 15:42:18,9292.53,6716.65
2022-07-24 15:42:17,9294.57,6714.62
2022-07-24 15:42:16,9305.68,6703.51
2022-07-24 15:42:15,9305.35,6703.84
2022-07-24 15:42:14,9307.23,6701.96
2022-07-24 15:42:13,9308.22,6700.97
2022-07-24 15:42:12,9319.28,6689.91
2022-07-24 15:42:11,9320.48,6688.71
2022-07-24 15:42:10,9340.15,6669.04
2022-07-24 15:42:09,9341.53,6667.66
2022-07-24 15:42:08,9368.86,6640.32
2022-07-24 15:42:07,9368.89,6640.29
2022-07-24 15:42:06,9369.81,6639.38
2022-07-24 15:42:05,9395.55,6613.64
2022-07-24 15:42:04,9407.89,6601.29
2022-07-24 15:42:03,9425.55,6583.64
2022-07-24 15:42:02,9431.91,6577.28
2022-07-24 15:42:01,9456.35,6552.84
2022-07-24 15:42:00,9453.87,6555.32
2022-07-24 15:41:59,9472.46,6536.73
2022-07-24 15:41:58,9497.77,6511.42
2022-07-24 15:41:57,9514.71,6494.48
2022-07-24 15:41:56,9526.19,6483
2022-07-24 15:41:55,9571.7,6437.49
2022-07-24 15:41:54,9594.58,6414.61
2022-07-24 15:41:53,9583.98,6425.2
2022-07-24 15:41:52,9774.66,6234.53
2022-07-24 15:41:51,9875.9,6133.28
2022-07-24 15:41:50,10029.5,5979.67
2022-07-24 15:41:49,10098.6,5910.59
2022-07-24 15:41:48,10634.1,5375.11
2022-07-24 15:41:47,11067.4,4941.75
2022-07-24 15:41:46,11263.6,4745.55
2022-07-24 15:41:45,11431.9,4577.24
2022-07-24 15:41:44,11530.2,4478.95
2022-07-24 15:41:43,11681.6,4327.54
2022-07-24 15:41:42,11876.4,4132.84
2022-07-24 15:41:41,12019.4,3989.79
2022-07-24 15:41:40,12179.7,3829.5
2022-07-24 15:41:39,11833.8,4175.44
2022-07-24 15:41:38,11993.9,4015.26
2022-07-24 15:41:37,9913.68,6095.5
2022-07-24 15:41:36,9953.91,6055.28
2022-07-24 15:41:35,9334.54,6674.65
2022-07-24 15:41:34,9339.02,6670.16
2022-07-24 15:41:33,9341.06,6668.13
2022-07-24 15:41:32,9344.1,6665.09
2022-07-24 15:41:31,9344.7,6664.49
2022-07-24 15:41:30,9346.4,6662.79
2022-07-24 15:41:29,9358.14,6651.04
2022-07-24 15:41:28,9358.78,6650.4
2022-07-24 15:41:27,9362.16,6647.03
2022-07-24 15:41:26,9373.93,6635.26
2022-07-24 15:41:25,9375.75,6633.43
2022-07-24 15:41:24,9388.91,6620.27
2022-07-24 15:41:23,9388.37,6620.81
2022-07-24 15:41:22,9403.84,6605.35
2022-07-24 15:41:21,9421.17,6588.02
2022-07-24 15:41:20,9424.53,6584.66
2022-07-24 15:41:19,9429.71,6579.47
2022-07-24 15:41:18,9452.59,6556.6
2022-07-24 15:41:17,9490.49,6518.7
2022-07-24 15:41:16,9492.43,6516.76
2022-07-24 15:41:15,9509.84,6499.35
2022-07-24 15:41:14,9536.25,6472.93
2022-07-24 15:41:13,9578.3,6430.89
2022-07-24 15:41:12,9580.47,6428.72
2022-07-24 15:41:11,9633.58,6375.61
2022-07-24 15:41:10,9638.59,6370.6
2022-07-24 15:41:09,9682.71,6326.47
2022-07-24 15:41:08,9719.09,6290.09
2022-07-24 15:41:07,9744.36,6264.83
2022-07-24 15:41:06,9818.9,6190.29
2022-07-24 15:41:05,10030.4,5978.78
2022-07-24 15:41:04,10197.4,5811.8
2022-07-24 15:41:03,10353.6,5655.56
2022-07-24 15:41:02,10548.6,5460.55
2022-07-24 15:41:01,10979.7,5029.5
2022-07-24 15:41:00,11149.6,4859.62
2022-07-24 15:40:59,11321.9,4687.32
2022-07-24 15:40:58,11464.6,4544.56
2022-07-24 15:40:57,11794.8,4214.41
2022-07-24 15:40:56,11951.6,4057.56
2022-07-24 15:40:55,11538.3,4470.89
2022-07-24 15:40:54,11677.9,4331.26
2022-07-24 15:40:53,11293.3,4715.88
2022-07-24 15:40:52,11407.5,4601.73
2022-07-24 15:40:51,10483.5,5525.68
2022-07-24 15:40:50,10582.2,5427.02
2022-07-24 15:40:49,9450.57,6558.61
2022-07-24 15:40:48,9454.68,6554.5
2022-07-24 15:40:47,9456.14,6553.05
2022-07-24 15:40:46,9466.94,6542.25
2022-07-24 15:40:45,9468.84,6540.35
2022-07-24 15:40:44,9472.93,6536.26
2022-07-24 15:40:43,9475.28,6533.91
2022-07-24 15:40:42,9487.94,6521.24
2022-07-24 15:40:41,9487.92,6521.27
2022-07-24 15:40:40,9489.71,6519.48
2022-07-24 15:40:39,9489.34,6519.85
2022-07-24 15:40:38,9504.19,6504.99
2022-07-24 15:40:37,9505.47,6503.72
2022-07-24 15:40:36,9507.5,6501.69
2022-07-24 15:40:35,9508.99,6500.2
2022-07-24 15:40:34,9533.56,6475.63
2022-07-24 15:40:33,9548.39,6460.8
2022-07-24 15:40:32,9553.18,6456.01
2022-07-24 15:40:31,9598.44,6410.75
2022-07-24 15:40:30,9604.52,6404.67
2022-07-24 15:40:29,9626.18,6383
2022-07-24 15:40:28,9650.45,6358.74
2022-07-24 15:40:27,9675.5,6333.69
2022-07-24 15:40:26,9698.63,6310.55
2022-07-24 15:40:25,9741.42,6267.77
2022-07-24 15:40:24,9792.18,6217.01
2022-07-24 15:40:23,9819.23,6189.96
2022-07-24 15:40:22,9811.97,6197.22
2022-07-24 15:40:21,9877.95,6131.24
2022-07-24 15:40:20,9976.42,6032.77
2022-07-24 15:40:19,10036.9,5972.25
2022-07-24 15:40:18,10222.2,5787.02
2022-07-24 15:40:17,10447.1,5562.11
2022-07-24 15:40:16,10727.8,5281.43
2022-07-24 15:40:15,10950,5059.15
2022-07-24 15:40:14,11049.6,4959.54
2022-07-24 15:40:13,11134.9,4874.31
2022-07-24 15:40:12,11478.4,4530.83
2022-07-24 15:40:11,11615.7,4393.46
2022-07-24 15:40:10,11908,4101.16
2022-07-24 15:40:09,12130.7,3878.52
2022-07-24 15:40:08,12290.3,3718.93
2022-07-24 15:40:07,11386.8,4622.41
2022-07-24 15:40:06,10448.4,5560.82
2022-07-24 15:40:05,10528.2,5481.02
2022-07-24 15:40:04,10596.1,5413.07
2022-07-24 15:40:03,10096.9,5912.32
2022-07-24 15:40:02,9606.09,6403.09
2022-07-24 15:40:01,9613.33,6395.86
2022-07-24 15:40:00,9618.92,6390.27
2022-07-24 15:39:59,9627.66,6381.53
2022-07-24 15:39:58,9626.18,6383.01
2022-07-24 15:39:57,9635.05,6374.13
2022-07-24 15:39:56,9641.16,6368.03
2022-07-24 15:39:55,9651.96,6357.23
2022-07-24 15:39:54,9655.35,6353.84
2022-07-24 15:39:53,9674.98,6334.21
2022-07-24 15:39:52,9693.2,6315.99
2022-07-24 15:39:51,9719.09,6290.1
2022-07-24 15:39:50,9721.16,6288.03
2022-07-24 15:39:49,9731.3,6277.89
2022-07-24 15:39:48,9762.68,6246.51
2022-07-24 15:39:47,9777.13,6232.06
2022-07-24 15:39:46,9790.33,6218.86
2022-07-24 15:39:45,9822.59,6186.59
2022-07-24 15:39:44,9833.78,6175.41
2022-07-24 15:39:43,9880.89,6128.3
2022-07-24 15:39:42,9890.97,6118.22
2022-07-24 15:39:41,9936.15,6073.03
2022-07-24 15:39:40,9938.95,6070.24
2022-07-24 15:39:39,9969.36,6039.82
2022-07-24 15:39:38,10034.3,5974.93
2022-07-24 15:39:37,10037.8,5971.37
2022-07-24 15:39:36,10084.1,5925.07
2022-07-24 15:39:35,10170.5,5838.71
2022-07-24 15:39:34,10237.3,5771.91
2022-07-24 15:39:33,10289.1,5720.04
2022-07-24 15:39:32,10560.1,5449.13
2022-07-24 15:39:31,10912.9,5096.25
2022-07-24 15:39:30,11027.3,4981.84
2022-07-24 15:39:29,11141.6,4867.63
2022-07-24 15:39:28,11455.5,4553.66
2022-07-24 15:39:27,11706.9,4302.33
2022-07-24 15:39:26,11817.4,4191.82
2022-07-24 15:39:25,11917.7,4091.48
2022-07-24 15:39:24,12062.5,3946.73
2022-07-24 15:39:23,12196.4,3812.83
2022-07-24 15:39:22,12387.8,3621.36
2022-07-24 15:39:21,11942.6,4066.55
2022-07-24 15:39:20,10183.9,5825.29
2022-07-24 15:39:19,9534.57,6474.62
2022-07-24 15:39:18,9536.92,6472.27
2022-07-24 15:39:17,9539.27,6469.92
2022-07-24 15:39:16,9557.98,6451.21
2022-07-24 15:39:15,9558.53,6450.66
2022-07-24 15:39:14,9560.23,6448.95
2022-07-24 15:39:13,9558.93,6450.26
2022-07-24 15:39:12,9581.63,6427.56
2022-07-24 15:39:11,9581.01,6428.18
2022-07-24 15:39:10,9582.55,6426.64
2022-07-24 15:39:09,9582.57,6426.61
2022-07-24 15:39:08,9602.04,6407.14
2022-07-24 15:39:07,9608.45,6400.74
2022-07-24 15:39:06,9611.5,6397.69
2022-07-24 15:39:05,9612.96,6396.23
2022-07-24 15:39:04,9652.17,6357.02
2022-07-24 15:39:03,9688.65,6320.54
2022-07-24 15:39:02,9689.68,6319.51
2022-07-24 15:39:01,9715.64,6293.55
2022-07-24 15:39:00,9708.77,6300.42
2022-07-24 15:38:59,9762.39,6246.8
2022-07-24 15:38:58,9776.22,6232.97
2022-07-24 15:38:57,9793.86,6215.33
2022-07-24 15:38:56,9816.04,6193.15
2022-07-24 15:38:55,9861.84,6147.35
2022-07-24 15:38:54,9863.73,6145.46
2022-07-24 15:38:53,9866.36,6142.83
2022-07-24 15:38:52,9899.63,6109.56
2022-07-24 15:38:51,9964.4,6044.79
2022-07-24 15:38:50,9952.96,6056.23
2022-07-24 15:38:49,10016.6,5992.56
2022-07-24 15:38:48,10122,5887.2
2022-07-24 15:38:47,10240.2,5769.02
2022-07-24 15:38:46,10551.5,5457.7
2022-07-24 15:38:45,10654.7,5354.5
2022-07-24 15:38:44,10967,5042.23
2022-07-24 15:38:43,11196.8,4812.4
2022-07-24 15:38:42,11592,4417.23
2022-07-24 15:38:41,11724.1,4285.11
2022-07-24 15:38:40,11841.5,4167.72
2022-07-24 15:38:39,11949.7,4059.45
2022-07-24 15:38:38,12104.1,3905.06
2022-07-24 15:38:37,12240,3769.16
2022-07-24 15:38:36,12438.8,3570.38
2022-07-24 15:38:35,10466.4,5542.8
2022-07-24 15:38:34,10516.6,5492.57
2022-07-24 15:38:33,9475.74,6533.45
2022-07-24 15:38:32,9476.67,6532.52
2022-07-24 15:38:31,9506.16,6503.03
2022-07-24 15:38:30,9507.26,6501.93
2022-07-24 15:38:29,9510.02,6499.16
2022-07-24 15:38:28,9511.07,6498.12
2022-07-24 15:38:27,9535.98,6473.21
2022-07-24 15:38:26,9553.15,6456.04
2022-07-24 15:38:25,9556.01,6453.18
2022-07-24 15:38:24,9557.06,6452.13
2022-07-24 15:38:23,9580.12,6429.06
2022-07-24 15:38:22,9602.54,6406.65
2022-07-24 15:38:21,9603.73,6405.45
2022-07-24 15:38:20,9605.69,6403.49
2022-07-24 15:38:19,9637.51,6371.68
2022-07-24 15:38:18,9667.37,6341.81
2022-07-24 15:38:17,9671.01,6338.18
2022-07-24 15:38:16,9672.94,6336.24
2022-07-24 15:38:15,9701.95,6307.24
2022-07-24 15:38:14,9729.75,6279.44
2022-07-24 15:38:13,9730.39,6278.8
2022-07-24 15:38:12,9758.85,6250.34
2022-07-24 15:38:11,9771.95,6237.23
2022-07-24 15:38:10,9789.59,6219.6
2022-07-24 15:38:09,9806.8,6202.39
2022-07-24 15:38:08,9816.72,6192.47
2022-07-24 15:38:07,9828.82,6180.36
2022-07-24 15:38:06,9863.18,6146
2022-07-24 15:38:05,9865.85,6143.34
2022-07-24 15:38:04,9882.05,6127.14
2022-07-24 15:38:03,9990.66,6018.53
2022-07-24 15:38:02,10244.5,5764.7
2022-07-24 15:38:01,10399.4,5609.82
2022-07-24 15:38:00,10569.8,5439.37
2022-07-24 15:37:59,10760.3,5248.93
2022-07-24 15:37:58,10984.8,5024.36
2022-07-24 15:37:57,11444.3,4564.92
2022-07-24 15:37:56,11589.1,4420.05
2022-07-24 15:37:55,11761.5,4247.73
2022-07-24 15:37:54,11894.1,4115.04
2022-07-24 15:37:53,12038.2,3970.94
2022-07-24 15:37:52,12167,3842.16
2022-07-24 15:37:51,11803.4,4205.78
2022-07-24 15:37:50,11961.3,4047.87
2022-07-24 15:37:49,11092.3,4916.87
2022-07-24 15:37:48,9621.41,6387.78
2022-07-24 15:37:47,9625.92,6383.27
2022-07-24 15:37:46,9629.81,6379.38
2022-07-24 15:37:45,9639.06,6370.13
2022-07-24 15:37:44,9640.48,6368.7
2022-07-24 15:37:43,9644.4,6364.79
2022-07-24 15:37:42,9650.66,6358.52
2022-07-24 15:37:41,9658.66,6350.53
2022-07-24 15:37:40,9662.01,6347.18
2022-07-24 15:37:39,9672.23,6336.96
2022-07-24 15:37:38,9680.52,6328.66
2022-07-24 15:37:37,9693.5,6315.69
2022-07-24 15:37:36,9703.03,6306.16
2022-07-24 15:37:35,9720.96,6288.23
2022-07-24 15:37:34,9736.21,6272.98
2022-07-24 15:37:33,9762.84,6246.35
2022-07-24 15:37:32,9781.01,6228.18
2022-07-24 15:37:31,9799.76,6209.43
2022-07-24 15:37:30,9823.36,6185.83
2022-07-24 15:37:29,9842.17,6167.02
2022-07-24 15:37:28,9866.19,6143
2022-07-24 15:37:27,9899.87,6109.31
2022-07-24 15:37:26,9907.51,6101.68
2022-07-24 15:37:25,9952.28,6056.91
2022-07-24 15:37:24,9976.77,6032.42
2022-07-24 15:37:23,10000.3,6008.9
2022-07-24 15:37:22,10023.2,5986.03
2022-07-24 15:37:21,10066.8,5942.43
2022-07-24 15:37:20,10069.6,5939.55
2022-07-24 15:37:19,10172.5,5836.69
2022-07-24 15:37:18,10283.7,5725.5
2022-07-24 15:37:17,10324.2,5684.97
2022-07-24 15:37:16,10515,5494.2
2022-07-24 15:37:15,10839.2,5170
2022-07-24 15:37:14,11096.9,4912.27
2022-07-24 15:37:13,11210.9,4798.32
2022-07-24 15:37:12,11315.9,4693.31
2022-07-24 15:37:11,11454.2,4554.99
2022-07-24 15:37:10,11757.8,4251.42
2022-07-24 15:37:09,11923.4,4085.78
2022-07-24 15:37:08,12026.6,3982.59
2022-07-24 15:37:07,12193,3816.19
2022-07-24 15:37:06,12320.9,3688.28
2022-07-24 15:37:05,11352.9,4656.32
2022-07-24 15:37:04,10534,5475.18
2022-07-24 15:37:03,10499.7,5509.5
2022-07-24 15:37:02,9893.41,6115.77
2022-07-24 15:37:01,9403.2,6605.99
2022-07-24 15:37:00,9408.12,6601.06
2022-07-24 15:36:59,9408.63,6600.56
2022-07-24 15:36:58,9415.71,6593.48
2022-07-24 15:36:57,9415.89,6593.3
2022-07-24 15:36:56,9428.64,6580.54
2022-07-24 15:36:55,9432.83,6576.36
2022-07-24 15:36:54,9433.11,6576.07
2022-07-24 15:36:53,9435.5,6573.69
2022-07-24 15:36:52,9435.54,6573.64
2022-07-24 15:36:51,9457.34,6551.85
2022-07-24 15:36:50,9476.8,6532.39
2022-07-24 15:36:49,9478.26,6530.93
2022-07-24 15:36:48,9485.58,6523.61
2022-07-24 15:36:47,9501.14,6508.05
2022-07-24 15:36:46,9537.56,6471.63
2022-07-24 15:36:45,9538.87,6470.32
2022-07-24 15:36:44,9566.03,6443.16
2022-07-24 15:36:43,9560.32,6448.87
2022-07-24 15:36:42,9591.09,6418.1
2022-07-24 15:36:41,9628.57,6380.62
2022-07-24 15:36:40,9630.39,6378.8
2022-07-24 15:36:39,9623.3,6385.89
2022-07-24 15:36:38,9692.78,6316.41
2022-07-24 15:36:37,9700.9,6308.29
2022-07-24 15:36:36,9702.46,6306.73
2022-07-24 15:36:35,9787.26,6221.93
2022-07-24 15:36:34,9834.01,6175.18
2022-07-24 15:36:33,10030.6,5978.54
2022-07-24 15:36:32,10257.3,5751.92
2022-07-24 15:36:31,10330.4,5678.81
2022-07-24 15:36:30,10385.1,5624.08
2022-07-24 15:36:29,10726.4,5282.76
2022-07-24 15:36:28,10868.3,5140.88
2022-07-24 15:36:27,10978.2,5031.02
2022-07-24 15:36:26,11217.9,4791.28
2022-07-24 15:36:25,11357.2,4652.01
2022-07-24 15:36:24,11866.2,4142.97
2022-07-24 15:36:23,11501,4508.21
2022-07-24 15:36:22,11009.8,4999.34
2022-07-24 15:36:21,11087.5,4921.72
2022-07-24 15:36:20,11193.7,4815.44
2022-07-24 15:36:19,10800,5209.17
2022-07-24 15:36:18,10903.6,5105.61
2022-07-24 15:36:17,10378.4,5630.79
2022-07-24 15:36:16,9883.67,6125.52
2022-07-24 15:36:15,9374.81,6634.38
2022-07-24 15:36:14,9374.9,6634.29
2022-07-24 15:36:13,9375.68,6633.5
2022-07-24 15:36:12,9384.38,6624.81
2022-07-24 15:36:11,9392.15,6617.04
2022-07-24 15:36:10,9395.21,6613.98
2022-07-24 15:36:09,9396.5,6612.69
2022-07-24 15:36:08,9411.92,6597.27
2022-07-24 15:36:07,9440.37,6568.81
2022-07-24 15:36:06,9440.75,6568.44
2022-07-24 15:36:05,9442.72,6566.46
2022-07-24 15:36:04,9457.27,6551.92
2022-07-24 15:36:03,9482.89,6526.3
2022-07-24 15:36:02,9485.22,6523.97
2022-07-24 15:36:01,9489.76,6519.43
2022-07-24 15:36:00,9530.29,6478.9
2022-07-24 15:35:59,9553.34,6455.84
2022-07-24 15:35:58,9559.51,6449.68
2022-07-24 15:35:57,9582.11,6427.08
2022-07-24 15:35:56,9605.63,6403.55
2022-07-24 15:35:55,9610.66,6398.53
2022-07-24 15:35:54,9648.96,6360.23
2022-07-24 15:35:53,9676.28,6332.91
2022-07-24 15:35:52,9676.01,6333.18
2022-07-24 15:35:51,9692.86,6316.32
2022-07-24 15:35:50,9754.56,6254.63
2022-07-24 15:35:49,9962.15,6047.04
2022-07-24 15:35:48,10042.2,5966.95
2022-07-24 15:35:47,10086.7,5922.49
2022-07-24 15:35:46,10414.6,5594.59
2022-07-24 15:35:45,10671.5,5337.73
2022-07-24 15:35:44,10814.7,5194.46
2022-07-24 15:35:43,11035.2,4973.99
2022-07-24 15:35:42,11163.3,4845.88
2022-07-24 15:35:41,11253.3,4755.85
2022-07-24 15:35:40,11649.4,4359.8
2022-07-24 15:35:39,11256.7,4752.48
2022-07-24 15:35:38,11405.3,4603.86
2022-07-24 15:35:37,11663.8,4345.38
2022-07-24 15:35:36,11299.7,4709.52
2022-07-24 15:35:35,10750.8,5258.34
2022-07-24 15:35:34,10304.8,5704.43
2022-07-24 15:35:33,10370.2,5639
2022-07-24 15:35:32,10431.2,5578
2022-07-24 15:35:31,9969.52,6039.67
2022-07-24 15:35:30,9980.37,6028.82
2022-07-24 15:35:29,9361.95,6647.24
2022-07-24 15:35:28,9371.92,6637.27
2022-07-24 15:35:27,9373.48,6635.71
2022-07-24 15:35:26,9375.56,6633.63
2022-07-24 15:35:25,9377.69,6631.5
2022-07-24 15:35:24,9385.35,6623.84
2022-07-24 15:35:23,9386.46,6622.73
2022-07-24 15:35:22,9387.38,6621.81
2022-07-24 15:35:21,9389.12,6620.06
2022-07-24 15:35:20,9391.52,6617.67
2022-07-24 15:35:19,9406.28,6602.91
2022-07-24 15:35:18,9405.29,6603.9
2022-07-24 15:35:17,9416.37,6592.82
2022-07-24 15:35:16,9418.23,6590.95
2022-07-24 15:35:15,9446.96,6562.23
2022-07-24 15:35:14,9447.82,6561.36
2022-07-24 15:35:13,9452.47,6556.72
2022-07-24 15:35:12,9500.21,6508.97
2022-07-24 15:35:11,9516.18,6493.01
2022-07-24 15:35:10,9524.4,6484.78
2022-07-24 15:35:09,9541.72,6467.47
2022-07-24 15:35:08,9573.99,6435.2
2022-07-24 15:35:07,9600.98,6408.2
2022-07-24 15:35:06,9636.87,6372.32
2022-07-24 15:35:05,9651.35,6357.84
2022-07-24 15:35:04,9712.82,6296.37
2022-07-24 15:35:03,9807.07,6202.12
2022-07-24 15:35:02,9883.73,6125.45
2022-07-24 15:35:01,10062.4,5946.76
2022-07-24 15:35:00,10240.6,5768.6
2022-07-24 15:34:59,10775.3,5233.9
2022-07-24 15:34:58,10936.9,5072.32
2022-07-24 15:34:57,11117.6,4891.61
2022-07-24 15:34:56,11295.8,4713.34
2022-07-24 15:34:55,11407.7,4601.52
2022-07-24 15:34:54,11685.5,4323.72
2022-07-24 15:34:53,11884.5,4124.7
2022-07-24 15:34:52,12080.3,3928.93
2022-07-24 15:34:51,11744.4,4264.82
2022-07-24 15:34:50,11906.9,4102.25
2022-07-24 15:34:49,10980.4,5028.74
2022-07-24 15:34:48,10029.6,5979.54
2022-07-24 15:34:47,10077.5,5931.69
2022-07-24 15:34:46,10101,5908.16
2022-07-24 15:34:45,9580.49,6428.7
2022-07-24 15:34:44,9582.42,6426.77
2022-07-24 15:34:43,9593.78,6415.41
2022-07-24 15:34:42,9595.85,6413.34
2022-07-24 15:34:41,9607.98,6401.21
2022-07-24 15:34:40,9609.8,6399.39
2022-07-24 15:34:39,9619.93,6389.26
2022-07-24 15:34:38,9620.73,6388.45
2022-07-24 15:34:37,9627.88,6381.3
2022-07-24 15:34:36,9638.06,6371.13
2022-07-24 15:34:35,9654.5,6354.68
2022-07-24 15:34:34,9656.05,6353.14
2022-07-24 15:34:33,9656.52,6352.67
2022-07-24 15:34:32,9681.65,6327.54
2022-07-24 15:34:31,9687.3,6321.89
2022-07-24 15:34:30,9701.61,6307.58
2022-07-24 15:34:29,9707.37,6301.82
2022-07-24 15:34:28,9746.52,6262.67
2022-07-24 15:34:27,9783.95,6225.24
2022-07-24 15:34:26,9797.87,6211.32
2022-07-24 15:34:25,9838.09,6171.09
2022-07-24 15:34:24,9884.91,6124.28
2022-07-24 15:34:23,9919.72,6089.46
2022-07-24 15:34:22,9946.77,6062.42
2022-07-24 15:34:21,9990.6,6018.59
2022-07-24 15:34:20,10032.9,5976.34
2022-07-24 15:34:19,10061.9,5947.29
2022-07-24 15:34:18,10167.3,5841.88
2022-07-24 15:34:17,10268.8,5740.39
2022-07-24 15:34:16,10354.2,5655
2022-07-24 15:34:15,10674.1,5335.13
2022-07-24 15:34:14,10950.9,5058.28
2022-07-24 15:34:13,11164.2,4844.97
2022-07-24 15:34:12,11268.1,4741.06
2022-07-24 15:34:11,11500,4509.23
2022-07-24 15:34:10,11620.5,4388.7
2022-07-24 15:34:09,11711.6,4297.58
2022-07-24 15:34:08,11887.2,4121.95
2022-07-24 15:34:07,12128.5,3880.71
2022-07-24 15:34:06,12301.1,3708.05
2022-07-24 15:34:05,11976.8,4032.35
2022-07-24 15:34:04,10813.5,5195.68
2022-07-24 15:34:03,9837.83,6171.36
2022-07-24 15:34:02,9885.31,6123.88
2022-07-24 15:34:01,9912.51,6096.68
2022-07-24 15:34:00,9283.14,6726.04
2022-07-24 15:33:59,9284.74,6724.45
2022-07-24 15:33:58,9285.26,6723.93
2022-07-24 15:33:57,9293.24,6715.95
2022-07-24 15:33:56,9293.41,6715.77
2022-07-24 15:33:55,9299.77,6709.41
2022-07-24 15:33:54,9306.57,6702.62
2022-07-24 15:33:53,9315.62,6693.57
2022-07-24 15:33:52,9315.69,6693.49
2022-07-24 15:33:51,9333.18,6676.01
2022-07-24 15:33:50,9334.98,6674.21
2022-07-24 15:33:49,9342.9,6666.29
2022-07-24 15:33:48,9347.1,6662.09
2022-07-24 15:33:47,9351.55,6657.64
2022-07-24 15:33:46,9385.38,6623.81
2022-07-24 15:33:45,9388.13,6621.06
2022-07-24 15:33:44,9402.16,6607.02
2022-07-24 15:33:43,9413.86,6595.32
2022-07-24 15:33:42,9444.26,6564.93
2022-07-24 15:33:41,9446.66,6562.52
2022-07-24 15:33:40,9448.39,6560.8
2022-07-24 15:33:39,9471.75,6537.43
2022-07-24 15:33:38,9493.46,6515.73
2022-07-24 15:33:37,9511.08,6498.11
2022-07-24 15:33:36,9536.31,6472.88
2022-07-24 15:33:35,9556.3,6452.88
2022-07-24 15:33:34,9555.62,6453.57
2022-07-24 15:33:33,9640.66,6368.52
2022-07-24 15:33:32,9747.37,6261.82
2022-07-24 15:33:31,9955.51,6053.68
2022-07-24 15:33:30,10309.8,5699.38
2022-07-24 15:33:29,10426.1,5583.05
2022-07-24 15:33:28,10770.2,5238.94
2022-07-24 15:33:27,11165.3,4843.89
2022-07-24 15:33:26,11258.3,4750.93
2022-07-24 15:33:25,11673.7,4335.48
2022-07-24 15:33:24,11805.5,4203.68
2022-07-24 15:33:23,11935.6,4073.55
2022-07-24 15:33:22,12096.4,3912.81
2022-07-24 15:33:21,12259.3,3749.87
2022-07-24 15:33:20,11896.2,4112.98
2022-07-24 15:33:19,11564.5,4444.67
2022-07-24 15:33:18,10507.5,5501.67
2022-07-24 15:33:17,10014.3,5994.89
2022-07-24 15:33:16,9395.34,6613.85
2022-07-24 15:33:15,9401.29,6607.9
2022-07-24 15:33:14,9404.77,6604.41
2022-07-24 15:33:13,9407.39,6601.79
2022-07-24 15:33:12,9415.02,6594.17
2022-07-24 15:33:11,9413.74,6595.45
2022-07-24 15:33:10,9414.48,6594.71
2022-07-24 15:33:09,9416.7,6592.48
2022-07-24 15:33:08,9422.94,6586.25
2022-07-24 15:33:07,9424.19,6585
2022-07-24 15:33:06,9423.88,6585.31
2022-07-24 15:33:05,9425.27,6583.92
2022-07-24 15:33:04,9425.19,6584
2022-07-24 15:33:03,9435.74,6573.45
2022-07-24 15:33:02,9446.02,6563.17
2022-07-24 15:33:01,9447.64,6561.55
2022-07-24 15:33:00,9467.02,6542.16
2022-07-24 15:32:59,9480.08,6529.11
2022-07-24 15:32:58,9499.02,6510.17
2022-07-24 15:32:57,9500.14,6509.05
2022-07-24 15:32:56,9524.02,6485.16
2022-07-24 15:32:55,9536.89,6472.29
2022-07-24 15:32:54,9561.34,6447.84
2022-07-24 15:32:53,9578.46,6430.73
2022-07-24 15:32:52,9593.9,6415.29
2022-07-24 15:32:51,9628.26,6380.93
2022-07-24 15:32:50,9625.61,6383.58
2022-07-24 15:32:49,9649.89,6359.29
2022-07-24 15:32:48,9658.08,6351.11
2022-07-24 15:32:47,9883.5,6125.69
2022-07-24 15:32:46,10082.3,5926.9
2022-07-24 15:32:45,10118.7,5890.45
2022-07-24 15:32:44,10374.7,5634.5
2022-07-24 15:32:43,10753.8,5255.4
2022-07-24 15:32:42,10966.6,5042.55
2022-07-24 15:32:41,11098.1,4911.09
2022-07-24 15:32:40,11362.6,4646.59
2022-07-24 15:32:39,11735.8,4273.42
2022-07-24 15:32:38,11894,4115.15
2022-07-24 15:32:37,12040.6,3968.59
2022-07-24 15:32:36,11696.6,4312.56
2022-07-24 15:32:35,11839.9,4169.31
2022-07-24 15:32:34,11461.7,4547.47
2022-07-24 15:32:33,11081.2,4927.97
2022-07-24 15:32:32,9993.01,6016.18
2022-07-24 15:32:31,10002.4,6006.79
2022-07-24 15:32:30,9487.97,6521.21
2022-07-24 15:32:29,9497.57,6511.62
2022-07-24 15:32:28,9507.42,6501.77
2022-07-24 15:32:27,9509.83,6499.36
2022-07-24 15:32:26,9511.5,6497.69
2022-07-24 15:32:25,9522.49,6486.7
2022-07-24 15:32:24,9537.74,6471.45
2022-07-24 15:32:23,9537.65,6471.54
2022-07-24 15:32:22,9550.75,6458.44
2022-07-24 15:32:21,9572.1,6437.09
2022-07-24 15:32:20,9579.98,6429.21
2022-07-24 15:32:19,9596.98,6412.21
2022-07-24 15:32:18,9601.3,6407.89
2022-07-24 15:32:17,9630.42,6378.77
2022-07-24 15:32:16,9645.61,6363.58
2022-07-24 15:32:15,9649.6,6359.59
2022-07-24 15:32:14,9667.29,6341.89
2022-07-24 15:32:13,9714.54,6294.64
2022-07-24 15:32:12,9715.41,6293.78
2022-07-24 15:32:11,9712.84,6296.35
2022-07-24 15:32:10,9769.97,6239.22
2022-07-24 15:32:09,9780.28,6228.9
2022-07-24 15:32:08,9810.48,6198.7
2022-07-24 15:32:07,9855.5,6153.69
2022-07-24 15:32:06,9888,6121.18
2022-07-24 15:32:05,9893.93,6115.25
2022-07-24 15:32:04,9968.52,6040.67
2022-07-24 15:32:03,10040.2,5968.96
2022-07-24 15:32:02,10068.6,5940.54
2022-07-24 15:32:01,10260.8,5748.39
2022-07-24 15:32:00,10475.7,5533.52
2022-07-24 15:31:59,10650.6,5358.56
2022-07-24 15:31:58,10801.5,5207.68
2022-07-24 15:31:57,10884.6,5124.62
2022-07-24 15:31:56,10978.4,5030.77
2022-07-24 15:31:55,11463.8,4545.4
2022-07-24 15:31:54,11623.1,4386.1
2022-07-24 15:31:53,11765.2,4244.02
2022-07-24 15:31:52,12039.4,3969.82
2022-07-24 15:31:51,12191.1,3818.12
2022-07-24 15:31:50,11272.8,4736.36
2022-07-24 15:31:49,11389.4,4619.74
2022-07-24 15:31:48,11484.1,4525.1
2022-07-24 15:31:47,10553.4,5455.77
2022-07-24 15:31:46,10118,5891.16
2022-07-24 15:31:45,9516.15,6493.04
2022-07-24 15:31:44,9518.93,6490.26
2022-07-24 15:31:43,9521.88,6487.31
2022-07-24 15:31:42,9531.31,6477.88
2022-07-24 15:31:41,9543.63,6465.55
2022-07-24 15:31:40,9553.42,6455.77
2022-07-24 15:31:39,9555.41,6453.78
2022-07-24 15:31:38,9563.52,6445.67
2022-07-24 15:31:37,9563.15,6446.04
2022-07-24 15:31:36,9598.17,6411.02
2022-07-24 15:31:35,9600.85,6408.34
2022-07-24 15:31:34,9611.96,6397.23
2022-07-24 15:31:33,9613.01,6396.18
2022-07-24 15:31:32,9645.78,6363.4
2022-07-24 15:31:31,9658.63,6350.55
2022-07-24 15:31:30,9677.36,6331.82
2022-07-24 15:31:29,9681.69,6327.5
2022-07-24 15:31:28,9700.34,6308.85
2022-07-24 15:31:27,9730.58,6278.61
2022-07-24 15:31:26,9765.84,6243.34
2022-07-24 15:31:25,9769.33,6239.86
2022-07-24 15:31:24,9821.68,6187.51
2022-07-24 15:31:23,9835.86,6173.33
2022-07-24 15:31:22,9862.84,6146.34
2022-07-24 15:31:21,9916.33,6092.86
2022-07-24 15:31:20,9929.5,6079.69
2022-07-24 15:31:19,9974.27,6034.91
2022-07-24 15:31:18,10030.8,5978.36
2022-07-24 15:31:17,10086.4,5922.81
2022-07-24 15:31:16,10236.7,5772.52
2022-07-24 15:31:15,10462,5547.19
2022-07-24 15:31:14,10629.6,5379.64
2022-07-24 15:31:13,10676.6,5332.58
2022-07-24 15:31:12,10833.5,5175.7
2022-07-24 15:31:11,11090.6,4918.6
2022-07-24 15:31:10,11457.8,4551.43
2022-07-24 15:31:09,11595,4414.14
2022-07-24 15:31:08,11755.1,4254.04
2022-07-24 15:31:07,12014.6,3994.55
2022-07-24 15:31:06,11621.1,4388.09
2022-07-24 15:31:05,11231.8,4777.38
2022-07-24 15:31:04,11331.5,4677.65
2022-07-24 15:31:03,11459.4,4549.76
2022-07-24 15:31:02,11058.4,4950.76
2022-07-24 15:31:01,10508.8,5500.39
2022-07-24 15:31:00,9908.97,6100.21
2022-07-24 15:30:59,9284.49,6724.7
2022-07-24 15:30:58,9294.26,6714.93
2022-07-24 15:30:57,9295.35,6713.84
2022-07-24 15:30:56,9296.11,6713.08
2022-07-24 15:30:55,9307.55,6701.64
2022-07-24 15:30:54,9319.31,6689.88
2022-07-24 15:30:53,9318.81,6690.38
2022-07-24 15:30:52,9321.88,6687.31
2022-07-24 15:30:51,9336.86,6672.33
2022-07-24 15:30:50,9348.93,6660.26
2022-07-24 15:30:49,9349.37,6659.82
2022-07-24 15:30:48,9356.23,6652.96
2022-07-24 15:30:47,9356.75,6652.44
2022-07-24 15:30:46,9392.57,6616.61
2022-07-24 15:30:45,9392.46,6616.73
2022-07-24 15:30:44,9394.34,6614.85
2022-07-24 15:30:43,9418.11,6591.08
2022-07-24 15:30:42,9446.92,6562.27
2022-07-24 15:30:41,9447.85,6561.34
2022-07-24 15:30:40,9468.29,6540.9
2022-07-24 15:30:39,9486.51,6522.68
2022-07-24 15:30:38,9501.2,6507.99
2022-07-24 15:30:37,9503.51,6505.68
2022-07-24 15:30:36,9534.95,6474.24
2022-07-24 15:30:35,9568.94,6440.25
2022-07-24 15:30:34,9568.82,6440.37
2022-07-24 15:30:33,9601.49,6407.69
2022-07-24 15:30:32,9612.01,6397.18
2022-07-24 15:30:31,9630.18,6379.01
2022-07-24 15:30:30,9710.77,6298.42
2022-07-24 15:30:29,9939.41,6069.78
2022-07-24 15:30:28,10048.2,5960.95
2022-07-24 15:30:27,10369.9,5639.26
2022-07-24 15:30:26,10761.3,5247.84
2022-07-24 15:30:25,11035.4,4973.8
2022-07-24 15:30:24,11255.8,4753.39
2022-07-24 15:30:23,11395.8,4613.34
2022-07-24 15:30:22,11776.2,4233.01
2022-07-24 15:30:21,11923.8,4085.38
2022-07-24 15:30:20,12075.5,3933.69
2022-07-24 15:30:19,12219.2,3789.97
2022-07-24 15:30:18,12399.1,3610.13
2022-07-24 15:30:17,11699.8,4309.41
2022-07-24 15:30:16,10606.4,5402.78
2022-07-24 15:30:15,9677.52,6331.67
2022-07-24 15:30:14,9528.93,6480.26
2022-07-24 15:30:13,9527.08,6482.11
2022-07-24 15:30:12,9537.21,6471.98
2022-07-24 15:30:11,9536.75,6472.44
2022-07-24 15:30:10,9551.62,6457.57
2022-07-24 15:30:09,9554.1,6455.09
2022-07-24 15:30:08,9563.33,6445.86
2022-07-24 15:30:07,9563.91,6445.28
2022-07-24 15:30:06,9577.26,6431.93
2022-07-24 15:30:05,9586.61,6422.58
2022-07-24 15:30:04,9587.86,6421.33
2022-07-24 15:30:03,9598.25,6410.94
2022-07-24 15:30:02,9616.17,6393.02
2022-07-24 15:30:01,9626.57,6382.62
2022-07-24 15:30:00,9627.74,6381.45
2022-07-24 15:29:59,9630.73,6378.46
2022-07-24 15:29:58,9671.61,6337.58
2022-07-24 15:29:57,9670.43,6338.75
2022-07-24 15:29:56,9680.71,6328.47
2022-07-24 15:29:55,9693.47,6315.72
2022-07-24 15:29:54,9723.53,6285.66
2022-07-24 15:29:53,9754.2,6254.98
2022-07-24 15:29:52,9791.27,6217.92
2022-07-24 15:29:51,9819.23,6189.96
2022-07-24 15:29:50,9820.98,6188.21
2022-07-24 15:29:49,9875.19,6134
2022-07-24 15:29:48,9928.86,6080.33
2022-07-24 15:29:47,9949.05,6060.14
2022-07-24 15:29:46,9993.44,6015.75
2022-07-24 15:29:45,10062.4,5946.81
2022-07-24 15:29:44,10152.9,5856.27
2022-07-24 15:29:43,10360.8,5648.4
2022-07-24 15:29:42,10638.3,5370.89
2022-07-24 15:29:41,10875.7,5133.49
2022-07-24 15:29:40,11220.5,4788.64
2022-07-24 15:29:39,11342.9,4666.24
2022-07-24 15:29:38,11628.3,4380.89
2022-07-24 15:29:37,11782.1,4227.08
2022-07-24 15:29:36,11897.4,4111.82
2022-07-24 15:29:35,12071.7,3937.52
2022-07-24 15:29:34,12188.8,3820.38
2022-07-24 15:29:33,12385.7,3623.48
2022-07-24 15:29:32,12001.9,4007.26
2022-07-24 15:29:31,11136.9,4872.27
2022-07-24 15:29:30,10247.5,5761.7
2022-07-24 15:29:29,9673.93,6335.25
2022-07-24 15:29:28,9673.89,6335.3
2022-07-24 15:29:27,9693.37,6315.82
2022-07-24 15:29:26,9694.51,6314.68
2022-07-24 15:29:25,9698.94,6310.25
2022-07-24 15:29:24,9699.53,6309.66
2022-07-24 15:29:23,9710.8,6298.39
2022-07-24 15:29:22,9722.19,6287
2022-07-24 15:29:21,9723.62,6285.57
2022-07-24 15:29:20,9727.38,6281.81
2022-07-24 15:29:19,9738.37,6270.82
2022-07-24 15:29:18,9762.89,6246.29
2022-07-24 15:29:17,9762.26,6246.93
2022-07-24 15:29:16,9770.53,6238.66
2022-07-24 15:29:15,9795.58,6213.61
2022-07-24 15:29:14,9813.63,6195.56
2022-07-24 15:29:13,9816.61,6192.58
2022-07-24 15:29:12,9818.13,6191.05
2022-07-24 15:29:11,9883,6126.19
2022-07-24 15:29:10,9899.77,6109.41
2022-07-24 15:29:09,9919.63,6089.56
2022-07-24 15:29:08,9933.44,6075.75
2022-07-24 15:29:07,9981.41,6027.77
2022-07-24 15:29:06,9987.27,6021.92
2022-07-24 15:29:05,10018.4,5990.79
2022-07-24 15:29:04,10036.2,5972.98
2022-07-24 15:29:03,10093.1,5916.09
2022-07-24 15:29:02,10149.4,5859.75
2022-07-24 15:29:01,10136,5873.18
2022-07-24 15:29:00,10182.9,5826.25
2022-07-24 15:28:59,10262.5,5746.69
2022-07-24 15:28:58,10419.1,5590.11
2022-07-24 15:28:57,10587.8,5421.42
2022-07-24 15:28:56,10707.8,5301.35
2022-07-24 15:28:55,11150.9,4858.25
2022-07-24 15:28:54,11398.5,4610.69
2022-07-24 15:28:53,11556.1,4453.06
2022-07-24 15:28:52,11630.7,4378.46
2022-07-24 15:28:51,11733.1,4276.07
2022-07-24 15:28:50,11945.6,4063.59
2022-07-24 15:28:49,12052.9,3956.28
2022-07-24 15:28:48,12243.4,3765.74
2022-07-24 15:28:47,12399.9,3609.25
2022-07-24 15:28:46,11966.6,4042.59
2022-07-24 15:28:45,9678.22,6330.96
2022-07-24 15:28:44,9706.76,6302.43
2022-07-24 15:28:43,9220.95,6788.24
2022-07-24 15:28:42,9221.27,6787.92
2022-07-24 15:28:41,9220.55,6788.64
2022-07-24 15:28:40,9220.67,6788.52
2022-07-24 15:28:39,9229.14,6780.05
2022-07-24 15:28:38,9227.97,6781.22
2022-07-24 15:28:37,9230.79,6778.4
2022-07-24 15:28:36,9232.26,6776.93
2022-07-24 15:28:35,9238.78,6770.41
2022-07-24 15:28:34,9238.81,6770.38
2022-07-24 15:28:33,9240.3,6768.88
2022-07-24 15:28:32,9242.91,6766.28
2022-07-24 15:28:31,9251.41,6757.77
2022-07-24 15:28:30,9251.29,6757.9
2022-07-24 15:28:29,9252.98,6756.2
2022-07-24 15:28:28,9274,6735.18
2022-07-24 15:28:27,9286.37,6722.82
2022-07-24 15:28:26,9286.21,6722.97
2022-07-24 15:28:25,9289.5,6719.69
2022-07-24 15:28:24,9323.86,6685.33
2022-07-24 15:28:23,9326.44,6682.75
2022-07-24 15:28:22,9329.02,6680.16
2022-07-24 15:28:21,9334.69,6674.49
2022-07-24 15:28:20,9349.87,6659.32
2022-07-24 15:28:19,9351.92,6657.27
2022-07-24 15:28:18,9370.55,6638.63
2022-07-24 15:28:17,9367.22,6641.97
2022-07-24 15:28:16,9393.17,6616.02
2022-07-24 15:28:15,9446.28,6562.9
2022-07-24 15:28:14,9499.47,6509.72
2022-07-24 15:28:13,9669.08,6340.11
2022-07-24 15:28:12,10015.7,5993.52
2022-07-24 15:28:11,10313.1,5696.12
2022-07-24 15:28:10,10557.4,5451.77
2022-07-24 15:28:09,10723.1,5286.06
2022-07-24 15:28:08,11464,4545.23
2022-07-24 15:28:07,11599.4,4409.83
2022-07-24 15:28:06,11767.7,4241.5
2022-07-24 15:28:05,11907.5,4101.71
2022-07-24 15:28:04,12018.1,3991.06
2022-07-24 15:28:03,12176.9,3832.28
2022-07-24 15:28:02,12309.2,3700.02
2022-07-24 15:28:01,12000.6,4008.6
2022-07-24 15:28:00,11677.9,4331.24
2022-07-24 15:27:59,9642.86,6366.33
2022-07-24 15:27:58,9644.61,6364.58
2022-07-24 15:27:57,9657.01,6352.18
2022-07-24 15:27:56,9655.72,6353.47
2022-07-24 15:27:55,9660.55,6348.63
2022-07-24 15:27:54,9663.87,6345.31
2022-07-24 15:27:53,9668.96,6340.23
2022-07-24 15:27:52,9670.71,6338.47
2022-07-24 15:27:51,9673.44,6335.75
2022-07-24 15:27:50,9676.37,6332.82
2022-07-24 15:27:49,9685.57,6323.62
2022-07-24 15:27:48,9688.09,6321.1
2022-07-24 15:27:47,9696.29,6312.9
2022-07-24 15:27:46,9705.15,6304.04
2022-07-24 15:27:45,9705.3,6303.88
2022-07-24 15:27:44,9709.14,6300.05
2022-07-24 15:27:43,9709.41,6299.78
2022-07-24 15:27:42,9757.38,6251.8
2022-07-24 15:27:41,9757.3,6251.89
2022-07-24 15:27:40,9762.44,6246.75
2022-07-24 15:27:39,9778.75,6230.44
2022-07-24 15:27:38,9795.38,6213.8
2022-07-24 15:27:37,9841.08,6168.11
2022-07-24 15:27:36,9843.4,6165.79
2022-07-24 15:27:35,9856.56,6152.63
2022-07-24 15:27:34,9896.71,6112.48
2022-07-24 15:27:33,9961.38,6047.8
2022-07-24 15:27:32,9979.13,6030.06
2022-07-24 15:27:31,9986.69,6022.5
2022-07-24 15:27:30,10083.3,5925.92
2022-07-24 15:27:29,10219.5,5789.66
2022-07-24 15:27:28,10291.4,5717.77
2022-07-24 15:27:27,10480.2,5528.97
2022-07-24 15:27:26,10568.5,5440.65
2022-07-24 15:27:25,10867.3,5141.92
2022-07-24 15:27:24,11048.2,4960.96
2022-07-24 15:27:23,11271.3,4737.88
2022-07-24 15:27:22,11389.4,4619.74
2022-07-24 15:27:21,11627.1,4382.06
2022-07-24 15:27:20,11829.1,4180.13
2022-07-24 15:27:19,11980.6,4028.64
2022-07-24 15:27:18,12148,3861.21
2022-07-24 15:27:17,12289.9,3719.27
2022-07-24 15:27:16,11922.6,4086.58
2022-07-24 15:27:15,11506.3,4502.87
2022-07-24 15:27:14,10464.8,5544.36
2022-07-24 15:27:13,10013,5996.15
2022-07-24 15:27:12,9388.66,6620.53
2022-07-24 15:27:11,9397.21,6611.98
2022-07-24 15:27:10,9401.76,6607.43
2022-07-24 15:27:09,9411.39,6597.8
2022-07-24 15:27:08,9413.14,6596.05
2022-07-24 15:27:07,9421.15,6588.04
2022-07-24 15:27:06,9431.1,6578.09
2022-07-24 15:27:05,9440.98,6568.21
2022-07-24 15:27:04,9442.07,6567.12
2022-07-24 15:27:03,9454.68,6554.51
2022-07-24 15:27:02,9475.35,6533.84
2022-07-24 15:27:01,9491.21,6517.98
2022-07-24 15:27:00,9492.42,6516.77
2022-07-24 15:26:59,9498.58,6510.61
2022-07-24 15:26:58,9540.64,6468.55
2022-07-24 15:26:57,9555.47,6453.72
2022-07-24 15:26:56,9555.77,6453.42
2022-07-24 15:26:55,9574.36,6434.82
2022-07-24 15:26:54,9608.74,6400.45
2022-07-24 15:26:53,9627.04,6382.14
2022-07-24 15:26:52,9627.93,6381.26
2022-07-24 15:26:51,9672.27,6336.92
2022-07-24 15:26:50,9690.69,6318.5
2022-07-24 15:26:49,9702.52,6306.67
2022-07-24 15:26:48,9721.54,6287.65
2022-07-24 15:26:47,9747.75,6261.44
2022-07-24 15:26:46,9800.66,6208.53
2022-07-24 15:26:45,9804.41,6204.78
2022-07-24 15:26:44,9976.28,6032.91
2022-07-24 15:26:43,10124.5,5884.7
2022-07-24 15:26:42,10147,5862.22
2022-07-24 15:26:41,10259.3,5749.85
2022-07-24 15:26:40,10682.8,5326.43
2022-07-24 15:26:39,10849,5160.21
2022-07-24 15:26:38,11072.2,4936.95
2022-07-24 15:26:37,11201.8,4807.44
2022-07-24 15:26:36,11441,4568.19
2022-07-24 15:26:35,11660.9,4348.27
2022-07-24 15:26:34,11957.6,4051.54
2022-07-24 15:26:33,11584.8,4424.36
2022-07-24 15:26:32,11740.3,4268.85
2022-07-24 15:26:31,11862.1,4147.12
2022-07-24 15:26:30,11100.2,4908.99
2022-07-24 15:26:29,11094.3,4914.89
2022-07-24 15:26:28,10639.2,5369.96
2022-07-24 15:26:27,10062.2,5947.02
2022-07-24 15:26:26,9552.56,6456.63
2022-07-24 15:26:25,9554.8,6454.38
2022-07-24 15:26:24,9555.84,6453.34
2022-07-24 15:26:23,9568.41,6440.78
2022-07-24 15:26:22,9575.39,6433.79
2022-07-24 15:26:21,9578.3,6430.89
2022-07-24 15:26:20,9579.16,6430.03
2022-07-24 15:26:19,9579.47,6429.72
2022-07-24 15:26:18,9603.39,6405.8
2022-07-24 15:26:17,9606.02,6403.17
2022-07-24 15:26:16,9606.18,6403.01
2022-07-24 15:26:15,9607.27,6401.92
2022-07-24 15:26:14,9627.05,6382.13
2022-07-24 15:26:13,9643.31,6365.88
2022-07-24 15:26:12,9654.63,6354.56
2022-07-24 15:26:11,9655.34,6353.85
2022-07-24 15:26:10,9668.51,6340.68
2022-07-24 15:26:09,9696.62,6312.57
2022-07-24 15:26:08,9716.98,6292.21
2022-07-24 15:26:07,9744.31,6264.88
2022-07-24 15:26:06,9774.5,6234.68
2022-07-24 15:26:05,9793.02,6216.17
2022-07-24 15:26:04,9812.6,6196.59
2022-07-24 15:26:03,9858.01,6151.18
2022-07-24 15:26:02,9899.06,6110.12
2022-07-24 15:26:01,9924.91,6084.28
2022-07-24 15:26:00,9977.9,6031.29
2022-07-24 15:25:59,9995.7,6013.49
2022-07-24 15:25:58,10082,5927.14
2022-07-24 15:25:57,10300.9,5708.26
2022-07-24 15:25:56,10391.7,5617.52
2022-07-24 15:25:55,10597.7,5411.52
2022-07-24 15:25:54,10869.7,5139.54
2022-07-24 15:25:53,11056.6,4952.57
2022-07-24 15:25:52,11177.7,4831.48
2022-07-24 15:25:51,11367.2,4641.95
2022-07-24 15:25:50,11633.4,4375.79
2022-07-24 15:25:49,11733.6,4275.57
2022-07-24 15:25:48,12039.2,3969.98
2022-07-24 15:25:47,12203.4,3805.79
2022-07-24 15:25:46,11869.6,4139.56
2022-07-24 15:25:45,11988.1,4021.1
2022-07-24 15:25:44,10489.3,5519.89
2022-07-24 15:25:43,10545.2,5463.95
2022-07-24 15:25:42,10077.4,5931.81
2022-07-24 15:25:41,9601.47,6407.72
2022-07-24 15:25:40,9601.44,6407.74
2022-07-24 15:25:39,9615.64,6393.55
2022-07-24 15:25:38,9618.54,6390.64
2022-07-24 15:25:37,9628.38,6380.81
2022-07-24 15:25:36,9634.16,6375.02
2022-07-24 15:25:35,9645.48,6363.71
2022-07-24 15:25:34,9659.39,6349.8
2022-07-24 15:25:33,9669.93,6339.26
2022-07-24 15:25:32,9682.44,6326.74
2022-07-24 15:25:31,9684.83,6324.36
2022-07-24 15:25:30,9712.5,6296.69
2022-07-24 15:25:29,9739.53,6269.65
2022-07-24 15:25:28,9756.38,6252.81
2022-07-24 15:25:27,9758.9,6250.29
2022-07-24 15:25:26,9787.53,6221.66
2022-07-24 15:25:25,9826.79,6182.4
2022-07-24 15:25:24,9842.64,6166.54
2022-07-24 15:25:23,9855.29,6153.9
2022-07-24 15:25:22,9878.56,6130.63
2022-07-24 15:25:21,9890.34,6118.85
2022-07-24 15:25:20,9894.73,6114.45
2022-07-24 15:25:19,9944.38,6064.81
2022-07-24 15:25:18,9954.2,6054.99
2022-07-24 15:25:17,9948.17,6061.02
2022-07-24 15:25:16,9984,6025.19
2022-07-24 15:25:15,10024.3,5984.85
2022-07-24 15:25:14,10026.7,5982.52
2022-07-24 15:25:13,10063.1,5946.12
2022-07-24 15:25:12,10119.6,5889.57
2022-07-24 15:25:11,10291.1,5718.11
2022-07-24 15:25:10,10533.1,5476.08
2022-07-24 15:25:09,10666.4,5342.8
2022-07-24 15:25:08,10820.6,5188.61
2022-07-24 15:25:07,11122.2,4886.97
2022-07-24 15:25:06,11410.6,4598.54
2022-07-24 15:25:05,11518.1,4491.05
2022-07-24 15:25:04,11722.5,4286.73
2022-07-24 15:25:03,11815.5,4193.7
2022-07-24 15:25:02,11956.2,4053.03
2022-07-24 15:25:01,12196.3,3812.91
2022-07-24 15:25:00,11247.2,4761.95
2022-07-24 15:24:59,11354.6,4654.55
2022-07-24 15:24:58,10931.8,5077.43
2022-07-24 15:24:57,9750.08,6259.11
2022-07-24 15:24:56,9787.73,6221.45
2022-07-24 15:24:55,9827.54,6181.65
2022-07-24 15:24:54,9828.78,6180.41
2022-07-24 15:24:53,9337.47,6671.72
2022-07-24 15:24:52,9344.93,6664.26
2022-07-24 15:24:51,9346.98,6662.21
2022-07-24 15:24:50,9350.25,6658.93
2022-07-24 15:24:49,9349.85,6659.34
2022-07-24 15:24:48,9357.78,6651.4
2022-07-24 15:24:47,9360.75,6648.44
2022-07-24 15:24:46,9362.25,6646.94
2022-07-24 15:24:45,9363.47,6645.72
2022-07-24 15:24:44,9376.3,6632.88
2022-07-24 15:24:43,9377.81,6631.38
2022-07-24 15:24:42,9388.45,6620.73
2022-07-24 15:24:41,9390.08,6619.11
2022-07-24 15:24:40,9402.79,6606.4
2022-07-24 15:24:39,9404.65,6604.54
2022-07-24 15:24:38,9436.34,6572.85
2022-07-24 15:24:37,9437.11,6572.07
2022-07-24 15:24:36,9454.24,6554.95
2022-07-24 15:24:35,9458.3,6550.89
2022-07-24 15:24:34,9498.27,6510.92
2022-07-24 15:24:33,9514.39,6494.8
2022-07-24 15:24:32,9518.99,6490.2
2022-07-24 15:24:31,9519.23,6489.96
2022-07-24 15:24:30,9580.58,6428.61
2022-07-24 15:24:29,9552.18,6457.01
2022-07-24 15:24:28,9580.41,6428.78
2022-07-24 15:24:27,9725.33,6283.86
2022-07-24 15:24:26,9788.08,6221.11
2022-07-24 15:24:25,9845.4,6163.79
2022-07-24 15:24:24,10366.1,5643.13
2022-07-24 15:24:23,10805.9,5203.27
2022-07-24 15:24:22,10943.4,5065.8
2022-07-24 15:24:21,11088.4,4920.81
2022-07-24 15:24:20,11179,4830.2
2022-07-24 15:24:19,11272.2,4736.98
2022-07-24 15:24:18,11620,4389.19
2022-07-24 15:24:17,11802.8,4206.38
2022-07-24 15:24:16,11980.3,4028.89
2022-07-24 15:24:15,12121.9,3887.28
2022-07-24 15:24:14,11380.1,4629.11
2022-07-24 15:24:13,10417.6,5591.58
2022-07-24 15:24:12,10475.7,5533.48
2022-07-24 15:24:11,10557.1,5452.12
2022-07-24 15:24:10,10106.1,5903.11
2022-07-24 15:24:09,10146.6,5862.63
2022-07-24 15:24:08,9644.2,6364.99
2022-07-24 15:24:07,9644.28,6364.91
2022-07-24 15:24:06,9650.16,6359.02
2022-07-24 15:24:05,9652.25,6356.94
2022-07-24 15:24:04,9660.24,6348.95
2022-07-24 15:24:03,9662.13,6347.06
2022-07-24 15:24:02,9664.44,6344.75
2022-07-24 15:24:01,9666.93,6342.26
2022-07-24 15:24:00,9672.51,6336.68
2022-07-24 15:23:59,9673.26,6335.93
2022-07-24 15:23:58,9676.18,6333.01
2022-07-24 15:23:57,9682.02,6327.16
2022-07-24 15:23:56,9694.58,6314.61
2022-07-24 15:23:55,9706.29,6302.9
2022-07-24 15:23:54,9706.67,6302.52
2022-07-24 15:23:53,9750.59,6258.6
2022-07-24 15:23:52,9768.66,6240.52
2022-07-24 15:23:51,9794.23,6214.95
2022-07-24 15:23:50,9796.18,6213.01
2022-07-24 15:23:49,9802.88,6206.31
2022-07-24 15:23:48,9893.5,6115.68
2022-07-24 15:23:47,9929.71,6079.48
2022-07-24 15:23:46,9931.9,6077.29
2022-07-24 15:23:45,9964.07,6045.11
2022-07-24 15:23:44,10137,5872.16
2022-07-24 15:23:43,10137.1,5872.05
2022-07-24 15:23:42,10272.8,5736.4
2022-07-24 15:23:41,10397.9,5611.33
2022-07-24 15:23:40,10542.3,5466.85
2022-07-24 15:23:39,10606.2,5403.03
2022-07-24 15:23:38,10784.6,5224.57
2022-07-24 15:23:37,11052.5,4956.66
2022-07-24 15:23:36,11291.2,4717.96
2022-07-24 15:23:35,11412.7,4596.47
2022-07-24 15:23:34,11660.9,4348.3
2022-07-24 15:23:33,11237.9,4771.32
2022-07-24 15:23:32,11334.9,4674.32
2022-07-24 15:23:31,11423.7,4585.45
2022-07-24 15:23:30,11680.8,4328.41
2022-07-24 15:23:29,11830.9,4178.24
2022-07-24 15:23:28,11451.5,4557.65
2022-07-24 15:23:27,10408.7,5600.52
2022-07-24 15:23:26,10460.4,5548.82
2022-07-24 15:23:25,10012.9,5996.34
2022-07-24 15:23:24,10055.1,5954.05
2022-07-24 15:23:23,9461.58,6547.61
2022-07-24 15:23:22,9463.9,6545.28
2022-07-24 15:23:21,9465.3,6543.88
2022-07-24 15:23:20,9468.94,6540.25
2022-07-24 15:23:19,9479.07,6530.11
2022-07-24 15:23:18,9479.07,6530.12
2022-07-24 15:23:17,9480.35,6528.83
2022-07-24 15:23:16,9482.09,6527.1
2022-07-24 15:23:15,9495.4,6513.79
2022-07-24 15:23:14,9496.5,6512.69
2022-07-24 15:23:13,9500.48,6508.71
2022-07-24 15:23:12,9500.88,6508.31
2022-07-24 15:23:11,9511.17,6498.02
2022-07-24 15:23:10,9514.56,6494.63
2022-07-24 15:23:09,9520.36,6488.83
2022-07-24 15:23:08,9521.85,6487.34
2022-07-24 15:23:07,9555.89,6453.3
2022-07-24 15:23:06,9569.28,6439.91
2022-07-24 15:23:05,9583.88,6425.31
2022-07-24 15:23:04,9611.86,6397.33
2022-07-24 15:23:03,9634.77,6374.42
2022-07-24 15:23:02,9682.85,6326.34
2022-07-24 15:23:01,9708.39,6300.8
2022-07-24 15:23:00,9755.36,6253.82
2022-07-24 15:22:59,9797.71,6211.48
2022-07-24 15:22:58,9830.3,6178.89
2022-07-24 15:22:57,9905.52,6103.67
2022-07-24 15:22:56,10071.2,5938.04
2022-07-24 15:22:55,10296.2,5712.95
2022-07-24 15:22:54,10359.5,5649.73
2022-07-24 15:22:53,10441.8,5567.4
2022-07-24 15:22:52,10682.6,5326.56
2022-07-24 15:22:51,10766.2,5242.98
2022-07-24 15:22:50,10851.5,5157.71
2022-07-24 15:22:49,11062,4947.2
2022-07-24 15:22:48,11376.3,4632.86
2022-07-24 15:22:47,11145.1,4864.04
2022-07-24 15:22:46,11259.7,4749.5
2022-07-24 15:22:45,10844.5,5164.66
2022-07-24 15:22:44,11176.2,4832.95
2022-07-24 15:22:43,10792.7,5216.48
2022-07-24 15:22:42,10887.5,5121.69
2022-07-24 15:22:41,10990.3,5018.84
2022-07-24 15:22:40,11058.6,4950.59
2022-07-24 15:22:39,9980.57,6028.62
2022-07-24 15:22:38,10023.3,5985.9
2022-07-24 15:22:37,9522.42,6486.77
2022-07-24 15:22:36,9523.61,6485.58
2022-07-24 15:22:35,9533.17,6476.02
2022-07-24 15:22:34,9534.96,6474.23
2022-07-24 15:22:33,9537.47,6471.72
2022-07-24 15:22:32,9540.72,6468.47
2022-07-24 15:22:31,9541.51,6467.68
2022-07-24 15:22:30,9550.62,6458.57
2022-07-24 15:22:29,9553.88,6455.3
2022-07-24 15:22:28,9556.75,6452.44
2022-07-24 15:22:27,9560.52,6448.67
2022-07-24 15:22:26,9563.59,6445.6
2022-07-24 15:22:25,9595.76,6413.43
2022-07-24 15:22:24,9594.02,6415.17
2022-07-24 15:22:23,9608.72,6400.47
2022-07-24 15:22:22,9609.94,6399.24
2022-07-24 15:22:21,9647.34,6361.84
2022-07-24 15:22:20,9651.25,6357.94
2022-07-24 15:22:19,9673.96,6335.23
2022-07-24 15:22:18,9677.78,6331.4
2022-07-24 15:22:17,9711.6,6297.59
2022-07-24 15:22:16,9745.85,6263.34
2022-07-24 15:22:15,9775.13,6234.06
2022-07-24 15:22:14,9847.92,6161.27
2022-07-24 15:22:13,9880.26,6128.93
2022-07-24 15:22:12,9949.22,6059.97
2022-07-24 15:22:11,10150.5,5858.66
2022-07-24 15:22:10,10371,5638.23
2022-07-24 15:22:09,10477.6,5531.56
2022-07-24 15:22:08,10641.4,5367.76
2022-07-24 15:22:07,10726.4,5282.79
2022-07-24 15:22:06,10920.4,5088.8
2022-07-24 15:22:05,11009.1,5000.09
2022-07-24 15:22:04,11105.2,4903.97
2022-07-24 15:22:03,11427.3,4581.84
2022-07-24 15:22:02,11112.4,4896.77
2022-07-24 15:22:01,11320,4689.15
2022-07-24 15:22:00,10912.8,5096.36
2022-07-24 15:21:59,10455.2,5553.99
2022-07-24 15:21:58,10645.6,5363.63
2022-07-24 15:21:57,10783.6,5225.61
2022-07-24 15:21:56,10883.7,5125.53
2022-07-24 15:21:55,10949.4,5059.76
2022-07-24 15:21:54,9889.86,6119.33
2022-07-24 15:21:53,9932.38,6076.81
2022-07-24 15:21:52,9980.22,6028.97
2022-07-24 15:21:51,10006.8,6002.43
2022-07-24 15:21:50,9405.73,6603.46
2022-07-24 15:21:49,9408.04,6601.15
2022-07-24 15:21:48,9407.61,6601.58
2022-07-24 15:21:47,9427.24,6581.95
2022-07-24 15:21:46,9427,6582.19
2022-07-24 15:21:45,9427.76,6581.43
2022-07-24 15:21:44,9433.25,6575.94
2022-07-24 15:21:43,9441.63,6567.55
2022-07-24 15:21:42,9458.99,6550.2
2022-07-24 15:21:41,9463.01,6546.18
2022-07-24 15:21:40,9468.16,6541.03
2022-07-24 15:21:39,9488.4,6520.79
2022-07-24 15:21:38,9503.46,6505.73
2022-07-24 15:21:37,9518.2,6490.99
2022-07-24 15:21:36,9519.37,6489.82
2022-07-24 15:21:35,9531.36,6477.83
2022-07-24 15:21:34,9572.02,6437.16
2022-07-24 15:21:33,9572.71,6436.47
2022-07-24 15:21:32,9576.18,6433.01
2022-07-24 15:21:31,9623.12,6386.07
2022-07-24 15:21:30,9628.38,6380.8
2022-07-24 15:21:29,9618.78,6390.4
2022-07-24 15:21:28,9643.43,6365.76
2022-07-24 15:21:27,9726.84,6282.35
2022-07-24 15:21:26,9738.94,6270.25
2022-07-24 15:21:25,9785.65,6223.54
2022-07-24 15:21:24,10018.6,5990.56
2022-07-24 15:21:23,10377.9,5631.27
2022-07-24 15:21:22,10467.1,5542.09
2022-07-24 15:21:21,10657,5352.17
2022-07-24 15:21:20,10999.2,5010.03
2022-07-24 15:21:19,11182.1,4827.14
2022-07-24 15:21:18,11368.7,4640.53
2022-07-24 15:21:17,11545.8,4463.36
2022-07-24 15:21:16,11642.1,4367.09
2022-07-24 15:21:15,11766.3,4242.89
2022-07-24 15:21:14,11394.8,4614.36
2022-07-24 15:21:13,11270.6,4738.61
2022-07-24 15:21:12,11400.1,4609.09
2022-07-24 15:21:11,10998.4,5010.79
2022-07-24 15:21:10,9799.11,6210.08
2022-07-24 15:21:09,9834.79,6174.4
2022-07-24 15:21:08,9885.98,6123.21
2022-07-24 15:21:07,9921.09,6088.1
2022-07-24 15:21:06,9407.2,6601.99
2022-07-24 15:21:05,9416.64,6592.55
2022-07-24 15:21:04,9427.05,6582.14
2022-07-24 15:21:03,9427.76,6581.43
2022-07-24 15:21:02,9429.42,6579.77
2022-07-24 15:21:01,9430.41,6578.77
2022-07-24 15:21:00,9454.63,6554.56
2022-07-24 15:20:59,9455.01,6554.18
2022-07-24 15:20:58,9456.79,6552.4
2022-07-24 15:20:57,9456.89,6552.3
2022-07-24 15:20:56,9487.9,6521.29
2022-07-24 15:20:55,9489.94,6519.25
2022-07-24 15:20:54,9491.25,6517.93
2022-07-24 15:20:53,9493.86,6515.33
2022-07-24 15:20:52,9524.68,6484.51
2022-07-24 15:20:51,9543.24,6465.95
2022-07-24 15:20:50,9545.99,6463.2
2022-07-24 15:20:49,9560.25,6448.94
2022-07-24 15:20:48,9587.45,6421.74
2022-07-24 15:20:47,9620.25,6388.94
2022-07-24 15:20:46,9639.03,6370.16
2022-07-24 15:20:45,9637.78,6371.41
2022-07-24 15:20:44,9678.2,6330.99
2022-07-24 15:20:43,9714.81,6294.38
2022-07-24 15:20:42,9718.84,6290.34
2022-07-24 15:20:41,9759.09,6250.1
2022-07-24 15:20:40,9839.61,6169.58
2022-07-24 15:20:39,10018.7,5990.46
2022-07-24 15:20:38,10232.1,5777.14
2022-07-24 15:20:37,10425,5584.14
2022-07-24 15:20:36,10600.5,5408.65
2022-07-24 15:20:35,11205.7,4803.48
2022-07-24 15:20:34,11353.5,4655.66
2022-07-24 15:20:33,11511.4,4497.79
2022-07-24 15:20:32,11665.8,4343.43
2022-07-24 15:20:31,11813.9,4195.24
2022-07-24 15:20:30,11932.9,4076.24
2022-07-24 15:20:29,12086,3923.16
2022-07-24 15:20:28,12393.9,3615.26
2022-07-24 15:20:27,10904.7,5104.53
2022-07-24 15:20:26,10352.3,5656.91
2022-07-24 15:20:25,9957.16,6052.03
2022-07-24 15:20:24,10004.8,6004.38
2022-07-24 15:20:23,10061.1,5948.09
2022-07-24 15:20:22,10071.9,5937.32
2022-07-24 15:20:21,9448.78,6560.4
2022-07-24 15:20:20,9450.62,6558.57
2022-07-24 15:20:19,9458.94,6550.25
2022-07-24 15:20:18,9461.61,6547.57
2022-07-24 15:20:17,9462.66,6546.53
2022-07-24 15:20:16,9464.9,6544.29
2022-07-24 15:20:15,9473.18,6536.01
2022-07-24 15:20:14,9493.44,6515.75
2022-07-24 15:20:13,9500.05,6509.14
2022-07-24 15:20:12,9501.67,6507.52
2022-07-24 15:20:11,9515.53,6493.66
2022-07-24 15:20:10,9515.31,6493.88
2022-07-24 15:20:09,9549.43,6459.75
2022-07-24 15:20:08,9563.48,6445.71
2022-07-24 15:20:07,9578.38,6430.8
2022-07-24 15:20:06,9597.09,6412.1
2022-07-24 15:20:05,9618.39,6390.8
2022-07-24 15:20:04,9633.37,6375.82
2022-07-24 15:20:03,9647.02,6362.17
2022-07-24 15:20:02,9673.38,6335.81
2022-07-24 15:20:01,9693.81,6315.38
2022-07-24 15:20:00,9718.09,6291.09
2022-07-24 15:19:59,9761.19,6248
2022-07-24 15:19:58,9771.78,6237.41
2022-07-24 15:19:57,9804.61,6204.58
2022-07-24 15:19:56,9848.69,6160.5
2022-07-24 15:19:55,9874.64,6134.54
2022-07-24 15:19:54,10026.4,5982.82
2022-07-24 15:19:53,10177.5,5831.66
2022-07-24 15:19:52,10257,5752.14
2022-07-24 15:19:51,10528.7,5480.45
2022-07-24 15:19:50,10690,5319.14
2022-07-24 15:19:49,10999.8,5009.34
2022-07-24 15:19:48,11258.7,4750.47
2022-07-24 15:19:47,11426.9,4582.24
2022-07-24 15:19:46,11514.9,4494.32
2022-07-24 15:19:45,11665.9,4343.26
2022-07-24 15:19:44,11386.3,4622.87
2022-07-24 15:19:43,11452.4,4556.83
2022-07-24 15:19:42,11564.8,4444.42
2022-07-24 15:19:41,10482.1,5527.13
2022-07-24 15:19:40,10572.8,5436.43
2022-07-24 15:19:39,10089.5,5919.65
2022-07-24 15:19:38,10109.5,5899.66
2022-07-24 15:19:37,10153.5,5855.65
2022-07-24 15:19:36,10212.5,5796.68
2022-07-24 15:19:35,9710.53,6298.66
2022-07-24 15:19:34,9716.11,6293.08
2022-07-24 15:19:33,9724.85,6284.34
2022-07-24 15:19:32,9733.36,6275.83
2022-07-24 15:19:31,9738.67,6270.52
2022-07-24 15:19:30,9739.28,6269.9
2022-07-24 15:19:29,9755.03,6254.16
2022-07-24 15:19:28,9764.79,6244.39
2022-07-24 15:19:27,9783.27,6225.91
2022-07-24 15:19:26,9801.33,6207.86
2022-07-24 15:19:25,9814,6195.19
2022-07-24 15:19:24,9836.6,6172.59
2022-07-24 15:19:23,9848.85,6160.34
2022-07-24 15:19:22,9873.46,6135.73
2022-07-24 15:19:21,9903.83,6105.36
2022-07-24 15:19:20,9926.43,6082.75
2022-07-24 15:19:19,9941.53,6067.65
2022-07-24 15:19:18,9970.5,6038.69
2022-07-24 15:19:17,9993.24,6015.95
2022-07-24 15:19:16,10034.5,5974.73
2022-07-24 15:19:15,10068.3,5940.84
2022-07-24 15:19:14,10092.9,5916.26
2022-07-24 15:19:13,10113.6,5895.6
2022-07-24 15:19:12,10159.6,5849.58
2022-07-24 15:19:11,10160.9,5848.27
2022-07-24 15:19:10,10258.5,5750.66
2022-07-24 15:19:09,10317.7,5691.44
2022-07-24 15:19:08,10418.6,5590.56
2022-07-24 15:19:07,10721.3,5287.9
2022-07-24 15:19:06,10958.2,5050.94
2022-07-24 15:19:05,11188.4,4820.83
2022-07-24 15:19:04,11288.8,4720.41
2022-07-24 15:19:03,11400.2,4609.02
2022-07-24 15:19:02,11590.3,4418.93
2022-07-24 15:19:01,11735.3,4273.9
2022-07-24 15:19:00,11857.3,4151.88
2022-07-24 15:18:59,11985.2,4023.96
2022-07-24 15:18:58,12219,3790.22
2022-07-24 15:18:57,11947.3,4061.87
2022-07-24 15:18:56,10916.6,5092.54
2022-07-24 15:18:55,9822.94,6186.25
2022-07-24 15:18:54,9871.64,6137.54
2022-07-24 15:18:53,9915.78,6093.41
2022-07-24 15:18:52,9938.16,6071.03
2022-07-24 15:18:51,9439.71,6569.47
2022-07-24 15:18:50,9440.97,6568.21
2022-07-24 15:18:49,9443.63,6565.56
2022-07-24 15:18:48,9445.31,6563.88
2022-07-24 15:18:47,9446.46,6562.73
2022-07-24 15:18:46,9446.92,6562.27
2022-07-24 15:18:45,9448.48,6560.71
2022-07-24 15:18:44,9448,6561.19
2022-07-24 15:18:43,9467.35,6541.84
2022-07-24 15:18:42,9467.07,6542.11
2022-07-24 15:18:41,9466.83,6542.36
2022-07-24 15:18:40,9469.25,6539.93
2022-07-24 15:18:39,9481.61,6527.58
2022-07-24 15:18:38,9519.21,6489.98
2022-07-24 15:18:37,9519.22,6489.97
2022-07-24 15:18:36,9520.04,6489.15
2022-07-24 15:18:35,9538.1,6471.09
2022-07-24 15:18:34,9557.89,6451.29
2022-07-24 15:18:33,9578.77,6430.42
2022-07-24 15:18:32,9572.8,6436.38
2022-07-24 15:18:31,9587.79,6421.39
2022-07-24 15:18:30,9610.33,6398.86
2022-07-24 15:18:29,9635.52,6373.67
2022-07-24 15:18:28,9638.33,6370.86
2022-07-24 15:18:27,9688.02,6321.17
2022-07-24 15:18:26,9689.03,6320.16
2022-07-24 15:18:25,9769.72,6239.47
2022-07-24 15:18:24,9894.58,6114.61
2022-07-24 15:18:23,9952.83,6056.36
2022-07-24 15:18:22,10101.1,5908.06
2022-07-24 15:18:21,10607.9,5401.33
2022-07-24 15:18:20,10980.6,5028.62
2022-07-24 15:18:19,11197.2,4812.01
2022-07-24 15:18:18,11297.9,4711.26
2022-07-24 15:18:17,11401.9,4607.31
2022-07-24 15:18:16,11637.4,4371.79
2022-07-24 15:18:15,11724.4,4284.75
2022-07-24 15:18:14,11895.1,4114.12
2022-07-24 15:18:13,12144.4,3864.82
2022-07-24 15:18:12,12356.4,3652.82
2022-07-24 15:18:11,11976.1,4033.04
2022-07-24 15:18:10,10535.8,5473.37
2022-07-24 15:18:09,10073,5936.2
2022-07-24 15:18:08,10120.3,5888.89
2022-07-24 15:18:07,10157.8,5851.36
2022-07-24 15:18:06,9575.25,6433.94
2022-07-24 15:18:05,9579.22,6429.97
2022-07-24 15:18:04,9581.32,6427.86
2022-07-24 15:18:03,9603.21,6405.98
2022-07-24 15:18:02,9603.24,6405.94
2022-07-24 15:18:01,9606.62,6402.56
2022-07-24 15:18:00,9621.79,6387.39
2022-07-24 15:17:59,9630.29,6378.9
2022-07-24 15:17:58,9632.93,6376.26
2022-07-24 15:17:57,9633.72,6375.47
2022-07-24 15:17:56,9649.17,6360.02
2022-07-24 15:17:55,9662.75,6346.44
2022-07-24 15:17:54,9664.77,6344.41
2022-07-24 15:17:53,9687.69,6321.5
2022-07-24 15:17:52,9702.92,6306.27
2022-07-24 15:17:51,9721.94,6287.25
2022-07-24 15:17:50,9725.53,6283.66
2022-07-24 15:17:49,9749.11,6260.07
2022-07-24 15:17:48,9789.49,6219.7
2022-07-24 15:17:47,9805.65,6203.53
2022-07-24 15:17:46,9821.1,6188.09
2022-07-24 15:17:45,9854.21,6154.98
2022-07-24 15:17:44,9883.96,6125.23
2022-07-24 15:17:43,9896.98,6112.21
2022-07-24 15:17:42,9961.45,6047.74
2022-07-24 15:17:41,10026.6,5982.55
2022-07-24 15:17:40,10058.5,5950.68
2022-07-24 15:17:39,10119.5,5889.73
2022-07-24 15:17:38,10282.9,5726.31
2022-07-24 15:17:37,10489.5,5519.66
2022-07-24 15:17:36,10636.5,5372.65
2022-07-24 15:17:35,10724.6,5284.56
2022-07-24 15:17:34,10992.1,5017.13
2022-07-24 15:17:33,11242.7,4766.46
2022-07-24 15:17:32,11407.7,4601.45
2022-07-24 15:17:31,11493.9,4515.29
2022-07-24 15:17:30,11607.5,4401.71
2022-07-24 15:17:29,11756.4,4252.82
2022-07-24 15:17:28,11376.7,4632.47
2022-07-24 15:17:27,11484.2,4525.02
2022-07-24 15:17:26,11149.3,4859.84
2022-07-24 15:17:25,11464,4545.14
2022-07-24 15:17:24,10016.3,5992.89
2022-07-24 15:17:23,10065.5,5943.7
2022-07-24 15:17:22,10096.6,5912.58
2022-07-24 15:17:21,10147.1,5862.04
2022-07-24 15:17:20,10190.9,5818.29
2022-07-24 15:17:19,9677.58,6331.61
2022-07-24 15:17:18,9683.31,6325.87
2022-07-24 15:17:17,9691.23,6317.96
2022-07-24 15:17:16,9691.49,6317.7
2022-07-24 15:17:15,9702.54,6306.64
2022-07-24 15:17:14,9728.4,6280.79
2022-07-24 15:17:13,9732.14,6277.05
2022-07-24 15:17:12,9744.31,6264.88
2022-07-24 15:17:11,9781.11,6228.08
2022-07-24 15:17:10,9818.47,6190.72
2022-07-24 15:17:09,9817.99,6191.2
2022-07-24 15:17:08,9832.38,6176.81
2022-07-24 15:17:07,9843.4,6165.79
2022-07-24 15:17:06,9914.53,6094.66
2022-07-24 15:17:05,9918.33,6090.86
2022-07-24 15:17:04,9922.3,6086.88
2022-07-24 15:17:03,9973.13,6036.05
2022-07-24 15:17:02,9996.45,6012.73
2022-07-24 15:17:01,10009.7,5999.5
2022-07-24 15:17:00,10059,5950.14
2022-07-24 15:16:59,10089.1,5920.08
2022-07-24 15:16:58,10091.1,5918.06
2022-07-24 15:16:57,10132.6,5876.58
2022-07-24 15:16:56,10157.7,5851.49
2022-07-24 15:16:55,10175.3,5833.85
2022-07-24 15:16:54,10258.5,5750.7
2022-07-24 15:16:53,10304.3,5704.89
2022-07-24 15:16:52,10406,5603.14
2022-07-24 15:16:51,10707.7,5301.51
2022-07-24 15:16:50,10936.6,5072.62
2022-07-24 15:16:49,11156.1,4853.1
2022-07-24 15:16:48,11254.4,4754.77
2022-07-24 15:16:47,11341.8,4667.35
2022-07-24 15:16:46,11422.3,4586.91
2022-07-24 15:16:45,11551.5,4457.69
2022-07-24 15:16:44,11670.6,4338.58
2022-07-24 15:16:43,11937.5,4071.73
2022-07-24 15:16:42,11574.7,4434.44
2022-07-24 15:16:41,11061.5,4947.73
2022-07-24 15:16:40,10133.8,5875.38
2022-07-24 15:16:39,10335.1,5674.09
2022-07-24 15:16:38,10395,5614.22
2022-07-24 15:16:37,10450.3,5558.85
2022-07-24 15:16:36,10374.7,5634.54
2022-07-24 15:16:35,10000,6009.16
2022-07-24 15:16:34,10047.8,5961.41
2022-07-24 15:16:33,10090.2,5919.03
2022-07-24 15:16:32,10098.1,5911.09
2022-07-24 15:16:31,9617.45,6391.73
2022-07-24 15:16:30,9617.82,6391.37
2022-07-24 15:16:29,9625.25,6383.94
2022-07-24 15:16:28,9627.68,6381.51
2022-07-24 15:16:27,9647.55,6361.63
2022-07-24 15:16:26,9649.29,6359.89
2022-07-24 15:16:25,9660.56,6348.63
2022-07-24 15:16:24,9668.66,6340.53
2022-07-24 15:16:23,9698.09,6311.1
2022-07-24 15:16:22,9698.87,6310.32
2022-07-24 15:16:21,9712.74,6296.45
2022-07-24 15:16:20,9721.76,6287.43
2022-07-24 15:16:19,9737.99,6271.2
2022-07-24 15:16:18,9753.73,6255.46
2022-07-24 15:16:17,9787,6222.19
2022-07-24 15:16:16,9795.78,6213.41
2022-07-24 15:16:15,9819.26,6189.93
2022-07-24 15:16:14,9871,6138.19
2022-07-24 15:16:13,9875.63,6133.55
2022-07-24 15:16:12,9897.49,6111.7
2022-07-24 15:16:11,9977.64,6031.54
2022-07-24 15:16:10,9993.91,6015.27
2022-07-24 15:16:09,10035.3,5973.86
2022-07-24 15:16:08,10398,5611.18
2022-07-24 15:16:07,10490,5519.15
2022-07-24 15:16:06,10722,5287.21
2022-07-24 15:16:05,11081.3,4927.92
2022-07-24 15:16:04,11230.1,4779.08
2022-07-24 15:16:03,11289,4720.2
2022-07-24 15:16:02,11411.4,4597.77
2022-07-24 15:16:01,11479.7,4529.5
2022-07-24 15:16:00,11648,4361.18
2022-07-24 15:15:59,11769,4240.14
2022-07-24 15:15:58,11428.2,4580.98
2022-07-24 15:15:57,10971.8,5037.43
2022-07-24 15:15:56,10332.7,5676.53
2022-07-24 15:15:55,10375.5,5633.71
2022-07-24 15:15:54,10417.4,5591.76
2022-07-24 15:15:53,10471.7,5537.45
2022-07-24 15:15:52,10542.1,5467.04
2022-07-24 15:15:51,10624.5,5384.72
2022-07-24 15:15:50,10681.2,5327.99
2022-07-24 15:15:49,10162.8,5846.39
2022-07-24 15:15:48,9567.51,6441.68
2022-07-24 15:15:47,9569.55,6439.63
2022-07-24 15:15:46,9583.36,6425.83
2022-07-24 15:15:45,9585.18,6424.01
2022-07-24 15:15:44,9586.51,6422.68
2022-07-24 15:15:43,9586.73,6422.46
2022-07-24 15:15:42,9602.2,6406.99
2022-07-24 15:15:41,9618.84,6390.34
2022-07-24 15:15:40,9628.5,6380.69
2022-07-24 15:15:39,9630.4,6378.79
2022-07-24 15:15:38,9645.14,6364.05
2022-07-24 15:15:37,9653.8,6355.39
2022-07-24 15:15:36,9682.08,6327.11
2022-07-24 15:15:35,9683.23,6325.96
2022-07-24 15:15:34,9701.07,6308.12
2022-07-24 15:15:33,9721,6288.19
2022-07-24 15:15:32,9767.16,6242.03
2022-07-24 15:15:31,9771.08,6238.11
2022-07-24 15:15:30,9805.84,6203.35
2022-07-24 15:15:29,9862.68,6146.5
2022-07-24 15:15:28,9880.49,6128.7
2022-07-24 15:15:27,9916.56,6092.63
2022-07-24 15:15:26,9927.87,6081.31
2022-07-24 15:15:25,10007.7,6001.47
2022-07-24 15:15:24,10106,5903.23
2022-07-24 15:15:23,10162,5847.23
2022-07-24 15:15:22,10344.5,5664.66
2022-07-24 15:15:21,10695.1,5314.05
2022-07-24 15:15:20,10932.4,5076.76
2022-07-24 15:15:19,11047.3,4961.84
2022-07-24 15:15:18,11124.4,4884.76
2022-07-24 15:15:17,11190.4,4818.75
2022-07-24 15:15:16,11290.1,4719.13
2022-07-24 15:15:15,11437.1,4572.06
2022-07-24 15:15:14,11622.5,4386.69
2022-07-24 15:15:13,11751.4,4257.83
2022-07-24 15:15:12,10544.7,5464.48
2022-07-24 15:15:11,10189.5,5819.68
2022-07-24 15:15:10,10270.3,5738.93
2022-07-24 15:15:09,10317.8,5691.4
2022-07-24 15:15:08,10369.9,5639.24
2022-07-24 15:15:07,10436.8,5572.39
2022-07-24 15:15:06,10531.6,5477.61
2022-07-24 15:15:05,10583.8,5425.35
2022-07-24 15:15:04,9460.8,6548.39
2022-07-24 15:15:03,9462.93,6546.26
2022-07-24 15:15:02,9469.86,6539.33
2022-07-24 15:15:01,9477.06,6532.13
2022-07-24 15:15:00,9476.45,6532.74
2022-07-24 15:14:59,9476.91,6532.28
2022-07-24 15:14:58,9483.75,6525.44
2022-07-24 15:14:57,9495.18,6514
2022-07-24 15:14:56,9495.67,6513.52
2022-07-24 15:14:55,9496.29,6512.89
2022-07-24 15:14:54,9507.58,6501.6
2022-07-24 15:14:53,9508.74,6500.45
2022-07-24 15:14:52,9522.1,6487.09
2022-07-24 15:14:51,9522.46,6486.73
2022-07-24 15:14:50,9534.68,6474.5
2022-07-24 15:14:49,9544,6465.19
2022-07-24 15:14:48,9548.54,6460.65
2022-07-24 15:14:47,9563.3,6445.89
2022-07-24 15:14:46,9564.16,6445.02
2022-07-24 15:14:45,9582.57,6426.62
2022-07-24 15:14:44,9640.34,6368.84
2022-07-24 15:14:43,9646.68,6362.5
2022-07-24 15:14:42,9616.79,6392.4
2022-07-24 15:14:41,9649.61,6359.57
2022-07-24 15:14:40,9701.62,6307.56
2022-07-24 15:14:39,9793.84,6215.35
2022-07-24 15:14:38,9874.87,6134.32
2022-07-24 15:14:37,9932.21,6076.98
2022-07-24 15:14:36,10407.7,5601.52
2022-07-24 15:14:35,10755.3,5253.88
2022-07-24 15:14:34,10895.7,5113.5
2022-07-24 15:14:33,11006.8,5002.43
2022-07-24 15:14:32,11150.1,4859.09
2022-07-24 15:14:31,11199.7,4809.5
2022-07-24 15:14:30,11530.5,4478.68
2022-07-24 15:14:29,11727.1,4282.04
2022-07-24 15:14:28,11893.2,4115.98
2022-07-24 15:14:27,12128.3,3880.84
2022-07-24 15:14:26,10176.2,5832.95
2022-07-24 15:14:25,10342.7,5666.44
2022-07-24 15:14:24,10469.8,5539.35
2022-07-24 15:14:23,10533.1,5476.05
2022-07-24 15:14:22,10058.5,5950.73
2022-07-24 15:14:21,10076.4,5932.74
2022-07-24 15:14:20,10130.4,5878.75
2022-07-24 15:14:19,10195.9,5813.31
2022-07-24 15:14:18,9697.34,6311.85
2022-07-24 15:14:17,9699.08,6310.11
2022-07-24 15:14:16,9717.9,6291.29
2022-07-24 15:14:15,9722.65,6286.54
2022-07-24 15:14:14,9734.59,6274.6
2022-07-24 15:14:13,9736.86,6272.33
2022-07-24 15:14:12,9766.86,6242.32
2022-07-24 15:14:11,9765.24,6243.95
2022-07-24 15:14:10,9767.39,6241.8
2022-07-24 15:14:09,9783.18,6226
2022-07-24 15:14:08,9809.56,6199.63
2022-07-24 15:14:07,9823.49,6185.7
2022-07-24 15:14:06,9824.47,6184.72
2022-07-24 15:14:05,9852.13,6157.06
2022-07-24 15:14:04,9865.48,6143.71
2022-07-24 15:14:03,9896.5,6112.69
2022-07-24 15:14:02,9899.51,6109.68
2022-07-24 15:14:01,9928.59,6080.6
2022-07-24 15:14:00,9983.96,6025.23
2022-07-24 15:13:59,10016.5,5992.71
2022-07-24 15:13:58,10048.7,5960.52
2022-07-24 15:13:57,10049.7,5959.46
2022-07-24 15:13:56,10111.2,5898
2022-07-24 15:13:55,10165.9,5843.32
2022-07-24 15:13:54,10177.3,5831.9
2022-07-24 15:13:53,10250.6,5758.59
2022-07-24 15:13:52,10331.4,5677.77
2022-07-24 15:13:51,10414.8,5594.36
2022-07-24 15:13:50,10689,5320.2
2022-07-24 15:13:49,10830.4,5178.8
2022-07-24 15:13:48,11167.2,4842.02
2022-07-24 15:13:47,11320.3,4688.85
2022-07-24 15:13:46,11536,4473.23
2022-07-24 15:13:45,11628.5,4380.71
2022-07-24 15:13:44,11714.8,4294.39
2022-07-24 15:13:43,11800.3,4208.86
2022-07-24 15:13:42,11995.8,4013.43
2022-07-24 15:13:41,12142.9,3866.32
2022-07-24 15:13:40,11628.3,4380.9
2022-07-24 15:13:39,10510.6,5498.56
2022-07-24 15:13:38,9920.05,6089.14
2022-07-24 15:13:37,9946.71,6062.48
2022-07-24 15:13:36,9963.17,6046.02
2022-07-24 15:13:35,10013.3,5995.9
2022-07-24 15:13:34,10065.1,5944.12
2022-07-24 15:13:33,9566.05,6443.14
2022-07-24 15:13:32,9566.93,6442.26
2022-07-24 15:13:31,9578.5,6430.68
2022-07-24 15:13:30,9585.5,6423.69
2022-07-24 15:13:29,9589.18,6420
2022-07-24 15:13:28,9589.85,6419.34
2022-07-24 15:13:27,9600.26,6408.93
2022-07-24 15:13:26,9602.6,6406.59
2022-07-24 15:13:25,9618.14,6391.05
2022-07-24 15:13:24,9621.45,6387.74
2022-07-24 15:13:23,9632.53,6376.65
2022-07-24 15:13:22,9643.64,6365.55
2022-07-24 15:13:21,9665.72,6343.47
2022-07-24 15:13:20,9677.8,6331.39
2022-07-24 15:13:19,9690.62,6318.56
2022-07-24 15:13:18,9690.67,6318.52
2022-07-24 15:13:17,9726.93,6282.25
2022-07-24 15:13:16,9767.93,6241.26
2022-07-24 15:13:15,9755.11,6254.08
2022-07-24 15:13:14,9756.25,6252.94
2022-07-24 15:13:13,9799.77,6209.42
2022-07-24 15:13:12,9832.83,6176.36
2022-07-24 15:13:11,9882.96,6126.22
2022-07-24 15:13:10,9924.89,6084.3
2022-07-24 15:13:09,9916.73,6092.45
2022-07-24 15:13:08,9959.11,6050.07
2022-07-24 15:13:07,10072.9,5936.29
2022-07-24 15:13:06,10156.3,5852.9
2022-07-24 15:13:05,10241.8,5767.37
2022-07-24 15:13:04,10566.8,5442.43
2022-07-24 15:13:03,10722.9,5286.3
2022-07-24 15:13:02,11187.3,4821.88
2022-07-24 15:13:01,11428.4,4580.82
2022-07-24 15:13:00,11555.1,4454.04
2022-07-24 15:12:59,11660.6,4348.59
2022-07-24 15:12:58,11767,4242.16
2022-07-24 15:12:57,11869.6,4139.54
2022-07-24 15:12:56,12047.2,3962.02
2022-07-24 15:12:55,12318.2,3691.01
2022-07-24 15:12:54,12006,4003.19
2022-07-24 15:12:53,10317.9,5691.24
2022-07-24 15:12:52,9817.86,6191.33
2022-07-24 15:12:51,9865.96,6143.23
2022-07-24 15:12:50,9915.47,6093.71
2022-07-24 15:12:49,9333.94,6675.25
2022-07-24 15:12:48,9334.4,6674.79
2022-07-24 15:12:47,9336.73,6672.45
2022-07-24 15:12:46,9335.99,6673.19
2022-07-24 15:12:45,9336.82,6672.36
2022-07-24 15:12:44,9335.64,6673.55
2022-07-24 15:12:43,9337.59,6671.6
2022-07-24 15:12:42,9338.55,6670.64
2022-07-24 15:12:41,9342.13,6667.06
2022-07-24 15:12:40,9341.84,6667.34
2022-07-24 15:12:39,9354.54,6654.65
2022-07-24 15:12:38,9362.56,6646.63
2022-07-24 15:12:37,9362.92,6646.27
2022-07-24 15:12:36,9371.74,6637.45
2022-07-24 15:12:35,9387.59,6621.6
2022-07-24 15:12:34,9388.31,6620.88
2022-07-24 15:12:33,9431.77,6577.42
2022-07-24 15:12:32,9439.96,6569.23
2022-07-24 15:12:31,9452.92,6556.27
2022-07-24 15:12:30,9453.39,6555.8
2022-07-24 15:12:29,9503.59,6505.59
2022-07-24 15:12:28,9521.43,6487.75
2022-07-24 15:12:27,9524.34,6484.84
2022-07-24 15:12:26,9558.98,6450.21
2022-07-24 15:12:25,9596.62,6412.57
2022-07-24 15:12:24,9608.4,6400.79
2022-07-24 15:12:23,9656.7,6352.49
2022-07-24 15:12:22,9719.39,6289.79
2022-07-24 15:12:21,9939.17,6070.02
2022-07-24 15:12:20,10100.4,5908.81
2022-07-24 15:12:19,10273.6,5735.6
2022-07-24 15:12:18,10504.6,5504.63
2022-07-24 15:12:17,10824.7,5184.46
2022-07-24 15:12:16,10929.4,5079.76
2022-07-24 15:12:15,11141.8,4867.41
2022-07-24 15:12:14,11457.3,4551.93
2022-07-24 15:12:13,11611.8,4397.36
2022-07-24 15:12:12,11763.6,4245.64
2022-07-24 15:12:11,11915.1,4094.04
2022-07-24 15:12:10,11801.2,4208.01
2022-07-24 15:12:09,10957.5,5051.71
2022-07-24 15:12:08,10398.3,5610.91
2022-07-24 15:12:07,9849.13,6160.05
2022-07-24 15:12:06,9884.41,6124.78
2022-07-24 15:12:05,9931.87,6077.32
2022-07-24 15:12:04,9967.16,6042.02
2022-07-24 15:12:03,9471.42,6537.77
2022-07-24 15:12:02,9471.85,6537.34
2022-07-24 15:12:01,9473.06,6536.12
2022-07-24 15:12:00,9474.09,6535.1
2022-07-24 15:11:59,9487.1,6522.09
2022-07-24 15:11:58,9493.96,6515.22
2022-07-24 15:11:57,9495.52,6513.67
2022-07-24 15:11:56,9504.8,6504.39
2022-07-24 15:11:55,9506.12,6503.07
2022-07-24 15:11:54,9540.64,6468.55
2022-07-24 15:11:53,9541.11,6468.07
2022-07-24 15:11:52,9552.96,6456.23
2022-07-24 15:11:51,9555.42,6453.77
2022-07-24 15:11:50,9559.43,6449.76
2022-07-24 15:11:49,9602.3,6406.88
2022-07-24 15:11:48,9600.92,6408.27
2022-07-24 15:11:47,9603.93,6405.26
2022-07-24 15:11:46,9641.16,6368.02
2022-07-24 15:11:45,9657.86,6351.33
2022-07-24 15:11:44,9660.54,6348.64
2022-07-24 15:11:43,9674.87,6334.32
2022-07-24 15:11:42,9712.51,6296.68
2022-07-24 15:11:41,9720.77,6288.42
2022-07-24 15:11:40,9734.5,6274.68
2022-07-24 15:11:39,9746.27,6262.92
2022-07-24 15:11:38,9763.17,6246.02
2022-07-24 15:11:37,9850.45,6158.74
2022-07-24 15:11:36,9907.34,6101.84
2022-07-24 15:11:35,10112.8,5896.34
2022-07-24 15:11:34,10264.2,5744.96
2022-07-24 15:11:33,10719.9,5289.27
2022-07-24 15:11:32,10943.9,5065.32
2022-07-24 15:11:31,11094.2,4915.02
2022-07-24 15:11:30,11438.4,4570.82
2022-07-24 15:11:29,11541.1,4468.09
2022-07-24 15:11:28,11658,4351.21
2022-07-24 15:11:27,11830.7,4178.53
2022-07-24 15:11:26,11959.2,4050
2022-07-24 15:11:25,12122.6,3886.56
2022-07-24 15:11:24,11857,4152.23
2022-07-24 15:11:23,10997.6,5011.64
2022-07-24 15:11:22,10526.3,5482.92
2022-07-24 15:11:21,10056.5,5952.65
2022-07-24 15:11:20,10091.6,5917.58
2022-07-24 15:11:19,10138.6,5870.57
2022-07-24 15:11:18,10181.3,5827.88
2022-07-24 15:11:17,9692.11,6317.08
2022-07-24 15:11:16,9693.79,6315.39
2022-07-24 15:11:15,9702.88,6306.31
2022-07-24 15:11:14,9703.21,6305.97
2022-07-24 15:11:13,9711.26,6297.93
2022-07-24 15:11:12,9712.22,6296.97
2022-07-24 15:11:11,9718.95,6290.24
2022-07-24 15:11:10,9731.07,6278.11
2022-07-24 15:11:09,9732.36,6276.83
2022-07-24 15:11:08,9750.85,6258.34
2022-07-24 15:11:07,9773.65,6235.54
2022-07-24 15:11:06,9782.23,6226.96
2022-07-24 15:11:05,9797.37,6211.81
2022-07-24 15:11:04,9820.47,6188.71
2022-07-24 15:11:03,9837.07,6172.12
2022-07-24 15:11:02,9855.79,6153.39
2022-07-24 15:11:01,9872.22,6136.97
2022-07-24 15:11:00,9907.34,6101.85
2022-07-24 15:10:59,9930.21,6078.98
2022-07-24 15:10:58,9954.38,6054.81
2022-07-24 15:10:57,9972.39,6036.79
2022-07-24 15:10:56,10036.1,5973.13
2022-07-24 15:10:55,10052.8,5956.42
2022-07-24 15:10:54,10097.4,5911.78
2022-07-24 15:10:53,10119,5890.2
2022-07-24 15:10:52,10162.1,5847.1
2022-07-24 15:10:51,10230.2,5779.01
2022-07-24 15:10:50,10303.3,5705.86
2022-07-24 15:10:49,10459.2,5549.96
2022-07-24 15:10:48,10757.6,5251.54
2022-07-24 15:10:47,10964.6,5044.61
2022-07-24 15:10:46,11063.2,4946.03
2022-07-24 15:10:45,11259.9,4749.32
2022-07-24 15:10:44,11359,4650.14
2022-07-24 15:10:43,11449.9,4559.34
2022-07-24 15:10:42,11589.6,4419.55
2022-07-24 15:10:41,11865.4,4143.83
2022-07-24 15:10:40,11965.7,4043.46
2022-07-24 15:10:39,12129.7,3879.5
2022-07-24 15:10:38,11336.2,4673.03
2022-07-24 15:10:37,10901.3,5107.86
2022-07-24 15:10:36,10477.6,5531.57
2022-07-24 15:10:35,10536,5473.22
2022-07-24 15:10:34,10586.3,5422.92
2022-07-24 15:10:33,10145.7,5863.5
2022-07-24 15:10:32,10161.4,5847.8
2022-07-24 15:10:31,9650.22,6358.97
2022-07-24 15:10:30,9651.21,6357.97
2022-07-24 15:10:29,9659.46,6349.73
2022-07-24 15:10:28,9661.94,6347.25
2022-07-24 15:10:27,9664.41,6344.77
2022-07-24 15:10:26,9668.52,6340.66
2022-07-24 15:10:25,9677.24,6331.95
2022-07-24 15:10:24,9684.4,6324.79
2022-07-24 15:10:23,9710.42,6298.77
2022-07-24 15:10:22,9720.7,6288.49
2022-07-24 15:10:21,9734.53,6274.65
2022-07-24 15:10:20,9735.3,6273.89
2022-07-24 15:10:19,9757.55,6251.64
2022-07-24 15:10:18,9783.87,6225.32
2022-07-24 15:10:17,9809.31,6199.88
2022-07-24 15:10:16,9821.14,6188.04
2022-07-24 15:10:15,9846.22,6162.97
2022-07-24 15:10:14,9876.03,6133.16
2022-07-24 15:10:13,9902.17,6107.02
2022-07-24 15:10:12,9913.23,6095.96
2022-07-24 15:10:11,9952.72,6056.47
2022-07-24 15:10:10,9990.93,6018.26
2022-07-24 15:10:09,10051.5,5957.72
2022-07-24 15:10:08,10096.1,5913.11
2022-07-24 15:10:07,10113.1,5896.1
2022-07-24 15:10:06,10160.4,5848.84
2022-07-24 15:10:05,10302.6,5706.62
2022-07-24 15:10:04,10344.6,5664.63
2022-07-24 15:10:03,10435.3,5573.89
2022-07-24 15:10:02,10767.8,5241.41
2022-07-24 15:10:01,11123.6,4885.57
2022-07-24 15:10:00,11267,4742.21
2022-07-24 15:09:59,11325.5,4683.69
2022-07-24 15:09:58,11415.4,4593.8
2022-07-24 15:09:57,11574.7,4434.46
2022-07-24 15:09:56,11774.6,4234.61
2022-07-24 15:09:55,11910.9,4098.29
2022-07-24 15:09:54,12053.3,3955.91
2022-07-24 15:09:53,12229.5,3779.69
2022-07-24 15:09:52,10427.2,5581.99
2022-07-24 15:09:51,10251.6,5757.58
2022-07-24 15:09:50,10320.3,5688.88
2022-07-24 15:09:49,10342.5,5666.69
2022-07-24 15:09:48,9875.59,6133.6
2022-07-24 15:09:47,9921.6,6087.59
2022-07-24 15:09:46,9948.95,6060.24
2022-07-24 15:09:45,9315.72,6693.47
2022-07-24 15:09:44,9316.39,6692.8
2022-07-24 15:09:43,9320.22,6688.97
2022-07-24 15:09:42,9330.95,6678.24
2022-07-24 15:09:41,9330.58,6678.61
2022-07-24 15:09:40,9332.62,6676.57
2022-07-24 15:09:39,9342.47,6666.72
2022-07-24 15:09:38,9351.32,6657.86
2022-07-24 15:09:37,9352.91,6656.27
2022-07-24 15:09:36,9354.05,6655.14
2022-07-24 15:09:35,9354.02,6655.17
2022-07-24 15:09:34,9388.04,6621.15
2022-07-24 15:09:33,9388.81,6620.37
2022-07-24 15:09:32,9388.61,6620.58
2022-07-24 15:09:31,9414.14,6595.05
2022-07-24 15:09:30,9416.19,6593
2022-07-24 15:09:29,9445.56,6563.63
2022-07-24 15:09:28,9465.44,6543.75
2022-07-24 15:09:27,9478.23,6530.95
2022-07-24 15:09:26,9491.28,6517.91
2022-07-24 15:09:25,9503.52,6505.66
2022-07-24 15:09:24,9522.88,6486.31
2022-07-24 15:09:23,9514.01,6495.18
2022-07-24 15:09:22,9549.42,6459.77
2022-07-24 15:09:21,9625.62,6383.57
2022-07-24 15:09:20,9646.12,6363.07
2022-07-24 15:09:19,9740.68,6268.51
2022-07-24 15:09:18,10171.5,5837.69
2022-07-24 15:09:17,10303.4,5705.75
2022-07-24 15:09:16,10448.2,5560.97
2022-07-24 15:09:15,10906.5,5102.65
2022-07-24 15:09:14,11061.2,4947.94
2022-07-24 15:09:13,11195.4,4813.78
2022-07-24 15:09:12,11564.7,4444.51
2022-07-24 15:09:11,11679,4330.22
2022-07-24 15:09:10,11829.1,4180.09
2022-07-24 15:09:09,12077.6,3931.57
2022-07-24 15:09:08,12279.1,3730.07
2022-07-24 15:09:07,11309.7,4699.5
2022-07-24 15:09:06,11421.4,4587.83
2022-07-24 15:09:05,10478.5,5530.65
2022-07-24 15:09:04,10538,5471.23
2022-07-24 15:09:03,9969.03,6040.16
2022-07-24 15:09:02,9992.82,6016.36
2022-07-24 15:09:01,9373.36,6635.83
2022-07-24 15:09:00,9376.24,6632.94
2022-07-24 15:08:59,9377.32,6631.86
2022-07-24 15:08:58,9384.41,6624.78
2022-07-24 15:08:57,9391.73,6617.46
2022-07-24 15:08:56,9391.94,6617.25
2022-07-24 15:08:55,9392.49,6616.7
2022-07-24 15:08:54,9401.86,6607.33
2022-07-24 15:08:53,9415.51,6593.68
2022-07-24 15:08:52,9416.82,6592.36
2022-07-24 15:08:51,9420.76,6588.43
2022-07-24 15:08:50,9429.7,6579.48
2022-07-24 15:08:49,9440.52,6568.67
2022-07-24 15:08:48,9457.39,6551.79
2022-07-24 15:08:47,9459.73,6549.46
2022-07-24 15:08:46,9469.89,6539.29
2022-07-24 15:08:45,9486.8,6522.39
2022-07-24 15:08:44,9500.26,6508.93
2022-07-24 15:08:43,9512.94,6496.25
2022-07-24 15:08:42,9511.56,6497.62
2022-07-24 15:08:41,9536.01,6473.18
2022-07-24 15:08:40,9547.74,6461.45
2022-07-24 15:08:39,9551.98,6457.21
2022-07-24 15:08:38,9554.92,6454.27
2022-07-24 15:08:37,9579.07,6430.12
2022-07-24 15:08:36,9582.81,6426.38
2022-07-24 15:08:35,9635.77,6373.41
2022-07-24 15:08:34,9692.76,6316.43
2022-07-24 15:08:33,9730.36,6278.82
2022-07-24 15:08:32,10046.1,5963.08
2022-07-24 15:08:31,10343.4,5665.81
2022-07-24 15:08:30,10576.2,5433.03
2022-07-24 15:08:29,10820.8,5188.35
2022-07-24 15:08:28,10912.8,5096.37
2022-07-24 15:08:27,11312.5,4696.67
2022-07-24 15:08:26,11396.6,4612.62
2022-07-24 15:08:25,11515,4494.16
2022-07-24 15:08:24,11650.2,4359.02
2022-07-24 15:08:23,12018.3,3990.86
2022-07-24 15:08:22,12243.1,3766.07
2022-07-24 15:08:21,11320.1,4689.08
2022-07-24 15:08:20,10302.4,5706.82
2022-07-24 15:08:19,10348.7,5660.5
2022-07-24 15:08:18,9765.57,6243.62
2022-07-24 15:08:17,9806.97,6202.22
2022-07-24 15:08:16,9839.68,6169.51
2022-07-24 15:08:15,9330.46,6678.72
2022-07-24 15:08:14,9339.37,6669.82
2022-07-24 15:08:13,9339.95,6669.23
2022-07-24 15:08:12,9343.23,6665.96
2022-07-24 15:08:11,9343.03,6666.16
2022-07-24 15:08:10,9346.45,6662.74
2022-07-24 15:08:09,9356.44,6652.75
2022-07-24 15:08:08,9357.99,6651.2
2022-07-24 15:08:07,9363.64,6645.55
2022-07-24 15:08:06,9369.01,6640.18
2022-07-24 15:08:05,9380.23,6628.96
2022-07-24 15:08:04,9380.1,6629.09
2022-07-24 15:08:03,9401.9,6607.29
2022-07-24 15:08:02,9403.22,6605.96
2022-07-24 15:08:01,9420.76,6588.43
2022-07-24 15:08:00,9421.8,6587.39
2022-07-24 15:07:59,9441.74,6567.45
2022-07-24 15:07:58,9459.28,6549.91
2022-07-24 15:07:57,9461.91,6547.28
2022-07-24 15:07:56,9462.32,6546.87
2022-07-24 15:07:55,9503.76,6505.43
2022-07-24 15:07:54,9520.78,6488.41
2022-07-24 15:07:53,9523.3,6485.88
2022-07-24 15:07:52,9535.48,6473.71
2022-07-24 15:07:51,9563.44,6445.75
2022-07-24 15:07:50,9615.24,6393.95
2022-07-24 15:07:49,9735.32,6273.87
2022-07-24 15:07:48,9785.99,6223.19
2022-07-24 15:07:47,9871.61,6137.58
2022-07-24 15:07:46,10545.6,5463.61
2022-07-24 15:07:45,10694.5,5314.65
2022-07-24 15:07:44,10988.4,5020.8
2022-07-24 15:07:43,11328.8,4680.39
2022-07-24 15:07:42,11485.3,4523.87
2022-07-24 15:07:41,11612.3,4396.88
2022-07-24 15:07:40,11728,4281.16
2022-07-24 15:07:39,11877.4,4131.8
2022-07-24 15:07:38,12067.5,3941.69
2022-07-24 15:07:37,11722,4287.23
2022-07-24 15:07:36,11431.7,4577.51
2022-07-24 15:07:35,10525.8,5483.39
2022-07-24 15:07:34,10028.3,5980.87
2022-07-24 15:07:33,10056.9,5952.34
2022-07-24 15:07:32,10092.7,5916.51
2022-07-24 15:07:31,10142.9,5866.26
2022-07-24 15:07:30,10192.8,5816.44
2022-07-24 15:07:29,10194.3,5814.92
2022-07-24 15:07:28,9573.74,6435.45
2022-07-24 15:07:27,9583.44,6425.75
2022-07-24 15:07:26,9603.8,6405.39
2022-07-24 15:07:25,9606.82,6402.37
2022-07-24 15:07:24,9614.37,6394.82
2022-07-24 15:07:23,9618.06,6391.12
2022-07-24 15:07:22,9625.87,6383.32
2022-07-24 15:07:21,9652.09,6357.1
2022-07-24 15:07:20,9660.44,6348.75
2022-07-24 15:07:19,9667.63,6341.55
2022-07-24 15:07:18,9696.08,6313.11
2022-07-24 15:07:17,9731.8,6277.39
2022-07-24 15:07:16,9742.95,6266.24
2022-07-24 15:07:15,9748.65,6260.53
2022-07-24 15:07:14,9765.67,6243.52
2022-07-24 15:07:13,9817.3,6191.88
2022-07-24 15:07:12,9822.69,6186.5
2022-07-24 15:07:11,9823.66,6185.52
2022-07-24 15:07:10,9861.19,6148
2022-07-24 15:07:09,9900.5,6108.68
2022-07-24 15:07:08,9903.81,6105.38
2022-07-24 15:07:07,9912.16,6097.03
2022-07-24 15:07:06,9977.99,6031.2
2022-07-24 15:07:05,9995.84,6013.34
2022-07-24 15:07:04,10013.9,5995.33
2022-07-24 15:07:03,10105.5,5903.66
2022-07-24 15:07:02,10166.6,5842.6
2022-07-24 15:07:01,10389.3,5619.93
2022-07-24 15:07:00,10581.2,5427.98
2022-07-24 15:06:59,10808.8,5200.38
2022-07-24 15:06:58,11020.3,4988.85
2022-07-24 15:06:57,11259.6,4749.54
2022-07-24 15:06:56,11389,4620.23
2022-07-24 15:06:55,11487.6,4521.54
2022-07-24 15:06:54,11594.9,4414.3
2022-07-24 15:06:53,11712.3,4296.89
2022-07-24 15:06:52,11981.1,4028.13
2022-07-24 15:06:51,12300.4,3708.8
2022-07-24 15:06:50,11462.5,4546.73
2022-07-24 15:06:49,11033,4976.17
2022-07-24 15:06:48,9970.68,6038.51
2022-07-24 15:06:47,9998.32,6010.87
2022-07-24 15:06:46,10048.4,5960.77
2022-07-24 15:06:45,10091.6,5917.57
2022-07-24 15:06:44,9494.89,6514.3
2022-07-24 15:06:43,9495.72,6513.47
2022-07-24 15:06:42,9498.25,6510.93
2022-07-24 15:06:41,9499.83,6509.36
2022-07-24 15:06:40,9515.07,6494.12
2022-07-24 15:06:39,9515.79,6493.4
2022-07-24 15:06:38,9517.47,6491.72
2022-07-24 15:06:37,9522.73,6486.46
2022-07-24 15:06:36,9523.2,6485.99
2022-07-24 15:06:35,9545.53,6463.66
2022-07-24 15:06:34,9549.15,6460.04
2022-07-24 15:06:33,9564.5,6444.69
2022-07-24 15:06:32,9563.98,6445.21
2022-07-24 15:06:31,9591.02,6418.16
2022-07-24 15:06:30,9593.45,6415.74
2022-07-24 15:06:29,9611.25,6397.94
2022-07-24 15:06:28,9641.93,6367.25
2022-07-24 15:06:27,9657.26,6351.93
2022-07-24 15:06:26,9660.62,6348.57
2022-07-24 15:06:25,9664.91,6344.28
2022-07-24 15:06:24,9720.31,6288.88
2022-07-24 15:06:23,9722.44,6286.75
2022-07-24 15:06:22,9726.76,6282.43
2022-07-24 15:06:21,9803.17,6206.02
2022-07-24 15:06:20,9802.52,6206.67
2022-07-24 15:06:19,9807.91,6201.27
2022-07-24 15:06:18,9874.01,6135.18
2022-07-24 15:06:17,9979.44,6029.75
2022-07-24 15:06:16,10042.9,5966.3
2022-07-24 15:06:15,10275.9,5733.24
2022-07-24 15:06:14,10653.8,5355.41
2022-07-24 15:06:13,10875,5134.15
2022-07-24 15:06:12,10956.1,5053.11
2022-07-24 15:06:11,11234.6,4774.61
2022-07-24 15:06:10,11410.1,4599.1
2022-07-24 15:06:09,11523.5,4485.66
2022-07-24 15:06:08,11669.6,4339.63
2022-07-24 15:06:07,11856.2,4153.01
2022-07-24 15:06:06,12214.6,3794.62
2022-07-24 15:06:05,11952.1,4057.11
2022-07-24 15:06:04,10957.8,5051.4
2022-07-24 15:06:03,10458.5,5550.68
2022-07-24 15:06:02,9889.36,6119.83
2022-07-24 15:06:01,9937.32,6071.87
2022-07-24 15:06:00,9953.39,6055.8
2022-07-24 15:05:59,9447.59,6561.6
2022-07-24 15:05:58,9451.2,6557.98
2022-07-24 15:05:57,9451.51,6557.68
2022-07-24 15:05:56,9470.1,6539.09
2022-07-24 15:05:55,9469.58,6539.61
2022-07-24 15:05:54,9471.05,6538.14
2022-07-24 15:05:53,9473.26,6535.93
2022-07-24 15:05:52,9474.7,6534.48
2022-07-24 15:05:51,9490.68,6518.5
2022-07-24 15:05:50,9492.02,6517.16
2022-07-24 15:05:49,9493.77,6515.41
2022-07-24 15:05:48,9508.66,6500.53
2022-07-24 15:05:47,9540.48,6468.71
2022-07-24 15:05:46,9542.85,6466.34
2022-07-24 15:05:45,9540.48,6468.71
2022-07-24 15:05:44,9572.79,6436.4
2022-07-24 15:05:43,9585.35,6423.84
2022-07-24 15:05:42,9602.18,6407.01
2022-07-24 15:05:41,9616.93,6392.26
2022-07-24 15:05:40,9618,6391.19
2022-07-24 15:05:39,9663.64,6345.54
2022-07-24 15:05:38,9724.55,6284.63
2022-07-24 15:05:37,9725.77,6283.42
2022-07-24 15:05:36,9752.6,6256.59
2022-07-24 15:05:35,9756.61,6252.58
2022-07-24 15:05:34,9821.38,6187.81
2022-07-24 15:05:33,9912.42,6096.77
2022-07-24 15:05:32,9996.48,6012.71
2022-07-24 15:05:31,10186,5823.18
2022-07-24 15:05:30,10339.8,5669.35
2022-07-24 15:05:29,10765.1,5244.06
2022-07-24 15:05:28,10997.2,5012
2022-07-24 15:05:27,11146.9,4862.33
2022-07-24 15:05:26,11463.9,4545.29
2022-07-24 15:05:25,11607.9,4401.31
2022-07-24 15:05:24,11756.5,4252.65
2022-07-24 15:05:23,11868.3,4140.93
2022-07-24 15:05:22,12023.8,3985.37
2022-07-24 15:05:21,12285.4,3723.81
2022-07-24 15:05:20,11976.9,4032.32
2022-07-24 15:05:19,11051.8,4957.36
2022-07-24 15:05:18,10096.6,5912.62
2022-07-24 15:05:17,10146.4,5862.83
2022-07-24 15:05:16,10195.9,5813.29
2022-07-24 15:05:15,9705.22,6303.96
2022-07-24 15:05:14,9715.15,6294.03
2022-07-24 15:05:13,9717.95,6291.23
2022-07-24 15:05:12,9720.69,6288.49
2022-07-24 15:05:11,9730.32,6278.87
2022-07-24 15:05:10,9729.72,6279.47
2022-07-24 15:05:09,9742.26,6266.93
2022-07-24 15:05:08,9747.31,6261.88
2022-07-24 15:05:07,9765.72,6243.47
2022-07-24 15:05:06,9784.05,6225.13
2022-07-24 15:05:05,9783.51,6225.68
2022-07-24 15:05:04,9786.79,6222.4
2022-07-24 15:05:03,9776.8,6232.39
2022-07-24 15:05:02,9819.42,6189.77
2022-07-24 15:05:01,9821.04,6188.14
2022-07-24 15:05:00,9825.42,6183.77
2022-07-24 15:04:59,9840.63,6168.56
2022-07-24 15:04:58,9872.8,6136.39
2022-07-24 15:04:57,9910.18,6099.01
2022-07-24 15:04:56,9911.15,6098.04
2022-07-24 15:04:55,9941.68,6067.51
2022-07-24 15:04:54,9984.54,6024.64
2022-07-24 15:04:53,10033.8,5975.36
2022-07-24 15:04:52,10059.3,5949.93
2022-07-24 15:04:51,10065.7,5943.47
2022-07-24 15:04:50,10144.1,5865.06
2022-07-24 15:04:49,10219.4,5789.82
2022-07-24 15:04:48,10228,5781.22
2022-07-24 15:04:47,10302.3,5706.88
2022-07-24 15:04:46,10478.3,5530.89
2022-07-24 15:04:45,10599,5410.2
2022-07-24 15:04:44,10786.2,5223
2022-07-24 15:04:43,10903.1,5106.13
2022-07-24 15:04:42,11133.1,4876.04
2022-07-24 15:04:41,11328.5,4680.72
2022-07-24 15:04:40,11484.5,4524.64
2022-07-24 15:04:39,11641.2,4367.95
2022-07-24 15:04:38,11922.9,4086.27
2022-07-24 15:04:37,12075.8,3933.4
2022-07-24 15:04:36,11531,4478.23
2022-07-24 15:04:35,11675.2,4334.02
2022-07-24 15:04:34,11777.4,4231.74
2022-07-24 15:04:33,11297.9,4711.25
2022-07-24 15:04:32,10893.3,5115.88
2022-07-24 15:04:31,10038,5971.21
2022-07-24 15:04:30,9192.86,6816.33
2022-07-24 15:04:29,9194.23,6814.96
2022-07-24 15:04:28,9195.15,6814.03
2022-07-24 15:04:27,9197.18,6812
2022-07-24 15:04:26,9195.15,6814.04
2022-07-24 15:04:25,9197.22,6811.96
2022-07-24 15:04:24,9199.08,6810.11
2022-07-24 15:04:23,9195.14,6814.05
2022-07-24 15:04:22,9197.32,6811.87
2022-07-24 15:04:21,9198.99,6810.2
2022-07-24 15:04:20,9200.53,6808.65
2022-07-24 15:04:19,9201.75,6807.44
2022-07-24 15:04:18,9216.99,6792.2
2022-07-24 15:04:17,9217.42,6791.77
2022-07-24 15:04:16,9221.33,6787.86
2022-07-24 15:04:15,9222.04,6787.14
2022-07-24 15:04:14,9240.79,6768.4
2022-07-24 15:04:13,9248.1,6761.09
2022-07-24 15:04:12,9271.74,6737.45
2022-07-24 15:04:11,9272.05,6737.13
2022-07-24 15:04:10,9296.16,6713.03
2022-07-24 15:04:09,9296.88,6712.31
2022-07-24 15:04:08,9329.23,6679.96
2022-07-24 15:04:07,9351.31,6657.88
2022-07-24 15:04:06,9353.17,6656.02
2022-07-24 15:04:05,9347.38,6661.81
2022-07-24 15:04:04,9395.99,6613.2
2022-07-24 15:04:03,9444.51,6564.68
2022-07-24 15:04:02,9440.11,6569.08
2022-07-24 15:04:01,9528.22,6480.97
2022-07-24 15:04:00,9818.93,6190.26
2022-07-24 15:03:59,10009.7,5999.45
2022-07-24 15:03:58,10227.5,5781.66
2022-07-24 15:03:57,10673.3,5335.9
2022-07-24 15:03:56,10855.7,5153.52
2022-07-24 15:03:55,10973.5,5035.68
2022-07-24 15:03:54,11309.4,4699.77
2022-07-24 15:03:53,11449,4560.15
2022-07-24 15:03:52,11866.3,4142.84
2022-07-24 15:03:51,11992.4,4016.75
2022-07-24 15:03:50,12182.3,3826.89
2022-07-24 15:03:49,11818.8,4190.41
2022-07-24 15:03:48,11928.8,4080.38
2022-07-24 15:03:47,10941.7,5067.46
2022-07-24 15:03:46,10431.9,5577.28
2022-07-24 15:03:45,10458.5,5550.72
2022-07-24 15:03:44,9453.63,6555.55
2022-07-24 15:03:43,9472.56,6536.63
2022-07-24 15:03:42,9473.27,6535.91
2022-07-24 15:03:41,9475.98,6533.21
2022-07-24 15:03:40,9478.67,6530.52
2022-07-24 15:03:39,9499.19,6510
2022-07-24 15:03:38,9502.14,6507.04
2022-07-24 15:03:37,9503.79,6505.4
2022-07-24 15:03:36,9505.72,6503.47
2022-07-24 15:03:35,9526.22,6482.97
2022-07-24 15:03:34,9531.81,6477.38
2022-07-24 15:03:33,9537.78,6471.41
2022-07-24 15:03:32,9539.33,6469.86
2022-07-24 15:03:31,9587.93,6421.26
2022-07-24 15:03:30,9586.33,6422.86
2022-07-24 15:03:29,9591.56,6417.63
2022-07-24 15:03:28,9608.44,6400.75
2022-07-24 15:03:27,9630.67,6378.52
2022-07-24 15:03:26,9646.47,6362.71
2022-07-24 15:03:25,9665.17,6344.02
2022-07-24 15:03:24,9679.56,6329.63
2022-07-24 15:03:23,9705.5,6303.69
2022-07-24 15:03:22,9708.12,6301.07
2022-07-24 15:03:21,9740.39,6268.79
2022-07-24 15:03:20,9785.57,6223.61
2022-07-24 15:03:19,9787.8,6221.39
2022-07-24 15:03:18,9795.95,6213.23
2022-07-24 15:03:17,9836.62,6172.57
2022-07-24 15:03:16,9960.99,6048.2
2022-07-24 15:03:15,10114.1,5895.08
2022-07-24 15:03:14,10347,5662.2
2022-07-24 15:03:13,10697.8,5311.43
2022-07-24 15:03:12,10882.1,5127.11
2022-07-24 15:03:11,10928.3,5080.89
2022-07-24 15:03:10,11037.1,4972.05
2022-07-24 15:03:09,11587.2,4421.96
2022-07-24 15:03:08,11751.5,4257.7
2022-07-24 15:03:07,11941.7,4067.47
2022-07-24 15:03:06,12092.9,3916.27
2022-07-24 15:03:05,12233.2,3775.98
2022-07-24 15:03:04,11714.6,4294.6
2022-07-24 15:03:03,11364.7,4644.47
2022-07-24 15:03:02,11003.2,5005.94
2022-07-24 15:03:01,11107.3,4901.93
2022-07-24 15:03:00,9562.84,6446.35
2022-07-24 15:02:59,9564.93,6444.26
2022-07-24 15:02:58,9571.95,6437.23
2022-07-24 15:02:57,9577.79,6431.39
2022-07-24 15:02:56,9580.09,6429.1
2022-07-24 15:02:55,9584.04,6425.15
2022-07-24 15:02:54,9590.43,6418.76
2022-07-24 15:02:53,9599.28,6409.91
2022-07-24 15:02:52,9600.48,6408.71
2022-07-24 15:02:51,9602.09,6407.09
2022-07-24 15:02:50,9615.41,6393.78
2022-07-24 15:02:49,9639.53,6369.65
2022-07-24 15:02:48,9639.8,6369.39
2022-07-24 15:02:47,9655.5,6353.69
2022-07-24 15:02:46,9691.35,6317.84
2022-07-24 15:02:45,9692.94,6316.25
2022-07-24 15:02:44,9712.34,6296.85
2022-07-24 15:02:43,9729.86,6279.33
2022-07-24 15:02:42,9755.75,6253.44
2022-07-24 15:02:41,9771.42,6237.77
2022-07-24 15:02:40,9793.52,6215.66
2022-07-24 15:02:39,9831.22,6177.97
2022-07-24 15:02:38,9860.34,6148.84
2022-07-24 15:02:37,9862.68,6146.51
2022-07-24 15:02:36,9901.26,6107.93
2022-07-24 15:02:35,9930.34,6078.85
2022-07-24 15:02:34,9950.97,6058.22
2022-07-24 15:02:33,9986.69,6022.5
2022-07-24 15:02:32,9987.11,6022.08
2022-07-24 15:02:31,10065.3,5943.9
2022-07-24 15:02:30,10141.9,5867.31
2022-07-24 15:02:29,10252.9,5756.25
2022-07-24 15:02:28,10412.8,5596.4
2022-07-24 15:02:27,10769,5240.16
2022-07-24 15:02:26,10915.3,5093.93
2022-07-24 15:02:25,11379.5,4629.69
2022-07-24 15:02:24,11556.7,4452.46
2022-07-24 15:02:23,11646.7,4362.52
2022-07-24 15:02:22,11859.8,4149.42
2022-07-24 15:02:21,11984.5,4024.73
2022-07-24 15:02:20,12051.9,3957.31
2022-07-24 15:02:19,12252.5,3756.7
2022-07-24 15:02:18,12407.9,3601.28
2022-07-24 15:02:17,12088.2,3920.97
2022-07-24 15:02:16,9926.27,6082.92
2022-07-24 15:02:15,9964.92,6044.27
2022-07-24 15:02:14,9464.27,6544.92
2022-07-24 15:02:13,9463.31,6545.88
2022-07-24 15:02:12,9465.5,6543.69
2022-07-24 15:02:11,9466.52,6542.66
2022-07-24 15:02:10,9474.48,6534.71
2022-07-24 15:02:09,9475.81,6533.38
2022-07-24 15:02:08,9477.32,6531.87
2022-07-24 15:02:07,9491.22,6517.97
2022-07-24 15:02:06,9506.27,6502.91
2022-07-24 15:02:05,9509.89,6499.3
2022-07-24 15:02:04,9511.93,6497.25
2022-07-24 15:02:03,9535.78,6473.41
2022-07-24 15:02:02,9542.22,6466.97
2022-07-24 15:02:01,9556.66,6452.53
2022-07-24 15:02:00,9559.95,6449.24
2022-07-24 15:01:59,9560.94,6448.25
2022-07-24 15:01:58,9599.22,6409.97
2022-07-24 15:01:57,9619.58,6389.61
2022-07-24 15:01:56,9621.61,6387.58
2022-07-24 15:01:55,9647.89,6361.3
2022-07-24 15:01:54,9678.9,6330.29
2022-07-24 15:01:53,9711.81,6297.37
2022-07-24 15:01:52,9729.02,6280.17
2022-07-24 15:01:51,9767.01,6242.18
2022-07-24 15:01:50,9777.61,6231.57
2022-07-24 15:01:49,9824.96,6184.23
2022-07-24 15:01:48,9871.5,6137.69
2022-07-24 15:01:47,9869.11,6140.07
2022-07-24 15:01:46,9951.65,6057.54
2022-07-24 15:01:45,9969.59,6039.6
2022-07-24 15:01:44,10245.2,5764.03
2022-07-24 15:01:43,10510.3,5498.86
2022-07-24 15:01:42,10552.2,5457
2022-07-24 15:01:41,10633,5376.21
2022-07-24 15:01:40,11204.3,4804.9
2022-07-24 15:01:39,11341.4,4667.82
2022-07-24 15:01:38,11712.9,4296.32
2022-07-24 15:01:37,11847.7,4161.53
2022-07-24 15:01:36,12028.4,3980.81
2022-07-24 15:01:35,12137.2,3871.98
2022-07-24 15:01:34,12299.1,3710.06
2022-07-24 15:01:33,12452.6,3556.62
2022-07-24 15:01:32,11604,4405.18
2022-07-24 15:01:31,10650,5359.21
2022-07-24 15:01:30,9523.22,6485.97
2022-07-24 15:01:29,9525.14,6484.05
2022-07-24 15:01:28,9537.18,6472.01
2022-07-24 15:01:27,9536.96,6472.23
2022-07-24 15:01:26,9538.75,6470.44
2022-07-24 15:01:25,9546.41,6462.78
2022-07-24 15:01:24,9552.97,6456.22
2022-07-24 15:01:23,9560.55,6448.63
2022-07-24 15:01:22,9563.3,6445.89
2022-07-24 15:01:21,9576.65,6432.54
2022-07-24 15:01:20,9587.61,6421.58
2022-07-24 15:01:19,9603.45,6405.74
2022-07-24 15:01:18,9604.07,6405.12
2022-07-24 15:01:17,9620.8,6388.39
2022-07-24 15:01:16,9645.93,6363.26
2022-07-24 15:01:15,9657.52,6351.66
2022-07-24 15:01:14,9659.6,6349.59
2022-07-24 15:01:13,9659.54,6349.65
2022-07-24 15:01:12,9702.26,6306.93
2022-07-24 15:01:11,9717.8,6291.39
2022-07-24 15:01:10,9719.04,6290.15
2022-07-24 15:01:09,9742,6267.18
2022-07-24 15:01:08,9766.25,6242.93
2022-07-24 15:01:07,9786.21,6222.98
2022-07-24 15:01:06,9801.27,6207.91
2022-07-24 15:01:05,9819.31,6189.88
2022-07-24 15:01:04,9860.98,6148.21
2022-07-24 15:01:03,9864.42,6144.77
2022-07-24 15:01:02,9877.19,6132
2022-07-24 15:01:01,9897.56,6111.63
2022-07-24 15:01:00,10146.5,5862.67
2022-07-24 15:00:59,10208.9,5800.25
2022-07-24 15:00:58,10297.3,5711.91
2022-07-24 15:00:57,10704,5305.15
2022-07-24 15:00:56,11030.9,4978.28
2022-07-24 15:00:55,11354.7,4654.45
2022-07-24 15:00:54,11492.6,4516.56
2022-07-24 15:00:53,11645.9,4363.25
2022-07-24 15:00:52,11824.1,4185.06
2022-07-24 15:00:51,11983.2,4025.98
2022-07-24 15:00:50,12128.4,3880.75
2022-07-24 15:00:49,12274,3735.22
2022-07-24 15:00:48,12460.7,3548.44
2022-07-24 15:00:47,10830.9,5178.32
2022-07-24 15:00:46,9771.46,6237.72
2022-07-24 15:00:45,9814.35,6194.84
2022-07-24 15:00:44,9194.94,6814.25
2022-07-24 15:00:43,9196.94,6812.25
2022-07-24 15:00:42,9195.82,6813.37
2022-07-24 15:00:41,9198.07,6811.12
2022-07-24 15:00:40,9196.91,6812.28
2022-07-24 15:00:39,9200.49,6808.7
2022-07-24 15:00:38,9197.79,6811.39
2022-07-24 15:00:37,9198.97,6810.21
2022-07-24 15:00:36,9214.23,6794.96
2022-07-24 15:00:35,9214.23,6794.95
2022-07-24 15:00:34,9218.96,6790.23
2022-07-24 15:00:33,9216.43,6792.76
2022-07-24 15:00:32,9233.82,6775.36
2022-07-24 15:00:31,9235.06,6774.13
2022-07-24 15:00:30,9227.25,6781.94
2022-07-24 15:00:29,9229.16,6780.02
2022-07-24 15:00:28,9233.29,6775.9
2022-07-24 15:00:27,9247.58,6761.61
2022-07-24 15:00:26,9246.23,6762.96
2022-07-24 15:00:25,9247.94,6761.24
2022-07-24 15:00:24,9267.64,6741.55
2022-07-24 15:00:23,9267.6,6741.59
2022-07-24 15:00:22,9272,6737.19
2022-07-24 15:00:21,9310.55,6698.64
2022-07-24 15:00:20,9293.71,6715.47
2022-07-24 15:00:19,9297.07,6712.12
2022-07-24 15:00:18,9348.48,6660.71
2022-07-24 15:00:17,9432.22,6576.97
2022-07-24 15:00:16,9431.53,6577.66
2022-07-24 15:00:15,9460.31,6548.88
2022-07-24 15:00:14,9858.51,6150.68
2022-07-24 15:00:13,9959.5,6049.69
2022-07-24 15:00:12,10255.1,5754.05
2022-07-24 15:00:11,10368.4,5640.75
2022-07-24 15:00:10,10790.8,5218.39
2022-07-24 15:00:09,10920.4,5088.82
2022-07-24 15:00:08,11410.1,4599.09
2022-07-24 15:00:07,11720,4289.17
2022-07-24 15:00:06,11872.3,4136.93
2022-07-24 15:00:05,12080.1,3929.06
2022-07-24 15:00:04,11688,4321.2
2022-07-24 15:00:03,11816.7,4192.5
2022-07-24 15:00:02,11955.7,4053.5
2022-07-24 15:00:01,11616.1,4393.05
2022-07-24 15:00:00,10740.3,5268.92
2022-07-24 14:59:59,9599.63,6409.55
2022-07-24 14:59:58,9600,6409.19
2022-07-24 14:59:57,9611.66,6397.52
2022-07-24 14:59:56,9618.06,6391.13
2022-07-24 14:59:55,9621.79,6387.4
2022-07-24 14:59:54,9629.21,6379.98
2022-07-24 14:59:53,9630.04,6379.14
2022-07-24 14:59:52,9641.54,6367.65
2022-07-24 14:59:51,9644.52,6364.67
2022-07-24 14:59:50,9664.24,6344.95
2022-07-24 14:59:49,9662.23,6346.96
2022-07-24 14:59:48,9670.95,6338.24
2022-07-24 14:59:47,9681.91,6327.28
2022-07-24 14:59:46,9702.18,6307.01
2022-07-24 14:59:45,9705.27,6303.92
2022-07-24 14:59:44,9718.3,6290.89
2022-07-24 14:59:43,9729.58,6279.61
2022-07-24 14:59:42,9737.79,6271.4
2022-07-24 14:59:41,9776.49,6232.7
2022-07-24 14:59:40,9789.93,6219.25
2022-07-24 14:59:39,9792.12,6217.07
2022-07-24 14:59:38,9816.35,6192.84
2022-07-24 14:59:37,9847.09,6162.09
2022-07-24 14:59:36,9852.71,6156.48
2022-07-24 14:59:35,9853.82,6155.36
2022-07-24 14:59:34,9891.02,6118.17
2022-07-24 14:59:33,9923.39,6085.8
2022-07-24 14:59:32,9941.89,6067.3
2022-07-24 14:59:31,9955.91,6053.27
2022-07-24 14:59:30,9953.23,6055.95
2022-07-24 14:59:29,10045.8,5963.39
2022-07-24 14:59:28,10155.7,5853.53
2022-07-24 14:59:27,10234.4,5774.83
2022-07-24 14:59:26,10398.8,5610.39
2022-07-24 14:59:25,10764.9,5244.31
2022-07-24 14:59:24,11015.1,4994.05
2022-07-24 14:59:23,11287.8,4721.35
2022-07-24 14:59:22,11486,4523.2
2022-07-24 14:59:21,11609.6,4399.61
2022-07-24 14:59:20,11714.6,4294.59
2022-07-24 14:59:19,11935.5,4073.67
2022-07-24 14:59:18,12134.2,3874.97
2022-07-24 14:59:17,12278.2,3730.97
2022-07-24 14:59:16,12491.2,3517.94
2022-07-24 14:59:15,11216,4793.21
2022-07-24 14:59:14,10694.5,5314.7
2022-07-24 14:59:13,10254.1,5755.06
2022-07-24 14:59:12,10270.3,5738.93
2022-07-24 14:59:11,9786.72,6222.46
2022-07-24 14:59:10,9797.95,6211.24
2022-07-24 14:59:09,9811.7,6197.49
2022-07-24 14:59:08,9812.59,6196.6
2022-07-24 14:59:07,9832.09,6177.09
2022-07-24 14:59:06,9832.51,6176.68
2022-07-24 14:59:05,9856.25,6152.93
2022-07-24 14:59:04,9858.12,6151.06
2022-07-24 14:59:03,9878.95,6130.24
2022-07-24 14:59:02,9884.53,6124.66
2022-07-24 14:59:01,9894.76,6114.43
2022-07-24 14:59:00,9914.34,6094.84
2022-07-24 14:58:59,9920.5,6088.68
2022-07-24 14:58:58,9944.57,6064.62
2022-07-24 14:58:57,9981.57,6027.62
2022-07-24 14:58:56,9994.02,6015.16
2022-07-24 14:58:55,10006.9,6002.24
2022-07-24 14:58:54,10029.8,5979.43
2022-07-24 14:58:53,10068.5,5940.71
2022-07-24 14:58:52,10081.2,5927.97
2022-07-24 14:58:51,10121,5888.22
2022-07-24 14:58:50,10134.8,5874.38
2022-07-24 14:58:49,10176.1,5833.13
2022-07-24 14:58:48,10207,5802.16
2022-07-24 14:58:47,10228.4,5780.84
2022-07-24 14:58:46,10272.7,5736.46
2022-07-24 14:58:45,10285.7,5723.52
2022-07-24 14:58:44,10286.7,5722.52
2022-07-24 14:58:43,10347.3,5661.93
2022-07-24 14:58:42,10442.6,5566.59
2022-07-24 14:58:41,10641.8,5367.37
2022-07-24 14:58:40,10821.6,5187.63
2022-07-24 14:58:39,10963.7,5045.52
2022-07-24 14:58:38,11287.7,4721.51
2022-07-24 14:58:37,11520.3,4488.89
2022-07-24 14:58:36,11635.7,4373.45
2022-07-24 14:58:35,11708.9,4300.24
2022-07-24 14:58:34,11828.2,4180.97
2022-07-24 14:58:33,12039.7,3969.52
2022-07-24 14:58:32,12199.2,3810
2022-07-24 14:58:31,12360.5,3648.68
2022-07-24 14:58:30,11899.3,4109.88
2022-07-24 14:58:29,11495.5,4513.69
2022-07-24 14:58:28,9908.14,6101.05
2022-07-24 14:58:27,9935.83,6073.36
2022-07-24 14:58:26,9434.41,6574.78
2022-07-24 14:58:25,9434.3,6574.89
2022-07-24 14:58:24,9441.03,6568.16
2022-07-24 14:58:23,9442.13,6567.06
2022-07-24 14:58:22,9442.65,6566.54
2022-07-24 14:58:21,9445.93,6563.25
2022-07-24 14:58:20,9453.77,6555.42
2022-07-24 14:58:19,9452.78,6556.41
2022-07-24 14:58:18,9454.73,6554.46
2022-07-24 14:58:17,9456.5,6552.69
2022-07-24 14:58:16,9476.75,6532.44
2022-07-24 14:58:15,9481.35,6527.84
2022-07-24 14:58:14,9483.79,6525.4
2022-07-24 14:58:13,9482.4,6526.79
2022-07-24 14:58:12,9530.07,6479.12
2022-07-24 14:58:11,9530.42,6478.77
2022-07-24 14:58:10,9533.12,6476.07
2022-07-24 14:58:09,9534.84,6474.35
2022-07-24 14:58:08,9577.34,6431.85
2022-07-24 14:58:07,9578.39,6430.79
2022-07-24 14:58:06,9582.43,6426.76
2022-07-24 14:58:05,9613.85,6395.34
2022-07-24 14:58:04,9683.93,6325.26
2022-07-24 14:58:03,9701.43,6307.76
2022-07-24 14:58:02,9719.83,6289.36
2022-07-24 14:58:01,9749.51,6259.68
2022-07-24 14:58:00,9807.51,6201.68
2022-07-24 14:57:59,9827.59,6181.59
2022-07-24 14:57:58,9909.06,6100.12
2022-07-24 14:57:57,10082.4,5926.79
2022-07-24 14:57:56,10227.7,5781.46
2022-07-24 14:57:55,10586.8,5422.43
2022-07-24 14:57:54,10812.8,5196.36
2022-07-24 14:57:53,11044.4,4964.79
2022-07-24 14:57:52,11159.7,4849.48
2022-07-24 14:57:51,11518.4,4490.75
2022-07-24 14:57:50,11650.7,4358.48
2022-07-24 14:57:49,11759.3,4249.91
2022-07-24 14:57:48,11997.1,4012.04
2022-07-24 14:57:47,12168.2,3841.03
2022-07-24 14:57:46,11871.3,4137.86
2022-07-24 14:57:45,11882,4127.16
2022-07-24 14:57:44,11089.9,4919.32
2022-07-24 14:57:43,10650.7,5358.48
2022-07-24 14:57:42,10184.1,5825.08
2022-07-24 14:57:41,10225.7,5783.53
2022-07-24 14:57:40,9599.26,6409.93
2022-07-24 14:57:39,9603.62,6405.57
2022-07-24 14:57:38,9604.11,6405.08
2022-07-24 14:57:37,9611.63,6397.55
2022-07-24 14:57:36,9622.18,6387.01
2022-07-24 14:57:35,9625.23,6383.96
2022-07-24 14:57:34,9627.46,6381.73
2022-07-24 14:57:33,9640.55,6368.63
2022-07-24 14:57:32,9657.85,6351.34
2022-07-24 14:57:31,9659.95,6349.24
2022-07-24 14:57:30,9678.39,6330.8
2022-07-24 14:57:29,9691.03,6318.16
2022-07-24 14:57:28,9724.75,6284.44
2022-07-24 14:57:27,9727.61,6281.57
2022-07-24 14:57:26,9751.11,6258.08
2022-07-24 14:57:25,9764.94,6244.24
2022-07-24 14:57:24,9797.59,6211.6
2022-07-24 14:57:23,9823.46,6185.73
2022-07-24 14:57:22,9848.82,6160.37
2022-07-24 14:57:21,9892.98,6116.21
2022-07-24 14:57:20,9894.59,6114.59
2022-07-24 14:57:19,9940.82,6068.37
2022-07-24 14:57:18,9996.38,6012.8
2022-07-24 14:57:17,9988.69,6020.5
2022-07-24 14:57:16,10016.7,5992.48
2022-07-24 14:57:15,10074.4,5934.81
2022-07-24 14:57:14,10118.2,5891.01
2022-07-24 14:57:13,10126.9,5882.29
2022-07-24 14:57:12,10237,5772.2
2022-07-24 14:57:11,10402.3,5606.86
2022-07-24 14:57:10,10545.4,5463.78
2022-07-24 14:57:09,10631.4,5377.75
2022-07-24 14:57:08,11001.8,5007.38
2022-07-24 14:57:07,11386.2,4623
2022-07-24 14:57:06,11560.5,4448.72
2022-07-24 14:57:05,11770.3,4238.84
2022-07-24 14:57:04,11935.3,4073.84
2022-07-24 14:57:03,12022.9,3986.26
2022-07-24 14:57:02,12166.1,3843.07
2022-07-24 14:57:01,12302.3,3706.87
2022-07-24 14:57:00,11846.4,4162.78
2022-07-24 14:56:59,10872.7,5136.48
2022-07-24 14:56:58,10325.5,5683.68
2022-07-24 14:56:57,9190.62,6818.57
2022-07-24 14:56:56,9191.46,6817.73
2022-07-24 14:56:55,9191.13,6818.06
2022-07-24 14:56:54,9192.44,6816.75
2022-07-24 14:56:53,9192.37,6816.82
2022-07-24 14:56:52,9192.6,6816.59
2022-07-24 14:56:51,9194.66,6814.53
2022-07-24 14:56:50,9195.24,6813.95
2022-07-24 14:56:49,9196.44,6812.75
2022-07-24 14:56:48,9196.86,6812.33
2022-07-24 14:56:47,9196.96,6812.22
2022-07-24 14:56:46,9198.48,6810.71
2022-07-24 14:56:45,9199.45,6809.74
2022-07-24 14:56:44,9204.96,6804.22
2022-07-24 14:56:43,9202.69,6806.5
2022-07-24 14:56:42,9215.72,6793.47
2022-07-24 14:56:41,9217.03,6792.15
2022-07-24 14:56:40,9230.51,6778.68
2022-07-24 14:56:39,9231.84,6777.35
2022-07-24 14:56:38,9238.48,6770.71
2022-07-24 14:56:37,9253.05,6756.14
2022-07-24 14:56:36,9268.89,6740.29
2022-07-24 14:56:35,9270.26,6738.93
2022-07-24 14:56:34,9280.59,6728.6
2022-07-24 14:56:33,9299.48,6709.71
2022-07-24 14:56:32,9300.06,6709.13
2022-07-24 14:56:31,9322.34,6686.85
2022-07-24 14:56:30,9348.66,6660.53
2022-07-24 14:56:29,9342.29,6666.9
2022-07-24 14:56:28,9438,6571.19
2022-07-24 14:56:27,9522.98,6486.2
2022-07-24 14:56:26,9733.38,6275.8
2022-07-24 14:56:25,10005.3,6003.86
2022-07-24 14:56:24,10441.1,5568.11
2022-07-24 14:56:23,10596.5,5412.65
2022-07-24 14:56:22,10996.6,5012.56
2022-07-24 14:56:21,11376.5,4632.73
2022-07-24 14:56:20,11502.3,4506.91
2022-07-24 14:56:19,11654.7,4354.47
2022-07-24 14:56:18,11861,4148.21
2022-07-24 14:56:17,12045.8,3963.43
2022-07-24 14:56:16,12182.7,3826.47
2022-07-24 14:56:15,12327.2,3681.98
2022-07-24 14:56:14,11974.8,4034.37
2022-07-24 14:56:13,11061,4948.2
2022-07-24 14:56:12,10514.1,5495.07
2022-07-24 14:56:11,10062.2,5946.94
2022-07-24 14:56:10,9455.46,6553.72
2022-07-24 14:56:09,9458.1,6551.09
2022-07-24 14:56:08,9456.96,6552.23
2022-07-24 14:56:07,9466.38,6542.81
2022-07-24 14:56:06,9478.93,6530.26
2022-07-24 14:56:05,9479.2,6529.99
2022-07-24 14:56:04,9481.36,6527.83
2022-07-24 14:56:03,9480.83,6528.36
2022-07-24 14:56:02,9503.69,6505.5
2022-07-24 14:56:01,9502.86,6506.33
2022-07-24 14:56:00,9503.48,6505.71
2022-07-24 14:55:59,9514.43,6494.76
2022-07-24 14:55:58,9525.88,6483.31
2022-07-24 14:55:57,9530.15,6479.04
2022-07-24 14:55:56,9530.69,6478.5
2022-07-24 14:55:55,9545.5,6463.69
2022-07-24 14:55:54,9560.27,6448.92
2022-07-24 14:55:53,9576.98,6432.21
2022-07-24 14:55:52,9597.67,6411.52
2022-07-24 14:55:51,9598.47,6410.72
2022-07-24 14:55:50,9616.41,6392.78
2022-07-24 14:55:49,9618.02,6391.17
2022-07-24 14:55:48,9681.3,6327.89
2022-07-24 14:55:47,9694.45,6314.73
2022-07-24 14:55:46,9701.38,6307.81
2022-07-24 14:55:45,9718.75,6290.44
2022-07-24 14:55:44,9790.29,6218.9
2022-07-24 14:55:43,9790.75,6218.44
2022-07-24 14:55:42,9828.05,6181.13
2022-07-24 14:55:41,9875.64,6133.54
2022-07-24 14:55:40,9961.85,6047.34
2022-07-24 14:55:39,10210,5799.15
2022-07-24 14:55:38,10391.2,5617.98
2022-07-24 14:55:37,10691.2,5317.98
2022-07-24 14:55:36,10897.2,5112.02
2022-07-24 14:55:35,10985.1,5024.1
2022-07-24 14:55:34,11553.7,4455.48
2022-07-24 14:55:33,11721.8,4287.44
2022-07-24 14:55:32,11899.6,4109.62
2022-07-24 14:55:31,12030.2,3979
2022-07-24 14:55:30,12201.4,3807.82
2022-07-24 14:55:29,12354.9,3654.32
2022-07-24 14:55:28,12297.7,3711.45
2022-07-24 14:55:27,11654.1,4355.09
2022-07-24 14:55:26,10075.4,5933.77
2022-07-24 14:55:25,9443.46,6565.73
2022-07-24 14:55:24,9444.2,6564.99
2022-07-24 14:55:23,9444.72,6564.47
2022-07-24 14:55:22,9461.46,6547.73
2022-07-24 14:55:21,9468,6541.19
2022-07-24 14:55:20,9469.35,6539.84
2022-07-24 14:55:19,9471.15,6538.04
2022-07-24 14:55:18,9489.01,6520.18
2022-07-24 14:55:17,9495.63,6513.55
2022-07-24 14:55:16,9503.75,6505.44
2022-07-24 14:55:15,9505.67,6503.52
2022-07-24 14:55:14,9526.55,6482.64
2022-07-24 14:55:13,9541.61,6467.58
2022-07-24 14:55:12,9554.77,6454.42
2022-07-24 14:55:11,9556.47,6452.72
2022-07-24 14:55:10,9589.98,6419.2
2022-07-24 14:55:09,9608.06,6401.12
2022-07-24 14:55:08,9620.89,6388.3
2022-07-24 14:55:07,9639.4,6369.79
2022-07-24 14:55:06,9657.97,6351.22
2022-07-24 14:55:05,9682.4,6326.79
2022-07-24 14:55:04,9692.23,6316.96
2022-07-24 14:55:03,9719,6290.19
2022-07-24 14:55:02,9728.03,6281.16
2022-07-24 14:55:01,9763.71,6245.47
2022-07-24 14:55:00,9789.75,6219.44
2022-07-24 14:54:59,9793.88,6215.31
2022-07-24 14:54:58,9842.2,6166.99
2022-07-24 14:54:57,9858.87,6150.32
2022-07-24 14:54:56,9869.13,6140.06
2022-07-24 14:54:55,9995.9,6013.29
2022-07-24 14:54:54,10075.6,5933.61
2022-07-24 14:54:53,10400,5609.23
2022-07-24 14:54:52,10647.1,5362.12
2022-07-24 14:54:51,10784,5225.15
2022-07-24 14:54:50,11234.4,4774.77
2022-07-24 14:54:49,11336.8,4672.34
2022-07-24 14:54:48,11476.3,4532.84
2022-07-24 14:54:47,11802.6,4206.54
2022-07-24 14:54:46,11980.2,4029.03
2022-07-24 14:54:45,12166.4,3842.82
2022-07-24 14:54:44,12318.6,3690.6
2022-07-24 14:54:43,11486.5,4522.71
2022-07-24 14:54:42,11610.2,4399.04
2022-07-24 14:54:41,11099.5,4909.73
2022-07-24 14:54:40,10007.9,6001.28
2022-07-24 14:54:39,9427.26,6581.93
2022-07-24 14:54:38,9428.12,6581.07
2022-07-24 14:54:37,9444.03,6565.16
2022-07-24 14:54:36,9444.92,6564.27
2022-07-24 14:54:35,9446.76,6562.43
2022-07-24 14:54:34,9445,6564.19
2022-07-24 14:54:33,9464.75,6544.43
2022-07-24 14:54:32,9463.96,6545.23
2022-07-24 14:54:31,9465.41,6543.78
2022-07-24 14:54:30,9465.65,6543.54
2022-07-24 14:54:29,9487.34,6521.84
2022-07-24 14:54:28,9500.23,6508.96
2022-07-24 14:54:27,9501.98,6507.2
2022-07-24 14:54:26,9501.77,6507.42
2022-07-24 14:54:25,9530.13,6479.06
2022-07-24 14:54:24,9548.53,6460.66
2022-07-24 14:54:23,9549.55,6459.64
2022-07-24 14:54:22,9564.92,6444.27
2022-07-24 14:54:21,9580.44,6428.74
2022-07-24 14:54:20,9597.49,6411.69
2022-07-24 14:54:19,9600.15,6409.03
2022-07-24 14:54:18,9604,6405.19
2022-07-24 14:54:17,9636.92,6372.27
2022-07-24 14:54:16,9638.18,6371
2022-07-24 14:54:15,9652.77,6356.41
2022-07-24 14:54:14,9684.88,6324.31
2022-07-24 14:54:13,9686.11,6323.08
2022-07-24 14:54:12,9661.86,6347.33
2022-07-24 14:54:11,9683.24,6325.95
2022-07-24 14:54:10,9778.57,6230.62
2022-07-24 14:54:09,9852.55,6156.63
2022-07-24 14:54:08,10052.9,5956.33
2022-07-24 14:54:07,10311.1,5698.09
2022-07-24 14:54:06,10825.7,5183.49
2022-07-24 14:54:05,10913.3,5095.86
2022-07-24 14:54:04,11038.3,4970.86
2022-07-24 14:54:03,11390.5,4618.7
2022-07-24 14:54:02,11717.9,4291.26
2022-07-24 14:54:01,11901.2,4107.98
2022-07-24 14:54:00,12030.6,3978.61
2022-07-24 14:53:59,12227.3,3781.92
2022-07-24 14:53:58,12371.6,3637.59
2022-07-24 14:53:57,12047,3962.23
2022-07-24 14:53:56,10643.6,5365.57
2022-07-24 14:53:55,10183.8,5825.42
2022-07-24 14:53:54,9683.15,6326.04
2022-07-24 14:53:53,9683.27,6325.92
2022-07-24 14:53:52,9686.25,6322.94
2022-07-24 14:53:51,9688.03,6321.16
2022-07-24 14:53:50,9701.68,6307.5
2022-07-24 14:53:49,9714.9,6294.29
2022-07-24 14:53:48,9720.89,6288.29
2022-07-24 14:53:47,9725.64,6283.55
2022-07-24 14:53:46,9737.25,6271.94
2022-07-24 14:53:45,9751.9,6257.28
2022-07-24 14:53:44,9767.23,6241.96
2022-07-24 14:53:43,9770.6,6238.59
2022-07-24 14:53:42,9783.78,6225.4
2022-07-24 14:53:41,9811.22,6197.96
2022-07-24 14:53:40,9830.27,6178.92
2022-07-24 14:53:39,9840.95,6168.24
2022-07-24 14:53:38,9865.53,6143.66
2022-07-24 14:53:37,9885.73,6123.46
2022-07-24 14:53:36,9909.33,6099.86
2022-07-24 14:53:35,9916.8,6092.39
2022-07-24 14:53:34,9951.03,6058.16
2022-07-24 14:53:33,9952.48,6056.7
2022-07-24 14:53:32,10044.9,5964.28
2022-07-24 14:53:31,10033.7,5975.53
2022-07-24 14:53:30,10054.3,5954.88
2022-07-24 14:53:29,10107.2,5902
2022-07-24 14:53:28,10165.2,5843.98
2022-07-24 14:53:27,10177.5,5831.72
2022-07-24 14:53:26,10229.1,5780.09
2022-07-24 14:53:25,10284.5,5724.72
2022-07-24 14:53:24,10398,5611.2
2022-07-24 14:53:23,10608.6,5400.57
2022-07-24 14:53:22,10669.1,5340.13
2022-07-24 14:53:21,10917,5092.16
2022-07-24 14:53:20,11237.6,4771.63
2022-07-24 14:53:19,11376,4633.14
2022-07-24 14:53:18,11473.5,4535.67
2022-07-24 14:53:17,11688.9,4320.33
2022-07-24 14:53:16,11902.5,4106.68
2022-07-24 14:53:15,12061.1,3948.11
2022-07-24 14:53:14,11679.1,4330.06
2022-07-24 14:53:13,11801.7,4207.5
2022-07-24 14:53:12,11943.5,4065.73
2022-07-24 14:53:11,11551,4458.15
2022-07-24 14:53:10,10609.4,5399.75
2022-07-24 14:53:09,10141,5868.23
2022-07-24 14:53:08,9625.41,6383.78
2022-07-24 14:53:07,9625.4,6383.78
2022-07-24 14:53:06,9650.63,6358.56
2022-07-24 14:53:05,9649.52,6359.67
2022-07-24 14:53:04,9651.56,6357.63
2022-07-24 14:53:03,9653.67,6355.52
2022-07-24 14:53:02,9672.41,6336.77
2022-07-24 14:53:01,9686.89,6322.29
2022-07-24 14:53:00,9688.65,6320.54
2022-07-24 14:52:59,9689,6320.19
2022-07-24 14:52:58,9711.34,6297.85
2022-07-24 14:52:57,9729.4,6279.79
2022-07-24 14:52:56,9745.61,6263.58
2022-07-24 14:52:55,9747.42,6261.77
2022-07-24 14:52:54,9770.29,6238.89
2022-07-24 14:52:53,9788.38,6220.81
2022-07-24 14:52:52,9809.43,6199.75
2022-07-24 14:52:51,9821.2,6187.99
2022-07-24 14:52:50,9856.97,6152.22
2022-07-24 14:52:49,9884.57,6124.62
2022-07-24 14:52:48,9897.29,6111.9
2022-07-24 14:52:47,9929.12,6080.06
2022-07-24 14:52:46,9947.48,6061.71
2022-07-24 14:52:45,9980.23,6028.95
2022-07-24 14:52:44,9983.88,6025.31
2022-07-24 14:52:43,10003.3,6005.87
2022-07-24 14:52:42,10031.5,5977.65
2022-07-24 14:52:41,10072.2,5936.98
2022-07-24 14:52:40,10084.3,5924.88
2022-07-24 14:52:39,10148.6,5860.63
2022-07-24 14:52:38,10211.4,5797.76
2022-07-24 14:52:37,10270,5739.2
2022-07-24 14:52:36,10581.4,5427.77
2022-07-24 14:52:35,10874.2,5134.94
2022-07-24 14:52:34,11045.2,4963.96
2022-07-24 14:52:33,11204.4,4804.82
2022-07-24 14:52:32,11429.1,4580.12
2022-07-24 14:52:31,11755.6,4253.59
2022-07-24 14:52:30,11906.3,4102.9
2022-07-24 14:52:29,11979.7,4029.5
2022-07-24 14:52:28,12127.9,3881.32
2022-07-24 14:52:27,12275.6,3733.56
2022-07-24 14:52:26,12409.6,3599.62
2022-07-24 14:52:25,11549.5,4459.68
2022-07-24 14:52:24,11180.6,4828.63
2022-07-24 14:52:23,10571,5438.15
2022-07-24 14:52:22,9566.53,6442.66
2022-07-24 14:52:21,9573.47,6435.72
2022-07-24 14:52:20,9577.24,6431.95
2022-07-24 14:52:19,9580.69,6428.5
2022-07-24 14:52:18,9584.86,6424.33
2022-07-24 14:52:17,9587.34,6421.85
2022-07-24 14:52:16,9595.94,6413.25
2022-07-24 14:52:15,9596.99,6412.19
2022-07-24 14:52:14,9608.56,6400.62
2022-07-24 14:52:13,9612.7,6396.48
2022-07-24 14:52:12,9619.59,6389.6
2022-07-24 14:52:11,9620.62,6388.56
2022-07-24 14:52:10,9636.05,6373.14
2022-07-24 14:52:09,9654.93,6354.25
2022-07-24 14:52:08,9666.97,6342.22
2022-07-24 14:52:07,9676.95,6332.24
2022-07-24 14:52:06,9697.64,6311.55
2022-07-24 14:52:05,9700.87,6308.32
2022-07-24 14:52:04,9753.39,6255.79
2022-07-24 14:52:03,9752.8,6256.38
2022-07-24 14:52:02,9795.34,6213.85
2022-07-24 14:52:01,9807.72,6201.46
2022-07-24 14:52:00,9851.23,6157.96
2022-07-24 14:51:59,9864.52,6144.66
2022-07-24 14:51:58,9901.33,6107.86
2022-07-24 14:51:57,9902.52,6106.66
2022-07-24 14:51:56,9957.03,6052.16
2022-07-24 14:51:55,10008.6,6000.58
2022-07-24 14:51:54,10038.3,5970.89
2022-07-24 14:51:53,10124,5885.22
2022-07-24 14:51:52,10183.6,5825.56
2022-07-24 14:51:51,10328.5,5680.68
2022-07-24 14:51:50,10676.3,5332.89
2022-07-24 14:51:49,10918.9,5090.28
2022-07-24 14:51:48,11141.7,4867.51
2022-07-24 14:51:47,11294.8,4714.4
2022-07-24 14:51:46,11427.6,4581.56
2022-07-24 14:51:45,11536.9,4472.29
2022-07-24 14:51:44,11832.4,4176.74
2022-07-24 14:51:43,11983.7,4025.53
2022-07-24 14:51:42,12103,3906.2
2022-07-24 14:51:41,12250.3,3758.89
2022-07-24 14:51:40,12409,3600.2
2022-07-24 14:51:39,11526.2,4482.97
2022-07-24 14:51:38,10993.9,5015.28
2022-07-24 14:51:37,10557.9,5451.33
2022-07-24 14:51:36,9538.64,6470.55
2022-07-24 14:51:35,9539.87,6469.32
2022-07-24 14:51:34,9545.04,6464.15
2022-07-24 14:51:33,9545.08,6464.11
2022-07-24 14:51:32,9548.5,6460.68
2022-07-24 14:51:31,9551.27,6457.91
2022-07-24 14:51:30,9561.93,6447.25
2022-07-24 14:51:29,9563.86,6445.33
2022-07-24 14:51:28,9564.64,6444.54
2022-07-24 14:51:27,9564.47,6444.72
2022-07-24 14:51:26,9579.7,6429.49
2022-07-24 14:51:25,9593.67,6415.52
2022-07-24 14:51:24,9595.42,6413.77
2022-07-24 14:51:23,9598.19,6411
2022-07-24 14:51:22,9631.17,6378.02
2022-07-24 14:51:21,9642.07,6367.11
2022-07-24 14:51:20,9661.84,6347.35
2022-07-24 14:51:19,9663.25,6345.94
2022-07-24 14:51:18,9677.99,6331.2
2022-07-24 14:51:17,9719.98,6289.21
2022-07-24 14:51:16,9743.04,6266.15
2022-07-24 14:51:15,9744.86,6264.32
2022-07-24 14:51:14,9779.92,6229.27
2022-07-24 14:51:13,9796.08,6213.11
2022-07-24 14:51:12,9843.18,6166.01
2022-07-24 14:51:11,9845.28,6163.91
2022-07-24 14:51:10,9898.53,6110.66
2022-07-24 14:51:09,9929.01,6080.18
2022-07-24 14:51:08,9961.29,6047.9
2022-07-24 14:51:07,9972.93,6036.26
2022-07-24 14:51:06,10088,5921.21
2022-07-24 14:51:05,10126.8,5882.37
2022-07-24 14:51:04,10220.1,5789.09
2022-07-24 14:51:03,10562.4,5446.8
2022-07-24 14:51:02,10890.3,5118.91
2022-07-24 14:51:01,11044.3,4964.88
2022-07-24 14:51:00,11146.9,4862.25
2022-07-24 14:50:59,11500.9,4508.28
2022-07-24 14:50:58,11661.8,4347.34
2022-07-24 14:50:57,11850.9,4158.3
2022-07-24 14:50:56,12013.5,3995.7
2022-07-24 14:50:55,12122.2,3886.99
2022-07-24 14:50:54,12259.4,3749.76
2022-07-24 14:50:53,12413.4,3595.83
2022-07-24 14:50:52,11578.1,4431.09
2022-07-24 14:50:51,11175.4,4833.76
2022-07-24 14:50:50,10195.6,5813.57
2022-07-24 14:50:49,9708.8,6300.39
2022-07-24 14:50:48,9710.7,6298.48
2022-07-24 14:50:47,9714.55,6294.63
2022-07-24 14:50:46,9720.26,6288.93
2022-07-24 14:50:45,9738.09,6271.09
2022-07-24 14:50:44,9740.36,6268.83
2022-07-24 14:50:43,9745.62,6263.57
2022-07-24 14:50:42,9755.33,6253.86
2022-07-24 14:50:41,9766.89,6242.3
2022-07-24 14:50:40,9778.45,6230.74
2022-07-24 14:50:39,9777.88,6231.31
2022-07-24 14:50:38,9785.29,6223.89
2022-07-24 14:50:37,9803.09,6206.09
2022-07-24 14:50:36,9805.59,6203.6
2022-07-24 14:50:35,9827.35,6181.84
2022-07-24 14:50:34,9837.34,6171.84
2022-07-24 14:50:33,9896.72,6112.47
2022-07-24 14:50:32,9897.52,6111.67
2022-07-24 14:50:31,9923.73,6085.45
2022-07-24 14:50:30,9939.21,6069.98
2022-07-24 14:50:29,9992.73,6016.45
2022-07-24 14:50:28,10012,5997.19
2022-07-24 14:50:27,10041.5,5967.67
2022-07-24 14:50:26,10066.4,5942.82
2022-07-24 14:50:25,10101.4,5907.74
2022-07-24 14:50:24,10161.4,5847.75
2022-07-24 14:50:23,10165.6,5843.62
2022-07-24 14:50:22,10213.4,5795.78
2022-07-24 14:50:21,10244.7,5764.45
2022-07-24 14:50:20,10262,5747.16
2022-07-24 14:50:19,10368.6,5640.61
2022-07-24 14:50:18,10424.1,5585.1
2022-07-24 14:50:17,10662.8,5346.38
2022-07-24 14:50:16,10898.3,5110.89
2022-07-24 14:50:15,11171.3,4837.87
2022-07-24 14:50:14,11363.5,4645.69
2022-07-24 14:50:13,11575.6,4433.61
2022-07-24 14:50:12,11793.7,4215.48
2022-07-24 14:50:11,11910.4,4098.83
2022-07-24 14:50:10,12015,3994.21
2022-07-24 14:50:09,12118.8,3890.4
2022-07-24 14:50:08,12294.6,3714.57
2022-07-24 14:50:07,12462,3547.15
2022-07-24 14:50:06,11619.5,4389.68
2022-07-24 14:50:05,10613.2,5395.98
2022-07-24 14:50:04,9982.78,6026.41
2022-07-24 14:50:03,9471.19,6538
2022-07-24 14:50:02,9473.62,6535.57
2022-07-24 14:50:01,9471.39,6537.8
2022-07-24 14:50:00,9472.22,6536.96
2022-07-24 14:49:59,9476.18,6533.01
2022-07-24 14:49:58,9477.41,6531.77
2022-07-24 14:49:57,9478.85,6530.34
2022-07-24 14:49:56,9491.67,6517.52
2022-07-24 14:49:55,9496.13,6513.06
2022-07-24 14:49:54,9497.93,6511.26
2022-07-24 14:49:53,9499.15,6510.04
2022-07-24 14:49:52,9499.4,6509.79
2022-07-24 14:49:51,9545.71,6463.47
2022-07-24 14:49:50,9545.1,6464.09
2022-07-24 14:49:49,9548.81,6460.37
2022-07-24 14:49:48,9547.7,6461.49
2022-07-24 14:49:47,9577.23,6431.96
2022-07-24 14:49:46,9619.79,6389.4
2022-07-24 14:49:45,9623.66,6385.52
2022-07-24 14:49:44,9623.48,6385.71
2022-07-24 14:49:43,9676.48,6332.7
2022-07-24 14:49:42,9704.88,6304.3
2022-07-24 14:49:41,9688.17,6321.02
2022-07-24 14:49:40,9690.16,6319.03
2022-07-24 14:49:39,9775.61,6233.57
2022-07-24 14:49:38,9779.11,6230.07
2022-07-24 14:49:37,9780.38,6228.81
2022-07-24 14:49:36,9844.73,6164.46
2022-07-24 14:49:35,9852.5,6156.69
2022-07-24 14:49:34,9873.68,6135.5
2022-07-24 14:49:33,9988.53,6020.66
2022-07-24 14:49:32,10242.9,5766.28
2022-07-24 14:49:31,10365.6,5643.61
2022-07-24 14:49:30,10660.3,5348.93
2022-07-24 14:49:29,10772.8,5236.35
2022-07-24 14:49:28,11188.8,4820.35
2022-07-24 14:49:27,11573.2,4435.98
2022-07-24 14:49:26,11745.7,4263.5
2022-07-24 14:49:25,11909.1,4100.11
2022-07-24 14:49:24,12023.3,3985.87
2022-07-24 14:49:23,12200.1,3809.12
2022-07-24 14:49:22,12320.6,3688.58
2022-07-24 14:49:21,12452.9,3556.34
2022-07-24 14:49:20,11653.8,4355.36
2022-07-24 14:49:19,10536,5473.17
2022-07-24 14:49:18,9597.14,6412.04
2022-07-24 14:49:17,9600.91,6408.28
2022-07-24 14:49:16,9604,6405.19
2022-07-24 14:49:15,9607.87,6401.32
2022-07-24 14:49:14,9611.33,6397.86
2022-07-24 14:49:13,9619.34,6389.85
2022-07-24 14:49:12,9620.81,6388.37
2022-07-24 14:49:11,9632.38,6376.8
2022-07-24 14:49:10,9631.16,6378.03
2022-07-24 14:49:09,9646.39,6362.79
2022-07-24 14:49:08,9649.37,6359.82
2022-07-24 14:49:07,9654.56,6354.63
2022-07-24 14:49:06,9677.45,6331.73
2022-07-24 14:49:05,9704.52,6304.66
2022-07-24 14:49:04,9707.46,6301.72
2022-07-24 14:49:03,9709.5,6299.69
2022-07-24 14:49:02,9744.19,6265
2022-07-24 14:49:01,9791.74,6217.45
2022-07-24 14:49:00,9793.38,6215.8
2022-07-24 14:48:59,9807.61,6201.58
2022-07-24 14:48:58,9836.65,6172.54
2022-07-24 14:48:57,9883.48,6125.7
2022-07-24 14:48:56,9891.83,6117.36
2022-07-24 14:48:55,9895.29,6113.89
2022-07-24 14:48:54,9939.42,6069.77
2022-07-24 14:48:53,9974.32,6034.86
2022-07-24 14:48:52,9978.71,6030.48
2022-07-24 14:48:51,10030.7,5978.54
2022-07-24 14:48:50,10088.3,5920.86
2022-07-24 14:48:49,10056.7,5952.46
2022-07-24 14:48:48,10114.5,5894.73
2022-07-24 14:48:47,10219,5790.23
2022-07-24 14:48:46,10285.2,5724.03
2022-07-24 14:48:45,10535,5474.2
2022-07-24 14:48:44,10778.8,5230.43
2022-07-24 14:48:43,11155.2,4853.99
2022-07-24 14:48:42,11372.4,4636.78
2022-07-24 14:48:41,11458.8,4550.41
2022-07-24 14:48:40,11799.1,4210.13
2022-07-24 14:48:39,11893,4116.2
2022-07-24 14:48:38,12030.2,3979.01
2022-07-24 14:48:37,12179.7,3829.45
2022-07-24 14:48:36,12347.6,3661.56
2022-07-24 14:48:35,12524.8,3484.4
2022-07-24 14:48:34,11557.4,4451.84
2022-07-24 14:48:33,9828.43,6180.76
2022-07-24 14:48:32,9318.69,6690.5
2022-07-24 14:48:31,9321.08,6688.11
2022-07-24 14:48:30,9322.25,6686.94
2022-07-24 14:48:29,9332.44,6676.75
2022-07-24 14:48:28,9333.43,6675.76
2022-07-24 14:48:27,9334.37,6674.82
2022-07-24 14:48:26,9335.43,6673.76
2022-07-24 14:48:25,9347.91,6661.27
2022-07-24 14:48:24,9351.42,6657.77
2022-07-24 14:48:23,9352.1,6657.09
2022-07-24 14:48:22,9354.99,6654.2
2022-07-24 14:48:21,9366.15,6643.04
2022-07-24 14:48:20,9367.04,6642.15
2022-07-24 14:48:19,9387.86,6621.33
2022-07-24 14:48:18,9388.26,6620.93
2022-07-24 14:48:17,9414.3,6594.88
2022-07-24 14:48:16,9414.6,6594.59
2022-07-24 14:48:15,9432.7,6576.49
2022-07-24 14:48:14,9451.53,6557.66
2022-07-24 14:48:13,9474.97,6534.22
2022-07-24 14:48:12,9475.51,6533.68
2022-07-24 14:48:11,9511.34,6497.84
2022-07-24 14:48:10,9527.45,6481.73
2022-07-24 14:48:09,9529.49,6479.7
2022-07-24 14:48:08,9546.67,6462.52
2022-07-24 14:48:07,9578.52,6430.66
2022-07-24 14:48:06,9584.02,6425.16
2022-07-24 14:48:05,9597.58,6411.61
2022-07-24 14:48:04,9648.72,6360.47
2022-07-24 14:48:03,9665.89,6343.3
2022-07-24 14:48:02,9763.43,6245.76
2022-07-24 14:48:01,9934.02,6075.17
2022-07-24 14:48:00,10228.1,5781.11
2022-07-24 14:47:59,10417.2,5592.03
2022-07-24 14:47:58,10696.6,5312.56
2022-07-24 14:47:57,11020.3,4988.9
2022-07-24 14:47:56,11164.5,4844.64
2022-07-24 14:47:55,11682.2,4327.01
2022-07-24 14:47:54,11842.8,4166.35
2022-07-24 14:47:53,11960,4049.23
2022-07-24 14:47:52,12121.2,3887.95
2022-07-24 14:47:51,12240.6,3768.6
2022-07-24 14:47:50,11738,4271.14
2022-07-24 14:47:49,11884.2,4125
2022-07-24 14:47:48,11502,4507.22
2022-07-24 14:47:47,10473.2,5535.99
2022-07-24 14:47:46,9499.17,6510.02
2022-07-24 14:47:45,9498.68,6510.51
2022-07-24 14:47:44,9501.64,6507.54
2022-07-24 14:47:43,9502.11,6507.07
2022-07-24 14:47:42,9519.02,6490.17
2022-07-24 14:47:41,9518.76,6490.43
2022-07-24 14:47:40,9522.46,6486.73
2022-07-24 14:47:39,9522.38,6486.8
2022-07-24 14:47:38,9539.76,6469.43
2022-07-24 14:47:37,9546.47,6462.72
2022-07-24 14:47:36,9549.49,6459.7
2022-07-24 14:47:35,9551.25,6457.94
2022-07-24 14:47:34,9565.72,6443.47
2022-07-24 14:47:33,9577.64,6431.55
2022-07-24 14:47:32,9599.47,6409.71
2022-07-24 14:47:31,9601.37,6407.82
2022-07-24 14:47:30,9624.97,6384.22
2022-07-24 14:47:29,9640.12,6369.07
2022-07-24 14:47:28,9640.82,6368.37
2022-07-24 14:47:27,9662.31,6346.88
2022-07-24 14:47:26,9684.6,6324.59
2022-07-24 14:47:25,9699.82,6309.37
2022-07-24 14:47:24,9720.18,6289
2022-07-24 14:47:23,9748.23,6260.96
2022-07-24 14:47:22,9766.58,6242.61
2022-07-24 14:47:21,9768.9,6240.29
2022-07-24 14:47:20,9821.12,6188.07
2022-07-24 14:47:19,9840.72,6168.47
2022-07-24 14:47:18,9827.83,6181.36
2022-07-24 14:47:17,9920.2,6088.99
2022-07-24 14:47:16,10032.7,5976.49
2022-07-24 14:47:15,10050.6,5958.55
2022-07-24 14:47:14,10319.7,5689.5
2022-07-24 14:47:13,10736.9,5272.32
2022-07-24 14:47:12,10974.7,5034.5
2022-07-24 14:47:11,11169.5,4839.73
2022-07-24 14:47:10,11432.1,4577.11
2022-07-24 14:47:09,11754.8,4254.36
2022-07-24 14:47:08,11896.3,4112.87
2022-07-24 14:47:07,11964.6,4044.54
2022-07-24 14:47:06,12084.3,3924.92
2022-07-24 14:47:05,12207,3802.2
2022-07-24 14:47:04,12343.2,3666.01
2022-07-24 14:47:03,12549.2,3460.02
2022-07-24 14:47:02,11040.5,4968.71
2022-07-24 14:47:01,9862.02,6147.17
2022-07-24 14:47:00,9341.63,6667.56
2022-07-24 14:46:59,9339.4,6669.79
2022-07-24 14:46:58,9341.9,6667.29
2022-07-24 14:46:57,9350.72,6658.46
2022-07-24 14:46:56,9352.79,6656.4
2022-07-24 14:46:55,9352.41,6656.78
2022-07-24 14:46:54,9354.09,6655.1
2022-07-24 14:46:53,9363.65,6645.54
2022-07-24 14:46:52,9365.01,6644.18
2022-07-24 14:46:51,9366.29,6642.9
2022-07-24 14:46:50,9368.51,6640.68
2022-07-24 14:46:49,9383.39,6625.8
2022-07-24 14:46:48,9385.09,6624.1
2022-07-24 14:46:47,9404.47,6604.71
2022-07-24 14:46:46,9417.5,6591.69
2022-07-24 14:46:45,9443.15,6566.04
2022-07-24 14:46:44,9445.44,6563.75
2022-07-24 14:46:43,9446.91,6562.28
2022-07-24 14:46:42,9478.42,6530.77
2022-07-24 14:46:41,9500.48,6508.7
2022-07-24 14:46:40,9499.84,6509.35
2022-07-24 14:46:39,9536.64,6472.55
2022-07-24 14:46:38,9537.39,6471.79
2022-07-24 14:46:37,9557.35,6451.84
2022-07-24 14:46:36,9577.23,6431.96
2022-07-24 14:46:35,9595.69,6413.5
2022-07-24 14:46:34,9621.6,6387.59
2022-07-24 14:46:33,9631.06,6378.13
2022-07-24 14:46:32,9649.18,6360.01
2022-07-24 14:46:31,9711.22,6297.97
2022-07-24 14:46:30,9746.79,6262.4
2022-07-24 14:46:29,9826.49,6182.69
2022-07-24 14:46:28,10244.9,5764.32
2022-07-24 14:46:27,10481.4,5527.74
2022-07-24 14:46:26,10717.4,5291.79
2022-07-24 14:46:25,10931.2,5077.98
2022-07-24 14:46:24,11141.3,4867.84
2022-07-24 14:46:23,11668.8,4340.41
2022-07-24 14:46:22,11790.9,4218.26
2022-07-24 14:46:21,11930.6,4078.55
2022-07-24 14:46:20,12077.1,3932.14
2022-07-24 14:46:19,12233.4,3775.76
2022-07-24 14:46:18,12390.9,3618.34
2022-07-24 14:46:17,12075.6,3933.56
2022-07-24 14:46:16,11571.4,4437.75
2022-07-24 14:46:15,9665.06,6344.12
2022-07-24 14:46:14,9514.16,6495.02
2022-07-24 14:46:13,9516.8,6492.38
2022-07-24 14:46:12,9517.49,6491.69
2022-07-24 14:46:11,9528.29,6480.9
2022-07-24 14:46:10,9532.82,6476.36
2022-07-24 14:46:09,9534.79,6474.39
2022-07-24 14:46:08,9537.7,6471.49
2022-07-24 14:46:07,9547.93,6461.26
2022-07-24 14:46:06,9562.45,6446.73
2022-07-24 14:46:05,9564.26,6444.93
2022-07-24 14:46:04,9565.27,6443.91
2022-07-24 14:46:03,9573.04,6436.15
2022-07-24 14:46:02,9594.2,6414.99
2022-07-24 14:46:01,9594.31,6414.88
2022-07-24 14:46:00,9596.76,6412.43
2022-07-24 14:45:59,9610.92,6398.27
2022-07-24 14:45:58,9636.82,6372.37
2022-07-24 14:45:57,9636.93,6372.25
2022-07-24 14:45:56,9640.97,6368.22
2022-07-24 14:45:55,9664.88,6344.3
2022-07-24 14:45:54,9680.55,6328.63
2022-07-24 14:45:53,9681.21,6327.97
2022-07-24 14:45:52,9696.17,6313.02
2022-07-24 14:45:51,9729.8,6279.39
2022-07-24 14:45:50,9715.61,6293.58
2022-07-24 14:45:49,9753.92,6255.27
2022-07-24 14:45:48,9785.65,6223.53
2022-07-24 14:45:47,9788.43,6220.76
2022-07-24 14:45:46,9801.21,6207.98
2022-07-24 14:45:45,9833.63,6175.55
2022-07-24 14:45:44,9958.15,6051.03
2022-07-24 14:45:43,10061.1,5948.1
2022-07-24 14:45:42,10254.7,5754.46
2022-07-24 14:45:41,10453.4,5555.75
2022-07-24 14:45:40,10761.8,5247.39
2022-07-24 14:45:39,11138.2,4871.01
2022-07-24 14:45:38,11432,4577.14
2022-07-24 14:45:37,11609.6,4399.56
2022-07-24 14:45:36,11697,4312.15
2022-07-24 14:45:35,11818.1,4191.12
2022-07-24 14:45:34,12031.2,3978.01
2022-07-24 14:45:33,12212,3797.22
2022-07-24 14:45:32,12361,3648.18
2022-07-24 14:45:31,12030.9,3978.3
2022-07-24 14:45:30,12143.6,3865.61
2022-07-24 14:45:29,9983.66,6025.53
2022-07-24 14:45:28,10019.1,5990.04
2022-07-24 14:45:27,9502.33,6506.86
2022-07-24 14:45:26,9509.78,6499.41
2022-07-24 14:45:25,9510.07,6499.11
2022-07-24 14:45:24,9511.58,6497.61
2022-07-24 14:45:23,9522.27,6486.92
2022-07-24 14:45:22,9529.05,6480.14
2022-07-24 14:45:21,9531.84,6477.35
2022-07-24 14:45:20,9530.77,6478.42
2022-07-24 14:45:19,9543.58,6465.61
2022-07-24 14:45:18,9551.79,6457.39
2022-07-24 14:45:17,9554.18,6455
2022-07-24 14:45:16,9554.26,6454.93
2022-07-24 14:45:15,9568.59,6440.6
2022-07-24 14:45:14,9581.28,6427.91
2022-07-24 14:45:13,9582.97,6426.22
2022-07-24 14:45:12,9581.6,6427.59
2022-07-24 14:45:11,9609.83,6399.36
2022-07-24 14:45:10,9614.08,6395.11
2022-07-24 14:45:09,9595.56,6413.62
2022-07-24 14:45:08,9609.86,6399.32
2022-07-24 14:45:07,9633.44,6375.75
2022-07-24 14:45:06,9643.66,6365.53
2022-07-24 14:45:05,9664.12,6345.07
2022-07-24 14:45:04,9683.21,6325.98
2022-07-24 14:45:03,9686.5,6322.69
2022-07-24 14:45:02,9725.07,6284.11
2022-07-24 14:45:01,9764.06,6245.13
2022-07-24 14:45:00,9769.08,6240.11
2022-07-24 14:44:59,9817.82,6191.37
2022-07-24 14:44:58,9954.7,6054.48
2022-07-24 14:44:57,10095.7,5913.53
2022-07-24 14:44:56,10369.8,5639.39
2022-07-24 14:44:55,10487.9,5521.32
2022-07-24 14:44:54,10859.6,5149.54
2022-07-24 14:44:53,11272.1,4737.05
2022-07-24 14:44:52,11459.8,4549.35
2022-07-24 14:44:51,11591.4,4417.81
2022-07-24 14:44:50,11731.1,4278.06
2022-07-24 14:44:49,11873.2,4135.96
2022-07-24 14:44:48,12094.4,3914.75
2022-07-24 14:44:47,12259.8,3749.34
2022-07-24 14:44:46,12429.9,3579.3
2022-07-24 14:44:45,10982.5,5026.66
2022-07-24 14:44:44,11064.4,4944.8
2022-07-24 14:44:43,10146.7,5862.48
2022-07-24 14:44:42,10187,5822.2
2022-07-24 14:44:41,9690.07,6319.12
2022-07-24 14:44:40,9700.2,6308.98
2022-07-24 14:44:39,9700.02,6309.17
2022-07-24 14:44:38,9706.08,6303.11
2022-07-24 14:44:37,9706.66,6302.53
2022-07-24 14:44:36,9733.62,6275.57
2022-07-24 14:44:35,9732.39,6276.79
2022-07-24 14:44:34,9746.17,6263.02
2022-07-24 14:44:33,9749.38,6259.81
2022-07-24 14:44:32,9772.38,6236.81
2022-07-24 14:44:31,9774.96,6234.23
2022-07-24 14:44:30,9794.26,6214.93
2022-07-24 14:44:29,9796.46,6212.73
2022-07-24 14:44:28,9823.91,6185.28
2022-07-24 14:44:27,9837.07,6172.12
2022-07-24 14:44:26,9839,6170.19
2022-07-24 14:44:25,9865.9,6143.29
2022-07-24 14:44:24,9897.97,6111.21
2022-07-24 14:44:23,9900.51,6108.68
2022-07-24 14:44:22,9909.75,6099.44
2022-07-24 14:44:21,9934.88,6074.3
2022-07-24 14:44:20,9978.86,6030.32
2022-07-24 14:44:19,9980.27,6028.92
2022-07-24 14:44:18,10004.3,6004.91
2022-07-24 14:44:17,10056.3,5952.91
2022-07-24 14:44:16,10056.8,5952.36
2022-07-24 14:44:15,10065.8,5943.39
2022-07-24 14:44:14,10077,5932.21
2022-07-24 14:44:13,10092.1,5917.13
2022-07-24 14:44:12,10172.1,5837.09
2022-07-24 14:44:11,10227.3,5781.84
2022-07-24 14:44:10,10294.2,5714.97
2022-07-24 14:44:09,10509.8,5499.42
2022-07-24 14:44:08,10983.6,5025.63
2022-07-24 14:44:07,11102.8,4906.42
2022-07-24 14:44:06,11344.5,4664.66
2022-07-24 14:44:05,11495,4514.24
2022-07-24 14:44:04,11688.7,4320.47
2022-07-24 14:44:03,11918.6,4090.6
2022-07-24 14:44:02,12047.2,3962.02
2022-07-24 14:44:01,12156.6,3852.62
2022-07-24 14:44:00,12313.6,3695.63
2022-07-24 14:43:59,11854.7,4154.48
2022-07-24 14:43:58,11477.7,4531.45
2022-07-24 14:43:57,11089.7,4919.45
2022-07-24 14:43:56,9897.74,6111.45
2022-07-24 14:43:55,9412.6,6596.59
2022-07-24 14:43:54,9413.36,6595.83
2022-07-24 14:43:53,9412.48,6596.71
2022-07-24 14:43:52,9416.46,6592.73
2022-07-24 14:43:51,9425.45,6583.73
2022-07-24 14:43:50,9423.29,6585.9
2022-07-24 14:43:49,9427.82,6581.37
2022-07-24 14:43:48,9427.79,6581.4
2022-07-24 14:43:47,9445.87,6563.32
2022-07-24 14:43:46,9444.65,6564.54
2022-07-24 14:43:45,9447.14,6562.05
2022-07-24 14:43:44,9447.54,6561.64
2022-07-24 14:43:43,9460.13,6549.06
2022-07-24 14:43:42,9469.44,6539.75
2022-07-24 14:43:41,9468.42,6540.77
2022-07-24 14:43:40,9470.26,6538.93
2022-07-24 14:43:39,9481.43,6527.76
2022-07-24 14:43:38,9499.22,6509.97
2022-07-24 14:43:37,9501.5,6507.68
2022-07-24 14:43:36,9500.16,6509.03
2022-07-24 14:43:35,9526.87,6482.32
2022-07-24 14:43:34,9529,6480.19
2022-07-24 14:43:33,9530.53,6478.65
2022-07-24 14:43:32,9557.99,6451.2
2022-07-24 14:43:31,9563.56,6445.63
2022-07-24 14:43:30,9600.95,6408.23
2022-07-24 14:43:29,9615.86,6393.32
2022-07-24 14:43:28,9648.29,6360.9
2022-07-24 14:43:27,9651.48,6357.71
2022-07-24 14:43:26,9788.6,6220.59
2022-07-24 14:43:25,9834.2,6174.99
2022-07-24 14:43:24,9951.22,6057.96
2022-07-24 14:43:23,10228,5781.21
2022-07-24 14:43:22,10378.3,5630.89
2022-07-24 14:43:21,10655.6,5353.56
2022-07-24 14:43:20,11235.5,4773.72
2022-07-24 14:43:19,11339.2,4669.97
2022-07-24 14:43:18,11715.3,4293.91
2022-07-24 14:43:17,11855.6,4153.63
2022-07-24 14:43:16,11988.6,4020.64
2022-07-24 14:43:15,12128.9,3880.3
2022-07-24 14:43:14,12288.9,3720.27
2022-07-24 14:43:13,12463.2,3545.97
2022-07-24 14:43:12,11657.7,4351.48
2022-07-24 14:43:11,10595.7,5413.46
2022-07-24 14:43:10,9520.96,6488.23
2022-07-24 14:43:09,9473.16,6536.03
2022-07-24 14:43:08,9474.11,6535.08
2022-07-24 14:43:07,9486.12,6523.07
2022-07-24 14:43:06,9485.45,6523.74
2022-07-24 14:43:05,9489.36,6519.83
2022-07-24 14:43:04,9491.27,6517.92
2022-07-24 14:43:03,9500.85,6508.34
2022-07-24 14:43:02,9513.73,6495.45
2022-07-24 14:43:01,9514.07,6495.12
2022-07-24 14:43:00,9529.21,6479.98
2022-07-24 14:42:59,9542.21,6466.98
2022-07-24 14:42:58,9543.85,6465.34
2022-07-24 14:42:57,9559.53,6449.66
2022-07-24 14:42:56,9578.33,6430.86
2022-07-24 14:42:55,9593.04,6416.14
2022-07-24 14:42:54,9597.93,6411.26
2022-07-24 14:42:53,9608.3,6400.89
2022-07-24 14:42:52,9631.11,6378.07
2022-07-24 14:42:51,9645.55,6363.64
2022-07-24 14:42:50,9647.45,6361.73
2022-07-24 14:42:49,9660.03,6349.16
2022-07-24 14:42:48,9695.41,6313.78
2022-07-24 14:42:47,9709.26,6299.93
2022-07-24 14:42:46,9713.55,6295.64
2022-07-24 14:42:45,9724.41,6284.77
2022-07-24 14:42:44,9792.14,6217.04
2022-07-24 14:42:43,9795.74,6213.45
2022-07-24 14:42:42,9802.36,6206.82
2022-07-24 14:42:41,9864.71,6144.47
2022-07-24 14:42:40,9859.25,6149.94
2022-07-24 14:42:39,9921.95,6087.24
2022-07-24 14:42:38,10018.8,5990.37
2022-07-24 14:42:37,10062.5,5946.68
2022-07-24 14:42:36,10344.2,5664.98
2022-07-24 14:42:35,10785.2,5223.97
2022-07-24 14:42:34,11022.2,4986.96
2022-07-24 14:42:33,11196.8,4812.4
2022-07-24 14:42:32,11435.4,4573.78
2022-07-24 14:42:31,11793.4,4215.74
2022-07-24 14:42:30,11938.5,4070.66
2022-07-24 14:42:29,12045.7,3963.53
2022-07-24 14:42:28,12199.2,3809.94
2022-07-24 14:42:27,12344.8,3664.4
2022-07-24 14:42:26,12502.9,3506.31
2022-07-24 14:42:25,11653.2,4355.97
2022-07-24 14:42:24,10417.9,5591.31
2022-07-24 14:42:23,9606,6403.18
2022-07-24 14:42:22,9606.47,6402.72
2022-07-24 14:42:21,9611.21,6397.97
2022-07-24 14:42:20,9622.9,6386.29
2022-07-24 14:42:19,9626.05,6383.14
2022-07-24 14:42:18,9628.52,6380.67
2022-07-24 14:42:17,9643.34,6365.85
2022-07-24 14:42:16,9644.55,6364.64
2022-07-24 14:42:15,9648.85,6360.34
2022-07-24 14:42:14,9650.75,6358.44
2022-07-24 14:42:13,9663.41,6345.77
2022-07-24 14:42:12,9670.32,6338.86
2022-07-24 14:42:11,9673.67,6335.52
2022-07-24 14:42:10,9699.63,6309.56
2022-07-24 14:42:09,9702.69,6306.5
2022-07-24 14:42:08,9718.52,6290.66
2022-07-24 14:42:07,9719.51,6289.68
2022-07-24 14:42:06,9771.36,6237.83
2022-07-24 14:42:05,9775.8,6233.39
2022-07-24 14:42:04,9814.61,6194.57
2022-07-24 14:42:03,9836,6173.19
2022-07-24 14:42:02,9866.17,6143.02
2022-07-24 14:42:01,9870.09,6139.09
2022-07-24 14:42:00,9913.78,6095.41
2022-07-24 14:41:59,9952.63,6056.56
2022-07-24 14:41:58,9970.55,6038.63
2022-07-24 14:41:57,9972.98,6036.2
2022-07-24 14:41:56,10027.5,5981.68
2022-07-24 14:41:55,10058.2,5950.96
2022-07-24 14:41:54,10040.5,5968.73
2022-07-24 14:41:53,10105,5904.2
2022-07-24 14:41:52,10243.6,5765.57
2022-07-24 14:41:51,10461.6,5547.64
2022-07-24 14:41:50,10596.2,5412.97
2022-07-24 14:41:49,10776,5233.18
2022-07-24 14:41:48,11218.9,4790.27
2022-07-24 14:41:47,11481.4,4527.79
2022-07-24 14:41:46,11631.2,4378.02
2022-07-24 14:41:45,11855.8,4153.36
2022-07-24 14:41:44,11962.4,4046.78
2022-07-24 14:41:43,12071.3,3937.84
2022-07-24 14:41:42,12217.6,3791.6
2022-07-24 14:41:41,12378.3,3630.86
2022-07-24 14:41:40,12028.7,3980.52
2022-07-24 14:41:39,11452.6,4556.54
2022-07-24 14:41:38,10517.5,5491.73
2022-07-24 14:41:37,9414.77,6594.42
2022-07-24 14:41:36,9419.73,6589.46
2022-07-24 14:41:35,9421.15,6588.04
2022-07-24 14:41:34,9430.94,6578.25
2022-07-24 14:41:33,9430.99,6578.2
2022-07-24 14:41:32,9432.73,6576.45
2022-07-24 14:41:31,9441.16,6568.03
2022-07-24 14:41:30,9448.51,6560.68
2022-07-24 14:41:29,9449.86,6559.33
2022-07-24 14:41:28,9451,6558.19
2022-07-24 14:41:27,9461.06,6548.13
2022-07-24 14:41:26,9473,6536.19
2022-07-24 14:41:25,9483.51,6525.68
2022-07-24 14:41:24,9484.68,6524.51
2022-07-24 14:41:23,9484.54,6524.64
2022-07-24 14:41:22,9522.6,6486.59
2022-07-24 14:41:21,9532.41,6476.78
2022-07-24 14:41:20,9535.16,6474.03
2022-07-24 14:41:19,9536.37,6472.82
2022-07-24 14:41:18,9582.72,6426.46
2022-07-24 14:41:17,9582.17,6427.02
2022-07-24 14:41:16,9584.78,6424.41
2022-07-24 14:41:15,9601.59,6407.6
2022-07-24 14:41:14,9624.99,6384.2
2022-07-24 14:41:13,9628.43,6380.75
2022-07-24 14:41:12,9620.8,6388.39
2022-07-24 14:41:11,9671.72,6337.46
2022-07-24 14:41:10,9674.49,6334.7
2022-07-24 14:41:09,9676.65,6332.54
2022-07-24 14:41:08,9723.54,6285.65
2022-07-24 14:41:07,9762.95,6246.23
2022-07-24 14:41:06,9823.64,6185.55
2022-07-24 14:41:05,10057.5,5951.68
2022-07-24 14:41:04,10124.2,5884.95
2022-07-24 14:41:03,10479.7,5529.5
2022-07-24 14:41:02,10656.5,5352.72
2022-07-24 14:41:01,11237.1,4772.13
2022-07-24 14:41:00,11383.3,4625.86
2022-07-24 14:40:59,11501.6,4507.62
2022-07-24 14:40:58,11889.3,4119.89
2022-07-24 14:40:57,11996.6,4012.57
2022-07-24 14:40:56,12145.3,3863.91
2022-07-24 14:40:55,12290.8,3718.43
2022-07-24 14:40:54,11941.2,4067.96
2022-07-24 14:40:53,12074.7,3934.47
2022-07-24 14:40:52,11584.9,4424.3
2022-07-24 14:40:51,9521.85,6487.34
2022-07-24 14:40:50,9522.43,6486.76
2022-07-24 14:40:49,9532.79,6476.39
2022-07-24 14:40:48,9543.29,6465.9
2022-07-24 14:40:47,9542.61,6466.57
2022-07-24 14:40:46,9545.68,6463.5
2022-07-24 14:40:45,9555.87,6453.32
2022-07-24 14:40:44,9565.54,6443.65
2022-07-24 14:40:43,9566.3,6442.88
2022-07-24 14:40:42,9570.02,6439.17
2022-07-24 14:40:41,9579.07,6430.12
2022-07-24 14:40:40,9588.58,6420.61
2022-07-24 14:40:39,9596.99,6412.2
2022-07-24 14:40:38,9610.54,6398.64
2022-07-24 14:40:37,9612.6,6396.59
2022-07-24 14:40:36,9618.8,6390.39
2022-07-24 14:40:35,9636.25,6372.94
2022-07-24 14:40:34,9651.73,6357.45
2022-07-24 14:40:33,9652.61,6356.57
2022-07-24 14:40:32,9675.58,6333.61
2022-07-24 14:40:31,9677.9,6331.29
2022-07-24 14:40:30,9695.11,6314.08
2022-07-24 14:40:29,9706.2,6302.99
2022-07-24 14:40:28,9743.88,6265.31
2022-07-24 14:40:27,9748.22,6260.97
2022-07-24 14:40:26,9770.49,6238.7
2022-07-24 14:40:25,9788.55,6220.64
2022-07-24 14:40:24,9838.49,6170.7
2022-07-24 14:40:23,9856.03,6153.16
2022-07-24 14:40:22,9893.5,6115.68
2022-07-24 14:40:21,9924.44,6084.75
2022-07-24 14:40:20,10151.6,5857.59
2022-07-24 14:40:19,10314.5,5694.67
2022-07-24 14:40:18,10378.5,5630.68
2022-07-24 14:40:17,10560.4,5448.83
2022-07-24 14:40:16,10747.5,5261.71
2022-07-24 14:40:15,11226.5,4782.72
2022-07-24 14:40:14,11526.5,4482.72
2022-07-24 14:40:13,11681.1,4328.08
2022-07-24 14:40:12,11861.1,4148.07
2022-07-24 14:40:11,12070.3,3938.88
2022-07-24 14:40:10,11709.3,4299.87
2022-07-24 14:40:09,11809.5,4199.67
2022-07-24 14:40:08,11970.8,4038.41
2022-07-24 14:40:07,11475.9,4533.24
2022-07-24 14:40:06,10442.5,5566.69
2022-07-24 14:40:05,9999.27,6009.91
2022-07-24 14:40:04,10031.1,5978.1
2022-07-24 14:40:03,9400.97,6608.21
2022-07-24 14:40:02,9405.34,6603.85
2022-07-24 14:40:01,9407.56,6601.63
2022-07-24 14:40:00,9407.45,6601.74
2022-07-24 14:39:59,9409.57,6599.62
2022-07-24 14:39:58,9416.36,6592.83
2022-07-24 14:39:57,9415.25,6593.93
2022-07-24 14:39:56,9417.22,6591.97
2022-07-24 14:39:55,9420.32,6588.86
2022-07-24 14:39:54,9424.78,6584.4
2022-07-24 14:39:53,9425.62,6583.56
2022-07-24 14:39:52,9425.44,6583.75
2022-07-24 14:39:51,9427.81,6581.38
2022-07-24 14:39:50,9434.3,6574.88
2022-07-24 14:39:49,9446.97,6562.21
2022-07-24 14:39:48,9450.24,6558.95
2022-07-24 14:39:47,9461.43,6547.76
2022-07-24 14:39:46,9467.48,6541.7
2022-07-24 14:39:45,9486.02,6523.17
2022-07-24 14:39:44,9494.85,6514.34
2022-07-24 14:39:43,9488.36,6520.82
2022-07-24 14:39:42,9535.82,6473.37
2022-07-24 14:39:41,9566.6,6442.59
2022-07-24 14:39:40,9569.53,6439.65
2022-07-24 14:39:39,9611.2,6397.98
2022-07-24 14:39:38,9684.55,6324.63
2022-07-24 14:39:37,9693.15,6316.04
2022-07-24 14:39:36,9867.68,6141.5
2022-07-24 14:39:35,9962.47,6046.71
2022-07-24 14:39:34,10023.4,5985.76
2022-07-24 14:39:33,10083.8,5925.38
2022-07-24 14:39:32,10440.9,5568.32
2022-07-24 14:39:31,10735.7,5273.53
2022-07-24 14:39:30,10872.1,5137.12
2022-07-24 14:39:29,11146,4863.18
2022-07-24 14:39:28,11435.5,4573.64
2022-07-24 14:39:27,11614.3,4394.86
2022-07-24 14:39:26,11483.7,4525.47
2022-07-24 14:39:25,11607,4402.2
2022-07-24 14:39:24,11786.5,4222.73
2022-07-24 14:39:23,11851,4158.15
2022-07-24 14:39:22,11545.8,4463.41
2022-07-24 14:39:21,11146.8,4862.36
2022-07-24 14:39:20,10599.1,5410.06
2022-07-24 14:39:19,10130.4,5878.83
2022-07-24 14:39:18,10132.6,5876.6
2022-07-24 14:39:17,9654.72,6354.47
2022-07-24 14:39:16,9660.09,6349.1
2022-07-24 14:39:15,9671.4,6337.79
2022-07-24 14:39:14,9673.37,6335.81
2022-07-24 14:39:13,9677.02,6332.16
2022-07-24 14:39:12,9693.93,6315.26
2022-07-24 14:39:11,9698.6,6310.59
2022-07-24 14:39:10,9700.48,6308.71
2022-07-24 14:39:09,9703.16,6306.03
2022-07-24 14:39:08,9712.71,6296.48
2022-07-24 14:39:07,9723.17,6286.02
2022-07-24 14:39:06,9737.85,6271.34
2022-07-24 14:39:05,9760.14,6249.05
2022-07-24 14:39:04,9761.95,6247.23
2022-07-24 14:39:03,9783.1,6226.09
2022-07-24 14:39:02,9801.96,6207.22
2022-07-24 14:39:01,9822,6187.18
2022-07-24 14:39:00,9835.04,6174.14
2022-07-24 14:38:59,9848.67,6160.52
2022-07-24 14:38:58,9888.23,6120.96
2022-07-24 14:38:57,9918.27,6090.92
2022-07-24 14:38:56,9939.05,6070.14
2022-07-24 14:38:55,9939.98,6069.21
2022-07-24 14:38:54,9978.35,6030.84
2022-07-24 14:38:53,10049.9,5959.25
2022-07-24 14:38:52,10040.2,5969
2022-07-24 14:38:51,10086.2,5922.94
2022-07-24 14:38:50,10138.6,5870.61
2022-07-24 14:38:49,10261.5,5747.7
2022-07-24 14:38:48,10306.8,5702.37
2022-07-24 14:38:47,10536.9,5472.33
2022-07-24 14:38:46,10973.5,5035.7
2022-07-24 14:38:45,11087.9,4921.3
2022-07-24 14:38:44,11324.4,4684.79
2022-07-24 14:38:43,11604.6,4404.59
2022-07-24 14:38:42,11666.6,4342.6
2022-07-24 14:38:41,11783.9,4225.28
2022-07-24 14:38:40,11902.2,4107.03
2022-07-24 14:38:39,12029.5,3979.67
2022-07-24 14:38:38,12291.9,3717.28
2022-07-24 14:38:37,11876.1,4133.09
2022-07-24 14:38:36,11542.2,4467.02
2022-07-24 14:38:35,10579.7,5429.47
2022-07-24 14:38:34,10144.4,5864.76
2022-07-24 14:38:33,10194.8,5814.41
2022-07-24 14:38:32,10215.7,5793.45
2022-07-24 14:38:31,9745.18,6264.01
2022-07-24 14:38:30,9746.96,6262.23
2022-07-24 14:38:29,9758.39,6250.8
2022-07-24 14:38:28,9765.93,6243.26
2022-07-24 14:38:27,9778.96,6230.23
2022-07-24 14:38:26,9778.77,6230.41
2022-07-24 14:38:25,9802.75,6206.44
2022-07-24 14:38:24,9805.14,6204.05
2022-07-24 14:38:23,9814.48,6194.7
2022-07-24 14:38:22,9827.61,6181.58
2022-07-24 14:38:21,9841.57,6167.62
2022-07-24 14:38:20,9859.98,6149.2
2022-07-24 14:38:19,9872.64,6136.55
2022-07-24 14:38:18,9903.34,6105.84
2022-07-24 14:38:17,9909.69,6099.5
2022-07-24 14:38:16,9920.95,6088.23
2022-07-24 14:38:15,9944.61,6064.57
2022-07-24 14:38:14,9977.75,6031.43
2022-07-24 14:38:13,9980.4,6028.79
2022-07-24 14:38:12,9996.19,6013
2022-07-24 14:38:11,10032.8,5976.41
2022-07-24 14:38:10,10044.7,5964.47
2022-07-24 14:38:09,10044.4,5964.77
2022-07-24 14:38:08,10087.1,5922.09
2022-07-24 14:38:07,10114.9,5894.28
2022-07-24 14:38:06,10117.4,5891.76
2022-07-24 14:38:05,10198.2,5810.95
2022-07-24 14:38:04,10243.1,5766.06
2022-07-24 14:38:03,10318.4,5690.82
2022-07-24 14:38:02,10540.3,5468.84
2022-07-24 14:38:01,10655.4,5353.81
2022-07-24 14:38:00,10969,5040.14
2022-07-24 14:37:59,11219.9,4789.3
2022-07-24 14:37:58,11435.1,4574.14
2022-07-24 14:37:57,11646.7,4362.48
2022-07-24 14:37:56,11746.6,4262.62
2022-07-24 14:37:55,11882.4,4126.76
2022-07-24 14:37:54,12076.2,3932.98
2022-07-24 14:37:53,12232.9,3776.25
2022-07-24 14:37:52,12376.6,3632.58
2022-07-24 14:37:51,11998.6,4010.59
2022-07-24 14:37:50,11526.1,4483.04
2022-07-24 14:37:49,10473.8,5535.37
2022-07-24 14:37:48,9895.51,6113.68
2022-07-24 14:37:47,9391.23,6617.96
2022-07-24 14:37:46,9393.63,6615.56
2022-07-24 14:37:45,9392.75,6616.43
2022-07-24 14:37:44,9403.78,6605.4
2022-07-24 14:37:43,9405.96,6603.22
2022-07-24 14:37:42,9407.45,6601.74
2022-07-24 14:37:41,9410.09,6599.1
2022-07-24 14:37:40,9415.72,6593.46
2022-07-24 14:37:39,9426.22,6582.97
2022-07-24 14:37:38,9434.44,6574.75
2022-07-24 14:37:37,9436.33,6572.86
2022-07-24 14:37:36,9436.06,6573.12
2022-07-24 14:37:35,9464.19,6544.99
2022-07-24 14:37:34,9466.73,6542.45
2022-07-24 14:37:33,9481.31,6527.88
2022-07-24 14:37:32,9479.77,6529.42
2022-07-24 14:37:31,9500.47,6508.72
2022-07-24 14:37:30,9502.67,6506.52
2022-07-24 14:37:29,9518.91,6490.28
2022-07-24 14:37:28,9530.55,6478.64
2022-07-24 14:37:27,9538.85,6470.34
2022-07-24 14:37:26,9554.83,6454.36
2022-07-24 14:37:25,9570.65,6438.53
2022-07-24 14:37:24,9573.13,6436.06
2022-07-24 14:37:23,9610.26,6398.93
2022-07-24 14:37:22,9636.22,6372.96
2022-07-24 14:37:21,9637.34,6371.85
2022-07-24 14:37:20,9671.36,6337.82
2022-07-24 14:37:19,9764.52,6244.67
2022-07-24 14:37:18,9989.17,6020.02
2022-07-24 14:37:17,10060.2,5948.95
2022-07-24 14:37:16,10372.9,5636.24
2022-07-24 14:37:15,10703.5,5305.73
2022-07-24 14:37:14,10960.6,5048.59
2022-07-24 14:37:13,11035.5,4973.68
2022-07-24 14:37:12,11147.2,4861.96
2022-07-24 14:37:11,11445.8,4563.35
2022-07-24 14:37:10,11676.4,4332.79
2022-07-24 14:37:09,12017.7,3991.45
2022-07-24 14:37:08,12156.8,3852.35
2022-07-24 14:37:07,11684.2,4325
2022-07-24 14:37:06,11787.4,4221.81
2022-07-24 14:37:05,11410.8,4598.38
2022-07-24 14:37:04,10900.3,5108.85
2022-07-24 14:37:03,11013.2,4996.03
2022-07-24 14:37:02,10054.5,5954.67
2022-07-24 14:37:01,10059.5,5949.65
2022-07-24 14:37:00,9558.33,6450.86
2022-07-24 14:36:59,9565.94,6443.25
2022-07-24 14:36:58,9565.47,6443.72
2022-07-24 14:36:57,9567.54,6441.64
2022-07-24 14:36:56,9575.73,6433.46
2022-07-24 14:36:55,9575.98,6433.2
2022-07-24 14:36:54,9577.73,6431.45
2022-07-24 14:36:53,9586.64,6422.55
2022-07-24 14:36:52,9590.16,6419.02
2022-07-24 14:36:51,9593.53,6415.66
2022-07-24 14:36:50,9594.41,6414.78
2022-07-24 14:36:49,9607.73,6401.45
2022-07-24 14:36:48,9610.5,6398.68
2022-07-24 14:36:47,9625.04,6384.15
2022-07-24 14:36:46,9624.81,6384.38
2022-07-24 14:36:45,9635.05,6374.14
2022-07-24 14:36:44,9653.07,6356.12
2022-07-24 14:36:43,9678.34,6330.84
2022-07-24 14:36:42,9689.14,6320.05
2022-07-24 14:36:41,9688.89,6320.3
2022-07-24 14:36:40,9712.15,6297.04
2022-07-24 14:36:39,9751.85,6257.34
2022-07-24 14:36:38,9752.68,6256.51
2022-07-24 14:36:37,9779.98,6229.2
2022-07-24 14:36:36,9771.54,6237.65
2022-07-24 14:36:35,9815.18,6194
2022-07-24 14:36:34,9893.21,6115.98
2022-07-24 14:36:33,9973.05,6036.14
2022-07-24 14:36:32,10038.9,5970.29
2022-07-24 14:36:31,10333.4,5675.78
2022-07-24 14:36:30,10688.7,5320.52
2022-07-24 14:36:29,10883.7,5125.5
2022-07-24 14:36:28,11101.5,4907.64
2022-07-24 14:36:27,11218.7,4790.48
2022-07-24 14:36:26,11340.8,4668.35
2022-07-24 14:36:25,11642.3,4366.85
2022-07-24 14:36:24,11814.7,4194.47
2022-07-24 14:36:23,11922.8,4086.37
2022-07-24 14:36:22,12049,3960.23
2022-07-24 14:36:21,11660.1,4349.1
2022-07-24 14:36:20,11376.3,4632.86
2022-07-24 14:36:19,11496.7,4512.47
2022-07-24 14:36:18,11241.4,4767.76
2022-07-24 14:36:17,10669.5,5339.69
2022-07-24 14:36:16,10255,5754.21
2022-07-24 14:36:15,10306,5703.2
2022-07-24 14:36:14,10331.8,5677.39
2022-07-24 14:36:13,9700.67,6308.52
2022-07-24 14:36:12,9704.05,6305.14
2022-07-24 14:36:11,9710.94,6298.25
2022-07-24 14:36:10,9726.11,6283.08
2022-07-24 14:36:09,9726.56,6282.63
2022-07-24 14:36:08,9727.7,6281.49
2022-07-24 14:36:07,9747.14,6262.04
2022-07-24 14:36:06,9758.45,6250.74
2022-07-24 14:36:05,9759.43,6249.76
2022-07-24 14:36:04,9767.7,6241.49
2022-07-24 14:36:03,9778.65,6230.53
2022-07-24 14:36:02,9806.96,6202.23
2022-07-24 14:36:01,9827.91,6181.27
2022-07-24 14:36:00,9838.3,6170.89
2022-07-24 14:35:59,9849.48,6159.7
2022-07-24 14:35:58,9883.84,6125.34
2022-07-24 14:35:57,9907.5,6101.68
2022-07-24 14:35:56,9925.32,6083.87
2022-07-24 14:35:55,9916.08,6093.11
2022-07-24 14:35:54,9965.86,6043.33
2022-07-24 14:35:53,9991.78,6017.4
2022-07-24 14:35:52,10004.1,6005.07
2022-07-24 14:35:51,10025.5,5983.72
2022-07-24 14:35:50,10089.1,5920.05
2022-07-24 14:35:49,10108.8,5900.35
2022-07-24 14:35:48,10141.1,5868.06
2022-07-24 14:35:47,10178.3,5830.85
2022-07-24 14:35:46,10236.9,5772.25
2022-07-24 14:35:45,10348.3,5660.9
2022-07-24 14:35:44,10628.5,5380.73
2022-07-24 14:35:43,10746.8,5262.42
2022-07-24 14:35:42,10935.9,5073.25
2022-07-24 14:35:41,11164,4845.23
2022-07-24 14:35:40,11278.1,4731.09
2022-07-24 14:35:39,11477.3,4531.93
2022-07-24 14:35:38,11590.2,4418.99
2022-07-24 14:35:37,11688.3,4320.88
2022-07-24 14:35:36,11926.4,4082.76
2022-07-24 14:35:35,12247.6,3761.59
2022-07-24 14:35:34,12442.3,3566.91
2022-07-24 14:35:33,11003.7,5005.48
2022-07-24 14:35:32,10541.1,5468.04
2022-07-24 14:35:31,10068.6,5940.61
2022-07-24 14:35:30,10113,5896.14
2022-07-24 14:35:29,10147.6,5861.59
2022-07-24 14:35:28,9630.09,6379.1
2022-07-24 14:35:27,9631.34,6377.85
2022-07-24 14:35:26,9634.14,6375.04
2022-07-24 14:35:25,9642.57,6366.62
2022-07-24 14:35:24,9645.94,6363.25
2022-07-24 14:35:23,9646.79,6362.4
2022-07-24 14:35:22,9649.22,6359.96
2022-07-24 14:35:21,9659.31,6349.88
2022-07-24 14:35:20,9659.64,6349.55
2022-07-24 14:35:19,9670.91,6338.28
2022-07-24 14:35:18,9673.11,6336.07
2022-07-24 14:35:17,9688.49,6320.7
2022-07-24 14:35:16,9689.17,6320.02
2022-07-24 14:35:15,9712.7,6296.49
2022-07-24 14:35:14,9719.64,6289.55
2022-07-24 14:35:13,9743.2,6265.99
2022-07-24 14:35:12,9745.29,6263.9
2022-07-24 14:35:11,9762,6247.19
2022-07-24 14:35:10,9801.71,6207.48
2022-07-24 14:35:09,9825.25,6183.93
2022-07-24 14:35:08,9828,6181.18
2022-07-24 14:35:07,9847.81,6161.38
2022-07-24 14:35:06,9898.64,6110.55
2022-07-24 14:35:05,9912.34,6096.85
2022-07-24 14:35:04,9932.47,6076.72
2022-07-24 14:35:03,9966.83,6042.36
2022-07-24 14:35:02,10078.2,5930.99
2022-07-24 14:35:01,10096.7,5912.47
2022-07-24 14:35:00,10168.9,5840.28
2022-07-24 14:34:59,10380.6,5628.58
2022-07-24 14:34:58,10665.9,5343.28
2022-07-24 14:34:57,10803.2,5206
2022-07-24 14:34:56,10978.6,5030.6
2022-07-24 14:34:55,11078.3,4930.89
2022-07-24 14:34:54,11408.9,4600.31
2022-07-24 14:34:53,11778.9,4230.34
2022-07-24 14:34:52,12003,4006.18
2022-07-24 14:34:51,12151.2,3857.95
2022-07-24 14:34:50,12288.2,3721.02
2022-07-24 14:34:49,11875.5,4133.65
2022-07-24 14:34:48,11376.7,4632.49
2022-07-24 14:34:47,11518.4,4490.76
2022-07-24 14:34:46,11029.1,4980.13
2022-07-24 14:34:45,10030.9,5978.29
2022-07-24 14:34:44,9525.81,6483.38
2022-07-24 14:34:43,9525.75,6483.43
2022-07-24 14:34:42,9526.31,6482.88
2022-07-24 14:34:41,9542.61,6466.58
2022-07-24 14:34:40,9545.6,6463.59
2022-07-24 14:34:39,9558.37,6450.82
2022-07-24 14:34:38,9558.48,6450.71
2022-07-24 14:34:37,9582.22,6426.97
2022-07-24 14:34:36,9583.31,6425.87
2022-07-24 14:34:35,9595.05,6414.14
2022-07-24 14:34:34,9606.5,6402.69
2022-07-24 14:34:33,9608.75,6400.44
2022-07-24 14:34:32,9630.7,6378.49
2022-07-24 14:34:31,9645.21,6363.98
2022-07-24 14:34:30,9657.51,6351.68
2022-07-24 14:34:29,9660.81,6348.38
2022-07-24 14:34:28,9690.59,6318.6
2022-07-24 14:34:27,9723.76,6285.43
2022-07-24 14:34:26,9728.33,6280.86
2022-07-24 14:34:25,9734.38,6274.81
2022-07-24 14:34:24,9791.43,6217.75
2022-07-24 14:34:23,9794.56,6214.62
2022-07-24 14:34:22,9811.49,6197.7
2022-07-24 14:34:21,9841.63,6167.56
2022-07-24 14:34:20,9867.03,6142.16
2022-07-24 14:34:19,9879.84,6129.35
2022-07-24 14:34:18,9901.8,6107.38
2022-07-24 14:34:17,9922.78,6086.41
2022-07-24 14:34:16,9960.08,6049.11
2022-07-24 14:34:15,9957.85,6051.34
2022-07-24 14:34:14,10213.8,5795.42
2022-07-24 14:34:13,10384.1,5625.06
2022-07-24 14:34:12,10409.1,5600.13
2022-07-24 14:34:11,10583,5426.16
2022-07-24 14:34:10,10930.1,5079.1
2022-07-24 14:34:09,11546.8,4462.41
2022-07-24 14:34:08,11683.6,4325.54
2022-07-24 14:34:07,11875.9,4133.24
2022-07-24 14:34:06,12005.4,4003.8
2022-07-24 14:34:05,12149.8,3859.42
2022-07-24 14:34:04,12230,3779.14
2022-07-24 14:34:03,11762.3,4246.89
2022-07-24 14:34:02,11917.2,4092
2022-07-24 14:34:01,12096.5,3912.7
2022-07-24 14:34:00,9943.73,6065.46
2022-07-24 14:33:59,9327.2,6681.99
2022-07-24 14:33:58,9328.52,6680.66
2022-07-24 14:33:57,9329.42,6679.77
2022-07-24 14:33:56,9331.94,6677.25
2022-07-24 14:33:55,9332.41,6676.78
2022-07-24 14:33:54,9332.02,6677.17
2022-07-24 14:33:53,9333.7,6675.49
2022-07-24 14:33:52,9337.5,6671.69
2022-07-24 14:33:51,9351.97,6657.22
2022-07-24 14:33:50,9354.79,6654.4
2022-07-24 14:33:49,9355.68,6653.51
2022-07-24 14:33:48,9355.78,6653.41
2022-07-24 14:33:47,9372.65,6636.54
2022-07-24 14:33:46,9390.09,6619.1
2022-07-24 14:33:45,9390.87,6618.32
2022-07-24 14:33:44,9391.23,6617.96
2022-07-24 14:33:43,9406.06,6603.13
2022-07-24 14:33:42,9412.87,6596.32
2022-07-24 14:33:41,9413.3,6595.89
2022-07-24 14:33:40,9414.43,6594.76
2022-07-24 14:33:39,9444.66,6564.53
2022-07-24 14:33:38,9441.13,6568.06
2022-07-24 14:33:37,9444.46,6564.73
2022-07-24 14:33:36,9461.12,6548.06
2022-07-24 14:33:35,9478.56,6530.63
2022-07-24 14:33:34,9480.7,6528.48
2022-07-24 14:33:33,9503.22,6505.96
2022-07-24 14:33:32,9507.8,6501.38
2022-07-24 14:33:31,9509.59,6499.59
2022-07-24 14:33:30,9603.56,6405.63
2022-07-24 14:33:29,9702.65,6306.54
2022-07-24 14:33:28,9790.15,6219.04
2022-07-24 14:33:27,10034.3,5974.91
2022-07-24 14:33:26,10389.1,5620.12
2022-07-24 14:33:25,10850.1,5159.13
2022-07-24 14:33:24,11020.4,4988.82
2022-07-24 14:33:23,11423.3,4585.89
2022-07-24 14:33:22,11726.5,4282.66
2022-07-24 14:33:21,11931,4078.18
2022-07-24 14:33:20,12037.6,3971.54
2022-07-24 14:33:19,12236.7,3772.47
2022-07-24 14:33:18,12388.6,3620.56
2022-07-24 14:33:17,12081,3928.19
2022-07-24 14:33:16,12213.8,3795.39
2022-07-24 14:33:15,10652,5357.21
2022-07-24 14:33:14,10159.5,5849.7
2022-07-24 14:33:13,9653.52,6355.67
2022-07-24 14:33:12,9670.73,6338.46
2022-07-24 14:33:11,9671.05,6338.14
2022-07-24 14:33:10,9672.63,6336.56
2022-07-24 14:33:09,9678.39,6330.79
2022-07-24 14:33:08,9691.57,6317.62
2022-07-24 14:33:07,9704.04,6305.15
2022-07-24 14:33:06,9702.57,6306.62
2022-07-24 14:33:05,9722.95,6286.23
2022-07-24 14:33:04,9724.47,6284.72
2022-07-24 14:33:03,9728.12,6281.06
2022-07-24 14:33:02,9757.43,6251.76
2022-07-24 14:33:01,9768.34,6240.84
2022-07-24 14:33:00,9782.46,6226.73
2022-07-24 14:32:59,9779.79,6229.39
2022-07-24 14:32:58,9819.78,6189.4
2022-07-24 14:32:57,9836,6173.19
2022-07-24 14:32:56,9849.17,6160.02
2022-07-24 14:32:55,9865.43,6143.75
2022-07-24 14:32:54,9894.25,6114.93
2022-07-24 14:32:53,9901.21,6107.98
2022-07-24 14:32:52,9931.49,6077.7
2022-07-24 14:32:51,9925.24,6083.95
2022-07-24 14:32:50,9955.03,6054.16
2022-07-24 14:32:49,9984.44,6024.75
2022-07-24 14:32:48,9989.88,6019.3
2022-07-24 14:32:47,10028.8,5980.43
2022-07-24 14:32:46,10039.3,5969.84
2022-07-24 14:32:45,10055.2,5954.04
2022-07-24 14:32:44,10147.5,5861.7
2022-07-24 14:32:43,10234.1,5775.05
2022-07-24 14:32:42,10309.3,5699.87
2022-07-24 14:32:41,10523.4,5485.8
2022-07-24 14:32:40,10964.1,5045.12
2022-07-24 14:32:39,11120.4,4888.84
2022-07-24 14:32:38,11446.3,4562.91
2022-07-24 14:32:37,11631.5,4377.7
2022-07-24 14:32:36,11724.3,4284.89
2022-07-24 14:32:35,11922.1,4087.06
2022-07-24 14:32:34,12065.7,3943.47
2022-07-24 14:32:33,12185.3,3823.87
2022-07-24 14:32:32,12368.3,3640.88
2022-07-24 14:32:31,12541.9,3467.33
2022-07-24 14:32:30,12245.9,3763.34
2022-07-24 14:32:29,10184.8,5824.39
2022-07-24 14:32:28,9670.95,6338.23
2022-07-24 14:32:27,9676.5,6332.68
2022-07-24 14:32:26,9678.3,6330.88
2022-07-24 14:32:25,9680.9,6328.29
2022-07-24 14:32:24,9685.72,6323.47
2022-07-24 14:32:23,9689.19,6320
2022-07-24 14:32:22,9699.55,6309.63
2022-07-24 14:32:21,9701.96,6307.23
2022-07-24 14:32:20,9703.77,6305.42
2022-07-24 14:32:19,9710.16,6299.02
2022-07-24 14:32:18,9722.45,6286.74
2022-07-24 14:32:17,9721.97,6287.22
2022-07-24 14:32:16,9730.03,6279.16
2022-07-24 14:32:15,9747.25,6261.93
2022-07-24 14:32:14,9759.09,6250.1
2022-07-24 14:32:13,9770,6239.19
2022-07-24 14:32:12,9791.29,6217.9
2022-07-24 14:32:11,9798.91,6210.28
2022-07-24 14:32:10,9831.93,6177.26
2022-07-24 14:32:09,9823.31,6185.88
2022-07-24 14:32:08,9875.77,6133.42
2022-07-24 14:32:07,9889.12,6120.06
2022-07-24 14:32:06,9912.69,6096.5
2022-07-24 14:32:05,9914.58,6094.61
2022-07-24 14:32:04,9947.45,6061.74
2022-07-24 14:32:03,9994.3,6014.88
2022-07-24 14:32:02,10015.4,5993.83
2022-07-24 14:32:01,10050.2,5958.98
2022-07-24 14:32:00,10073.6,5935.59
2022-07-24 14:31:59,10114.7,5894.49
2022-07-24 14:31:58,10158.3,5850.94
2022-07-24 14:31:57,10155.1,5854.05
2022-07-24 14:31:56,10334.4,5674.77
2022-07-24 14:31:55,10519.1,5490.05
2022-07-24 14:31:54,10641.5,5367.66
2022-07-24 14:31:53,10830,5179.22
2022-07-24 14:31:52,11037.7,4971.5
2022-07-24 14:31:51,11511.3,4497.84
2022-07-24 14:31:50,11786.6,4222.58
2022-07-24 14:31:49,11901.2,4108.03
2022-07-24 14:31:48,12032.6,3976.64
2022-07-24 14:31:47,12136.4,3872.79
2022-07-24 14:31:46,12292.4,3716.77
2022-07-24 14:31:45,12418.6,3590.64
2022-07-24 14:31:44,12106.1,3903.04
2022-07-24 14:31:43,11448,4561.15
2022-07-24 14:31:42,10701.6,5307.57
2022-07-24 14:31:41,9554.4,6454.78
2022-07-24 14:31:40,9559.06,6450.13
2022-07-24 14:31:39,9562.11,6447.08
2022-07-24 14:31:38,9566.87,6442.32
2022-07-24 14:31:37,9570.32,6438.87
2022-07-24 14:31:36,9574.2,6434.98
2022-07-24 14:31:35,9574.48,6434.71
2022-07-24 14:31:34,9588.97,6420.22
2022-07-24 14:31:33,9589.27,6419.91
2022-07-24 14:31:32,9591.66,6417.52
2022-07-24 14:31:31,9591.45,6417.74
2022-07-24 14:31:30,9613.26,6395.93
2022-07-24 14:31:29,9613.39,6395.8
2022-07-24 14:31:28,9614.22,6394.97
2022-07-24 14:31:27,9615.72,6393.47
2022-07-24 14:31:26,9643.61,6365.58
2022-07-24 14:31:25,9652.18,6357
2022-07-24 14:31:24,9652.75,6356.43
2022-07-24 14:31:23,9668.77,6340.42
2022-07-24 14:31:22,9683.4,6325.78
2022-07-24 14:31:21,9728.02,6281.16
2022-07-24 14:31:20,9728.73,6280.46
2022-07-24 14:31:19,9774.19,6235
2022-07-24 14:31:18,9756.21,6252.98
2022-07-24 14:31:17,9807.05,6202.14
2022-07-24 14:31:16,9824.19,6185
2022-07-24 14:31:15,9854.62,6154.57
2022-07-24 14:31:14,9865.44,6143.75
2022-07-24 14:31:13,9896.79,6112.39
2022-07-24 14:31:12,9927.86,6081.32
2022-07-24 14:31:11,9961.68,6047.5
2022-07-24 14:31:10,10057.3,5951.88
2022-07-24 14:31:09,10099.7,5909.5
2022-07-24 14:31:08,10339.2,5670.01
2022-07-24 14:31:07,10724.2,5284.95
2022-07-24 14:31:06,10984.3,5024.85
2022-07-24 14:31:05,11071.1,4938.09
2022-07-24 14:31:04,11358.2,4651.03
2022-07-24 14:31:03,11487.8,4521.42
2022-07-24 14:31:02,11817.2,4192
2022-07-24 14:31:01,12012.5,3996.64
2022-07-24 14:31:00,12190.2,3819.02
2022-07-24 14:30:59,12391.1,3618.1
2022-07-24 14:30:58,12574.8,3434.42
2022-07-24 14:30:57,11678.8,4330.43
2022-07-24 14:30:56,10632.3,5376.91
2022-07-24 14:30:55,10176.4,5832.78
2022-07-24 14:30:54,9691.63,6317.55
2022-07-24 14:30:53,9697.75,6311.44
2022-07-24 14:30:52,9698.02,6311.17
2022-07-24 14:30:51,9699.29,6309.9
2022-07-24 14:30:50,9701.36,6307.83
2022-07-24 14:30:49,9701.97,6307.21
2022-07-24 14:30:48,9722.56,6286.63
2022-07-24 14:30:47,9722.29,6286.9
2022-07-24 14:30:46,9729.36,6279.83
2022-07-24 14:30:45,9729.73,6279.46
2022-07-24 14:30:44,9765.11,6244.08
2022-07-24 14:30:43,9776.01,6233.18
2022-07-24 14:30:42,9777.75,6231.44
2022-07-24 14:30:41,9791.39,6217.8
2022-07-24 14:30:40,9809.08,6200.11
2022-07-24 14:30:39,9859.2,6149.98
2022-07-24 14:30:38,9860.09,6149.1
2022-07-24 14:30:37,9874.46,6134.73
2022-07-24 14:30:36,9895.23,6113.96
2022-07-24 14:30:35,9932.73,6076.46
2022-07-24 14:30:34,9962.32,6046.87
2022-07-24 14:30:33,9976.91,6032.27
2022-07-24 14:30:32,9986.09,6023.1
2022-07-24 14:30:31,10015.7,5993.46
2022-07-24 14:30:30,10048.3,5960.85
2022-07-24 14:30:29,10073.6,5935.55
2022-07-24 14:30:28,10099.2,5909.94
2022-07-24 14:30:27,10142,5867.16
2022-07-24 14:30:26,10176.2,5832.99
2022-07-24 14:30:25,10203.5,5805.72
2022-07-24 14:30:24,10417.5,5591.68
2022-07-24 14:30:23,10454.6,5554.55
2022-07-24 14:30:22,10537.2,5472.03
2022-07-24 14:30:21,10903.5,5105.67
2022-07-24 14:30:20,11019.5,4989.72
2022-07-24 14:30:19,11157.2,4851.98
2022-07-24 14:30:18,11317.7,4691.47
2022-07-24 14:30:17,11675.5,4333.68
2022-07-24 14:30:16,11826.1,4183.08
2022-07-24 14:30:15,12003.4,4005.83
2022-07-24 14:30:14,11638.4,4370.79
2022-07-24 14:30:13,11853.5,4155.73
2022-07-24 14:30:12,11961.4,4047.76
2022-07-24 14:30:11,11081,4928.19
2022-07-24 14:30:10,10665.3,5343.89
2022-07-24 14:30:09,10733.5,5275.73
2022-07-24 14:30:08,10163.2,5845.96
2022-07-24 14:30:07,10192.7,5816.46
2022-07-24 14:30:06,9689.53,6319.66
2022-07-24 14:30:05,9691.15,6318.04
2022-07-24 14:30:04,9692.61,6316.58
2022-07-24 14:30:03,9711.25,6297.94
2022-07-24 14:30:02,9712.83,6296.36
2022-07-24 14:30:01,9725.31,6283.88
2022-07-24 14:30:00,9732.31,6276.88
2022-07-24 14:29:59,9741.4,6267.79
2022-07-24 14:29:58,9746.51,6262.68
2022-07-24 14:29:57,9767.27,6241.92
2022-07-24 14:29:56,9782.83,6226.36
2022-07-24 14:29:55,9785.71,6223.47
2022-07-24 14:29:54,9791.83,6217.36
2022-07-24 14:29:53,9811.74,6197.45
2022-07-24 14:29:52,9858.27,6150.91
2022-07-24 14:29:51,9860.7,6148.48
2022-07-24 14:29:50,9865.23,6143.95
2022-07-24 14:29:49,9905.64,6103.55
2022-07-24 14:29:48,9929.91,6079.28
2022-07-24 14:29:47,9932.54,6076.64
2022-07-24 14:29:46,9960.87,6048.32
2022-07-24 14:29:45,10013.6,5995.64
2022-07-24 14:29:44,10018.3,5990.91
2022-07-24 14:29:43,10028.4,5980.8
2022-07-24 14:29:42,10097.9,5911.26
2022-07-24 14:29:41,10106.6,5902.62
2022-07-24 14:29:40,10273.1,5736.09
2022-07-24 14:29:39,10393.1,5616.08
2022-07-24 14:29:38,10448.7,5560.53
2022-07-24 14:29:37,10651.7,5357.48
2022-07-24 14:29:36,10834.5,5174.64
2022-07-24 14:29:35,10978.7,5030.48
2022-07-24 14:29:34,11219.3,4789.93
2022-07-24 14:29:33,11334.6,4674.59
2022-07-24 14:29:32,11427.3,4581.85
2022-07-24 14:29:31,11794.2,4215
2022-07-24 14:29:30,11376.4,4632.83
2022-07-24 14:29:29,11563,4446.19
2022-07-24 14:29:28,11092.9,4916.27
2022-07-24 14:29:27,11185,4824.23
2022-07-24 14:29:26,10761.7,5247.54
2022-07-24 14:29:25,10372.7,5636.44
2022-07-24 14:29:24,10412.8,5596.41
2022-07-24 14:29:23,9927.26,6081.93
2022-07-24 14:29:22,9953.32,6055.86
2022-07-24 14:29:21,10001.8,6007.38
2022-07-24 14:29:20,10049.1,5960.08
2022-07-24 14:29:19,9538.94,6470.25
2022-07-24 14:29:18,9541.64,6467.55
2022-07-24 14:29:17,9544.63,6464.55
2022-07-24 14:29:16,9547.01,6462.18
2022-07-24 14:29:15,9549.2,6459.99
2022-07-24 14:29:14,9549.73,6459.46
2022-07-24 14:29:13,9552.88,6456.31
2022-07-24 14:29:12,9553.02,6456.17
2022-07-24 14:29:11,9561.68,6447.5
2022-07-24 14:29:10,9565.66,6443.53
2022-07-24 14:29:09,9567.95,6441.24
2022-07-24 14:29:08,9569.9,6439.29
2022-07-24 14:29:07,9571.79,6437.4
2022-07-24 14:29:06,9583.87,6425.32
2022-07-24 14:29:05,9612.63,6396.56
2022-07-24 14:29:04,9613.87,6395.32
2022-07-24 14:29:03,9639,6370.19
2022-07-24 14:29:02,9642.18,6367.01
2022-07-24 14:29:01,9678.75,6330.44
2022-07-24 14:29:00,9680.75,6328.44
2022-07-24 14:28:59,9709.56,6299.63
2022-07-24 14:28:58,9740.38,6268.81
2022-07-24 14:28:57,9785.4,6223.78
2022-07-24 14:28:56,9823.76,6185.43
2022-07-24 14:28:55,9963.15,6046.04
2022-07-24 14:28:54,10103.7,5905.54
2022-07-24 14:28:53,10142.5,5866.72
2022-07-24 14:28:52,10255.3,5753.85
2022-07-24 14:28:51,10372.1,5637.1
2022-07-24 14:28:50,10688.7,5320.53
2022-07-24 14:28:49,10806.5,5202.71
2022-07-24 14:28:48,11263.9,4745.27
2022-07-24 14:28:47,11594.7,4414.45
2022-07-24 14:28:46,11750.4,4258.8
2022-07-24 14:28:45,11356.5,4652.68
2022-07-24 14:28:44,11441.4,4567.78
2022-07-24 14:28:43,11555.9,4453.26
2022-07-24 14:28:42,11786,4223.22
2022-07-24 14:28:41,11989,4020.17
2022-07-24 14:28:40,11490.4,4518.83
2022-07-24 14:28:39,10491.9,5517.33
2022-07-24 14:28:38,10012.1,5997.11
2022-07-24 14:28:37,10052.6,5956.6
2022-07-24 14:28:36,10094.1,5915.09
2022-07-24 14:28:35,10103.8,5905.36
2022-07-24 14:28:34,9581.5,6427.69
2022-07-24 14:28:33,9582.09,6427.1
2022-07-24 14:28:32,9583.89,6425.3
2022-07-24 14:28:31,9594.74,6414.45
2022-07-24 14:28:30,9594.98,6414.21
2022-07-24 14:28:29,9598.28,6410.91
2022-07-24 14:28:28,9600.4,6408.79
2022-07-24 14:28:27,9610.21,6398.98
2022-07-24 14:28:26,9610.48,6398.71
2022-07-24 14:28:25,9610.59,6398.6
2022-07-24 14:28:24,9614.15,6395.04
2022-07-24 14:28:23,9619.14,6390.04
2022-07-24 14:28:22,9626.6,6382.59
2022-07-24 14:28:21,9627.39,6381.8
2022-07-24 14:28:20,9637.49,6371.7
2022-07-24 14:28:19,9652.24,6356.95
2022-07-24 14:28:18,9653.61,6355.58
2022-07-24 14:28:17,9692,6317.18
2022-07-24 14:28:16,9692.45,6316.74
2022-07-24 14:28:15,9721.16,6288.03
2022-07-24 14:28:14,9731.86,6277.32
2022-07-24 14:28:13,9767.44,6241.75
2022-07-24 14:28:12,9765.47,6243.72
2022-07-24 14:28:11,9809.96,6199.23
2022-07-24 14:28:10,9828.84,6180.35
2022-07-24 14:28:09,9881.76,6127.43
2022-07-24 14:28:08,9939.1,6070.09
2022-07-24 14:28:07,10085.4,5923.75
2022-07-24 14:28:06,10236.4,5772.78
2022-07-24 14:28:05,10446.8,5562.38
2022-07-24 14:28:04,10539.9,5469.32
2022-07-24 14:28:03,10841.9,5167.3
2022-07-24 14:28:02,10953.6,5055.62
2022-07-24 14:28:01,11259.9,4749.24
2022-07-24 14:28:00,11605,4404.19
2022-07-24 14:27:59,11767.5,4241.73
2022-07-24 14:27:58,11910.2,4098.94
2022-07-24 14:27:57,11546.8,4462.37
2022-07-24 14:27:56,11170,4839.17
2022-07-24 14:27:55,11265.4,4743.75
2022-07-24 14:27:54,11511.7,4497.54
2022-07-24 14:27:53,11092.2,4916.98
2022-07-24 14:27:52,10136.2,5872.94
2022-07-24 14:27:51,10156.5,5852.73
2022-07-24 14:27:50,10211.2,5798.03
2022-07-24 14:27:49,10269.4,5739.78
2022-07-24 14:27:48,9676.18,6333
2022-07-24 14:27:47,9676.91,6332.28
2022-07-24 14:27:46,9678.88,6330.3
2022-07-24 14:27:45,9695.37,6313.82
2022-07-24 14:27:44,9704.62,6304.57
2022-07-24 14:27:43,9705.59,6303.59
2022-07-24 14:27:42,9707.91,6301.28
2022-07-24 14:27:41,9723.76,6285.43
2022-07-24 14:27:40,9736.22,6272.97
2022-07-24 14:27:39,9744.11,6265.08
2022-07-24 14:27:38,9747.02,6262.17
2022-07-24 14:27:37,9755.46,6253.72
2022-07-24 14:27:36,9777.36,6231.82
2022-07-24 14:27:35,9805.47,6203.72
2022-07-24 14:27:34,9804.45,6204.74
2022-07-24 14:27:33,9853.25,6155.94
2022-07-24 14:27:32,9874.91,6134.27
2022-07-24 14:27:31,9897.82,6111.37
2022-07-24 14:27:30,9898.23,6110.96
2022-07-24 14:27:29,9966.95,6042.24
2022-07-24 14:27:28,9999.36,6009.82
2022-07-24 14:27:27,9997.77,6011.42
2022-07-24 14:27:26,9999.68,6009.51
2022-07-24 14:27:25,10113.4,5895.78
2022-07-24 14:27:24,10116.2,5892.99
2022-07-24 14:27:23,10261.1,5748.06
2022-07-24 14:27:22,10411.6,5597.56
2022-07-24 14:27:21,10439.1,5570.09
2022-07-24 14:27:20,10497.4,5511.77
2022-07-24 14:27:19,10688.1,5321.07
2022-07-24 14:27:18,10802.3,5206.9
2022-07-24 14:27:17,10974.2,5035
2022-07-24 14:27:16,11132.2,4877
2022-07-24 14:27:15,11355.4,4653.75
2022-07-24 14:27:14,11054.9,4954.26
2022-07-24 14:27:13,11170.9,4838.29
2022-07-24 14:27:12,11252.3,4756.85
2022-07-24 14:27:11,11338.3,4670.85
2022-07-24 14:27:10,10848.4,5160.79
2022-07-24 14:27:09,10937,5072.16
2022-07-24 14:27:08,11051.9,4957.31
2022-07-24 14:27:07,10915.3,5093.91
2022-07-24 14:27:06,10489.4,5519.84
2022-07-24 14:27:05,10006.1,6003.09
2022-07-24 14:27:04,10035,5974.2
2022-07-24 14:27:03,10077.4,5931.79
2022-07-24 14:27:02,10127.8,5881.44
2022-07-24 14:27:01,10160.5,5848.71
2022-07-24 14:27:00,9657.03,6352.16
2022-07-24 14:26:59,9657.02,6352.17
2022-07-24 14:26:58,9667.45,6341.74
2022-07-24 14:26:57,9672.86,6336.33
2022-07-24 14:26:56,9676.5,6332.68
2022-07-24 14:26:55,9675.68,6333.51
2022-07-24 14:26:54,9679.07,6330.11
2022-07-24 14:26:53,9696.61,6312.58
2022-07-24 14:26:52,9696.94,6312.25
2022-07-24 14:26:51,9697.13,6312.05
2022-07-24 14:26:50,9700.45,6308.74
2022-07-24 14:26:49,9716.43,6292.75
2022-07-24 14:26:48,9719.5,6289.69
2022-07-24 14:26:47,9722.78,6286.4
2022-07-24 14:26:46,9743.56,6265.63
2022-07-24 14:26:45,9762.36,6246.82
2022-07-24 14:26:44,9764.27,6244.91
2022-07-24 14:26:43,9781.94,6227.25
2022-07-24 14:26:42,9826.46,6182.72
2022-07-24 14:26:41,9827.57,6181.61
2022-07-24 14:26:40,9896.39,6112.79
2022-07-24 14:26:39,9955.58,6053.61
2022-07-24 14:26:38,10026.8,5982.42
2022-07-24 14:26:37,10320.7,5688.45
2022-07-24 14:26:36,10550.8,5458.35
2022-07-24 14:26:35,10691.1,5318.14
2022-07-24 14:26:34,10822.3,5186.92
2022-07-24 14:26:33,10930.6,5078.54
2022-07-24 14:26:32,11005.4,5003.8
2022-07-24 14:26:31,11238.5,4770.71
2022-07-24 14:26:30,11473.7,4535.46
2022-07-24 14:26:29,11673.8,4335.4
2022-07-24 14:26:28,11248.5,4760.73
2022-07-24 14:26:27,10900.5,5108.73
2022-07-24 14:26:26,11038.1,4971.06
2022-07-24 14:26:25,11116.6,4892.58
2022-07-24 14:26:24,11238.3,4770.86
2022-07-24 14:26:23,11441,4568.18
2022-07-24 14:26:22,11065.6,4943.58
2022-07-24 14:26:21,10611.8,5397.41
2022-07-24 14:26:20,10672.4,5336.81
2022-07-24 14:26:19,10070.1,5939.1
2022-07-24 14:26:18,10118.9,5890.25
2022-07-24 14:26:17,10167.8,5841.41
2022-07-24 14:26:16,9671.53,6337.66
2022-07-24 14:26:15,9672.52,6336.66
2022-07-24 14:26:14,9675.03,6334.16
2022-07-24 14:26:13,9676.98,6332.21
2022-07-24 14:26:12,9689.11,6320.07
2022-07-24 14:26:11,9701.12,6308.06
2022-07-24 14:26:10,9701.93,6307.25
2022-07-24 14:26:09,9705.71,6303.48
2022-07-24 14:26:08,9705.55,6303.63
2022-07-24 14:26:07,9737.7,6271.48
2022-07-24 14:26:06,9739.84,6269.35
2022-07-24 14:26:05,9744.01,6265.18
2022-07-24 14:26:04,9757.75,6251.44
2022-07-24 14:26:03,9771.55,6237.64
2022-07-24 14:26:02,9803.31,6205.87
2022-07-24 14:26:01,9816.04,6193.14
2022-07-24 14:26:00,9839,6170.19
2022-07-24 14:25:59,9850.61,6158.58
2022-07-24 14:25:58,9914.81,6094.38
2022-07-24 14:25:57,9945.89,6063.29
2022-07-24 14:25:56,9968.95,6040.24
2022-07-24 14:25:55,9999.92,6009.27
2022-07-24 14:25:54,10042,5967.15
2022-07-24 14:25:53,10087.7,5921.44
2022-07-24 14:25:52,10161.3,5847.86
2022-07-24 14:25:51,10373.8,5635.36
2022-07-24 14:25:50,10473.9,5535.32
2022-07-24 14:25:49,10636.9,5372.27
2022-07-24 14:25:48,10752.4,5256.81
2022-07-24 14:25:47,10938.4,5070.81
2022-07-24 14:25:46,11025.9,4983.33
2022-07-24 14:25:45,11106.4,4902.8
2022-07-24 14:25:44,11352.1,4657.11
2022-07-24 14:25:43,11498.6,4510.56
2022-07-24 14:25:42,11072.2,4936.96
2022-07-24 14:25:41,11388.6,4620.58
2022-07-24 14:25:40,11013,4996.2
2022-07-24 14:25:39,10645.6,5363.59
2022-07-24 14:25:38,10719.4,5289.8
2022-07-24 14:25:37,10916.8,5092.42
2022-07-24 14:25:36,10511.7,5497.46
2022-07-24 14:25:35,10568,5441.14
2022-07-24 14:25:34,10636,5373.18
2022-07-24 14:25:33,10158.8,5850.35
2022-07-24 14:25:32,10208,5801.21
2022-07-24 14:25:31,10258.3,5750.84
2022-07-24 14:25:30,10278.5,5730.68
2022-07-24 14:25:29,9798.66,6210.52
2022-07-24 14:25:28,9808.49,6200.7
2022-07-24 14:25:27,9817.59,6191.6
2022-07-24 14:25:26,9831.7,6177.49
2022-07-24 14:25:25,9832.36,6176.83
2022-07-24 14:25:24,9857.91,6151.28
2022-07-24 14:25:23,9866.55,6142.64
2022-07-24 14:25:22,9869.5,6139.69
2022-07-24 14:25:21,9891.02,6118.16
2022-07-24 14:25:20,9919.27,6089.91
2022-07-24 14:25:19,9924.28,6084.91
2022-07-24 14:25:18,9925.86,6083.33
2022-07-24 14:25:17,9955.02,6054.17
2022-07-24 14:25:16,9988.79,6020.4
2022-07-24 14:25:15,10010.4,5998.77
2022-07-24 14:25:14,10014.9,5994.25
2022-07-24 14:25:13,10048.6,5960.56
2022-07-24 14:25:12,10094.2,5915
2022-07-24 14:25:11,10106.5,5902.67
2022-07-24 14:25:10,10146.1,5863.12
2022-07-24 14:25:09,10214.9,5794.27
2022-07-24 14:25:08,10223.3,5785.87
2022-07-24 14:25:07,10235.1,5774.08
2022-07-24 14:25:06,10338.6,5670.61
2022-07-24 14:25:05,10403,5606.14
2022-07-24 14:25:04,10473.1,5536.1
2022-07-24 14:25:03,10781.2,5227.96
2022-07-24 14:25:02,11052.8,4956.35
2022-07-24 14:25:01,11156.2,4852.98
2022-07-24 14:25:00,11235.6,4773.63
2022-07-24 14:24:59,11426.1,4583.12
2022-07-24 14:24:58,11539.6,4469.62
2022-07-24 14:24:57,11619.9,4389.25
2022-07-24 14:24:56,11803.2,4205.98
2022-07-24 14:24:55,11909.7,4099.5
2022-07-24 14:24:54,11131.7,4877.44
2022-07-24 14:24:53,10708.4,5300.81
2022-07-24 14:24:52,10792.2,5217.01
2022-07-24 14:24:51,10468.2,5540.94
2022-07-24 14:24:50,10515,5494.15
2022-07-24 14:24:49,10573.9,5435.24
2022-07-24 14:24:48,10647.6,5361.64
2022-07-24 14:24:47,10710.5,5298.72
2022-07-24 14:24:46,10252.9,5756.3
2022-07-24 14:24:45,10275.9,5733.27
2022-07-24 14:24:44,9781.3,6227.89
2022-07-24 14:24:43,9784.24,6224.95
2022-07-24 14:24:42,9792.71,6216.47
2022-07-24 14:24:41,9803.07,6206.12
2022-07-24 14:24:40,9812.91,6196.27
2022-07-24 14:24:39,9818.77,6190.41
2022-07-24 14:24:38,9840.26,6168.93
2022-07-24 14:24:37,9841.53,6167.66
2022-07-24 14:24:36,9857.04,6152.14
2022-07-24 14:24:35,9870.53,6138.66
2022-07-24 14:24:34,9905.49,6103.7
2022-07-24 14:24:33,9919.91,6089.28
2022-07-24 14:24:32,9929.2,6079.98
2022-07-24 14:24:31,9930.54,6078.64
2022-07-24 14:24:30,9971.71,6037.47
2022-07-24 14:24:29,9993.21,6015.98
2022-07-24 14:24:28,10029.8,5979.35
2022-07-24 14:24:27,10046.9,5962.24
2022-07-24 14:24:26,10079.7,5929.46
2022-07-24 14:24:25,10114.6,5894.54
2022-07-24 14:24:24,10162.3,5846.87
2022-07-24 14:24:23,10190.2,5818.97
2022-07-24 14:24:22,10277.5,5731.72
2022-07-24 14:24:21,10315.6,5693.6
2022-07-24 14:24:20,10532.5,5476.65
2022-07-24 14:24:19,10787.8,5221.42
2022-07-24 14:24:18,10884.6,5124.6
2022-07-24 14:24:17,11077.9,4931.25
2022-07-24 14:24:16,11293.5,4715.7
2022-07-24 14:24:15,11396.5,4612.64
2022-07-24 14:24:14,11505.1,4504.07
2022-07-24 14:24:13,11601.3,4407.84
2022-07-24 14:24:12,11715.5,4293.69
2022-07-24 14:24:11,11332.1,4677.12
2022-07-24 14:24:10,11456.1,4553.12
2022-07-24 14:24:09,11007.1,5002.06
2022-07-24 14:24:08,10715.9,5293.33
2022-07-24 14:24:07,10235.3,5773.92
2022-07-24 14:24:06,10280.4,5728.82
2022-07-24 14:24:05,10433.9,5575.3
2022-07-24 14:24:04,10527.5,5481.69
2022-07-24 14:24:03,10581.6,5427.6
2022-07-24 14:24:02,10639.2,5369.97
2022-07-24 14:24:01,10164.8,5844.42
2022-07-24 14:24:00,10212.9,5796.24
2022-07-24 14:23:59,10256.1,5753.08
2022-07-24 14:23:58,10260,5749.14
2022-07-24 14:23:57,9644.02,6365.17
2022-07-24 14:23:56,9645.36,6363.83
2022-07-24 14:23:55,9647.67,6361.52
2022-07-24 14:23:54,9648.71,6360.48
2022-07-24 14:23:53,9677.04,6332.15
2022-07-24 14:23:52,9693.9,6315.28
2022-07-24 14:23:51,9698.15,6311.04
2022-07-24 14:23:50,9699.54,6309.65
2022-07-24 14:23:49,9743.51,6265.68
2022-07-24 14:23:48,9777.63,6231.56
2022-07-24 14:23:47,9779.14,6230.05
2022-07-24 14:23:46,9822.72,6186.47
2022-07-24 14:23:45,9843.28,6165.9
2022-07-24 14:23:44,9884.64,6124.54
2022-07-24 14:23:43,9902.65,6106.54
2022-07-24 14:23:42,9926.34,6082.84
2022-07-24 14:23:41,9950.18,6059.01
2022-07-24 14:23:40,10019.9,5989.28
2022-07-24 14:23:39,10042.3,5966.86
2022-07-24 14:23:38,10067.6,5941.55
2022-07-24 14:23:37,10120.4,5888.84
2022-07-24 14:23:36,10211.7,5797.5
2022-07-24 14:23:35,10511.2,5498
2022-07-24 14:23:34,10658,5351.2
2022-07-24 14:23:33,10845.9,5163.3
2022-07-24 14:23:32,10940.8,5068.39
2022-07-24 14:23:31,11115.2,4893.97
2022-07-24 14:23:30,11260.5,4748.68
2022-07-24 14:23:29,11349.7,4659.47
2022-07-24 14:23:28,11490.7,4518.5
2022-07-24 14:23:27,11613.9,4395.27
2022-07-24 14:23:26,10666.6,5342.6
2022-07-24 14:23:25,10236.1,5773.05
2022-07-24 14:23:24,10304.3,5704.88
2022-07-24 14:23:23,9815.7,6193.48
2022-07-24 14:23:22,9988.61,6020.57
2022-07-24 14:23:21,10081.5,5927.69
2022-07-24 14:23:20,10113.4,5895.82
2022-07-24 14:23:19,10140.1,5869.05
2022-07-24 14:23:18,10470.5,5538.73
2022-07-24 14:23:17,10570.2,5439.01
2022-07-24 14:23:16,10678.8,5330.44
2022-07-24 14:23:15,10736,5273.21
2022-07-24 14:23:14,10242.7,5766.49
2022-07-24 14:23:13,10300.9,5708.33
2022-07-24 14:23:12,10342.9,5666.31
2022-07-24 14:23:11,10375.1,5634.06
2022-07-24 14:23:10,9868.88,6140.31
2022-07-24 14:23:09,9897.25,6111.94
2022-07-24 14:23:08,9900.79,6108.4
2022-07-24 14:23:07,9918.91,6090.27
2022-07-24 14:23:06,9944.78,6064.41
2022-07-24 14:23:05,9962.6,6046.59
2022-07-24 14:23:04,9968.28,6040.91
2022-07-24 14:23:03,9993.34,6015.85
2022-07-24 14:23:02,10023.4,5985.8
2022-07-24 14:23:01,10017.2,5992.03
2022-07-24 14:23:00,10060.9,5948.24
2022-07-24 14:22:59,10071.2,5938.01
2022-07-24 14:22:58,10105.5,5903.73
2022-07-24 14:22:57,10118.5,5890.69
2022-07-24 14:22:56,10111.3,5897.91
2022-07-24 14:22:55,10172.1,5837.07
2022-07-24 14:22:54,10185.5,5823.69
2022-07-24 14:22:53,10236.8,5772.41
2022-07-24 14:22:52,10269.4,5739.79
2022-07-24 14:22:51,10366.9,5642.3
2022-07-24 14:22:50,10686.7,5322.45
2022-07-24 14:22:49,10910,5099.19
2022-07-24 14:22:48,11015.2,4993.99
2022-07-24 14:22:47,11190.4,4818.78
2022-07-24 14:22:46,11309,4700.23
2022-07-24 14:22:45,11398.4,4610.77
2022-07-24 14:22:44,11508.4,4500.77
2022-07-24 14:22:43,11652.1,4357.07
2022-07-24 14:22:42,11789.8,4219.39
2022-07-24 14:22:41,10872.9,5136.32
2022-07-24 14:22:40,10283.7,5725.5
2022-07-24 14:22:39,9677.68,6331.5
2022-07-24 14:22:38,9723.44,6285.75
2022-07-24 14:22:37,9753.98,6255.2
2022-07-24 14:22:36,9902.55,6106.64
2022-07-24 14:22:35,9993.62,6015.57
2022-07-24 14:22:34,10029.2,5979.98
2022-07-24 14:22:33,10188.8,5820.42
2022-07-24 14:22:32,10276.6,5732.61
2022-07-24 14:22:31,10332.2,5677.02
2022-07-24 14:22:30,10396.7,5612.46
2022-07-24 14:22:29,10427.9,5581.27
2022-07-24 14:22:28,9950.28,6058.91
2022-07-24 14:22:27,9993.64,6015.55
2022-07-24 14:22:26,10015.9,5993.3
2022-07-24 14:22:25,9388.26,6620.93
2022-07-24 14:22:24,9399.18,6610
2022-07-24 14:22:23,9404.73,6604.45
2022-07-24 14:22:22,9404.68,6604.51
2022-07-24 14:22:21,9419.71,6589.48
2022-07-24 14:22:20,9428.86,6580.33
2022-07-24 14:22:19,9450.25,6558.94
2022-07-24 14:22:18,9451.61,6557.58
2022-07-24 14:22:17,9480.08,6529.11
2022-07-24 14:22:16,9487.46,6521.73
2022-07-24 14:22:15,9514.49,6494.7
2022-07-24 14:22:14,9542.09,6467.1
2022-07-24 14:22:13,9548.6,6460.59
2022-07-24 14:22:12,9558.94,6450.24
2022-07-24 14:22:11,9573.64,6435.55
2022-07-24 14:22:10,9626.39,6382.8
2022-07-24 14:22:09,9639.02,6370.16
2022-07-24 14:22:08,9802.24,6206.95
2022-07-24 14:22:07,9914.92,6094.27
2022-07-24 14:22:06,10026.9,5982.32
2022-07-24 14:22:05,10126.7,5882.45
2022-07-24 14:22:04,10227.3,5781.84
2022-07-24 14:22:03,10675.4,5333.82
2022-07-24 14:22:02,10981.9,5027.32
2022-07-24 14:22:01,11106.2,4902.97
2022-07-24 14:22:00,11282.2,4727.02
2022-07-24 14:21:59,11360.3,4648.87
2022-07-24 14:21:58,10938,5071.14
2022-07-24 14:21:57,11040.1,4969.13
2022-07-24 14:21:56,11150.1,4859.05
2022-07-24 14:21:55,11000.4,5008.79
2022-07-24 14:21:54,9620.06,6389.13
2022-07-24 14:21:53,9654.18,6355
2022-07-24 14:21:52,9687.59,6321.59
2022-07-24 14:21:51,9877.2,6131.98
2022-07-24 14:21:50,9925.41,6083.78
2022-07-24 14:21:49,9954.84,6054.35
2022-07-24 14:21:48,10287.6,5721.6
2022-07-24 14:21:47,10361.9,5647.32
2022-07-24 14:21:46,10458.4,5550.78
2022-07-24 14:21:45,10537.7,5471.54
2022-07-24 14:21:44,10048.1,5961.04
2022-07-24 14:21:43,10092.4,5916.83
2022-07-24 14:21:42,10131.6,5877.61
2022-07-24 14:21:41,10178,5831.19
2022-07-24 14:21:40,9579.25,6429.93
2022-07-24 14:21:39,9581.73,6427.46
2022-07-24 14:21:38,9592.81,6416.38
2022-07-24 14:21:37,9610.55,6398.63
2022-07-24 14:21:36,9631.93,6377.26
2022-07-24 14:21:35,9633.92,6375.27
2022-07-24 14:21:34,9649.9,6359.28
2022-07-24 14:21:33,9665.75,6343.44
2022-07-24 14:21:32,9685.92,6323.27
2022-07-24 14:21:31,9688.45,6320.73
2022-07-24 14:21:30,9719.79,6289.39
2022-07-24 14:21:29,9734.75,6274.44
2022-07-24 14:21:28,9746.5,6262.69
2022-07-24 14:21:27,9748.74,6260.45
2022-07-24 14:21:26,9769.22,6239.97
2022-07-24 14:21:25,9792.61,6216.58
2022-07-24 14:21:24,9822.22,6186.97
2022-07-24 14:21:23,9842.78,6166.41
2022-07-24 14:21:22,9968.52,6040.67
2022-07-24 14:21:21,10138.7,5870.5
2022-07-24 14:21:20,10221.4,5787.75
2022-07-24 14:21:19,10595.8,5413.4
2022-07-24 14:21:18,10752,5257.2
2022-07-24 14:21:17,10861.6,5147.55
2022-07-24 14:21:16,10962.9,5046.33
2022-07-24 14:21:15,11049.1,4960.07
2022-07-24 14:21:14,11131,4878.16
2022-07-24 14:21:13,11408.8,4600.38
2022-07-24 14:21:12,11002.8,5006.35
2022-07-24 14:21:11,11105.4,4903.81
2022-07-24 14:21:10,10152.2,5856.95
2022-07-24 14:21:09,10209.7,5799.5
2022-07-24 14:21:08,10258.7,5750.47
2022-07-24 14:21:07,10452.7,5556.51
2022-07-24 14:21:06,10051.8,5957.4
2022-07-24 14:21:05,10062.6,5946.59
2022-07-24 14:21:04,10094.7,5914.47
2022-07-24 14:21:03,10340,5669.18
2022-07-24 14:21:02,10496.9,5512.34
2022-07-24 14:21:01,10600.7,5408.52
2022-07-24 14:21:00,10663.4,5345.77
2022-07-24 14:20:59,10180.5,5828.68
2022-07-24 14:20:58,10226.2,5782.98
2022-07-24 14:20:57,10279.8,5729.36
2022-07-24 14:20:56,10326.5,5682.7
2022-07-24 14:20:55,9822.13,6187.06
2022-07-24 14:20:54,9864.78,6144.41
2022-07-24 14:20:53,9865.05,6144.13
2022-07-24 14:20:52,9886.8,6122.39
2022-07-24 14:20:51,9898.14,6111.04
2022-07-24 14:20:50,9930.32,6078.86
2022-07-24 14:20:49,9933.23,6075.95
2022-07-24 14:20:48,9962.09,6047.1
2022-07-24 14:20:47,9969.59,6039.59
2022-07-24 14:20:46,10005.2,6003.98
2022-07-24 14:20:45,10018.8,5990.39
2022-07-24 14:20:44,10034,5975.2
2022-07-24 14:20:43,10075.5,5933.71
2022-07-24 14:20:42,10087.4,5921.81
2022-07-24 14:20:41,10106.6,5902.54
2022-07-24 14:20:40,10183.2,5825.95
2022-07-24 14:20:39,10188.3,5820.9
2022-07-24 14:20:38,10303.3,5705.93
2022-07-24 14:20:37,10480.1,5529.04
2022-07-24 14:20:36,10529.1,5480.09
2022-07-24 14:20:35,10633.9,5375.32
2022-07-24 14:20:34,10932.2,5076.98
2022-07-24 14:20:33,11034,4975.22
2022-07-24 14:20:32,11120.6,4888.57
2022-07-24 14:20:31,11228.2,4781.02
2022-07-24 14:20:30,11433.7,4575.49
2022-07-24 14:20:29,11577.3,4431.86
2022-07-24 14:20:28,11072.4,4936.8
2022-07-24 14:20:27,11188.3,4820.93
2022-07-24 14:20:26,10756,5253.15
2022-07-24 14:20:25,10290,5719.14
2022-07-24 14:20:24,10346.1,5663.09
2022-07-24 14:20:23,10347,5662.19
2022-07-24 14:20:22,9903.01,6106.18
2022-07-24 14:20:21,9958,6051.18
2022-07-24 14:20:20,10118.9,5890.3
2022-07-24 14:20:19,10146.7,5862.53
2022-07-24 14:20:18,10210.7,5798.47
2022-07-24 14:20:17,10243.3,5765.86
2022-07-24 14:20:16,10314.6,5694.57
2022-07-24 14:20:15,10498.4,5510.78
2022-07-24 14:20:14,10568,5441.21
2022-07-24 14:20:13,10100.3,5908.84
2022-07-24 14:20:12,10135.7,5873.44
2022-07-24 14:20:11,10156.8,5852.36
2022-07-24 14:20:10,10201.1,5808.09
2022-07-24 14:20:09,10261.4,5747.75
2022-07-24 14:20:08,10297.1,5712.07
2022-07-24 14:20:07,9794.89,6214.3
2022-07-24 14:20:06,9797.75,6211.44
2022-07-24 14:20:05,9817.87,6191.31
2022-07-24 14:20:04,9841.97,6167.22
2022-07-24 14:20:03,9845.91,6163.28
2022-07-24 14:20:02,9859.77,6149.42
2022-07-24 14:20:01,9873.51,6135.68
2022-07-24 14:20:00,9888.98,6120.21
2022-07-24 14:19:59,9905.96,6103.23
2022-07-24 14:19:58,9933.94,6075.25
2022-07-24 14:19:57,9935.54,6073.65
2022-07-24 14:19:56,9958.26,6050.93
2022-07-24 14:19:55,10027.6,5981.63
2022-07-24 14:19:54,10017.7,5991.52
2022-07-24 14:19:53,10054.7,5954.46
2022-07-24 14:19:52,10354.1,5655.07
2022-07-24 14:19:51,10459.5,5549.71
2022-07-24 14:19:50,10529.4,5479.79
2022-07-24 14:19:49,10641.3,5367.93
2022-07-24 14:19:48,10931.8,5077.41
2022-07-24 14:19:47,11076.9,4932.27
2022-07-24 14:19:46,11265.3,4743.93
2022-07-24 14:19:45,11396.9,4612.34
2022-07-24 14:19:44,11499.7,4509.47
2022-07-24 14:19:43,11060.2,4949.04
2022-07-24 14:19:42,11160.6,4848.59
2022-07-24 14:19:41,11312.4,4696.81
2022-07-24 14:19:40,10265.8,5743.34
2022-07-24 14:19:39,9687.32,6321.87
2022-07-24 14:19:38,9729.69,6279.5
2022-07-24 14:19:37,9754.96,6254.23
2022-07-24 14:19:36,9895,6114.19
2022-07-24 14:19:35,9980.18,6029
2022-07-24 14:19:34,9994.2,6014.99
2022-07-24 14:19:33,10012.7,5996.48
2022-07-24 14:19:32,10063.7,5945.46
2022-07-24 14:19:31,10149,5860.21
2022-07-24 14:19:30,10212.9,5796.34
2022-07-24 14:19:29,10401,5608.22
2022-07-24 14:19:28,9907.41,6101.78
2022-07-24 14:19:27,9941.04,6068.14
2022-07-24 14:19:26,9966.68,6042.51
2022-07-24 14:19:25,10008.1,6001.09
2022-07-24 14:19:24,10053.6,5955.6
2022-07-24 14:19:23,10078.1,5931.06
2022-07-24 14:19:22,9559.49,6449.7
2022-07-24 14:19:21,9558.11,6451.08
2022-07-24 14:19:20,9561.42,6447.77
2022-07-24 14:19:19,9593.88,6415.31
2022-07-24 14:19:18,9593.46,6415.72
2022-07-24 14:19:17,9594.69,6414.5
2022-07-24 14:19:16,9612.16,6397.03
2022-07-24 14:19:15,9640.53,6368.66
2022-07-24 14:19:14,9653.29,6355.89
2022-07-24 14:19:13,9656.16,6353.03
2022-07-24 14:19:12,9659.77,6349.42
2022-07-24 14:19:11,9677.33,6331.86
2022-07-24 14:19:10,9681.01,6328.18
2022-07-24 14:19:09,9771.69,6237.5
2022-07-24 14:19:08,9813.25,6195.93
2022-07-24 14:19:07,9892.33,6116.86
2022-07-24 14:19:06,10215.1,5794.05
2022-07-24 14:19:05,10295.8,5713.42
2022-07-24 14:19:04,10750.6,5258.6
2022-07-24 14:19:03,10929.5,5079.7
2022-07-24 14:19:02,11169.6,4839.56
2022-07-24 14:19:01,11245.4,4763.75
2022-07-24 14:19:00,11337.8,4671.43
2022-07-24 14:18:59,11447.7,4561.53
2022-07-24 14:18:58,11580.9,4428.32
2022-07-24 14:18:57,11715.2,4294
2022-07-24 14:18:56,10672.7,5336.5
2022-07-24 14:18:55,9718.83,6290.36
2022-07-24 14:18:54,9720.65,6288.54
2022-07-24 14:18:53,9764.23,6244.96
2022-07-24 14:18:52,9777.89,6231.29
2022-07-24 14:18:51,9931.94,6077.25
2022-07-24 14:18:50,10028.2,5981.02
2022-07-24 14:18:49,10041.2,5968.02
2022-07-24 14:18:48,10073.2,5935.95
2022-07-24 14:18:47,10097,5912.2
2022-07-24 14:18:46,10203.7,5805.5
2022-07-24 14:18:45,10250.6,5758.56
2022-07-24 14:18:44,9774.43,6234.75
2022-07-24 14:18:43,9958.77,6050.42
2022-07-24 14:18:42,9976.51,6032.68
2022-07-24 14:18:41,10006,6003.18
2022-07-24 14:18:40,10028.5,5980.71
2022-07-24 14:18:39,10090.1,5919.08
2022-07-24 14:18:38,10131.3,5877.89
2022-07-24 14:18:37,10160.3,5848.89
2022-07-24 14:18:36,9663.96,6345.23
2022-07-24 14:18:35,9682.6,6326.59
2022-07-24 14:18:34,9684.32,6324.87
2022-07-24 14:18:33,9683.37,6325.82
2022-07-24 14:18:32,9720.24,6288.95
2022-07-24 14:18:31,9721.45,6287.74
2022-07-24 14:18:30,9724.84,6284.34
2022-07-24 14:18:29,9753.51,6255.68
2022-07-24 14:18:28,9786.5,6222.68
2022-07-24 14:18:27,9788.46,6220.73
2022-07-24 14:18:26,9793.31,6215.88
2022-07-24 14:18:25,9831.73,6177.46
2022-07-24 14:18:24,9835.43,6173.76
2022-07-24 14:18:23,9899.71,6109.48
2022-07-24 14:18:22,10029.4,5979.79
2022-07-24 14:18:21,10057.6,5951.57
2022-07-24 14:18:20,10299.7,5709.53
2022-07-24 14:18:19,10474.8,5534.38
2022-07-24 14:18:18,10833.1,5176.07
2022-07-24 14:18:17,10920.3,5088.89
2022-07-24 14:18:16,11045.9,4963.33
2022-07-24 14:18:15,11213.8,4795.38
2022-07-24 14:18:14,11364.3,4644.88
2022-07-24 14:18:13,11465,4544.23
2022-07-24 14:18:12,11593.4,4415.83
2022-07-24 14:18:11,11217.2,4791.98
2022-07-24 14:18:10,10756.2,5252.95
2022-07-24 14:18:09,10218,5791.22
2022-07-24 14:18:08,10254.8,5754.43
2022-07-24 14:18:07,9798.26,6210.93
2022-07-24 14:18:06,9852.86,6156.33
2022-07-24 14:18:05,9865.46,6143.72
2022-07-24 14:18:04,9896.97,6112.22
2022-07-24 14:18:03,9942.83,6066.36
2022-07-24 14:18:02,10025.7,5983.45
2022-07-24 14:18:01,10069.9,5939.32
2022-07-24 14:18:00,9569.2,6439.99
2022-07-24 14:17:59,9617.69,6391.5
2022-07-24 14:17:58,9633.96,6375.23
2022-07-24 14:17:57,9667.77,6341.42
2022-07-24 14:17:56,9843.96,6165.23
2022-07-24 14:17:55,9869.11,6140.07
2022-07-24 14:17:54,9905.49,6103.7
2022-07-24 14:17:53,9930.57,6078.62
2022-07-24 14:17:52,9969.94,6039.25
2022-07-24 14:17:51,10006.5,6002.69
2022-07-24 14:17:50,10058.7,5950.45
2022-07-24 14:17:49,9569.73,6439.46
2022-07-24 14:17:48,9597.9,6411.29
2022-07-24 14:17:47,9600.15,6409.04
2022-07-24 14:17:46,9615.86,6393.33
2022-07-24 14:17:45,9625.18,6384.01
2022-07-24 14:17:44,9658.73,6350.46
2022-07-24 14:17:43,9661.92,6347.27
2022-07-24 14:17:42,9678,6331.19
2022-07-24 14:17:41,9684.75,6324.44
2022-07-24 14:17:40,9720.12,6289.07
2022-07-24 14:17:39,9745.75,6263.44
2022-07-24 14:17:38,9741.05,6268.14
2022-07-24 14:17:37,9790.64,6218.55
2022-07-24 14:17:36,9834.81,6174.38
2022-07-24 14:17:35,9928.19,6081
2022-07-24 14:17:34,10161.9,5847.33
2022-07-24 14:17:33,10312.6,5696.56
2022-07-24 14:17:32,10572.1,5437.05
2022-07-24 14:17:31,10784.5,5224.66
2022-07-24 14:17:30,11162.7,4846.46
2022-07-24 14:17:29,11311.8,4697.37
2022-07-24 14:17:28,11424.7,4584.48
2022-07-24 14:17:27,11565.7,4443.51
2022-07-24 14:17:26,11685.7,4323.46
2022-07-24 14:17:25,11304,4705.2
2022-07-24 14:17:24,10887.5,5121.65
2022-07-24 14:17:23,10422.4,5586.83
2022-07-24 14:17:22,10286.5,5722.66
2022-07-24 14:17:21,9840.82,6168.36
2022-07-24 14:17:20,9875.73,6133.45
2022-07-24 14:17:19,10023.4,5985.81
2022-07-24 14:17:18,10049.6,5959.63
2022-07-24 14:17:17,10085.4,5923.82
2022-07-24 14:17:16,10113.8,5895.44
2022-07-24 14:17:15,10167.5,5841.73
2022-07-24 14:17:14,10228.1,5781.07
2022-07-24 14:17:13,10249,5760.2
2022-07-24 14:17:12,9634.53,6374.66
2022-07-24 14:17:11,9676.64,6332.55
2022-07-24 14:17:10,9684.18,6325.01
2022-07-24 14:17:09,9829.73,6179.46
2022-07-24 14:17:08,9896.67,6112.52
2022-07-24 14:17:07,9910.62,6098.57
2022-07-24 14:17:06,9953.69,6055.5
2022-07-24 14:17:05,9976.72,6032.47
2022-07-24 14:17:04,10017.6,5991.55
2022-07-24 14:17:03,10065.2,5943.95
2022-07-24 14:17:02,9575.11,6434.08
2022-07-24 14:17:01,9577.21,6431.98
2022-07-24 14:17:00,9592.96,6416.23
2022-07-24 14:16:59,9626.83,6382.36
2022-07-24 14:16:58,9639.22,6369.97
2022-07-24 14:16:57,9648.61,6360.58
2022-07-24 14:16:56,9647.81,6361.38
2022-07-24 14:16:55,9752.19,6257
2022-07-24 14:16:54,9747.25,6261.94
2022-07-24 14:16:53,9749.64,6259.54
2022-07-24 14:16:52,9788.01,6221.18
2022-07-24 14:16:51,9865.95,6143.24
2022-07-24 14:16:50,9896.26,6112.93
2022-07-24 14:16:49,10124.7,5884.5
2022-07-24 14:16:48,10342.7,5666.51
2022-07-24 14:16:47,10422.8,5586.42
2022-07-24 14:16:46,10591.6,5417.58
2022-07-24 14:16:45,10675.7,5333.52
2022-07-24 14:16:44,10967.4,5041.81
2022-07-24 14:16:43,11135.1,4874.09
2022-07-24 14:16:42,11276.8,4732.34
2022-07-24 14:16:41,11410.6,4598.62
2022-07-24 14:16:40,10992.3,5016.9
2022-07-24 14:16:39,10571.3,5437.91
2022-07-24 14:16:38,10002.8,6006.4
2022-07-24 14:16:37,10103.8,5905.37
2022-07-24 14:16:36,9620.93,6388.26
2022-07-24 14:16:35,9660.22,6348.97
2022-07-24 14:16:34,9973.1,6036.09
2022-07-24 14:16:33,10047.6,5961.62
2022-07-24 14:16:32,10078.5,5930.72
2022-07-24 14:16:31,10107,5902.16
2022-07-24 14:16:30,10166,5843.2
2022-07-24 14:16:29,10222.1,5787.04
2022-07-24 14:16:28,10250.5,5758.68
2022-07-24 14:16:27,9776.79,6232.4
2022-07-24 14:16:26,9780.43,6228.76
2022-07-24 14:16:25,9949.4,6059.79
2022-07-24 14:16:24,10006.3,6002.93
2022-07-24 14:16:23,10019.7,5989.46
2022-07-24 14:16:22,10050.7,5958.44
2022-07-24 14:16:21,10087.5,5921.72
2022-07-24 14:16:20,10122,5887.14
2022-07-24 14:16:19,10169.7,5839.44
2022-07-24 14:16:18,9685.61,6323.58
2022-07-24 14:16:17,9724.21,6284.97
2022-07-24 14:16:16,9725.78,6283.41
2022-07-24 14:16:15,9727.23,6281.96
2022-07-24 14:16:14,9746.5,6262.69
2022-07-24 14:16:13,9750.23,6258.96
2022-07-24 14:16:12,9789.41,6219.77
2022-07-24 14:16:11,9795.12,6214.07
2022-07-24 14:16:10,9827.63,6181.56
2022-07-24 14:16:09,9824,6185.19
2022-07-24 14:16:08,9874.21,6134.98
2022-07-24 14:16:07,9901.51,6107.68
2022-07-24 14:16:06,9902.59,6106.59
2022-07-24 14:16:05,9983.73,6025.46
2022-07-24 14:16:04,10076.6,5932.61
2022-07-24 14:16:03,10154.1,5855.09
2022-07-24 14:16:02,10406.6,5602.55
2022-07-24 14:16:01,10566.2,5442.95
2022-07-24 14:16:00,10937.1,5072.13
2022-07-24 14:15:59,11101,4908.16
2022-07-24 14:15:58,11235.9,4773.28
2022-07-24 14:15:57,11294.9,4714.28
2022-07-24 14:15:56,11444.8,4564.39
2022-07-24 14:15:55,11524.5,4484.73
2022-07-24 14:15:54,11687.6,4321.57
2022-07-24 14:15:53,11632.4,4376.74
2022-07-24 14:15:52,10394.9,5614.26
2022-07-24 14:15:51,9923.27,6085.92
2022-07-24 14:15:50,9985.11,6024.08
2022-07-24 14:15:49,10004.8,6004.36
2022-07-24 14:15:48,10031.5,5977.71
2022-07-24 14:15:47,10073.9,5935.26
2022-07-24 14:15:46,10144.4,5864.79
2022-07-24 14:15:45,10184.1,5825.06
2022-07-24 14:15:44,9670.03,6339.16
2022-07-24 14:15:43,9718.35,6290.84
2022-07-24 14:15:42,9725.3,6283.88
2022-07-24 14:15:41,9825.51,6183.68
2022-07-24 14:15:40,9941.14,6068.04
2022-07-24 14:15:39,9954.25,6054.94
2022-07-24 14:15:38,9973.75,6035.43
2022-07-24 14:15:37,9997.64,6011.55
2022-07-24 14:15:36,10058.7,5950.48
2022-07-24 14:15:35,10125.1,5884.06
2022-07-24 14:15:34,9630.69,6378.5
2022-07-24 14:15:33,9634.74,6374.45
2022-07-24 14:15:32,9638.52,6370.67
2022-07-24 14:15:31,9672.64,6336.55
2022-07-24 14:15:30,9691.17,6318.02
2022-07-24 14:15:29,9692.11,6317.07
2022-07-24 14:15:28,9719.01,6290.18
2022-07-24 14:15:27,9732.82,6276.37
2022-07-24 14:15:26,9735.13,6274.06
2022-07-24 14:15:25,9770.99,6238.2
2022-07-24 14:15:24,9789.12,6220.07
2022-07-24 14:15:23,9794.61,6214.58
2022-07-24 14:15:22,9810.4,6198.79
2022-07-24 14:15:21,9838.17,6171.02
2022-07-24 14:15:20,9900.24,6108.95
2022-07-24 14:15:19,9917.92,6091.27
2022-07-24 14:15:18,10039,5970.21
2022-07-24 14:15:17,10187.3,5821.87
2022-07-24 14:15:16,10275.2,5734.01
2022-07-24 14:15:15,10390.5,5618.72
2022-07-24 14:15:14,10557.5,5451.69
2022-07-24 14:15:13,10756.6,5252.61
2022-07-24 14:15:12,11150.8,4858.36
2022-07-24 14:15:11,11253.3,4755.91
2022-07-24 14:15:10,11426.7,4582.48
2022-07-24 14:15:09,11515.8,4493.39
2022-07-24 14:15:08,11103.6,4905.62
2022-07-24 14:15:07,11342.1,4667.1
2022-07-24 14:15:06,11490.5,4518.71
2022-07-24 14:15:05,10985.1,5024.07
2022-07-24 14:15:04,10506.5,5502.71
2022-07-24 14:15:03,10043.4,5965.83
2022-07-24 14:15:02,10101,5908.21
2022-07-24 14:15:01,10143,5866.15
2022-07-24 14:15:00,10156.4,5852.81
2022-07-24 14:14:59,9568.27,6440.92
2022-07-24 14:14:58,9594.58,6414.61
2022-07-24 14:14:57,9765.47,6243.72
2022-07-24 14:14:56,9808.99,6200.2
2022-07-24 14:14:55,9821.18,6188.01
2022-07-24 14:14:54,9856.19,6153
2022-07-24 14:14:53,9890.48,6118.71
2022-07-24 14:14:52,9936.04,6073.14
2022-07-24 14:14:51,9973.58,6035.61
2022-07-24 14:14:50,9471.79,6537.4
2022-07-24 14:14:49,9486.84,6522.34
2022-07-24 14:14:48,9486.07,6523.11
2022-07-24 14:14:47,9488.85,6520.34
2022-07-24 14:14:46,9506.93,6502.26
2022-07-24 14:14:45,9518.41,6490.78
2022-07-24 14:14:44,9547.45,6461.74
2022-07-24 14:14:43,9548.2,6460.99
2022-07-24 14:14:42,9551.93,6457.25
2022-07-24 14:14:41,9594.36,6414.83
2022-07-24 14:14:40,9620.37,6388.82
2022-07-24 14:14:39,9620.47,6388.71
2022-07-24 14:14:38,9647.42,6361.77
2022-07-24 14:14:37,9668.28,6340.91
2022-07-24 14:14:36,9704.1,6305.09
2022-07-24 14:14:35,9696.97,6312.22
2022-07-24 14:14:34,9746.75,6262.44
2022-07-24 14:14:33,9771.98,6237.21
2022-07-24 14:14:32,9818.47,6190.72
2022-07-24 14:14:31,9924.03,6085.16
2022-07-24 14:14:30,10107.6,5901.59
2022-07-24 14:14:29,10245,5764.22
2022-07-24 14:14:28,10479.7,5529.46
2022-07-24 14:14:27,10917.9,5091.3
2022-07-24 14:14:26,11035.2,4974
2022-07-24 14:14:25,11143.6,4865.59
2022-07-24 14:14:24,11329.1,4680.11
2022-07-24 14:14:23,11627.8,4381.36
2022-07-24 14:14:22,11753.5,4255.64
2022-07-24 14:14:21,11942.9,4066.3
2022-07-24 14:14:20,11445.8,4563.41
2022-07-24 14:14:19,11054.5,4954.71
2022-07-24 14:14:18,11105.1,4904.13
2022-07-24 14:14:17,9893.44,6115.75
2022-07-24 14:14:16,9408.28,6600.91
2022-07-24 14:14:15,9409.57,6599.62
2022-07-24 14:14:14,9415.07,6594.12
2022-07-24 14:14:13,9451.27,6557.92
2022-07-24 14:14:12,9464.92,6544.27
2022-07-24 14:14:11,9609.7,6399.49
2022-07-24 14:14:10,9657.38,6351.8
2022-07-24 14:14:09,9670.05,6339.13
2022-07-24 14:14:08,9701.05,6308.13
2022-07-24 14:14:07,9733.81,6275.38
2022-07-24 14:14:06,9781.38,6227.8
2022-07-24 14:14:05,9827.04,6182.15
2022-07-24 14:14:04,9842.87,6166.32
2022-07-24 14:14:03,9325.27,6683.92
2022-07-24 14:14:02,9327.7,6681.49
2022-07-24 14:14:01,9321.36,6687.82
2022-07-24 14:14:00,9353.42,6655.77
2022-07-24 14:13:59,9359.29,6649.9
2022-07-24 14:13:58,9361.01,6648.18
2022-07-24 14:13:57,9362.43,6646.76
2022-07-24 14:13:56,9402.64,6606.54
2022-07-24 14:13:55,9405.77,6603.42
2022-07-24 14:13:54,9407.7,6601.48
2022-07-24 14:13:53,9425.7,6583.49
2022-07-24 14:13:52,9439.49,6569.7
2022-07-24 14:13:51,9443.15,6566.04
2022-07-24 14:13:50,9461.59,6547.6
2022-07-24 14:13:49,9478.21,6530.97
2022-07-24 14:13:48,9513.29,6495.9
2022-07-24 14:13:47,9514.56,6494.63
2022-07-24 14:13:46,9621.94,6387.25
2022-07-24 14:13:45,9870.63,6138.55
2022-07-24 14:13:44,9939.55,6069.63
2022-07-24 14:13:43,10241.6,5767.57
2022-07-24 14:13:42,10573.1,5436.04
2022-07-24 14:13:41,10985.9,5023.26
2022-07-24 14:13:40,11168.9,4840.3
2022-07-24 14:13:39,11334.3,4674.91
2022-07-24 14:13:38,11429.4,4579.74
2022-07-24 14:13:37,11572.3,4436.88
2022-07-24 14:13:36,11719.4,4289.78
2022-07-24 14:13:35,11446,4563.16
2022-07-24 14:13:34,11090.6,4918.64
2022-07-24 14:13:33,10629.6,5379.57
2022-07-24 14:13:32,10159.7,5849.52
2022-07-24 14:13:31,10211.1,5798.09
2022-07-24 14:13:30,9651.19,6358
2022-07-24 14:13:29,9661.15,6348.04
2022-07-24 14:13:28,9663.82,6345.37
2022-07-24 14:13:27,9718.04,6291.15
2022-07-24 14:13:26,9729.37,6279.82
2022-07-24 14:13:25,9880.86,6128.32
2022-07-24 14:13:24,9948.55,6060.63
2022-07-24 14:13:23,9961.23,6047.96
2022-07-24 14:13:22,9998.34,6010.85
2022-07-24 14:13:21,10029.7,5979.48
2022-07-24 14:13:20,10075.2,5934.02
2022-07-24 14:13:19,10122.2,5886.98
2022-07-24 14:13:18,10078.7,5930.45
2022-07-24 14:13:17,9638.37,6370.82
2022-07-24 14:13:16,9639.28,6369.91
2022-07-24 14:13:15,9642.55,6366.64
2022-07-24 14:13:14,9678.03,6331.16
2022-07-24 14:13:13,9676.34,6332.84
2022-07-24 14:13:12,9671.78,6337.41
2022-07-24 14:13:11,9666,6343.19
2022-07-24 14:13:10,9742.57,6266.62
2022-07-24 14:13:09,9744.66,6264.52
2022-07-24 14:13:08,9747.64,6261.54
2022-07-24 14:13:07,9779.21,6229.97
2022-07-24 14:13:06,9815.38,6193.8
2022-07-24 14:13:05,9848.7,6160.49
2022-07-24 14:13:04,9857.36,6151.82
2022-07-24 14:13:03,9926.8,6082.38
2022-07-24 14:13:02,9993,6016.19
2022-07-24 14:13:01,10026.9,5982.26
2022-07-24 14:13:00,10219.9,5789.32
2022-07-24 14:12:59,10425.1,5584.13
2022-07-24 14:12:58,10530.7,5478.53
2022-07-24 14:12:57,10669.6,5339.58
2022-07-24 14:12:56,10844.5,5164.69
2022-07-24 14:12:55,11040.1,4969.04
2022-07-24 14:12:54,11152.9,4856.28
2022-07-24 14:12:53,11471.7,4537.51
2022-07-24 14:12:52,11650.6,4358.58
2022-07-24 14:12:51,11830.6,4178.57
2022-07-24 14:12:50,10921.3,5087.86
2022-07-24 14:12:49,11018.8,4990.38
2022-07-24 14:12:48,11107.4,4901.76
2022-07-24 14:12:47,10689.2,5319.99
2022-07-24 14:12:46,10202.6,5806.58
2022-07-24 14:12:45,9709.52,6299.66
2022-07-24 14:12:44,9713.18,6296.01
2022-07-24 14:12:43,9738.62,6270.56
2022-07-24 14:12:42,9750.95,6258.24
2022-07-24 14:12:41,9743.93,6265.26
2022-07-24 14:12:40,9775.15,6234.04
2022-07-24 14:12:39,9795.16,6214.03
2022-07-24 14:12:38,9874.02,6135.16
2022-07-24 14:12:37,10023.2,5985.94
2022-07-24 14:12:36,10035.8,5973.34
2022-07-24 14:12:35,10056,5953.19
2022-07-24 14:12:34,10076.9,5932.27
2022-07-24 14:12:33,10125.2,5883.99
2022-07-24 14:12:32,10194.2,5815
2022-07-24 14:12:31,10216.5,5792.69
2022-07-24 14:12:30,9710.95,6298.24
2022-07-24 14:12:29,9741.92,6267.27
2022-07-24 14:12:28,9745.47,6263.71
2022-07-24 14:12:27,9765.39,6243.79
2022-07-24 14:12:26,9802.05,6207.14
2022-07-24 14:12:25,9839.68,6169.51
2022-07-24 14:12:24,9866.84,6142.35
2022-07-24 14:12:23,9869.52,6139.66
2022-07-24 14:12:22,9912.18,6097.01
2022-07-24 14:12:21,9975.4,6033.79
2022-07-24 14:12:20,9985.37,6023.82
2022-07-24 14:12:19,10012.9,5996.3
2022-07-24 14:12:18,10062.1,5947.06
2022-07-24 14:12:17,10105.5,5903.69
2022-07-24 14:12:16,10262.3,5746.89
2022-07-24 14:12:15,10389.3,5619.86
2022-07-24 14:12:14,10482.2,5526.95
2022-07-24 14:12:13,10515.5,5493.73
2022-07-24 14:12:12,10730.8,5278.41
2022-07-24 14:12:11,11051.4,4957.82
2022-07-24 14:12:10,11201.2,4808.02
2022-07-24 14:12:09,11280,4729.19
2022-07-24 14:12:08,11392.8,4616.36
2022-07-24 14:12:07,11501.9,4507.29
2022-07-24 14:12:06,11139.8,4869.39
2022-07-24 14:12:05,11329.8,4679.4
2022-07-24 14:12:04,10956.4,5052.83
2022-07-24 14:12:03,10648.3,5360.93
2022-07-24 14:12:02,9946.81,6062.37
2022-07-24 14:12:01,9973.78,6035.4
2022-07-24 14:12:00,10038.3,5970.92
2022-07-24 14:11:59,10088.8,5920.44
2022-07-24 14:11:58,9594.35,6414.84
2022-07-24 14:11:57,9610.47,6398.72
2022-07-24 14:11:56,9614.76,6394.43
2022-07-24 14:11:55,9618.64,6390.55
2022-07-24 14:11:54,9648.27,6360.91
2022-07-24 14:11:53,9658.63,6350.56
2022-07-24 14:11:52,9686.41,6322.78
2022-07-24 14:11:51,9853,6156.19
2022-07-24 14:11:50,9883.37,6125.82
2022-07-24 14:11:49,9902.54,6106.65
2022-07-24 14:11:48,9930.66,6078.53
2022-07-24 14:11:47,9979.16,6030.03
2022-07-24 14:11:46,10032.8,5976.39
2022-07-24 14:11:45,10061.9,5947.32
2022-07-24 14:11:44,9555.29,6453.9
2022-07-24 14:11:43,9581.09,6428.09
2022-07-24 14:11:42,9595.14,6414.05
2022-07-24 14:11:41,9596.68,6412.51
2022-07-24 14:11:40,9605.92,6403.27
2022-07-24 14:11:39,9632.36,6376.83
2022-07-24 14:11:38,9653.09,6356.1
2022-07-24 14:11:37,9655.91,6353.28
2022-07-24 14:11:36,9668.41,6340.77
2022-07-24 14:11:35,9733.11,6276.08
2022-07-24 14:11:34,9776.53,6232.66
2022-07-24 14:11:33,9783,6226.18
2022-07-24 14:11:32,9837.3,6171.88
2022-07-24 14:11:31,9883.75,6125.44
2022-07-24 14:11:30,10128.8,5880.35
2022-07-24 14:11:29,10181.5,5827.72
2022-07-24 14:11:28,10265.7,5743.5
2022-07-24 14:11:27,10614.4,5394.83
2022-07-24 14:11:26,10851.9,5157.3
2022-07-24 14:11:25,11046.9,4962.27
2022-07-24 14:11:24,11204.8,4804.39
2022-07-24 14:11:23,11277.3,4731.88
2022-07-24 14:11:22,11388.3,4620.86
2022-07-24 14:11:21,11528.2,4480.95
2022-07-24 14:11:20,11131.1,4878.09
2022-07-24 14:11:19,11247.2,4761.96
2022-07-24 14:11:18,10965.2,5044.01
2022-07-24 14:11:17,10025.5,5983.73
2022-07-24 14:11:16,10020.7,5988.5
2022-07-24 14:11:15,10046.5,5962.65
2022-07-24 14:11:14,10110.8,5898.41
2022-07-24 14:11:13,10153.6,5855.55
2022-07-24 14:11:12,9541.79,6467.4
2022-07-24 14:11:11,9567.48,6441.71
2022-07-24 14:11:10,9569.59,6439.6
2022-07-24 14:11:09,9562.82,6446.37
2022-07-24 14:11:08,9578.18,6431
2022-07-24 14:11:07,9616.25,6392.93
2022-07-24 14:11:06,9645.42,6363.77
2022-07-24 14:11:05,9784.79,6224.4
2022-07-24 14:11:04,9835.07,6174.12
2022-07-24 14:11:03,9851.89,6157.3
2022-07-24 14:11:02,9900.39,6108.79
2022-07-24 14:11:01,9939.55,6069.64
2022-07-24 14:11:00,9976.96,6032.22
2022-07-24 14:10:59,10025.8,5983.36
2022-07-24 14:10:58,9651.38,6357.81
2022-07-24 14:10:57,9560.35,6448.84
2022-07-24 14:10:56,9577.31,6431.88
2022-07-24 14:10:55,9583.54,6425.65
2022-07-24 14:10:54,9600.29,6408.9
2022-07-24 14:10:53,9646.52,6362.67
2022-07-24 14:10:52,9659.54,6349.65
2022-07-24 14:10:51,9660.12,6349.07
2022-07-24 14:10:50,9679.37,6329.82
2022-07-24 14:10:49,9735.66,6273.53
2022-07-24 14:10:48,9746.71,6262.48
2022-07-24 14:10:47,9769.91,6239.28
2022-07-24 14:10:46,9840.45,6168.74
2022-07-24 14:10:45,9869.21,6139.97
2022-07-24 14:10:44,9919.79,6089.39
2022-07-24 14:10:43,10082.5,5926.73
2022-07-24 14:10:42,10207.1,5802.07
2022-07-24 14:10:41,10381.6,5627.63
2022-07-24 14:10:40,10453.9,5555.27
2022-07-24 14:10:39,10653.9,5355.29
2022-07-24 14:10:38,10916.4,5092.83
2022-07-24 14:10:37,11026.4,4982.77
2022-07-24 14:10:36,11107.3,4901.85
2022-07-24 14:10:35,11483.3,4525.9
2022-07-24 14:10:34,11115.9,4893.31
2022-07-24 14:10:33,11249.4,4759.79
2022-07-24 14:10:32,11372.9,4636.24
2022-07-24 14:10:31,10884.8,5124.36
2022-07-24 14:10:30,10978.1,5031.13
2022-07-24 14:10:29,10032.3,5976.92
2022-07-24 14:10:28,10052.8,5956.34
2022-07-24 14:10:27,9541.91,6467.28
2022-07-24 14:10:26,9583.32,6425.87
2022-07-24 14:10:25,9603.26,6405.93
2022-07-24 14:10:24,9602.36,6406.82
2022-07-24 14:10:23,9631.47,6377.72
2022-07-24 14:10:22,9674.38,6334.81
2022-07-24 14:10:21,9692.57,6316.62
2022-07-24 14:10:20,9846.68,6162.51
2022-07-24 14:10:19,9903.07,6106.12
2022-07-24 14:10:18,9921.27,6087.91
2022-07-24 14:10:17,9963.54,6045.65
2022-07-24 14:10:16,9986.82,6022.37
2022-07-24 14:10:15,10021.3,5987.9
2022-07-24 14:10:14,10076.5,5932.68
2022-07-24 14:10:13,10120,5889.16
2022-07-24 14:10:12,9615.06,6394.12
2022-07-24 14:10:11,9619.58,6389.61
2022-07-24 14:10:10,9632.22,6376.97
2022-07-24 14:10:09,9663.19,6346
2022-07-24 14:10:08,9674.01,6335.18
2022-07-24 14:10:07,9688.93,6320.26
2022-07-24 14:10:06,9725.15,6284.04
2022-07-24 14:10:05,9724.98,6284.21
2022-07-24 14:10:04,9752.33,6256.86
2022-07-24 14:10:03,9761,6248.19
2022-07-24 14:10:02,9782.66,6226.52
2022-07-24 14:10:01,9795.32,6213.87
2022-07-24 14:10:00,9813.06,6196.12
2022-07-24 14:09:59,9902.1,6107.09
2022-07-24 14:09:58,9925.41,6083.78
2022-07-24 14:09:57,10084.8,5924.41
2022-07-24 14:09:56,10460.1,5549.07
2022-07-24 14:09:55,10531,5478.19
2022-07-24 14:09:54,10724.5,5284.69
2022-07-24 14:09:53,10883.1,5126.07
2022-07-24 14:09:52,10975.6,5033.54
2022-07-24 14:09:51,11194.6,4814.57
2022-07-24 14:09:50,11439.8,4569.42
2022-07-24 14:09:49,11578.4,4430.82
2022-07-24 14:09:48,11704.4,4304.78
2022-07-24 14:09:47,10976.1,5033.06
2022-07-24 14:09:46,10894.4,5114.75
2022-07-24 14:09:45,10990.4,5018.8
2022-07-24 14:09:44,10599.3,5409.87
2022-07-24 14:09:43,10153.1,5856.11
2022-07-24 14:09:42,9538.09,6471.1
2022-07-24 14:09:41,9532.39,6476.8
2022-07-24 14:09:40,9565.28,6443.91
2022-07-24 14:09:39,9561.39,6447.8
2022-07-24 14:09:38,9566.29,6442.89
2022-07-24 14:09:37,9617.75,6391.44
2022-07-24 14:09:36,9649.66,6359.53
2022-07-24 14:09:35,9798.75,6210.43
2022-07-24 14:09:34,9851.75,6157.44
2022-07-24 14:09:33,9871.89,6137.3
2022-07-24 14:09:32,9913.14,6096.05
2022-07-24 14:09:31,9969.84,6039.35
2022-07-24 14:09:30,10014.5,5994.72
2022-07-24 14:09:29,10053.8,5955.35
2022-07-24 14:09:28,9552.62,6456.57
2022-07-24 14:09:27,9567.41,6441.78
2022-07-24 14:09:26,9569.54,6439.65
2022-07-24 14:09:25,9603.93,6405.26
2022-07-24 14:09:24,9620.11,6389.08
2022-07-24 14:09:23,9630.28,6378.9
2022-07-24 14:09:22,9633.41,6375.78
2022-07-24 14:09:21,9681.25,6327.94
2022-07-24 14:09:20,9682.62,6326.56
2022-07-24 14:09:19,9704.9,6304.29
2022-07-24 14:09:18,9718.14,6291.05
2022-07-24 14:09:17,9739.74,6269.45
2022-07-24 14:09:16,9745.79,6263.39
2022-07-24 14:09:15,9761.95,6247.24
2022-07-24 14:09:14,9833.72,6175.47
2022-07-24 14:09:13,9841.93,6167.26
2022-07-24 14:09:12,9972.54,6036.64
2022-07-24 14:09:11,10170.7,5838.48
2022-07-24 14:09:10,10200.5,5808.71
2022-07-24 14:09:09,10438.2,5570.98
2022-07-24 14:09:08,10727.8,5281.43
2022-07-24 14:09:07,10814.3,5194.91
2022-07-24 14:09:06,10962.7,5046.5
2022-07-24 14:09:05,11145.7,4863.47
2022-07-24 14:09:04,11290.8,4718.36
2022-07-24 14:09:03,11482.3,4526.85
2022-07-24 14:09:02,11100.8,4908.43
2022-07-24 14:09:01,11203.1,4806.04
2022-07-24 14:09:00,11320.1,4689.07
2022-07-24 14:08:59,11324.2,4684.96
2022-07-24 14:08:58,10505.5,5503.67
2022-07-24 14:08:57,10568.3,5440.84
2022-07-24 14:08:56,9439.14,6570.04
2022-07-24 14:08:55,9478.84,6530.34
2022-07-24 14:08:54,9480.33,6528.86
2022-07-24 14:08:53,9482.48,6526.71
2022-07-24 14:08:52,9515.19,6494
2022-07-24 14:08:51,9537.91,6471.27
2022-07-24 14:08:50,9568.05,6441.14
2022-07-24 14:08:49,9735.61,6273.58
2022-07-24 14:08:48,9782.3,6226.89
2022-07-24 14:08:47,9815.95,6193.24
2022-07-24 14:08:46,9839.52,6169.67
2022-07-24 14:08:45,9863.61,6145.58
2022-07-24 14:08:44,9918.18,6091.01
2022-07-24 14:08:43,9982.94,6026.25
2022-07-24 14:08:42,9522.38,6486.8
2022-07-24 14:08:41,9523.68,6485.51
2022-07-24 14:08:40,9551.8,6457.38
2022-07-24 14:08:39,9573.19,6436
2022-07-24 14:08:38,9580.24,6428.95
2022-07-24 14:08:37,9600.49,6408.7
2022-07-24 14:08:36,9599.83,6409.36
2022-07-24 14:08:35,9638.96,6370.23
2022-07-24 14:08:34,9648.27,6360.92
2022-07-24 14:08:33,9674.17,6335.02
2022-07-24 14:08:32,9705.26,6303.93
2022-07-24 14:08:31,9722.35,6286.84
2022-07-24 14:08:30,9734.25,6274.93
2022-07-24 14:08:29,9783.09,6226.1
2022-07-24 14:08:28,9805.62,6203.57
2022-07-24 14:08:27,9827.75,6181.44
2022-07-24 14:08:26,9856.1,6153.09
2022-07-24 14:08:25,10006.4,6002.78
2022-07-24 14:08:24,10083.1,5926.11
2022-07-24 14:08:23,10260.2,5748.95
2022-07-24 14:08:22,10489.8,5519.34
2022-07-24 14:08:21,10856.5,5152.7
2022-07-24 14:08:20,11150.4,4858.78
2022-07-24 14:08:19,11331.9,4677.33
2022-07-24 14:08:18,11414.8,4594.44
2022-07-24 14:08:17,11538.8,4470.37
2022-07-24 14:08:16,11643.2,4365.96
2022-07-24 14:08:15,11755.3,4253.84
2022-07-24 14:08:14,11922.6,4086.57
2022-07-24 14:08:13,11444.4,4564.78
2022-07-24 14:08:12,11003.9,5005.33
2022-07-24 14:08:11,9391.27,6617.92
2022-07-24 14:08:10,9393.55,6615.63
2022-07-24 14:08:09,9394.02,6615.16
2022-07-24 14:08:08,9409.42,6599.77
2022-07-24 14:08:07,9415.17,6594.02
2022-07-24 14:08:06,9406.99,6602.2
2022-07-24 14:08:05,9437.36,6571.82
2022-07-24 14:08:04,9455.11,6554.07
2022-07-24 14:08:03,9618.54,6390.64
2022-07-24 14:08:02,9670.52,6338.66
2022-07-24 14:08:01,9682.78,6326.41
2022-07-24 14:08:00,9720.2,6288.98
2022-07-24 14:07:59,9744.48,6264.71
2022-07-24 14:07:58,9785.58,6223.6
2022-07-24 14:07:57,9829.53,6179.66
2022-07-24 14:07:56,9857.95,6151.23
2022-07-24 14:07:55,9358.72,6650.47
2022-07-24 14:07:54,9360.47,6648.72
2022-07-24 14:07:53,9383.81,6625.38
2022-07-24 14:07:52,9384.47,6624.72
2022-07-24 14:07:51,9398.76,6610.43
2022-07-24 14:07:50,9409.31,6599.88
2022-07-24 14:07:49,9423.37,6585.82
2022-07-24 14:07:48,9424.02,6585.17
2022-07-24 14:07:47,9438.07,6571.12
2022-07-24 14:07:46,9465.86,6543.33
2022-07-24 14:07:45,9477.98,6531.21
2022-07-24 14:07:44,9492.18,6517
2022-07-24 14:07:43,9525.31,6483.88
2022-07-24 14:07:42,9532.48,6476.71
2022-07-24 14:07:41,9550.64,6458.54
2022-07-24 14:07:40,9671.64,6337.55
2022-07-24 14:07:39,9766.48,6242.71
2022-07-24 14:07:38,9808.59,6200.6
2022-07-24 14:07:37,10229,5780.15
2022-07-24 14:07:36,10512.3,5496.9
2022-07-24 14:07:35,10935.2,5073.99
2022-07-24 14:07:34,11182.1,4827.09
2022-07-24 14:07:33,11319,4690.18
2022-07-24 14:07:32,11428.3,4580.85
2022-07-24 14:07:31,11503.6,4505.56
2022-07-24 14:07:30,11599.4,4409.81
2022-07-24 14:07:29,11758.9,4250.24
2022-07-24 14:07:28,11925.8,4083.38
2022-07-24 14:07:27,10963.5,5045.72
2022-07-24 14:07:26,9254.77,6754.41
2022-07-24 14:07:25,9258.43,6750.76
2022-07-24 14:07:24,9303.71,6705.48
2022-07-24 14:07:23,9306.31,6702.87
2022-07-24 14:07:22,9307.05,6702.13
2022-07-24 14:07:21,9331.97,6677.21
2022-07-24 14:07:20,9338.05,6671.14
2022-07-24 14:07:19,9331.36,6677.83
2022-07-24 14:07:18,9344.95,6664.24
2022-07-24 14:07:17,9385.17,6624.02
2022-07-24 14:07:16,9442.86,6566.32
2022-07-24 14:07:15,9592.96,6416.23
2022-07-24 14:07:14,9606.79,6402.39
2022-07-24 14:07:13,9631.52,6377.67
2022-07-24 14:07:12,9655.03,6354.16
2022-07-24 14:07:11,9696.98,6312.21
2022-07-24 14:07:10,9739.09,6270.1
2022-07-24 14:07:09,9769.64,6239.55
2022-07-24 14:07:08,9275.06,6734.13
2022-07-24 14:07:07,9275.81,6733.37
2022-07-24 14:07:06,9279.32,6729.86
2022-07-24 14:07:05,9289.93,6719.25
2022-07-24 14:07:04,9293.92,6715.27
2022-07-24 14:07:03,9296.4,6712.78
2022-07-24 14:07:02,9304.46,6704.72
2022-07-24 14:07:01,9323.09,6686.1
2022-07-24 14:07:00,9325.56,6683.63
2022-07-24 14:06:59,9341.62,6667.56
2022-07-24 14:06:58,9363.52,6645.67
2022-07-24 14:06:57,9368.69,6640.5
2022-07-24 14:06:56,9389.3,6619.88
2022-07-24 14:06:55,9391.44,6617.75
2022-07-24 14:06:54,9468.34,6540.84
2022-07-24 14:06:53,9542.89,6466.29
2022-07-24 14:06:52,9641.37,6367.82
2022-07-24 14:06:51,9918.27,6090.92
2022-07-24 14:06:50,10326.9,5682.3
2022-07-24 14:06:49,10513.5,5495.68
2022-07-24 14:06:48,10823.7,5185.46
2022-07-24 14:06:47,10929,5080.16
2022-07-24 14:06:46,11040.8,4968.38
2022-07-24 14:06:45,11394.5,4614.7
2022-07-24 14:06:44,11559.6,4449.57
2022-07-24 14:06:43,11712.6,4296.54
2022-07-24 14:06:42,11903.7,4105.45
2022-07-24 14:06:41,10775,5234.15
2022-07-24 14:06:40,9932.82,6076.37
2022-07-24 14:06:39,10016.5,5992.73
2022-07-24 14:06:38,10026.8,5982.41
2022-07-24 14:06:37,9414.02,6595.17
2022-07-24 14:06:36,9454.07,6555.11
2022-07-24 14:06:35,9438.94,6570.25
2022-07-24 14:06:34,9438.61,6570.58
2022-07-24 14:06:33,9479.22,6529.97
2022-07-24 14:06:32,9496.82,6512.36
2022-07-24 14:06:31,9580.05,6429.13
2022-07-24 14:06:30,9715.25,6293.94
2022-07-24 14:06:29,9730.15,6279.04
2022-07-24 14:06:28,9761.09,6248.09
2022-07-24 14:06:27,9792.18,6217.01
2022-07-24 14:06:26,9838.67,6170.52
2022-07-24 14:06:25,9898.06,6111.13
2022-07-24 14:06:24,9916.33,6092.86
2022-07-24 14:06:23,9456.94,6552.25
2022-07-24 14:06:22,9472.44,6536.75
2022-07-24 14:06:21,9476.58,6532.61
2022-07-24 14:06:20,9500.43,6508.76
2022-07-24 14:06:19,9500.73,6508.46
2022-07-24 14:06:18,9524.15,6485.04
2022-07-24 14:06:17,9548.16,6461.02
2022-07-24 14:06:16,9527.04,6482.14
2022-07-24 14:06:15,9556.98,6452.2
2022-07-24 14:06:14,9566.88,6442.31
2022-07-24 14:06:13,9592.76,6416.43
2022-07-24 14:06:12,9594.25,6414.93
2022-07-24 14:06:11,9634.34,6374.85
2022-07-24 14:06:10,9662.18,6347
2022-07-24 14:06:09,9735.64,6273.54
2022-07-24 14:06:08,9824.02,6185.17
2022-07-24 14:06:07,9842.33,6166.86
2022-07-24 14:06:06,10152.7,5856.44
2022-07-24 14:06:05,10637.5,5371.71
2022-07-24 14:06:04,10785,5224.22
2022-07-24 14:06:03,10959.1,5050.08
2022-07-24 14:06:02,11282.6,4726.63
2022-07-24 14:06:01,11430.1,4579.07
2022-07-24 14:06:00,11503.1,4506.11
2022-07-24 14:05:59,11611.4,4397.81
2022-07-24 14:05:58,11742.2,4267.03
2022-07-24 14:05:57,11877.8,4131.43
2022-07-24 14:05:56,12040.9,3968.26
2022-07-24 14:05:55,10530.2,5479.02
2022-07-24 14:05:54,9391.64,6617.54
2022-07-24 14:05:53,9400.77,6608.42
2022-07-24 14:05:52,9404.93,6604.25
2022-07-24 14:05:51,9418.58,6590.61
2022-07-24 14:05:50,9420.28,6588.91
2022-07-24 14:05:49,9421.68,6587.5
2022-07-24 14:05:48,9435.25,6573.93
2022-07-24 14:05:47,9441.67,6567.52
2022-07-24 14:05:46,9442.44,6566.74
2022-07-24 14:05:45,9468.95,6540.24
2022-07-24 14:05:44,9501.65,6507.53
2022-07-24 14:05:43,9664.28,6344.91
2022-07-24 14:05:42,9693.36,6315.83
2022-07-24 14:05:41,9708.6,6300.59
2022-07-24 14:05:40,9732.07,6277.11
2022-07-24 14:05:39,9775.39,6233.79
2022-07-24 14:05:38,9838.53,6170.65
2022-07-24 14:05:37,9872.56,6136.63
2022-07-24 14:05:36,9359.27,6649.92
2022-07-24 14:05:35,9351.76,6657.43
2022-07-24 14:05:34,9372.5,6636.68
2022-07-24 14:05:33,9403.69,6605.49
2022-07-24 14:05:32,9405.86,6603.32
2022-07-24 14:05:31,9424.54,6584.64
2022-07-24 14:05:30,9425.78,6583.41
2022-07-24 14:05:29,9477.5,6531.69
2022-07-24 14:05:28,9483.79,6525.39
2022-07-24 14:05:27,9487.92,6521.27
2022-07-24 14:05:26,9496.32,6512.87
2022-07-24 14:05:25,9566.79,6442.4
2022-07-24 14:05:24,9565.99,6443.2
2022-07-24 14:05:23,9556.91,6452.28
2022-07-24 14:05:22,9684.11,6325.08
2022-07-24 14:05:21,9776.32,6232.87
2022-07-24 14:05:20,9951.63,6057.56
2022-07-24 14:05:19,10211.4,5797.75
2022-07-24 14:05:18,10507.3,5501.88
2022-07-24 14:05:17,10780.2,5228.95
2022-07-24 14:05:16,11093.1,4916.11
2022-07-24 14:05:15,11254.5,4754.7
2022-07-24 14:05:14,11410.6,4598.57
2022-07-24 14:05:13,11479.6,4529.56
2022-07-24 14:05:12,11627.3,4381.91
2022-07-24 14:05:11,11734.4,4274.82
2022-07-24 14:05:10,11913.8,4095.37
2022-07-24 14:05:09,11557.1,4452.12
2022-07-24 14:05:08,10257.7,5751.47
2022-07-24 14:05:07,9497.98,6511.21
2022-07-24 14:05:06,9520.76,6488.43
2022-07-24 14:05:05,9521.62,6487.57
2022-07-24 14:05:04,9533.08,6476.11
2022-07-24 14:05:03,9543.98,6465.2
2022-07-24 14:05:02,9583.73,6425.45
2022-07-24 14:05:01,9586.38,6422.81
2022-07-24 14:05:00,9630.67,6378.51
2022-07-24 14:04:59,9667.15,6342.03
2022-07-24 14:04:58,9696.8,6312.39
2022-07-24 14:04:57,9879.42,6129.77
2022-07-24 14:04:56,9910.29,6098.9
2022-07-24 14:04:55,9944.53,6064.66
2022-07-24 14:04:54,9979.06,6030.13
2022-07-24 14:04:53,10048,5961.23
2022-07-24 14:04:52,10102,5907.2
2022-07-24 14:04:51,10126,5883.15
2022-07-24 14:04:50,9509.25,6499.94
2022-07-24 14:04:49,9541.33,6467.86
2022-07-24 14:04:48,9536.53,6472.66
2022-07-24 14:04:47,9561.72,6447.47
2022-07-24 14:04:46,9587.67,6421.52
2022-07-24 14:04:45,9588.96,6420.22
2022-07-24 14:04:44,9603.09,6406.1
2022-07-24 14:04:43,9626.17,6383.02
2022-07-24 14:04:42,9640.41,6368.78
2022-07-24 14:04:41,9657.88,6351.3
2022-07-24 14:04:40,9690.28,6318.91
2022-07-24 14:04:39,9701.72,6307.46
2022-07-24 14:04:38,9699.18,6310.01
2022-07-24 14:04:37,9724.31,6284.88
2022-07-24 14:04:36,9781.32,6227.87
2022-07-24 14:04:35,9879.53,6129.66
2022-07-24 14:04:34,9910.92,6098.27
2022-07-24 14:04:33,10220.1,5789.08
2022-07-24 14:04:32,10587.9,5421.29
2022-07-24 14:04:31,10848,5161.19
2022-07-24 14:04:30,11001.8,5007.39
2022-07-24 14:04:29,11189.2,4820.02
2022-07-24 14:04:28,11303.9,4705.24
2022-07-24 14:04:27,11365.9,4643.3
2022-07-24 14:04:26,11505.2,4503.97
2022-07-24 14:04:25,11638.8,4370.39
2022-07-24 14:04:24,11800.8,4208.39
2022-07-24 14:04:23,10930,5079.22
2022-07-24 14:04:22,9328.27,6680.92
2022-07-24 14:04:21,9330.98,6678.2
2022-07-24 14:04:20,9326.35,6682.84
2022-07-24 14:04:19,9334.63,6674.55
2022-07-24 14:04:18,9337.27,6671.92
2022-07-24 14:04:17,9339.72,6669.47
2022-07-24 14:04:16,9341.04,6668.15
2022-07-24 14:04:15,9394.53,6614.66
2022-07-24 14:04:14,9399.12,6610.07
2022-07-24 14:04:13,9407.79,6601.4
2022-07-24 14:04:12,9716.63,6292.56
2022-07-24 14:04:11,9785.79,6223.39
2022-07-24 14:04:10,9839.2,6169.99
2022-07-24 14:04:09,9875.35,6133.84
2022-07-24 14:04:08,9887.28,6121.91
2022-07-24 14:04:07,9948.9,6060.29
2022-07-24 14:04:06,9997.22,6011.97
2022-07-24 14:04:05,9876.63,6132.56
2022-07-24 14:04:04,9531.22,6477.97
2022-07-24 14:04:03,9548.44,6460.75
2022-07-24 14:04:02,9549.56,6459.63
2022-07-24 14:04:01,9572.83,6436.36
2022-07-24 14:04:00,9590.92,6418.27
2022-07-24 14:03:59,9609.85,6399.34
2022-07-24 14:03:58,9606.15,6403.04
2022-07-24 14:03:57,9631.69,6377.5
2022-07-24 14:03:56,9673.05,6336.14
2022-07-24 14:03:55,9674.61,6334.57
2022-07-24 14:03:54,9677.31,6331.88
2022-07-24 14:03:53,9737.21,6271.98
2022-07-24 14:03:52,9774.76,6234.43
2022-07-24 14:03:51,9761.01,6248.18
2022-07-24 14:03:50,9792.06,6217.13
2022-07-24 14:03:49,9962.3,6046.89
2022-07-24 14:03:48,10036.5,5972.73
2022-07-24 14:03:47,10197.8,5811.41
2022-07-24 14:03:46,10381.7,5627.46
2022-07-24 14:03:45,10658.5,5350.7
2022-07-24 14:03:44,11047.4,4961.84
2022-07-24 14:03:43,11151.3,4857.87
2022-07-24 14:03:42,11360.2,4648.94
2022-07-24 14:03:41,11479.8,4529.37
2022-07-24 14:03:40,11606.4,4402.8
2022-07-24 14:03:39,11724,4285.22
2022-07-24 14:03:38,11868.6,4140.59
2022-07-24 14:03:37,11391.6,4617.61
2022-07-24 14:03:36,10471.9,5537.26
2022-07-24 14:03:35,9999.04,6010.15
2022-07-24 14:03:34,9794.49,6214.7
2022-07-24 14:03:33,9528.83,6480.36
2022-07-24 14:03:32,9531.22,6477.96
2022-07-24 14:03:31,9551.08,6458.11
2022-07-24 14:03:30,9584.38,6424.81
2022-07-24 14:03:29,9615.52,6393.66
2022-07-24 14:03:28,9783.99,6225.2
2022-07-24 14:03:27,9822.2,6186.99
2022-07-24 14:03:26,9844,6165.18
2022-07-24 14:03:25,9881.55,6127.64
2022-07-24 14:03:24,9921.08,6088.11
2022-07-24 14:03:23,9971.78,6037.41
2022-07-24 14:03:22,10000.2,6008.97
2022-07-24 14:03:21,9501.65,6507.54
2022-07-24 14:03:20,9502.63,6506.56
2022-07-24 14:03:19,9503.6,6505.59
2022-07-24 14:03:18,9515.78,6493.41
2022-07-24 14:03:17,9517.02,6492.17
2022-07-24 14:03:16,9533.56,6475.63
2022-07-24 14:03:15,9550.79,6458.4
2022-07-24 14:03:14,9565.49,6443.7
2022-07-24 14:03:13,9567.05,6442.14
2022-07-24 14:03:12,9581.83,6427.36
2022-07-24 14:03:11,9624.12,6385.06
2022-07-24 14:03:10,9646.82,6362.37
2022-07-24 14:03:09,9664.93,6344.25
2022-07-24 14:03:08,9663.9,6345.29
2022-07-24 14:03:07,9710.09,6299.1
2022-07-24 14:03:06,9732.16,6277.02
2022-07-24 14:03:05,9771.18,6238.01
2022-07-24 14:03:04,9800.37,6208.82
2022-07-24 14:03:03,9890.35,6118.84
2022-07-24 14:03:02,9884.84,6124.35
2022-07-24 14:03:01,10119.3,5889.85
2022-07-24 14:03:00,10465.2,5543.95
2022-07-24 14:02:59,10605.9,5403.33
2022-07-24 14:02:58,10812.7,5196.45
2022-07-24 14:02:57,11052.6,4956.57
2022-07-24 14:02:56,11304.3,4704.91
2022-07-24 14:02:55,11417,4592.22
2022-07-24 14:02:54,11495.2,4513.96
2022-07-24 14:02:53,11624.9,4384.27
2022-07-24 14:02:52,11747.9,4261.32
2022-07-24 14:02:51,11376.2,4633
2022-07-24 14:02:50,11514.6,4494.59
2022-07-24 14:02:49,10563.5,5445.69
2022-07-24 14:02:48,9473.1,6536.09
2022-07-24 14:02:47,9475.63,6533.55
2022-07-24 14:02:46,9484.88,6524.31
2022-07-24 14:02:45,9484.71,6524.48
2022-07-24 14:02:44,9488.83,6520.36
2022-07-24 14:02:43,9494.48,6514.7
2022-07-24 14:02:42,9503.75,6505.44
2022-07-24 14:02:41,9505.6,6503.59
2022-07-24 14:02:40,9507.04,6502.15
2022-07-24 14:02:39,9508.95,6500.24
2022-07-24 14:02:38,9530.86,6478.32
2022-07-24 14:02:37,9539.97,6469.22
2022-07-24 14:02:36,9542.91,6466.28
2022-07-24 14:02:35,9571.15,6438.04
2022-07-24 14:02:34,9595.2,6413.98
2022-07-24 14:02:33,9596.53,6412.65
2022-07-24 14:02:32,9614.39,6394.8
2022-07-24 14:02:31,9629.25,6379.94
2022-07-24 14:02:30,9650.22,6358.97
2022-07-24 14:02:29,9675.84,6333.35
2022-07-24 14:02:28,9704.94,6304.25
2022-07-24 14:02:27,9709.08,6300.11
2022-07-24 14:02:26,9748.74,6260.45
2022-07-24 14:02:25,9752.31,6256.88
2022-07-24 14:02:24,9788.81,6220.38
2022-07-24 14:02:23,9807.16,6202.02
2022-07-24 14:02:22,9835.05,6174.13
2022-07-24 14:02:21,9851.54,6157.65
2022-07-24 14:02:20,9883.67,6125.52
2022-07-24 14:02:19,9953.71,6055.48
2022-07-24 14:02:18,9921.93,6087.25
2022-07-24 14:02:17,9947.25,6061.94
2022-07-24 14:02:16,10129.3,5879.87
2022-07-24 14:02:15,10183.4,5825.79
2022-07-24 14:02:14,10267.1,5742.06
2022-07-24 14:02:13,10387.8,5621.42
2022-07-24 14:02:12,11058.1,4951.04
2022-07-24 14:02:11,11468.9,4540.33
2022-07-24 14:02:10,11641.4,4367.78
2022-07-24 14:02:09,11718.8,4290.39
2022-07-24 14:02:08,11822.9,4186.34
2022-07-24 14:02:07,11926.2,4082.99
2022-07-24 14:02:06,11990,4019.22
2022-07-24 14:02:05,12196.9,3812.25
2022-07-24 14:02:04,12353.8,3655.37
2022-07-24 14:02:03,12571.8,3437.43
2022-07-24 14:02:02,12639.5,3369.73
2022-07-24 14:02:01,12647.7,3361.52
2022-07-24 14:02:00,12774.2,3235.02
2022-07-24 14:01:59,12816.1,3193.13
2022-07-24 14:01:58,12904.2,3105
2022-07-24 14:01:57,12978.5,3030.66
2022-07-24 14:01:56,13072.8,2936.4
2022-07-24 14:01:55,13133.5,2875.7
2022-07-24 14:01:54,13192,2817.18
2022-07-24 14:01:53,13200.7,2808.46
2022-07-24 14:01:52,13203.4,2805.77
2022-07-24 14:01:51,13203.4,2805.78
2022-07-24 14:01:50,13203.6,2805.6
2022-07-24 14:01:49,13204.2,2805.04
2022-07-24 14:01:48,13204.7,2804.52
2022-07-24 14:01:47,13204.6,2804.55
2022-07-24 14:01:46,13204.8,2804.36
2022-07-24 14:01:45,13204.9,2804.33
2022-07-24 14:01:44,13204.5,2804.7
2022-07-24 14:01:43,13204.5,2804.68
2022-07-24 14:01:42,13204.5,2804.71
2022-07-24 14:01:41,13204.5,2804.68
2022-07-24 14:01:40,13204.5,2804.7
2022-07-24 14:01:39,13204,2805.16
2022-07-24 14:01:38,13203.3,2805.93
2022-07-24 14:01:37,13203.1,2806.09
2022-07-24 14:01:36,13194.6,2814.54
