time,in,out
2022-07-06 18:02:24,10193.933,0
2022-07-06 18:02:23,105076.97,-1.917487
2022-07-06 18:02:22,196111.3,-2.082513
2022-07-06 18:02:21,196342.9,0
2022-07-06 18:02:20,196127.9,0
2022-07-06 18:02:19,195970.2,0
2022-07-06 18:02:18,196948.3,-13.42471
2022-07-06 18:02:17,196272.5,-14.57529
2022-07-06 18:02:16,195334.2,0
2022-07-06 18:02:15,196097.4,-3.836683
2022-07-06 18:02:14,196327.3,-4.163317
2022-07-06 18:02:13,196117.7,-1.918068
2022-07-06 18:02:12,196118.1,-5.919396
2022-07-06 18:02:11,196474.7,-4.162536
2022-07-06 18:02:10,196156.6,-1.919543
2022-07-06 18:02:09,195938.1,-2.080457
2022-07-06 18:02:08,196121.4,-7.678226
2022-07-06 18:02:07,196105.2,-12.161682
2022-07-06 18:02:06,196158.1,-7.997102
2022-07-06 18:02:05,196216,-4.16299
2022-07-06 18:02:04,198198.7,-11.510609
2022-07-06 18:02:03,196378.7,-27.83465
2022-07-06 18:02:02,193966.6,-28.16269
2022-07-06 18:02:01,196087.2,-24.00021
2022-07-06 18:02:00,196224.7,-45.09674
2022-07-06 18:01:59,196218.9,-50.73861
2022-07-06 18:01:58,205064.4,-55.01425
2022-07-06 18:01:57,196748.5,-74.25345
2022-07-06 18:01:56,186488.5,-52.6527
2022-07-06 18:01:55,196350.4,-41.75425
2022-07-06 18:01:54,196247.7,-59.51587
2022-07-06 18:01:53,196081.1,-37.46597
2022-07-06 18:01:52,196197.9,-3.835658
2022-07-06 18:01:51,196236.4,-6.082316
2022-07-06 18:01:50,196103.9,-21.26338
2022-07-06 18:01:49,196959.7,-49.59374
2022-07-06 18:01:48,196467.3,-44.65539
2022-07-06 18:01:47,195599.3,-20.32465
2022-07-06 18:01:46,196349.9,-6.244865
2022-07-06 18:01:45,196159.2,-28.78739
2022-07-06 18:01:44,196077.4,-35.05059
2022-07-06 18:01:43,196676.5,-38.68779
2022-07-06 18:01:42,196161.3,-60.49573
2022-07-06 18:01:41,195566,-49.91706
2022-07-06 18:01:40,196222,-53.91868
2022-07-06 18:01:39,196412.8,-150.15235
2022-07-06 18:01:38,197253,-471.2881
2022-07-06 18:01:37,197667.9,-362.0067
2022-07-06 18:01:36,196733,-56.54305
2022-07-06 18:01:35,196238.7,-186.4057
2022-07-06 18:01:34,197151.5,-197.6027
2022-07-06 18:01:33,197149.3,-96.29473
2022-07-06 18:01:32,196645,-90.11303
2022-07-06 18:01:31,197083.9,-26.40718
2022-07-06 18:01:30,196248.9,-15.999021
2022-07-06 18:01:29,195702.7,-17.91812
2022-07-06 18:01:28,196002.8,-14.248437
2022-07-06 18:01:27,196117.4,-6.082183
2022-07-06 18:01:26,198327.3,-3.999922
2022-07-06 18:01:25,196263.1,-7.83634
2022-07-06 18:01:24,193948,-10.081484
2022-07-06 18:01:23,196335.5,-7.999329
2022-07-06 18:01:22,196212.2,-9.916777
2022-07-06 18:01:21,201499.4,-12.000219
2022-07-06 18:01:20,196792.1,-11.999111
2022-07-06 18:01:19,191358.1,-10.082584
2022-07-06 18:01:18,196019.2,-38.68247
2022-07-06 18:01:17,195202.1,-48.99028
2022-07-06 18:01:16,196459.5,-16.328659
2022-07-06 18:01:15,197564.8,-17.58731
2022-07-06 18:01:14,197168.3,-27.99633
2022-07-06 18:01:13,194847.5,-22.24968
2022-07-06 18:01:12,197649.6,-14.084677
2022-07-06 18:01:11,197655.6,-11.999955
2022-07-06 18:01:10,193577.7,-15.839029
2022-07-06 18:01:09,195734.3,-92.90351
2022-07-06 18:01:08,197109.2,-97.17268
2022-07-06 18:01:07,195138.5,-10.248706
2022-07-06 18:01:06,195423.3,-28.92863
2022-07-06 18:01:05,196714.4,-44.49181
2022-07-06 18:01:04,197395.5,-30.08415
2022-07-06 18:01:03,195849.3,-14.577777
2022-07-06 18:01:02,195029.9,-1.918182
2022-07-06 18:01:01,196112.8,-7.836113
2022-07-06 18:01:00,195812.8,-6.245705
2022-07-06 18:00:59,196102.6,-3.835784
2022-07-06 18:00:58,196206.1,-38.68165
2022-07-06 18:00:57,196354.8,-37.48257
2022-07-06 18:00:56,196389.1,-1.918123
2022-07-06 18:00:55,195988.5,-4.000099
2022-07-06 18:00:54,195920.1,-2.081778
2022-07-06 18:00:53,196224.9,-1.917476
2022-07-06 18:00:52,196224,-4.000107
2022-07-06 18:00:51,196478,-5.917717
2022-07-06 18:00:50,196021.1,-4.1647
2022-07-06 18:00:49,195820.7,-1.918036
2022-07-06 18:00:48,196208.9,-3.999372
2022-07-06 18:00:47,196748.2,-4.000549
2022-07-06 18:00:46,196293.3,-2.082042
2022-07-06 18:00:45,195552,-1.917927
2022-07-06 18:00:44,196212.2,-5.917661
2022-07-06 18:00:43,196847.5,-4.164412
2022-07-06 18:00:42,196275.1,-1.917965
2022-07-06 18:00:41,195411.3,-15.503655
2022-07-06 18:00:40,195998.1,-14.57838
2022-07-06 18:00:39,196214.7,0
2022-07-06 18:00:38,196207.2,-3.835127
2022-07-06 18:00:37,196110.4,-6.082691
2022-07-06 18:00:36,199445.7,-48.11121
2022-07-06 18:00:35,196560.6,-51.88937
2022-07-06 18:00:34,200735.3,-3.999563
2022-07-06 18:00:33,196805.6,-2.082039
2022-07-06 18:00:32,187438.7,-11.553687
2022-07-06 18:00:31,196092.9,-16.298191
2022-07-06 18:00:30,197320.4,-7.984034
2022-07-06 18:00:29,196337.7,-9.918169
2022-07-06 18:00:28,194772.3,-19.67336
2022-07-06 18:00:27,196225.2,-18.40869
2022-07-06 18:00:26,196226.7,-7.999301
2022-07-06 18:00:25,196116.2,-6.082699
2022-07-06 18:00:24,196115.9,-4.000407
2022-07-06 18:00:23,196322.1,-5.917738
2022-07-06 18:00:22,196735.2,-6.081954
2022-07-06 18:00:21,196112.6,-3.999698
2022-07-06 18:00:20,195677.9,-2.082078
2022-07-06 18:00:19,196239.7,-1.917661
2022-07-06 18:00:18,196233.4,-5.917148
2022-07-06 18:00:17,196004.4,-6.083152
2022-07-06 18:00:16,196099.8,-4.000207
2022-07-06 18:00:15,197340.9,-2.081831
2022-07-06 18:00:14,196208.3,-9.593408
2022-07-06 18:00:13,194886.4,-14.243514
2022-07-06 18:00:12,197052.9,-11.834879
2022-07-06 18:00:11,204028.4,-17.91723
2022-07-06 18:00:10,195834.7,-16.164971
2022-07-06 18:00:09,187701,-11.999977
2022-07-06 18:00:08,196218.8,-12.000001
2022-07-06 18:00:07,196368.1,-8.164107
2022-07-06 18:00:06,196255.4,-7.837014
2022-07-06 18:00:05,196078.9,-19.67102
2022-07-06 18:00:04,200628.3,-29.91295
2022-07-06 18:00:03,210989.4,-26.24758
2022-07-06 18:00:02,196235.5,-16.166625
2022-07-06 18:00:01,180837.2,-15.837347
2022-07-06 18:00:00,192084.7,-16.162887
2022-07-06 17:59:59,196201.5,-13.916435
2022-07-06 17:59:58,196284.6,-16.004513
2022-07-06 17:59:57,196702.3,-21.75449
2022-07-06 17:59:56,196105.5,-33.74607
2022-07-06 17:59:55,195568.5,-22.74281
2022-07-06 17:59:54,196233.5,-4.000087
2022-07-06 17:59:53,196210.8,-2.08208
2022-07-06 17:59:52,196209.2,-1.917348
2022-07-06 17:59:51,195990.2,-11.671124
2022-07-06 17:59:50,196228.1,-20.00203
2022-07-06 17:59:49,196261.1,-14.245868
2022-07-06 17:59:48,196118.7,-23.34841
2022-07-06 17:59:47,207154.2,-30.4179
2022-07-06 17:59:46,197103.8,-33.43863
2022-07-06 17:59:45,184378,-42.2145
2022-07-06 17:59:44,196107.8,-22.5793
2022-07-06 17:59:43,196231.6,-6.082671
2022-07-06 17:59:42,196606.1,-4.000133
2022-07-06 17:59:41,196136.4,-21.26299
2022-07-06 17:59:40,195689.9,-26.57298
2022-07-06 17:59:39,196206.3,-6.246117
2022-07-06 17:59:38,196157.6,0
2022-07-06 17:59:37,196106.9,-1.919067
2022-07-06 17:59:36,196172.4,-7.834276
2022-07-06 17:59:35,196086.4,-10.081828
2022-07-06 17:59:34,196125.4,-8.00073
2022-07-06 17:59:33,196243.3,-4.1641
2022-07-06 17:59:32,196213.2,-3.835657
2022-07-06 17:59:31,196221.3,-8.000021
2022-07-06 17:59:30,196227,-11.835492
2022-07-06 17:59:29,196104.6,-19.83664
2022-07-06 17:59:28,196215.5,-22.0817
2022-07-06 17:59:27,196096.1,-21.9164
2022-07-06 17:59:26,196091.1,-29.7536
2022-07-06 17:59:25,196344,-39.83365
2022-07-06 17:59:24,196215.7,-32.49326
2022-07-06 17:59:23,196114.2,-14.248899
2022-07-06 17:59:22,196102.3,-15.671382
2022-07-06 17:59:21,196111.3,-18.247
2022-07-06 17:59:20,196135.9,-19.6758
2022-07-06 17:59:19,196209.4,-14.570503
2022-07-06 17:59:18,196228.5,-15.344401
2022-07-06 17:59:17,196125.9,-22.41017
2022-07-06 17:59:16,196125.5,-25.42827
2022-07-06 17:59:15,196209.7,-22.73526
2022-07-06 17:59:14,196249.1,-15.505408
2022-07-06 17:59:13,196794.2,-28.00332
2022-07-06 17:59:12,196277.3,-16.491075
2022-07-06 17:59:11,195544.8,-11.669757
2022-07-06 17:59:10,196103.4,-35.34223
2022-07-06 17:59:09,197759.7,-48.3259
2022-07-06 17:59:08,196426.1,-47.87945
2022-07-06 17:59:07,194544.2,-57.54844
2022-07-06 17:59:06,196224.3,-60.16375
2022-07-06 17:59:05,196113.7,-65.59115
2022-07-06 17:59:04,196231.3,-54.90273
2022-07-06 17:59:03,196406.1,-49.26254
2022-07-06 17:59:02,196226.1,-71.83859
2022-07-06 17:59:01,196215.1,-156.53944
2022-07-06 17:59:00,196217.9,-159.61735
2022-07-06 17:58:59,196132.7,-64.16855
2022-07-06 17:58:58,203949.1,-65.75543
2022-07-06 17:58:57,197011.9,-50.90036
2022-07-06 17:58:56,187728.1,-43.34729
2022-07-06 17:58:55,196105.2,-60.00282
2022-07-06 17:58:54,196213.5,-61.91028
2022-07-06 17:58:53,196334.5,-56.32949
2022-07-06 17:58:52,196199.9,-42.24926
2022-07-06 17:58:51,196074.5,-37.9133
2022-07-06 17:58:50,196225.7,-38.08329
2022-07-06 17:58:49,196269.4,-53.26981
2022-07-06 17:58:48,196175,-60.4878
2022-07-06 17:58:47,196187.5,-44.16514
2022-07-06 17:58:46,196227.6,-49.5931
2022-07-06 17:58:45,196194.5,-54.23648
2022-07-06 17:58:44,196217.3,-44.16444
2022-07-06 17:58:43,196124.8,-26.57786
2022-07-06 17:58:42,196201.2,-6.246058
2022-07-06 17:58:41,196347.4,-7.67012
2022-07-06 17:58:40,196110.7,-21.75469
2022-07-06 17:58:39,196103.3,-22.24711
2022-07-06 17:58:38,196093.4,-33.26113
2022-07-06 17:58:37,196123.3,-34.73995
2022-07-06 17:58:36,196132,-23.67684
2022-07-06 17:58:35,196204.4,-22.40548
2022-07-06 17:58:34,196230.1,-11.999587
2022-07-06 17:58:33,196226.1,-11.999941
2022-07-06 17:58:32,196218.5,-11.999227
2022-07-06 17:58:31,200512.5,-31.179
2022-07-06 17:58:30,196504.8,-76.92662
2022-07-06 17:58:29,191465.5,-103.99928
2022-07-06 17:58:28,196221.5,-100.1609
2022-07-06 17:58:27,196114.5,-78.74821
2022-07-06 17:58:26,196103.8,-71.51057
2022-07-06 17:58:25,196207.9,-53.31042
2022-07-06 17:58:24,196341.4,-18.08133
2022-07-06 17:58:23,196109.8,-19.83559
2022-07-06 17:58:22,196088,-31.67115
2022-07-06 17:58:21,196223.8,-22.74048
2022-07-06 17:58:20,196106.1,-17.42486
2022-07-06 17:58:19,196124.4,-26.2481
2022-07-06 17:58:18,196230,-16.163574
2022-07-06 17:58:17,196711.9,-17.75218
2022-07-06 17:58:16,196149.1,-22.08255
2022-07-06 17:58:15,195580.9,-27.67438
2022-07-06 17:58:14,196446.9,-26.40789
2022-07-06 17:58:13,196224.8,-21.7497
2022-07-06 17:58:12,195969.6,-24.16725
2022-07-06 17:58:11,196131.3,-35.34753
2022-07-06 17:58:10,196084.7,-51.99978
2022-07-06 17:58:09,196216.4,-46.24305
2022-07-06 17:58:08,196100,-53.4263
2022-07-06 17:58:07,196216.7,-62.244
2022-07-06 17:58:06,196242.3,-54.08404
2022-07-06 17:58:05,196102.9,-52.00182
2022-07-06 17:58:04,196103.8,-50.08058
2022-07-06 17:58:03,197442.1,-57.58327
2022-07-06 17:58:02,196448.3,-52.65784
2022-07-06 17:58:01,194901.9,-41.75344
2022-07-06 17:58:00,196094.7,-61.42184
2022-07-06 17:57:59,196223.4,-49.15614
2022-07-06 17:57:58,196220.7,-39.17283
2022-07-06 17:57:57,195986.5,-79.17557
2022-07-06 17:57:56,196110.8,-63.57036
2022-07-06 17:57:55,196235.3,-48.93308
2022-07-06 17:57:54,196205.1,-60.65396
2022-07-06 17:57:53,196225.5,-47.83418
2022-07-06 17:57:52,196004.1,-44.3356
2022-07-06 17:57:51,196218.4,-49.43031
2022-07-06 17:57:50,196357.8,-50.57069
2022-07-06 17:57:49,196110.1,-51.34298
2022-07-06 17:57:48,196117.9,-58.40886
2022-07-06 17:57:47,196112.2,-48.00397
2022-07-06 17:57:46,196804.8,-51.82881
2022-07-06 17:57:45,196268.4,-48.32612
2022-07-06 17:57:44,195443.9,-49.59189
2022-07-06 17:57:43,196092.5,-54.24575
2022-07-06 17:57:42,196221.5,-49.91847
2022-07-06 17:57:41,196224.2,-55.83402
2022-07-06 17:57:40,196096.9,-42.741
2022-07-06 17:57:39,196108.9,-31.67341
2022-07-06 17:57:38,196215.5,-47.67091
2022-07-06 17:57:37,196229,-59.83446
2022-07-06 17:57:36,196582.3,-52.49134
2022-07-06 17:57:35,196241.5,-53.41666
2022-07-06 17:57:34,195723.6,-64.1716
2022-07-06 17:57:33,196119.2,-56.16867
2022-07-06 17:57:32,196210.4,-42.40893
2022-07-06 17:57:31,198809,-55.01412
2022-07-06 17:57:30,196331.5,-64.66115
2022-07-06 17:57:29,194163.5,-42.24678
2022-07-06 17:57:28,196278.5,-45.58733
2022-07-06 17:57:27,195292,-48.32643
2022-07-06 17:57:26,196102.6,-45.75404
2022-07-06 17:57:25,196099.9,-46.24725
2022-07-06 17:57:24,196212.6,-38.08096
2022-07-06 17:57:23,196108.6,-41.75391
2022-07-06 17:57:22,196096.6,-42.24851
2022-07-06 17:57:21,196329.7,-24.49021
2022-07-06 17:57:20,205184.2,-8.164689
2022-07-06 17:57:19,196895.5,-2.082462
2022-07-06 17:57:18,186387.3,-38.3628
2022-07-06 17:57:17,196217,-55.06366
2022-07-06 17:57:16,196225.4,-35.67093
2022-07-06 17:57:15,196217.6,-43.99974
2022-07-06 17:57:14,196102.8,-38.24564
2022-07-06 17:57:13,196093.2,-37.75528
2022-07-06 17:57:12,196334.3,-53.58426
2022-07-06 17:57:11,196215.6,-44.82189
2022-07-06 17:57:10,196099.3,-43.17471
2022-07-06 17:57:09,203602.2,-77.43095
2022-07-06 17:57:08,196779,-53.64635
2022-07-06 17:57:07,188079.4,-54.204
2022-07-06 17:57:06,196197,-55.87522
2022-07-06 17:57:05,196103,-15.671689
2022-07-06 17:57:04,196119.7,-20.1653
2022-07-06 17:57:03,196121.6,-14.082704
2022-07-06 17:57:02,196204.7,-11.999139
2022-07-06 17:57:01,196216.9,-10.081414
2022-07-06 17:57:00,196104.9,-4.164341
2022-07-06 17:56:59,196109.2,-3.836563
2022-07-06 17:56:58,206663.5,-13.755698
2022-07-06 17:56:57,197105.7,-16.162356
2022-07-06 17:56:56,184867,-15.833678
2022-07-06 17:56:55,196105.4,-18.08225
2022-07-06 17:56:54,196212,-12.164882
2022-07-06 17:56:53,196730.9,-15.670873
2022-07-06 17:56:52,196033.1,-35.51325
2022-07-06 17:56:51,195683.1,-47.99932
2022-07-06 17:56:50,196331.7,-32.65243
2022-07-06 17:56:49,196109.7,-23.67056
2022-07-06 17:56:48,196099.9,-30.08314
2022-07-06 17:56:47,196227.3,-135.39754
2022-07-06 17:56:46,196203,-152.26993
2022-07-06 17:56:45,196233.7,-34.41305
2022-07-06 17:56:44,196117,-25.92058
2022-07-06 17:56:43,196086.3,-31.83425
2022-07-06 17:56:42,196095.3,-45.58888
2022-07-06 17:56:41,196217.1,-46.41069
2022-07-06 17:56:40,196235.4,-36.00112
2022-07-06 17:56:39,196103.7,-36.00141
2022-07-06 17:56:38,196095.6,-49.42622
2022-07-06 17:56:37,196226.2,-50.57472
2022-07-06 17:56:36,196217.3,-55.17612
2022-07-06 17:56:35,196085.3,-68.32525
2022-07-06 17:56:34,196124.9,-48.49516
2022-07-06 17:56:33,196261.3,-37.92135
2022-07-06 17:56:32,196221.8,-53.42433
2022-07-06 17:56:31,196445,-54.57025
2022-07-06 17:56:30,196146.5,-61.10155
2022-07-06 17:56:29,195829.3,-70.57712
2022-07-06 17:56:28,196329.3,-50.24037
2022-07-06 17:56:27,196115.9,-45.92002
2022-07-06 17:56:26,196086.6,-49.9182
2022-07-06 17:56:25,196220.2,-59.6686
2022-07-06 17:56:24,196115.1,-54.57966
2022-07-06 17:56:23,196208.1,-43.83368
2022-07-06 17:56:22,196222.9,-59.50521
2022-07-06 17:56:21,196117.2,-81.59893
2022-07-06 17:56:20,196194.1,-51.71624
2022-07-06 17:56:19,196117.4,-52.10733
2022-07-06 17:56:18,196109.4,-76.99049
2022-07-06 17:56:17,196236.6,-48.16405
2022-07-06 17:56:16,196352.7,-65.0969
2022-07-06 17:56:15,196235.4,-47.72352
2022-07-06 17:56:14,195959.5,-9.75297
2022-07-06 17:56:13,196220.4,-25.58871
2022-07-06 17:56:12,196230.4,-49.42435
2022-07-06 17:56:11,196099.8,-60.16561
2022-07-06 17:56:10,196107.9,-46.41312
2022-07-06 17:56:09,196105,-55.18405
2022-07-06 17:56:08,196202.8,-66.40426
2022-07-06 17:56:07,196225.9,-36.82011
2022-07-06 17:56:06,196105.2,-21.75362
2022-07-06 17:56:05,196200.6,-20.32843
2022-07-06 17:56:04,196246.3,-10.082607
2022-07-06 17:56:03,196367.4,-6.082231
2022-07-06 17:56:02,196244.1,-9.753773
2022-07-06 17:56:01,195979.9,-17.91964
2022-07-06 17:56:00,196229,-58.37011
2022-07-06 17:55:59,196110.7,-69.30553
2022-07-06 17:55:58,196424.3,-57.09192
2022-07-06 17:55:57,196254.9,-78.07904
2022-07-06 17:55:56,195732.4,-70.25779
2022-07-06 17:55:55,196092.5,-44.81481
2022-07-06 17:55:54,196945.8,-33.58987
2022-07-06 17:55:53,196279,-63.17644
2022-07-06 17:55:52,195397,-87.82546
2022-07-06 17:55:51,196227.9,-72.82477
2022-07-06 17:55:50,196109.1,-65.42756
2022-07-06 17:55:49,196462.5,-91.49835
2022-07-06 17:55:48,196261.4,-63.73385
2022-07-06 17:55:47,195854.8,-20.00181
2022-07-06 17:55:46,196607.2,-25.75507
2022-07-06 17:55:45,196143.7,-20.49253
2022-07-06 17:55:44,195677.8,-17.5892
2022-07-06 17:55:43,196221.1,-26.0811
2022-07-06 17:55:42,196094.8,-20.16442
2022-07-06 17:55:41,196086,-12.164166
2022-07-06 17:55:40,196348.9,-19.50628
2022-07-06 17:55:39,196254.9,-18.57668
2022-07-06 17:55:38,195970.9,-15.508987
2022-07-06 17:55:37,196104.2,-28.00118
2022-07-06 17:55:36,196203.8,-20.32587
2022-07-06 17:55:35,196329.4,-17.75124
2022-07-06 17:55:34,196123.3,-20.16566
2022-07-06 17:55:33,196096.5,-31.34246
2022-07-06 17:55:32,196225.5,-47.99767
2022-07-06 17:55:31,196127.9,-36.49763
2022-07-06 17:55:30,196097.3,-52.77219
2022-07-06 17:55:29,196574.4,-80.15884
2022-07-06 17:55:28,196262.9,-64.4933
2022-07-06 17:55:27,196209.1,-52.03414
2022-07-06 17:55:26,196167.9,-46.24342
2022-07-06 17:55:25,195669.9,-45.72346
2022-07-06 17:55:24,196209.3,-57.74748
2022-07-06 17:55:23,196104.2,-56.33163
2022-07-06 17:55:22,196331.1,-47.99746
2022-07-06 17:55:21,196241.2,-51.83495
2022-07-06 17:55:20,195984.1,-52.16965
2022-07-06 17:55:19,196125.6,-48.00349
2022-07-06 17:55:18,196230.1,-55.67115
2022-07-06 17:55:17,196218.1,-60.15839
2022-07-06 17:55:16,196101.1,-55.99909
2022-07-06 17:55:15,196109.1,-54.08582
2022-07-06 17:55:14,196123.6,-48.17034
2022-07-06 17:55:13,196209.9,-53.58957
2022-07-06 17:55:12,196598.5,-54.40865
2022-07-06 17:55:11,196131.4,-45.91933
2022-07-06 17:55:10,195811,-40.325
2022-07-06 17:55:09,197559.7,-45.42172
2022-07-06 17:55:08,198268,-69.57699
2022-07-06 17:55:07,194953.4,-70.41793
2022-07-06 17:55:06,194973.2,-60.00592
2022-07-06 17:55:05,196560.1,-50.4129
2022-07-06 17:55:04,195067.5,-39.9973
2022-07-06 17:55:03,195825,-41.91456
2022-07-06 17:55:02,196233.9,-53.58938
2022-07-06 17:55:01,196099.4,-60.16563
2022-07-06 17:55:00,196228.5,-56.00279
2022-07-06 17:54:59,196328.9,-50.24101
2022-07-06 17:54:58,196100.8,-43.99871
2022-07-06 17:54:57,196015.3,-45.92553
2022-07-06 17:54:56,196245.4,-61.42849
2022-07-06 17:54:55,196498.2,-68.33455
2022-07-06 17:54:54,196364.8,-48.48868
2022-07-06 17:54:53,195922.6,-39.82598
2022-07-06 17:54:52,195959.4,-47.8344
2022-07-06 17:54:51,196222.9,-53.91878
2022-07-06 17:54:50,196233.4,-61.75442
2022-07-06 17:54:49,196018.3,-60.33589
2022-07-06 17:54:48,196105.2,-44.32669
2022-07-06 17:54:47,196323.2,-43.66336
2022-07-06 17:54:46,205455.8,-61.59227
2022-07-06 17:54:45,198599.6,-68.16299
2022-07-06 17:54:44,186240.6,-63.99743
2022-07-06 17:54:43,194253.6,-58.25366
2022-07-06 17:54:42,196211.4,-38.57312
2022-07-06 17:54:41,198080.7,-31.67346
2022-07-06 17:54:40,197502.3,-74.53731
2022-07-06 17:54:39,194302.8,-83.21666
2022-07-06 17:54:38,195018.7,-59.67187
2022-07-06 17:54:37,196127.5,-52.65826
2022-07-06 17:54:36,197046.8,-43.66552
2022-07-06 17:54:35,196434,-140.21171
2022-07-06 17:54:34,196194.1,-138.20329
2022-07-06 17:54:33,196080.9,-16.654822
2022-07-06 17:54:32,208736.2,0
2022-07-06 17:54:31,206623.7,-1.917674
2022-07-06 17:54:30,183200.6,-5.918258
2022-07-06 17:54:29,186183.5,-4.164068
2022-07-06 17:54:28,194884.4,0
2022-07-06 17:54:27,196248,0
2022-07-06 17:54:26,196710.4,0
2022-07-06 17:54:25,196778,-1.917915
2022-07-06 17:54:24,195613.4,-2.082085
2022-07-06 17:54:23,195423.7,0
2022-07-06 17:54:22,196090.5,0
2022-07-06 17:54:21,196626.6,0
2022-07-06 17:54:20,200667.7,0
2022-07-06 17:54:19,196192.6,0
2022-07-06 17:54:18,191819.4,0
2022-07-06 17:54:17,196256.1,0
2022-07-06 17:54:16,195701.1,0
2022-07-06 17:54:15,196580.7,-9.587233
2022-07-06 17:54:14,196245.4,-10.412767
2022-07-06 17:54:13,195717,0
2022-07-06 17:54:12,196221.2,-11.505631
2022-07-06 17:54:11,196099.2,-37.42129
2022-07-06 17:54:10,196095.2,-57.75555
2022-07-06 17:54:09,208254.5,-87.0107
2022-07-06 17:54:08,197252.3,-88.9887
2022-07-06 17:54:07,183171.6,-54.41044
2022-07-06 17:54:06,196112.4,-38.24853
2022-07-06 17:54:05,196109.1,-89.53538
2022-07-06 17:54:04,196118.2,-98.3019
2022-07-06 17:54:03,196360.7,-49.58922
2022-07-06 17:54:02,196131.4,-60.00439
2022-07-06 17:54:01,196345.2,-52.33304
2022-07-06 17:54:00,196630.2,-49.75625
2022-07-06 17:53:59,195726.8,-55.99976
2022-07-06 17:53:58,198857.7,-55.99136
2022-07-06 17:53:57,196608.5,-54.07775
2022-07-06 17:53:56,192791,-52.00152
2022-07-06 17:53:55,195972.5,-55.83859
2022-07-06 17:53:54,196959.2,-48.49271
2022-07-06 17:53:53,196274.2,-51.33835
2022-07-06 17:53:52,195419.8,-54.57617
2022-07-06 17:53:51,196223.9,-49.58697
2022-07-06 17:53:50,196100.9,-58.08378
2022-07-06 17:53:49,196112.6,-54.08262
2022-07-06 17:53:48,196226.9,-65.4207
2022-07-06 17:53:47,196728.5,-76.16231
2022-07-06 17:53:46,196183.6,-62.42053
2022-07-06 17:53:45,196431.1,-48.16593
2022-07-06 17:53:44,196261.6,-45.91067
2022-07-06 17:53:43,196908.9,-55.67575
2022-07-06 17:53:42,196356.3,-60.16447
2022-07-06 17:53:41,194972.3,-40.65469
2022-07-06 17:53:40,196146.7,-43.17886
2022-07-06 17:53:39,195562.6,-56.32878
2022-07-06 17:53:38,196162.9,-59.53121
2022-07-06 17:53:37,196709.5,-56.64404
2022-07-06 17:53:36,197918.6,-24.64571
2022-07-06 17:53:35,195838.3,-4.165756
2022-07-06 17:53:34,194386.9,0
2022-07-06 17:53:33,195998.2,0
2022-07-06 17:53:32,196331.8,-21.09604
2022-07-06 17:53:31,197487,-38.24669
2022-07-06 17:53:30,196299.5,-58.84824
2022-07-06 17:53:29,194903.8,-63.06642
2022-07-06 17:53:28,195832.5,-51.34096
2022-07-06 17:53:27,196234.3,-60.33037
2022-07-06 17:53:26,196245,-52.00031
2022-07-06 17:53:25,196467.6,-55.83628
2022-07-06 17:53:24,196136.9,-56.1671
2022-07-06 17:53:23,195809.8,-51.99758
2022-07-06 17:53:22,196242.2,-59.67526
2022-07-06 17:53:21,196114.5,-50.74142
2022-07-06 17:53:20,196029.6,-32.00922
2022-07-06 17:53:19,196232.4,-33.91858
2022-07-06 17:53:18,196306.6,-32.14882
2022-07-06 17:53:17,196236.2,-14.576723
2022-07-06 17:53:16,196138.7,-5.753911
2022-07-06 17:53:15,196085.9,-23.50789
2022-07-06 17:53:14,196217.8,-28.32692
2022-07-06 17:53:13,196205.6,-18.08118
2022-07-06 17:53:12,196223.3,-14.082158
2022-07-06 17:53:11,196106.5,-8.165508
2022-07-06 17:53:10,196099.9,-2.082432
2022-07-06 17:53:09,196708.4,0
2022-07-06 17:53:08,196269.2,0
2022-07-06 17:53:07,196313.6,0
2022-07-06 17:53:06,197028.1,-17.25671
2022-07-06 17:53:05,195398.5,-20.66128
2022-07-06 17:53:04,195241.1,-2.082006
2022-07-06 17:53:03,196242,-1.918831
2022-07-06 17:53:02,196550.7,-13.588433
2022-07-06 17:53:01,196235.6,-18.24547
2022-07-06 17:53:00,195848.6,-6.247269
2022-07-06 17:52:59,201746.1,-3.835922
2022-07-06 17:52:58,196691.4,-9.917285
2022-07-06 17:52:57,190104.2,-11.999728
2022-07-06 17:52:56,196122.1,-6.247065
2022-07-06 17:52:55,196090.4,-3.8357
2022-07-06 17:52:54,196199.5,-4.1643
2022-07-06 17:52:53,196219.6,-1.917261
2022-07-06 17:52:52,196108.9,-5.917789
2022-07-06 17:52:51,196592.2,-6.082584
2022-07-06 17:52:50,196169.6,-7.8372
2022-07-06 17:52:49,195726.9,-13.919125
2022-07-06 17:52:48,196231,-10.243888
2022-07-06 17:52:47,196224.8,-5.917545
2022-07-06 17:52:46,196247.6,-15.671247
2022-07-06 17:52:45,196097.2,-16.328958
2022-07-06 17:52:44,196348.2,-4.164404
2022-07-06 17:52:43,196233,-3.835598
2022-07-06 17:52:42,195955.6,-11.835019
2022-07-06 17:52:41,196099.8,-12.164846
2022-07-06 17:52:40,196100,-6.08235
2022-07-06 17:52:39,196339.6,-3.999962
2022-07-06 17:52:38,196227,-5.917253
2022-07-06 17:52:37,196096.3,-9.917827
2022-07-06 17:52:36,196136.2,-15.837623
2022-07-06 17:52:35,196088,-14.245814
2022-07-06 17:52:34,196232.1,-6.081599
2022-07-06 17:52:33,196235.3,-13.589448
2022-07-06 17:52:32,196107.9,-16.328496
2022-07-06 17:52:31,196091.1,-17.59039
2022-07-06 17:52:30,196479.5,-24.16442
2022-07-06 17:52:29,196172.1,-12.328614
2022-07-06 17:52:28,195945.3,-2.080743
2022-07-06 17:52:27,196184.7,-3.835857
2022-07-06 17:52:26,196122.6,-4.164143
2022-07-06 17:52:25,196112.4,-103.59948
2022-07-06 17:52:24,196195.1,-112.40052
2022-07-06 17:52:23,196350.9,-7.672018
2022-07-06 17:52:22,196226.5,-10.24593
2022-07-06 17:52:21,196108.6,-2.082053
2022-07-06 17:52:20,196115,0
2022-07-06 17:52:19,196079.9,-1.918069
2022-07-06 17:52:18,196221.8,-5.91777
2022-07-06 17:52:17,197113.4,-11.83677
2022-07-06 17:52:16,196196,-10.245793
2022-07-06 17:52:15,195259.1,-5.917296
2022-07-06 17:52:14,196206.8,-9.916474
2022-07-06 17:52:13,196105,-17.75328
2022-07-06 17:52:12,196104,-22.08324
2022-07-06 17:52:11,196209.8,-21.91664
2022-07-06 17:52:10,196227.9,-22.0823
2022-07-06 17:52:09,196738.9,-20.00297
2022-07-06 17:52:08,196268.3,-10.409399
2022-07-06 17:52:07,195664.7,-5.752311
2022-07-06 17:52:06,196124,-6.247689
2022-07-06 17:52:05,195979.1,0
2022-07-06 17:52:04,196225.9,-3.835414
2022-07-06 17:52:03,196234.2,-9.916863
2022-07-06 17:52:02,196121,-8.16566
2022-07-06 17:52:01,196107.6,-11.672928
2022-07-06 17:52:00,196097.5,-33.42757
2022-07-06 17:51:59,205656.6,-26.89949
2022-07-06 17:51:58,197014.4,-2.082076
2022-07-06 17:51:57,185845.5,-3.835205
2022-07-06 17:51:56,196966.2,-8.000367
2022-07-06 17:51:55,196306.4,-42.52353
2022-07-06 17:51:54,195315.8,-47.39556
2022-07-06 17:51:53,196206.1,-13.917191
2022-07-06 17:51:52,196207.6,-15.998236
2022-07-06 17:51:51,196150.5,-8.329908
2022-07-06 17:51:50,196225.2,-1.921475
2022-07-06 17:51:49,196173,-2.078525
2022-07-06 17:51:48,204692.7,0
2022-07-06 17:51:47,196853.6,-1.917784
2022-07-06 17:51:46,187247.8,-3.999737
2022-07-06 17:51:45,196260.4,-2.082479
2022-07-06 17:51:44,195706,-3.835419
2022-07-06 17:51:43,196110.1,-6.082578
2022-07-06 17:51:42,196114.3,-5.918744
2022-07-06 17:51:41,196199.3,-6.081232
2022-07-06 17:51:40,196224.5,-3.999903
2022-07-06 17:51:39,196099.7,-2.082124
2022-07-06 17:51:38,196099.3,0
2022-07-06 17:51:37,196230.2,-3.836192
2022-07-06 17:51:36,196231.1,-21.42548
2022-07-06 17:51:35,196204,-26.40898
2022-07-06 17:51:34,196256,-12.165606
2022-07-06 17:51:33,196110.8,-11.837127
2022-07-06 17:51:32,196078.3,-8.32661
2022-07-06 17:51:31,196211.9,0
2022-07-06 17:51:30,196218,-3.834907
2022-07-06 17:51:29,196112.7,-8.000682
2022-07-06 17:51:28,196222.4,-4.164412
2022-07-06 17:51:27,196122.8,-3.836168
2022-07-06 17:51:26,196099,-6.082064
2022-07-06 17:51:25,196227.2,-7.83634
2022-07-06 17:51:24,196216.8,-6.245428
2022-07-06 17:51:23,196090.3,-1.91782
2022-07-06 17:51:22,196079.9,-3.999886
2022-07-06 17:51:21,196239.7,-4.000212
2022-07-06 17:51:20,196462.5,-5.917849
2022-07-06 17:51:19,196234.2,-17.58574
2022-07-06 17:51:18,195873.4,-20.33262
2022-07-06 17:51:17,196228.2,-6.245871
2022-07-06 17:51:16,196104.8,0
2022-07-06 17:51:15,196082.5,-3.835957
2022-07-06 17:51:14,196324.3,-6.081457
2022-07-06 17:51:13,196119.3,-4.00026
2022-07-06 17:51:12,196099.8,-5.918259
2022-07-06 17:51:11,196333.3,-6.081652
2022-07-06 17:51:10,196116.9,-2.082415
2022-07-06 17:51:09,196088.4,0
2022-07-06 17:51:08,196228,-3.835661
2022-07-06 17:51:07,196226.2,-8.00007
2022-07-06 17:51:06,196113.5,-9.917914
2022-07-06 17:51:05,195967.9,-8.164342
2022-07-06 17:51:04,196206,-7.834965
2022-07-06 17:51:03,196249.3,-12.00097
2022-07-06 17:51:02,196214,-6.246078
2022-07-06 17:51:01,196584.9,0
2022-07-06 17:51:00,196124.3,0
2022-07-06 17:50:59,196312.3,-1.917605
2022-07-06 17:50:58,196880.9,-5.917433
2022-07-06 17:50:57,195621,-6.082394
2022-07-06 17:50:56,195686.6,-13.58731
2022-07-06 17:50:55,196237.6,-29.75195
2022-07-06 17:50:54,195974.6,-39.83749
2022-07-06 17:50:53,196221.2,-24.82352
2022-07-06 17:50:52,196109.4,-5.917819
2022-07-06 17:50:51,195974.3,-6.082475
2022-07-06 17:50:50,196221.7,-17.42647
2022-07-06 17:50:49,197108.1,-18.57384
2022-07-06 17:50:48,196166.4,-2.081702
2022-07-06 17:50:47,195275.6,-3.835401
2022-07-06 17:50:46,196244.4,-4.164599
2022-07-06 17:50:45,196213,-3.835447
2022-07-06 17:50:44,196116,-8.000387
2022-07-06 17:50:43,196094,-13.75462
2022-07-06 17:50:42,196334,-25.75134
2022-07-06 17:50:41,196220.4,-37.75117
2022-07-06 17:50:40,195980.7,-36.33089
2022-07-06 17:50:39,196102.5,-24.16635
2022-07-06 17:50:38,196338.7,-12.327565
2022-07-06 17:50:37,196219.7,-5.917302
2022-07-06 17:50:36,196108.5,-6.082676
2022-07-06 17:50:35,196091.6,-25.09416
2022-07-06 17:50:34,196118.3,-49.91849
2022-07-06 17:50:33,196248.7,-32.82333
2022-07-06 17:50:32,196218.9,-11.99925
2022-07-06 17:50:31,196598.7,-13.918448
2022-07-06 17:50:30,197141.1,-17.92
2022-07-06 17:50:29,195754.3,-19.99843
2022-07-06 17:50:28,195261.3,-10.410139
2022-07-06 17:50:27,196122.5,-1.917715
2022-07-06 17:50:26,195995.6,-4.000585
2022-07-06 17:50:25,196208.8,-3.999796
2022-07-06 17:50:24,196212.9,-5.91743
2022-07-06 17:50:23,196218.7,-9.917763
2022-07-06 17:50:22,196213.7,-8.164156
2022-07-06 17:50:21,196093.6,-3.999951
2022-07-06 17:50:20,197595.2,-4.000535
2022-07-06 17:50:19,196234.1,-4.000249
2022-07-06 17:50:18,194605.3,-13.589109
2022-07-06 17:50:17,196226.1,-20.16366
2022-07-06 17:50:16,196094.8,-19.83482
2022-07-06 17:50:15,196249.7,-24.00378
2022-07-06 17:50:14,196240,-18.24588
2022-07-06 17:50:13,196065.7,-6.244563
2022-07-06 17:50:12,196078.1,-9.587475
2022-07-06 17:50:11,196221.4,-21.91783
2022-07-06 17:50:10,196241.2,-12.494699
2022-07-06 17:50:09,203592,-1.917963
2022-07-06 17:50:08,196749,-2.082037
2022-07-06 17:50:07,188087.8,-1.918083
2022-07-06 17:50:06,196226.6,-2.081917
2022-07-06 17:50:05,196111.4,-1.918259
2022-07-06 17:50:04,196214.5,-2.081741
2022-07-06 17:50:03,196224.6,0
2022-07-06 17:50:02,196097,0
2022-07-06 17:50:01,196106.8,0
2022-07-06 17:50:00,196230.5,-101.67488
2022-07-06 17:49:59,196202.9,-116.07869
2022-07-06 17:49:58,204930.2,-8.164227
2022-07-06 17:49:57,196983.1,-2.082205
2022-07-06 17:49:56,186747.2,0
2022-07-06 17:49:55,196105.4,-9.588534
2022-07-06 17:49:54,196179.5,-43.00985
2022-07-06 17:49:53,196329.3,-37.31895
2022-07-06 17:49:52,196109.3,-4.000272
2022-07-06 17:49:51,196101.9,-4.000121
2022-07-06 17:49:50,196114.8,-2.082267
2022-07-06 17:49:49,196109.9,0
2022-07-06 17:49:48,196200.8,-1.917871
2022-07-06 17:49:47,205829.4,-5.918627
2022-07-06 17:49:46,197000.5,-4.163502
2022-07-06 17:49:45,185785.3,0
2022-07-06 17:49:44,196981.9,0
2022-07-06 17:49:43,196653,0
2022-07-06 17:49:42,195416,0
2022-07-06 17:49:41,195714.2,0
2022-07-06 17:49:40,196167.5,-1.919415
2022-07-06 17:49:39,196215.8,-5.918872
2022-07-06 17:49:38,196509.7,-4.161712
2022-07-06 17:49:37,196163.9,-3.83588
2022-07-06 17:49:36,195603.8,-4.16412
2022-07-06 17:49:35,197326.9,0
2022-07-06 17:49:34,196668.8,-3.836244
2022-07-06 17:49:33,194941.5,-6.082063
2022-07-06 17:49:32,195823.6,-4.000052
2022-07-06 17:49:31,196204.1,-2.081641
2022-07-06 17:49:30,196089,-1.917661
2022-07-06 17:49:29,196107.5,-2.082339
2022-07-06 17:49:28,196226.4,0
2022-07-06 17:49:27,196217.7,-1.91766
2022-07-06 17:49:26,196236.1,-2.08234
2022-07-06 17:49:25,196214.3,0
2022-07-06 17:49:24,196210.5,0
2022-07-06 17:49:23,196128.9,0
2022-07-06 17:49:22,196092.4,-3.835936
2022-07-06 17:49:21,196234.9,-9.918313
2022-07-06 17:49:20,196571.9,-8.163526
2022-07-06 17:49:19,196621.5,-5.917311
2022-07-06 17:49:18,195754,-6.082908
2022-07-06 17:49:17,195690,-7.835372
2022-07-06 17:49:16,196344.8,-8.164405
2022-07-06 17:49:15,196238.9,-9.753242
2022-07-06 17:49:14,195958.6,-8.328987
2022-07-06 17:49:13,196215,-1.917594
2022-07-06 17:49:12,196220.1,-2.082406
2022-07-06 17:49:11,196727.2,-1.917763
2022-07-06 17:49:10,200323.8,-4.000042
2022-07-06 17:49:09,197989.4,-2.082195
2022-07-06 17:49:08,192844.9,-1.91736
2022-07-06 17:49:07,193920.1,-4.000112
2022-07-06 17:49:06,195042,-4.000249
2022-07-06 17:49:05,196089.3,-5.91745
2022-07-06 17:49:04,196238.8,-6.082432
2022-07-06 17:49:03,196258.4,-4.00017
2022-07-06 17:49:02,196090.2,-3.999882
2022-07-06 17:49:01,196111,-4.000306
2022-07-06 17:49:00,196221.1,-4.000049
2022-07-06 17:48:59,197567,-3.999749
2022-07-06 17:48:58,196594,-9.754433
2022-07-06 17:48:57,195142.9,-8.327807
2022-07-06 17:48:56,195855.2,0
2022-07-06 17:48:55,195720.1,-1.918051
2022-07-06 17:48:54,196121.6,-2.081949
2022-07-06 17:48:53,196096.1,-1.918575
2022-07-06 17:48:52,197418.8,-7.835469
2022-07-06 17:48:51,196828.3,-6.245957
2022-07-06 17:48:50,194823.8,-1.918453
2022-07-06 17:48:49,195552.1,-3.999658
2022-07-06 17:48:48,196203.2,-2.081889
2022-07-06 17:48:47,196228.4,-1.917532
2022-07-06 17:48:46,196830.3,-3.999832
2022-07-06 17:48:45,196292,-11.670466
2022-07-06 17:48:44,195465.6,-12.330469
2022-07-06 17:48:43,196217.1,-2.0817
2022-07-06 17:48:42,196208.3,0
2022-07-06 17:48:41,196095.5,-5.753485
2022-07-06 17:48:40,196090.7,-19.67056
2022-07-06 17:48:39,196453.6,-16.493464
2022-07-06 17:48:38,196250.2,-5.917497
2022-07-06 17:48:37,195844.2,-4.164998
2022-07-06 17:48:36,196103.4,-5.752877
2022-07-06 17:48:35,196219.8,-6.247123
2022-07-06 17:48:34,196652.3,0
2022-07-06 17:48:33,196138.6,-3.836845
2022-07-06 17:48:32,195669.7,-6.081034
2022-07-06 17:48:31,196118.2,-5.918787
2022-07-06 17:48:30,196222.5,-4.163334
2022-07-06 17:48:29,196692.6,-1.917847
2022-07-06 17:48:28,196230.2,-5.916592
2022-07-06 17:48:27,195727.2,-6.083376
2022-07-06 17:48:26,196103.9,-7.835985
2022-07-06 17:48:25,196318.4,-11.99859
2022-07-06 17:48:24,196599.4,-6.24761
2022-07-06 17:48:23,196047.9,-1.918383
2022-07-06 17:48:22,196442.2,-7.837326
2022-07-06 17:48:21,196731.9,-8.162032
2022-07-06 17:48:20,195615.6,-4.000431
2022-07-06 17:48:19,196184.6,-2.081828
2022-07-06 17:48:18,196012.2,-7.670579
2022-07-06 17:48:17,195566.1,-8.329421
2022-07-06 17:48:16,196468.9,0
2022-07-06 17:48:15,196101.2,0
2022-07-06 17:48:14,195864.7,-1.918199
2022-07-06 17:48:13,196227.9,-101.83789
2022-07-06 17:48:12,196203.6,-112.07963
2022-07-06 17:48:11,196369.5,-4.164275
2022-07-06 17:48:10,196136.7,0
2022-07-06 17:48:09,195917.6,0
2022-07-06 17:48:08,196203.8,-5.752834
2022-07-06 17:48:07,196217.9,-10.082121
2022-07-06 17:48:06,196145.4,-6.083189
2022-07-06 17:48:05,196087.9,-4.000047
2022-07-06 17:48:04,196306.2,-2.081808
2022-07-06 17:48:03,196422.8,0
2022-07-06 17:48:02,196146.1,0
2022-07-06 17:48:01,195917,-1.918005
2022-07-06 17:48:00,196209.8,-3.999818
2022-07-06 17:47:59,196985,-2.082176
2022-07-06 17:47:58,196177.2,0
2022-07-06 17:47:57,195498.4,-1.917698
2022-07-06 17:47:56,196130,-7.836192
2022-07-06 17:47:55,195968.9,-6.24611
2022-07-06 17:47:54,196219.3,0
2022-07-06 17:47:53,196096.6,0
2022-07-06 17:47:52,196217.9,0
2022-07-06 17:47:51,196220.1,0
2022-07-06 17:47:50,196202.1,0
2022-07-06 17:47:49,196110.4,-1.917491
2022-07-06 17:47:48,196105.5,-13.588885
2022-07-06 17:47:47,196241.3,-12.493624
2022-07-06 17:47:46,196126.7,0
2022-07-06 17:47:45,196220.7,0
2022-07-06 17:47:44,196205.3,-1.917662
2022-07-06 17:47:43,196116.8,-2.082338
2022-07-06 17:47:42,196247.9,-42.19805
2022-07-06 17:47:41,196243.3,-45.80195
2022-07-06 17:47:40,196091.9,0
2022-07-06 17:47:39,196215.4,0
2022-07-06 17:47:38,196121.3,-1.917891
2022-07-06 17:47:37,196081.2,-2.082109
2022-07-06 17:47:36,196227.5,-1.917603
2022-07-06 17:47:35,196218.8,-4
2022-07-06 17:47:34,196244.8,-5.917691
2022-07-06 17:47:33,196138.5,-4.164705
2022-07-06 17:47:32,196111.1,0
2022-07-06 17:47:31,196686.4,-1.918049
2022-07-06 17:47:30,196512,-2.081951
2022-07-06 17:47:29,195827.9,-1.917918
2022-07-06 17:47:28,195942.9,-2.082082
2022-07-06 17:47:27,195966,0
2022-07-06 17:47:26,196111.2,0
2022-07-06 17:47:25,196109.2,-1.917864
2022-07-06 17:47:24,196568.3,-2.082136
2022-07-06 17:47:23,196159.3,-1.917916
2022-07-06 17:47:22,195705.4,-2.082084
2022-07-06 17:47:21,196933.4,0
2022-07-06 17:47:20,196284.5,0
2022-07-06 17:47:19,195346.9,0
2022-07-06 17:47:18,196210.9,0
2022-07-06 17:47:17,196476.8,0
2022-07-06 17:47:16,196018.2,-1.918299
2022-07-06 17:47:15,195947.6,-3.999904
2022-07-06 17:47:14,196216.3,-3.999737
2022-07-06 17:47:13,196114.9,-2.082059
2022-07-06 17:47:12,196208.6,0
2022-07-06 17:47:11,196199.6,0
2022-07-06 17:47:10,196121.6,-1.918036
2022-07-06 17:47:09,196108.4,-4.000253
2022-07-06 17:47:08,196197.2,-2.081711
2022-07-06 17:47:07,196219.3,-5.752944
2022-07-06 17:47:06,196087.1,-6.247056
2022-07-06 17:47:05,196120.8,0
2022-07-06 17:47:04,196249,-3.836475
2022-07-06 17:47:03,196232.5,-4.163525
2022-07-06 17:47:02,196104.8,0
2022-07-06 17:47:01,196105.8,0
2022-07-06 17:47:00,196202.8,-1.917976
2022-07-06 17:46:59,196330.1,-2.082024
2022-07-06 17:46:58,196222,-1.91738
2022-07-06 17:46:57,196103.2,-5.917673
2022-07-06 17:46:56,196216.7,-27.17478
2022-07-06 17:46:55,196833.6,-49.91503
2022-07-06 17:46:54,196889.6,-52.00118
2022-07-06 17:46:53,195611.9,-42.41244
2022-07-06 17:46:52,195430.3,-35.83478
2022-07-06 17:46:51,196099.4,-49.58767
2022-07-06 17:46:50,196098.7,-36.99143
2022-07-06 17:46:49,196108.6,-6.247648
2022-07-06 17:46:48,196131,-5.755267
2022-07-06 17:46:47,206760.6,-10.080877
2022-07-06 17:46:46,197108.6,-4.163856
2022-07-06 17:46:45,184660.3,-19.18045
2022-07-06 17:46:44,196206.4,-51.50423
2022-07-06 17:46:43,196217.2,-46.73759
2022-07-06 17:46:42,196116.9,-43.34485
2022-07-06 17:46:41,196206.6,-36.98555
2022-07-06 17:46:40,196222.7,-11.999595
2022-07-06 17:46:39,196110.9,-17.7541
2022-07-06 17:46:38,196207.8,-20.16365
2022-07-06 17:46:37,196217.9,-8.329971
2022-07-06 17:46:36,196106.1,0
2022-07-06 17:46:35,196221.9,0
2022-07-06 17:46:34,196229.8,0
2022-07-06 17:46:33,196005.4,-1.917886
2022-07-06 17:46:32,195991.1,-4.000579
2022-07-06 17:46:31,196228.7,-2.081535
2022-07-06 17:46:30,196210.4,-1.918284
2022-07-06 17:46:29,196086.9,-5.917913
2022-07-06 17:46:28,196230.5,-8.000477
2022-07-06 17:46:27,196218.6,-4.163326
2022-07-06 17:46:26,196208.9,-3.835837
2022-07-06 17:46:25,196219.9,-4.164163
2022-07-06 17:46:24,196092.5,0
2022-07-06 17:46:23,196212.5,0
2022-07-06 17:46:22,196223.6,-11.504493
2022-07-06 17:46:21,196102.8,-12.495507
2022-07-06 17:46:20,196109.9,-9.589191
2022-07-06 17:46:19,196099.1,-23.83585
2022-07-06 17:46:18,196113.8,-14.574958
2022-07-06 17:46:17,196220.8,-5.754313
2022-07-06 17:46:16,196211,-10.081066
2022-07-06 17:46:15,196457.9,-4.164621
2022-07-06 17:46:14,196248.6,-1.917525
2022-07-06 17:46:13,195847.7,-9.754066
2022-07-06 17:46:12,196106.6,-12.164637
2022-07-06 17:46:11,196209.1,-4.163772
2022-07-06 17:46:10,196228.5,-1.917901
2022-07-06 17:46:09,196088,-7.835314
2022-07-06 17:46:08,203203.9,-10.081854
2022-07-06 17:46:07,196742.2,-4.16493
2022-07-06 17:46:06,188518.4,0
2022-07-06 17:46:05,196211.9,-11.509903
2022-07-06 17:46:04,196215.7,-12.490097
2022-07-06 17:46:03,196221.4,0
2022-07-06 17:46:02,196084.9,-5.753118
2022-07-06 17:46:01,196113.7,-10.083017
2022-07-06 17:46:00,196209.5,-6.081743
2022-07-06 17:45:59,196818.8,-3.999509
2022-07-06 17:45:58,196150,-9.75226
2022-07-06 17:45:57,202833.7,-12.166735
2022-07-06 17:45:56,196844.7,-4.163616
2022-07-06 17:45:55,188206.2,-3.83511
2022-07-06 17:45:54,196105.5,-6.082638
2022-07-06 17:45:53,196218.1,-5.917721
2022-07-06 17:45:52,196231.8,-13.75346
2022-07-06 17:45:51,196106.1,-23.83702
2022-07-06 17:45:50,196095.9,-18.41003
2022-07-06 17:45:49,196116.5,-4.164021
2022-07-06 17:45:48,196210.2,-19.17989
2022-07-06 17:45:47,196210.9,-22.73769
2022-07-06 17:45:46,199671.7,-15.507464
2022-07-06 17:45:45,196524.3,-60.60402
2022-07-06 17:45:44,192353.9,-63.39452
2022-07-06 17:45:43,196224.7,-24.1653
2022-07-06 17:45:42,196238.3,-27.67276
2022-07-06 17:45:41,196088.6,-28.32741
2022-07-06 17:45:40,196209.6,-25.75193
2022-07-06 17:45:39,196231.5,-33.91803
2022-07-06 17:45:38,196100.3,-18.741
2022-07-06 17:45:37,196106.1,-19.17962
2022-07-06 17:45:36,196698,-28.49128
2022-07-06 17:45:35,196257.1,-14.081395
2022-07-06 17:45:34,195580.4,-13.918706
2022-07-06 17:45:33,196103.8,-102.30445
2022-07-06 17:45:32,196210.6,-103.94222
2022-07-06 17:45:31,196118.6,-5.918068
2022-07-06 17:45:30,196218,-11.836523
2022-07-06 17:45:29,196466,-19.83377
2022-07-06 17:45:28,195999,-22.08388
2022-07-06 17:45:27,195966.2,-20.00142
2022-07-06 17:45:26,196322.7,-18.07934
2022-07-06 17:45:25,196217.8,-25.58623
2022-07-06 17:45:24,196100.9,-34.08337
2022-07-06 17:45:23,196109.9,-24.331
2022-07-06 17:45:22,196211.1,-19.8347
2022-07-06 17:45:21,196106,-37.42349
2022-07-06 17:45:20,195991.8,-30.90703
2022-07-06 17:45:19,201258.2,-23.34636
2022-07-06 17:45:18,196761.4,-24.65271
2022-07-06 17:45:17,190660.3,-13.75434
2022-07-06 17:45:16,196094.5,-14.246092
2022-07-06 17:45:15,196740.5,-9.919229
2022-07-06 17:45:14,196255.8,-10.0814
2022-07-06 17:45:13,195648.6,-7.998052
2022-07-06 17:45:12,196113.8,-9.918424
2022-07-06 17:45:11,196219.2,-50.35148
2022-07-06 17:45:10,196122.6,-53.6488
2022-07-06 17:45:09,196581.8,-12.000328
2022-07-06 17:45:08,206444.5,-8.163931
2022-07-06 17:45:07,196566.7,-7.835666
2022-07-06 17:45:06,185166.1,-8.164423
2022-07-06 17:45:05,196105.5,-5.918106
2022-07-06 17:45:04,196109.3,-4.164177
2022-07-06 17:45:03,196091,-7.672327
2022-07-06 17:45:02,196098,-21.75454
2022-07-06 17:45:01,196454.7,-16.491065
2022-07-06 17:45:00,196589.5,-3.99941
2022-07-06 17:44:59,195988.2,-7.834946
2022-07-06 17:44:58,195721.4,-8.165443
2022-07-06 17:44:57,202126.6,-5.918473
2022-07-06 17:44:56,197591.4,-6.081486
2022-07-06 17:44:55,189665.1,-13.591574
2022-07-06 17:44:54,195310.2,-20.16554
2022-07-06 17:44:53,196305,-8.325198
2022-07-06 17:44:52,196112.7,-1.91787
2022-07-06 17:44:51,196103.4,-5.918599
2022-07-06 17:44:50,196219.7,-7.999611
2022-07-06 17:44:49,196202.9,-23.34108
2022-07-06 17:44:48,196107.8,-24.65833
2022-07-06 17:44:47,196090.1,-6.082352
2022-07-06 17:44:46,196227.5,-3.999963
2022-07-06 17:44:45,196214.7,-32.76569
2022-07-06 17:44:44,196266.9,-40.98748
2022-07-06 17:44:43,196139,-8.329033
2022-07-06 17:44:42,196442.1,-1.917364
2022-07-06 17:44:41,196259.2,-2.082636
2022-07-06 17:44:40,195841.4,-1.917787
2022-07-06 17:44:39,196093.9,-28.93064
2022-07-06 17:44:38,197083.5,-29.15158
2022-07-06 17:44:37,196295.8,0
2022-07-06 17:44:36,195188.1,0
2022-07-06 17:44:35,196177.4,-105.54833
2022-07-06 17:44:34,196420.9,-409.6197
2022-07-06 17:44:33,196282.6,-318.7613
2022-07-06 17:44:32,196093.3,-2.070681
2022-07-06 17:44:31,196256.9,-136.17855
2022-07-06 17:44:30,196311.7,-163.16396
2022-07-06 17:44:29,196311,-49.25202
2022-07-06 17:44:28,196140.7,-41.15803
2022-07-06 17:44:27,196137.1,-27.3411
2022-07-06 17:44:26,196230.9,-42.0836
2022-07-06 17:44:25,196222.4,-20.82273
2022-07-06 17:44:24,196091.1,-17.25737
2022-07-06 17:44:23,196256.1,-30.25211
2022-07-06 17:44:22,196129.8,-24.00286
2022-07-06 17:44:21,196052.8,-22.07794
2022-07-06 17:44:20,196208,-29.58595
2022-07-06 17:44:19,196220.5,-30.41128
2022-07-06 17:44:18,196249.8,-12.33024
2022-07-06 17:44:17,196104.8,-4.000179
2022-07-06 17:44:16,196099.7,-4.000076
2022-07-06 17:44:15,196199.1,-15.505236
2022-07-06 17:44:14,196224.2,-37.5868
2022-07-06 17:44:13,196125.6,-53.76158
2022-07-06 17:44:12,196101.2,-38.90124
2022-07-06 17:44:11,196180.6,-12.162017
2022-07-06 17:44:10,196237.9,-19.50601
2022-07-06 17:44:09,196232.3,-45.42742
2022-07-06 17:44:08,196200.5,-52.32201
2022-07-06 17:44:07,196106.7,-22.90969
2022-07-06 17:44:06,196222.9,-9.588022
2022-07-06 17:44:05,196214.9,-25.75047
2022-07-06 17:44:04,196106.7,-41.58939
2022-07-06 17:44:03,196222.6,-32.82494
2022-07-06 17:44:02,196094.3,-11.999252
2022-07-06 17:44:01,195986.8,-6.247925
2022-07-06 17:44:00,196227.4,-19.18026
2022-07-06 17:43:59,196205.9,-24.65484
2022-07-06 17:43:58,196211.5,-4.1649
2022-07-06 17:43:57,196230,0
2022-07-06 17:43:56,196007.9,0
2022-07-06 17:43:55,196098.6,-11.510341
2022-07-06 17:43:54,196340,-12.489659
2022-07-06 17:43:53,196220.2,0
2022-07-06 17:43:52,196075,0
2022-07-06 17:43:51,196088.6,0
2022-07-06 17:43:50,196237.6,0
2022-07-06 17:43:49,196235.6,-3.835478
2022-07-06 17:43:48,196096.5,-4.164522
2022-07-06 17:43:47,196230.5,-1.917818
2022-07-06 17:43:46,196122.6,-5.918474
2022-07-06 17:43:45,196088.4,-6.081913
2022-07-06 17:43:44,196217.2,-3.999754
2022-07-06 17:43:43,196210.4,-3.99983
2022-07-06 17:43:42,196237.1,-2.082211
2022-07-06 17:43:41,196097.9,0
2022-07-06 17:43:40,196204.4,-3.835393
2022-07-06 17:43:39,196230.8,-4.164607
2022-07-06 17:43:38,196200,-3.83469
2022-07-06 17:43:37,196243,-6.082622
2022-07-06 17:43:36,196018.9,-2.082688
2022-07-06 17:43:35,196099.8,-3.836391
2022-07-06 17:43:34,196208.7,-11.834713
2022-07-06 17:43:33,196202.6,-8.328896
2022-07-06 17:43:32,196231.2,0
2022-07-06 17:43:31,196100.6,0
2022-07-06 17:43:30,196722.5,0
2022-07-06 17:43:29,196288.6,0
2022-07-06 17:43:28,195571.8,0
2022-07-06 17:43:27,196106,-1.917843
2022-07-06 17:43:26,196204.6,-3.999712
2022-07-06 17:43:25,196219.4,-2.082444
2022-07-06 17:43:24,196117.1,-9.588924
2022-07-06 17:43:23,196094.3,-16.164324
2022-07-06 17:43:22,196096.3,-25.42431
2022-07-06 17:43:21,196699.2,-20.82244
2022-07-06 17:43:20,196260.6,-1.917319
2022-07-06 17:43:19,195691.8,-5.917573
2022-07-06 17:43:18,196223,-7.999744
2022-07-06 17:43:17,196465.5,-4.165363
2022-07-06 17:43:16,196129.8,-101.62163
2022-07-06 17:43:15,197284.8,-114.21288
2022-07-06 17:43:14,198802,-4.165486
2022-07-06 17:43:13,194723.3,0
2022-07-06 17:43:12,193448.9,-7.671092
2022-07-06 17:43:11,196131.2,-8.328908
2022-07-06 17:43:10,196103.1,0
2022-07-06 17:43:09,196184,0
2022-07-06 17:43:08,196217.1,-7.670719
2022-07-06 17:43:07,196204.5,-10.246671
2022-07-06 17:43:06,196217.6,-2.082609
2022-07-06 17:43:05,196103.9,-1.917313
2022-07-06 17:43:04,196116.1,-2.082687
2022-07-06 17:43:03,196111.1,-1.91803
2022-07-06 17:43:02,196198.7,-2.08197
2022-07-06 17:43:01,196859.8,0
2022-07-06 17:43:00,196274.1,0
2022-07-06 17:42:59,195528.5,-1.917318
2022-07-06 17:42:58,196110.5,-4.000295
2022-07-06 17:42:57,196098,-4.000002
2022-07-06 17:42:56,196207.3,-3.999725
2022-07-06 17:42:55,196238.6,-4.00019
2022-07-06 17:42:54,196217.4,-2.08247
2022-07-06 17:42:53,196220,-1.917313
2022-07-06 17:42:52,196103.3,-2.082687
2022-07-06 17:42:51,195987.6,-9.588771
2022-07-06 17:42:50,196096.4,-14.247183
2022-07-06 17:42:49,196208.1,-4.164046
2022-07-06 17:42:48,196218.2,-3.835068
2022-07-06 17:42:47,196242.9,-6.082743
2022-07-06 17:42:46,196245.4,-36.59359
2022-07-06 17:42:45,196159.9,-37.4886
2022-07-06 17:42:44,196099,0
2022-07-06 17:42:43,196219.7,-1.917324
2022-07-06 17:42:42,196241.9,-4.000472
2022-07-06 17:42:41,196140,-2.082204
2022-07-06 17:42:40,196057,-5.753689
2022-07-06 17:42:39,196212.6,-6.246311
2022-07-06 17:42:38,196120.6,0
2022-07-06 17:42:37,196101.6,-1.918172
2022-07-06 17:42:36,196207,-2.081828
2022-07-06 17:42:35,196221.9,0
2022-07-06 17:42:34,196212.7,0
2022-07-06 17:42:33,196226.7,0
2022-07-06 17:42:32,196104.9,-1.917789
2022-07-06 17:42:31,196206.2,-5.917279
2022-07-06 17:42:30,196106.6,-4.164932
2022-07-06 17:42:29,196094,-1.91771
2022-07-06 17:42:28,196222,-2.08229
2022-07-06 17:42:27,196213.8,0
2022-07-06 17:42:26,196230,0
2022-07-06 17:42:25,196209.9,0
2022-07-06 17:42:24,196224,-1.917188
2022-07-06 17:42:23,196107.3,-2.082812
2022-07-06 17:42:22,196103.8,0
2022-07-06 17:42:21,196103.1,0
2022-07-06 17:42:20,196217.9,0
2022-07-06 17:42:19,196108.6,-7.670997
2022-07-06 17:42:18,196082.6,-10.246693
2022-07-06 17:42:17,196224.2,-2.08231
2022-07-06 17:42:16,196111.9,-1.917912
2022-07-06 17:42:15,196211.9,-3.999861
2022-07-06 17:42:14,196237.5,-2.082227
2022-07-06 17:42:13,196210.3,-5.75331
2022-07-06 17:42:12,196216.4,-10.081704
2022-07-06 17:42:11,197112.5,-8.001403
2022-07-06 17:42:10,196289.5,-4.163583
2022-07-06 17:42:09,195030.9,0
2022-07-06 17:42:08,196096.4,-1.917967
2022-07-06 17:42:07,196210.8,-7.834804
2022-07-06 17:42:06,196092.6,-6.247229
2022-07-06 17:42:05,196224.6,-1.917642
2022-07-06 17:42:04,196238.9,-4.000196
2022-07-06 17:42:03,196099.8,-2.082162
2022-07-06 17:42:02,196204,-9.588073
2022-07-06 17:42:01,196233.7,-10.411927
2022-07-06 17:42:00,196091.5,0
2022-07-06 17:41:59,196329.7,0
2022-07-06 17:41:58,196480,0
2022-07-06 17:41:57,196958,0
2022-07-06 17:41:56,195927.1,0
2022-07-06 17:41:55,196141.4,0
2022-07-06 17:41:54,196320.6,0
2022-07-06 17:41:53,195388.3,0
2022-07-06 17:41:52,196374.4,0
2022-07-06 17:41:51,195748.6,0
2022-07-06 17:41:50,195950,0
2022-07-06 17:41:49,196211.2,0
2022-07-06 17:41:48,196602.2,0
2022-07-06 17:41:47,196753,0
2022-07-06 17:41:46,195715.1,0
2022-07-06 17:41:45,196042,0
2022-07-06 17:41:44,196137.3,0
2022-07-06 17:41:43,195703.4,0
2022-07-06 17:41:42,196615.4,0
2022-07-06 17:41:41,196136,0
2022-07-06 17:41:40,195794.2,0
2022-07-06 17:41:39,196218.9,0
2022-07-06 17:41:38,196099.4,0
2022-07-06 17:41:37,196940,-1.917272
2022-07-06 17:41:36,197021.1,-7.834058
2022-07-06 17:41:35,195377.3,-6.24867
2022-07-06 17:41:34,195315.7,0
2022-07-06 17:41:33,196214.9,-1.917787
2022-07-06 17:41:32,196327.2,-2.082213
2022-07-06 17:41:31,196108.7,0
2022-07-06 17:41:30,196099.9,0
2022-07-06 17:41:29,197317.6,-1.917292
2022-07-06 17:41:28,196189.1,-2.082708
2022-07-06 17:41:27,194929,0
2022-07-06 17:41:26,196094.5,0
2022-07-06 17:41:25,196555,0
2022-07-06 17:41:24,196867.8,0
2022-07-06 17:41:23,196546.2,0
2022-07-06 17:41:22,195659.2,-1.919238
2022-07-06 17:41:21,195377.1,-2.080762
2022-07-06 17:41:20,196064.7,0
2022-07-06 17:41:19,196208.8,0
2022-07-06 17:41:18,196243.1,0
2022-07-06 17:41:17,196107.2,0
2022-07-06 17:41:16,196202.9,0
2022-07-06 17:41:15,196231.3,0
2022-07-06 17:41:14,196103.7,0
2022-07-06 17:41:13,196102,0
2022-07-06 17:41:12,196103.7,0
2022-07-06 17:41:11,196199.6,0
2022-07-06 17:41:10,196218.3,0
2022-07-06 17:41:09,196135.3,-1.918168
2022-07-06 17:41:08,196206.7,-2.081832
2022-07-06 17:41:07,196095.9,0
2022-07-06 17:41:06,196116.1,-1.918248
2022-07-06 17:41:05,196222.3,-2.081752
2022-07-06 17:41:04,196065.3,0
2022-07-06 17:41:03,196218.4,-99.70865
2022-07-06 17:41:02,196247,-108.29135
2022-07-06 17:41:01,196207.2,0
2022-07-06 17:41:00,196230.7,0
2022-07-06 17:40:59,196104.6,0
2022-07-06 17:40:58,196204.7,0
2022-07-06 17:40:57,196104.9,0
2022-07-06 17:40:56,196214.5,0
2022-07-06 17:40:55,196231.7,0
2022-07-06 17:40:54,195985.1,0
2022-07-06 17:40:53,196222.4,0
2022-07-06 17:40:52,196211.7,0
2022-07-06 17:40:51,196101.9,0
2022-07-06 17:40:50,196089.9,0
2022-07-06 17:40:49,196211.6,0
2022-07-06 17:40:48,196234.9,0
2022-07-06 17:40:47,196209,0
2022-07-06 17:40:46,196228.3,-1.917367
2022-07-06 17:40:45,196109.7,-4.00028
2022-07-06 17:40:44,196123.8,-4.000566
2022-07-06 17:40:43,196109.8,-4.000281
2022-07-06 17:40:42,196190.7,-2.081506
2022-07-06 17:40:41,196214.7,0
2022-07-06 17:40:40,196202.4,0
2022-07-06 17:40:39,196117.9,0
2022-07-06 17:40:38,196125.8,-9.59172
2022-07-06 17:40:37,196209.5,-10.40828
2022-07-06 17:40:36,196082.1,0
2022-07-06 17:40:35,196113.8,0
2022-07-06 17:40:34,196218.8,0
2022-07-06 17:40:33,196204.3,0
2022-07-06 17:40:32,196288.3,-44.1048
2022-07-06 17:40:31,196314.5,-47.8952
2022-07-06 17:40:30,196083.8,0
2022-07-06 17:40:29,196102.6,0
2022-07-06 17:40:28,196119.3,0
2022-07-06 17:40:27,196213,0
2022-07-06 17:40:26,196214.7,0
2022-07-06 17:40:25,196220.2,0
2022-07-06 17:40:24,196101.9,0
2022-07-06 17:40:23,196079.6,0
2022-07-06 17:40:22,196219.6,0
2022-07-06 17:40:21,196220.7,0
2022-07-06 17:40:20,196239.9,0
2022-07-06 17:40:19,196117.8,0
2022-07-06 17:40:18,196208.5,0
2022-07-06 17:40:17,196103.4,0
2022-07-06 17:40:16,195990.9,-1.918465
2022-07-06 17:40:15,196197.6,-2.081535
2022-07-06 17:40:14,196326.1,0
2022-07-06 17:40:13,196224.4,0
2022-07-06 17:40:12,196094,0
2022-07-06 17:40:11,196118.4,0
2022-07-06 17:40:10,196109,0
2022-07-06 17:40:09,196106.9,0
2022-07-06 17:40:08,196217,0
2022-07-06 17:40:07,196203.4,0
2022-07-06 17:40:06,196134,0
2022-07-06 17:40:05,196226.5,0
2022-07-06 17:40:04,196297.6,0
2022-07-06 17:40:03,196111.4,0
2022-07-06 17:40:02,196464.4,-1.917808
2022-07-06 17:40:01,196263,-2.082192
2022-07-06 17:40:00,195685,0
2022-07-06 17:39:59,196102.3,0
2022-07-06 17:39:58,196227.1,0
2022-07-06 17:39:57,200251.3,0
2022-07-06 17:39:56,196430.3,0
2022-07-06 17:39:55,191827.6,0
2022-07-06 17:39:54,196240.4,0
2022-07-06 17:39:53,196224,0
2022-07-06 17:39:52,196124.1,0
2022-07-06 17:39:51,196096,0
2022-07-06 17:39:50,196210.6,0
2022-07-06 17:39:49,196101.1,0
2022-07-06 17:39:48,196209.3,0
2022-07-06 17:39:47,196230.7,0
2022-07-06 17:39:46,206545.3,0
2022-07-06 17:39:45,196995.8,0
2022-07-06 17:39:44,184899.4,0
2022-07-06 17:39:43,196453.3,0
2022-07-06 17:39:42,196167.9,0
2022-07-06 17:39:41,195868,0
2022-07-06 17:39:40,196034.3,0
2022-07-06 17:39:39,196181.2,-11.50394
2022-07-06 17:39:38,196349.8,-12.49606
2022-07-06 17:39:37,196127.3,0
2022-07-06 17:39:36,197176.1,0
2022-07-06 17:39:35,196418.5,0
2022-07-06 17:39:34,195056.3,0
2022-07-06 17:39:33,196104.3,0
2022-07-06 17:39:32,196240.7,0
2022-07-06 17:39:31,196228,0
2022-07-06 17:39:30,196217,0
2022-07-06 17:39:29,196116.8,0
2022-07-06 17:39:28,195960.9,0
2022-07-06 17:39:27,196210.2,0
2022-07-06 17:39:26,196329.4,0
2022-07-06 17:39:25,196118.8,0
2022-07-06 17:39:24,196100.3,0
2022-07-06 17:39:23,196119.3,-13.42627
2022-07-06 17:39:22,196081.7,-14.57373
2022-07-06 17:39:21,196208.4,0
2022-07-06 17:39:20,196216,0
2022-07-06 17:39:19,196250.3,0
2022-07-06 17:39:18,196115.4,0
2022-07-06 17:39:17,196172.9,-1.917935
2022-07-06 17:39:16,196288.6,-3.999939
2022-07-06 17:39:15,196102.4,-2.082125
2022-07-06 17:39:14,196094.7,0
2022-07-06 17:39:13,196324.4,0
2022-07-06 17:39:12,196222.3,0
2022-07-06 17:39:11,196118,0
2022-07-06 17:39:10,196097.4,0
2022-07-06 17:39:09,196208.4,-5.752622
2022-07-06 17:39:08,196234.1,-6.247378
2022-07-06 17:39:07,196328,0
2022-07-06 17:39:06,196140.6,0
2022-07-06 17:39:05,195961.1,0
2022-07-06 17:39:04,196209.7,-1.917628
2022-07-06 17:39:03,196165.2,-15.506618
2022-07-06 17:39:02,196277.1,-16.493293
2022-07-06 17:39:01,196229.9,-5.917566
2022-07-06 17:39:00,196095.4,-4.164895
2022-07-06 17:38:59,196114.2,0
2022-07-06 17:38:58,196108.8,0
2022-07-06 17:38:57,196200.2,-1.917795
2022-07-06 17:38:56,196459.8,-27.10734
2022-07-06 17:38:55,196223.2,-26.97487
2022-07-06 17:38:54,195971.1,0
2022-07-06 17:38:53,196237.1,0
2022-07-06 17:38:52,196218.7,0
2022-07-06 17:38:51,196098.6,0
2022-07-06 17:38:50,196107.5,0
2022-07-06 17:38:49,196089.5,0
2022-07-06 17:38:48,196092.9,0
2022-07-06 17:38:47,196209.5,-1.917385
2022-07-06 17:38:46,196230.4,-2.082615
2022-07-06 17:38:45,196216,-90.11554
2022-07-06 17:38:44,196213.7,-115.13776
2022-07-06 17:38:43,196195.4,-22.58482
2022-07-06 17:38:42,196111.2,-4.161878
2022-07-06 17:38:41,196211.2,0
2022-07-06 17:38:40,196265.4,-9.641757
2022-07-06 17:38:39,195978.8,-16.145585
2022-07-06 17:38:38,196171.5,-6.212658
2022-07-06 17:38:37,196350,0
2022-07-06 17:38:36,196123.6,0
2022-07-06 17:38:35,196099.2,0
2022-07-06 17:38:34,196223.7,0
2022-07-06 17:38:33,196109.3,0
2022-07-06 17:38:32,196231.6,0
2022-07-06 17:38:31,196213.4,-9.590091
2022-07-06 17:38:30,196189.4,-10.409909
2022-07-06 17:38:29,196223.8,0
2022-07-06 17:38:28,196109.3,0
2022-07-06 17:38:27,196101,0
2022-07-06 17:38:26,196118.2,0
2022-07-06 17:38:25,197251.8,-32.60539
2022-07-06 17:38:24,197330,-35.39461
2022-07-06 17:38:23,196121.1,0
2022-07-06 17:38:22,196218.5,0
2022-07-06 17:38:21,196108.5,0
2022-07-06 17:38:20,196093.3,0
2022-07-06 17:38:19,196204.7,0
2022-07-06 17:38:18,196210.4,0
2022-07-06 17:38:17,196110.5,0
2022-07-06 17:38:16,196117.3,0
2022-07-06 17:38:15,196239.5,0
2022-07-06 17:38:14,196105.5,0
2022-07-06 17:38:13,196204.5,0
2022-07-06 17:38:12,196203.5,0
2022-07-06 17:38:11,196222.6,0
2022-07-06 17:38:10,196230.4,0
2022-07-06 17:38:09,196095,0
2022-07-06 17:38:08,196096.7,-15.342432
2022-07-06 17:38:07,196105.1,-16.657568
2022-07-06 17:38:06,196199.3,0
2022-07-06 17:38:05,196229.2,0
2022-07-06 17:38:04,196221.4,0
2022-07-06 17:38:03,196213.8,0
2022-07-06 17:38:02,196211.8,0
2022-07-06 17:38:01,196126.7,0
2022-07-06 17:38:00,196097.9,0
2022-07-06 17:37:59,196212.5,0
2022-07-06 17:37:58,198938.6,0
2022-07-06 17:37:57,196350.4,0
2022-07-06 17:37:56,193029.9,0
2022-07-06 17:37:55,196210,0
2022-07-06 17:37:54,196323.1,0
2022-07-06 17:37:53,196103.2,-1.917308
2022-07-06 17:37:52,196094.3,-2.082692
2022-07-06 17:37:51,196231.4,0
2022-07-06 17:37:50,196209.4,0
2022-07-06 17:37:49,196247.1,0
2022-07-06 17:37:48,196113.3,-1.918058
2022-07-06 17:37:47,201365.6,-2.081942
2022-07-06 17:37:46,196662.9,0
2022-07-06 17:37:45,190481.7,0
2022-07-06 17:37:44,196109.1,0
2022-07-06 17:37:43,196106.5,0
2022-07-06 17:37:42,196097,0
2022-07-06 17:37:41,196220.1,0
2022-07-06 17:37:40,196221.8,0
2022-07-06 17:37:39,196091.7,0
2022-07-06 17:37:38,196217.8,0
2022-07-06 17:37:37,196228.6,-23.01056
2022-07-06 17:37:36,196095.9,-24.98944
2022-07-06 17:37:35,196108.9,0
2022-07-06 17:37:34,196222.4,0
2022-07-06 17:37:33,196220.3,0
2022-07-06 17:37:32,196104.3,-719.1401
2022-07-06 17:37:31,196097,-780.8599
2022-07-06 17:37:30,197065.8,0
2022-07-06 17:37:29,196300.2,0
2022-07-06 17:37:28,195294.9,0
2022-07-06 17:37:27,196232.3,-38.34845
2022-07-06 17:37:26,196099.1,-60.8264
2022-07-06 17:37:25,196217.4,-20.82515
2022-07-06 17:37:24,196231.1,0
2022-07-06 17:37:23,235103.4,0
2022-07-06 17:37:22,280821.9,0
2022-07-06 17:37:21,210617.9,0
2022-07-06 17:37:20,72571.61,0
2022-07-06 17:37:19,5057.992,0
2022-07-06 17:37:18,0,-21.08572
2022-07-06 17:37:17,0,-22.91428
